time,cc,pci,earfcn,rsrp,pl,cfo,dl_mcs,dl_snr,dl_turbo,dl_brate,dl_bler,ul_ta,ul_mcs,ul_buff,ul_brate,ul_bler,rf_o,rf_u,rf_l,is_attached
0,0,0,4294967295,0.0,0.0,0.0,0.0,0.0,0.0,0.0,0.0,0.0,0.0,0.0,0.0,0.0,0.0,0.0,0.0,0.0
249,0,0,3400,0.0,0.0,0.0,0.0,0.0,0.0,0.0,0.0,0.0,0.0,0.0,0.0,0.0,0.0,0.0,0.0,0.0
498,0,0,3400,0.0,0.0,0.0,0.0,0.0,0.0,0.0,0.0,0.0,0.0,0.0,0.0,0.0,0.0,0.0,0.0,0.0
747,0,1,3400,0.0,0.0,0.0,0.0,0.0,0.0,0.0,0.0,0.0,0.0,0.0,0.0,0.0,0.0,0.0,0.0,0.0
996,0,1,3400,0.0,0.0,0.0,0.0,0.0,0.0,0.0,0.0,0.0,0.0,0.0,0.0,0.0,0.0,0.0,0.0,0.0
1245,0,1,3400,-62,62,225,2.0,25,0.40,2912.000000,0,0.0,0.0,33,224,0,0.0,0.0,0.0,1.0
1494,0,1,3400,-62,62,227,2.5,25,0.50,1856.000000,0,27,0.87,0.0,19392.000000,0,0.0,0.0,0.0,1.0
1743,0,1,3400,-63,63,232,3.4,25,0.50,3232.000000,0,27,12,23,67872.000000,0,0.0,0.0,0.0,1.0
1992,0,1,3400,-63,63,231,12,24,0.50,423616.000000,0,27,13,2391.000000,57504.000000,24,0.0,0.0,0.0,1.0
2241,0,1,3400,-63,63,228,21,24,0.50,659424.000000,0,27,2.0,0.0,117440.000000,16,0.0,0.0,0.0,1.0
2490,0,1,3400,-63,63,230,21,24,0.50,650464.000000,0,27,3.5,0.0,0.0,0.0,0.0,0.0,0.0,1.0
2739,0,1,3400,-63,63,228,21,24,0.50,716288.000000,0,27,3.5,0.0,0.0,0.0,0.0,0.0,0.0,1.0
2988,0,1,3400,-63,63,228,21,24,0.50,752768.000000,0,27,3.1,236,4928.000000,0,0.0,0.0,0.0,1.0
3237,0,1,3400,-63,63,225,21,23,0.50,609060.250000,0,27,0.012,0.0,23004.015625,0,0.0,0.0,0.0,1.0
3486,0,1,3400,-63,63,226,21,24,0.50,532844.625000,0,27,0.0,0.0,0.0,0.0,0.0,0.0,0.0,1.0
3735,0,1,3400,-64,64,223,21,24,0.50,6720.000000,0,27,0.0,0.0,0.0,0.0,0.0,0.0,0.0,1.0
3984,0,1,3400,-64,64,222,21,23,0.50,0.0,0.0,27,0.0,0.0,0.0,0.0,0.0,0.0,0.0,1.0
4233,0,1,3400,-64,64,226,21,23,0.50,0.0,0.0,27,0.0,0.0,0.0,0.0,0.0,0.0,0.0,1.0
4482,0,1,3400,-64,64,229,21,23,0.50,0.0,0.0,27,0.0,0.0,0.0,0.0,0.0,0.0,0.0,1.0
4731,0,1,3400,-65,65,230,21,23,0.50,0.0,0.0,27,0.0,0.0,0.0,0.0,0.0,0.0,0.0,1.0
4980,0,1,3400,-65,65,228,21,22,0.50,0.0,0.0,27,0.0,0.0,0.0,0.0,0.0,0.0,0.0,1.0
5229,0,1,3400,-65,65,228,21,22,0.50,0.0,0.0,27,0.0,0.0,0.0,0.0,0.0,0.0,0.0,1.0
5478,0,1,3400,-65,65,227,21,22,0.50,0.0,0.0,27,5.0,0.0,37280.000000,0,0.0,0.0,0.0,1.0
5727,0,1,3400,-65,65,227,21,22,0.50,0.0,0.0,27,8.3,0.0,21312.000000,0,0.0,0.0,0.0,1.0
5976,0,1,3400,-65,65,230,21,22,0.50,0.0,0.0,27,10,0.0,30688.000000,0,0.0,0.0,0.0,1.0
6225,0,1,3400,-65,65,229,21,22,0.50,0.0,0.0,27,10,0.0,43648.000000,0,0.0,0.0,0.0,1.0
6474,0,1,3400,-65,65,229,21,22,0.50,0.0,0.0,27,11,0.0,19776.000000,0,0.0,0.0,0.0,1.0
6723,0,1,3400,-65,65,230,21,22,0.50,0.0,0.0,27,12,0.0,46592.000000,0,0.0,0.0,0.0,1.0
6972,0,1,3400,-65,65,231,21,23,0.50,0.0,0.0,27,9.5,0.0,0.0,0.0,0.0,0.0,0.0,1.0
7221,0,1,3400,-65,65,232,22,23,2.2,0.0,100.000000,27,11,0.0,11936.000000,0,0.0,0.0,0.0,1.0
7470,0,1,3400,-64,64,231,22,23,2.3,0.0,0.0,27,11,0.0,4256.000000,0,0.0,0.0,0.0,1.0
7719,0,1,3400,-64,64,232,22,23,2.2,0.0,0.0,27,6.5,0.0,9376.000000,0,0.0,0.0,0.0,1.0
7968,0,1,3400,-64,64,231,22,23,2.2,0.0,0.0,27,6.5,0.0,0.0,0.0,0.0,0.0,0.0,1.0
8217,0,1,3400,-64,64,232,22,24,2.3,0.0,0.0,27,6.5,0.0,0.0,0.0,0.0,0.0,0.0,1.0
8466,0,1,3400,-64,64,232,22,24,2.2,0.0,0.0,27,6.5,0.0,0.0,0.0,0.0,0.0,0.0,1.0
8715,0,1,3400,-64,64,228,22,23,2.2,0.0,0.0,27,6.5,0.0,0.0,0.0,0.0,0.0,0.0,1.0
8964,0,1,3400,-64,64,228,22,23,2.2,0.0,0.0,27,6.5,0.0,0.0,0.0,0.0,0.0,0.0,1.0
9213,0,1,3400,-64,64,229,22,23,2.2,0.0,0.0,27,6.5,0.0,0.0,0.0,0.0,0.0,0.0,1.0
9462,0,1,3400,-64,64,229,22,23,2.2,0.0,0.0,27,6.5,0.0,0.0,0.0,0.0,0.0,0.0,1.0
9711,0,1,3400,-64,64,226,22,23,2.2,0.0,0.0,27,6.5,0.0,0.0,0.0,0.0,0.0,0.0,1.0
9960,0,1,3400,-64,64,230,22,23,2.3,0.0,0.0,27,6.5,0.0,0.0,0.0,0.0,0.0,0.0,1.0
10209,0,1,3400,-64,64,230,22,23,2.2,0.0,0.0,27,6.5,0.0,0.0,0.0,0.0,0.0,0.0,1.0
10458,0,1,3400,-64,64,227,22,23,2.2,0.0,0.0,27,6.5,0.0,0.0,0.0,0.0,0.0,0.0,1.0
10707,0,1,3400,-64,64,225,22,23,2.2,0.0,0.0,27,6.5,0.0,0.0,0.0,0.0,0.0,0.0,1.0
10956,0,1,3400,-64,64,227,22,23,2.2,0.0,0.0,27,6.5,0.0,0.0,0.0,0.0,0.0,0.0,1.0
11205,0,1,3400,-64,64,231,22,23,2.3,0.0,0.0,27,6.5,0.0,0.0,0.0,0.0,0.0,0.0,1.0
11454,0,1,3400,-64,64,231,22,23,2.2,0.0,0.0,27,6.5,0.0,0.0,0.0,0.0,0.0,0.0,1.0
11703,0,1,3400,-65,65,235,22,23,2.2,0.0,0.0,27,6.5,0.0,0.0,0.0,0.0,0.0,0.0,1.0
11952,0,1,3400,-65,65,232,22,22,2.2,0.0,0.0,27,6.5,0.0,0.0,0.0,0.0,0.0,0.0,1.0
12201,0,1,3400,-65,65,233,22,22,2.2,0.0,0.0,27,6.5,0.0,0.0,0.0,0.0,0.0,0.0,1.0
12450,0,1,3400,-65,65,234,22,22,2.2,0.0,0.0,27,6.5,0.0,0.0,0.0,0.0,0.0,0.0,1.0
12699,0,1,3400,-65,65,230,22,22,2.2,0.0,0.0,27,6.5,0.0,0.0,0.0,0.0,0.0,0.0,1.0
12948,0,1,3400,-65,65,231,22,23,2.2,0.0,0.0,27,6.4,0.0,0.0,0.0,0.0,0.0,0.0,1.0
13197,0,1,3400,-65,65,231,22,23,2.2,0.0,0.0,27,6.5,0.0,0.0,0.0,0.0,0.0,0.0,1.0
13446,0,1,3400,-64,64,232,22,23,2.2,0.0,0.0,27,6.5,0.0,0.0,0.0,0.0,0.0,0.0,1.0
13695,0,1,3400,-64,64,233,22,23,2.2,0.0,0.0,27,6.5,0.0,0.0,0.0,0.0,0.0,0.0,1.0
13944,0,1,3400,-64,64,235,22,23,2.2,0.0,0.0,27,6.5,0.0,0.0,0.0,0.0,0.0,0.0,1.0
14193,0,1,3400,-64,64,240,22,24,2.2,0.0,0.0,27,6.5,0.0,0.0,0.0,0.0,0.0,0.0,1.0
14442,0,1,3400,-63,63,233,22,24,2.2,0.0,0.0,27,6.5,0.0,0.0,0.0,0.0,0.0,0.0,1.0
14691,0,1,3400,-63,63,233,22,24,2.3,0.0,0.0,27,6.5,0.0,0.0,0.0,0.0,0.0,0.0,1.0
14940,0,1,3400,-63,63,229,22,24,2.2,0.0,0.0,27,6.5,0.0,0.0,0.0,0.0,0.0,0.0,1.0
15189,0,1,3400,-63,63,233,22,24,2.2,0.0,0.0,27,6.5,0.0,0.0,0.0,0.0,0.0,0.0,1.0
15438,0,1,3400,-64,64,236,22,24,2.2,0.0,0.0,27,6.5,0.0,0.0,0.0,0.0,0.0,0.0,1.0
15687,0,1,3400,-64,64,232,22,24,2.2,0.0,0.0,27,6.5,0.0,0.0,0.0,0.0,0.0,0.0,1.0
15936,0,1,3400,-64,64,230,22,23,2.2,0.0,0.0,27,6.5,0.0,0.0,0.0,0.0,0.0,0.0,1.0
16185,0,1,3400,-64,64,231,22,23,2.2,0.0,0.0,27,6.5,0.0,0.0,0.0,0.0,0.0,0.0,1.0
16434,0,1,3400,-64,64,230,22,23,2.3,0.0,0.0,27,6.5,0.0,0.0,0.0,0.0,0.0,0.0,1.0
16683,0,1,3400,-64,64,231,22,23,2.2,0.0,0.0,27,6.5,0.0,0.0,0.0,0.0,0.0,0.0,1.0
16932,0,1,3400,-64,64,237,22,23,2.2,0.0,0.0,27,6.5,0.0,0.0,0.0,0.0,0.0,0.0,1.0
17181,0,1,3400,-64,64,236,22,23,2.2,0.0,0.0,27,6.5,0.0,0.0,0.0,0.0,0.0,0.0,1.0
17430,0,1,3400,-64,64,238,22,23,2.2,0.0,0.0,27,6.5,0.0,0.0,0.0,0.0,0.0,0.0,1.0
17679,0,1,3400,-64,64,229,22,23,2.2,0.0,0.0,27,6.5,0.0,0.0,0.0,0.0,0.0,0.0,1.0
17928,0,1,3400,-64,64,233,22,23,2.2,0.0,0.0,27,6.5,0.0,0.0,0.0,0.0,0.0,0.0,1.0
18177,0,1,3400,-64,64,233,22,23,2.2,0.0,0.0,27,6.5,0.0,0.0,0.0,0.0,0.0,0.0,1.0
18426,0,1,3400,-64,64,237,22,23,2.2,0.0,0.0,27,6.5,0.0,0.0,0.0,0.0,0.0,0.0,1.0
18675,0,1,3400,-64,64,236,22,23,2.2,0.0,0.0,27,6.5,0.0,0.0,0.0,0.0,0.0,0.0,1.0
18924,0,1,3400,-64,64,238,22,23,2.2,0.0,0.0,27,6.5,0.0,0.0,0.0,0.0,0.0,0.0,1.0
19173,0,1,3400,-64,64,234,22,23,2.2,0.0,0.0,27,6.5,0.0,0.0,0.0,0.0,0.0,0.0,1.0
19422,0,1,3400,-64,64,233,22,23,2.2,0.0,0.0,27,6.5,0.0,0.0,0.0,0.0,0.0,0.0,1.0
19671,0,1,3400,-64,64,235,22,23,2.2,0.0,0.0,27,6.5,0.0,0.0,0.0,0.0,0.0,0.0,1.0
19920,0,1,3400,-64,64,238,22,23,2.2,0.0,0.0,27,6.5,0.0,0.0,0.0,0.0,0.0,0.0,1.0
20169,0,1,3400,-64,64,236,22,23,2.3,0.0,0.0,27,6.5,0.0,0.0,0.0,0.0,0.0,0.0,1.0
20418,0,1,3400,-64,64,237,22,23,2.2,0.0,0.0,27,6.5,0.0,0.0,0.0,0.0,0.0,0.0,1.0
20667,0,1,3400,-64,64,240,22,23,2.2,0.0,0.0,27,6.5,0.0,0.0,0.0,0.0,0.0,0.0,1.0
20916,0,1,3400,-64,64,238,22,23,2.2,0.0,0.0,27,6.5,0.0,0.0,0.0,0.0,0.0,0.0,1.0
21165,0,1,3400,-64,64,240,22,23,2.3,0.0,0.0,27,6.5,0.0,0.0,0.0,0.0,0.0,0.0,1.0
21414,0,1,3400,-64,64,238,22,23,2.2,0.0,0.0,27,6.5,0.0,0.0,0.0,0.0,0.0,0.0,1.0
21663,0,1,3400,-65,65,237,22,23,2.2,0.0,0.0,27,6.5,0.0,0.0,0.0,0.0,0.0,0.0,1.0
21912,0,1,3400,-65,65,239,22,22,2.2,0.0,0.0,27,6.5,0.0,0.0,0.0,0.0,0.0,0.0,1.0
22161,0,1,3400,-65,65,241,22,22,2.2,0.0,0.0,27,6.5,0.0,0.0,0.0,0.0,0.0,0.0,1.0
22410,0,1,3400,-65,65,241,22,22,2.2,0.0,0.0,27,6.5,0.0,0.0,0.0,0.0,0.0,0.0,1.0
22659,0,1,3400,-65,65,242,22,22,2.2,0.0,0.0,27,6.5,0.0,0.0,0.0,0.0,0.0,0.0,1.0
22908,0,1,3400,-65,65,239,22,22,2.3,0.0,0.0,27,6.5,0.0,0.0,0.0,0.0,0.0,0.0,1.0
23157,0,1,3400,-65,65,239,22,23,2.2,0.0,0.0,27,6.5,0.0,0.0,0.0,0.0,0.0,0.0,1.0
23406,0,1,3400,-64,64,239,22,23,2.2,0.0,0.0,27,6.5,0.0,0.0,0.0,0.0,0.0,0.0,1.0
23655,0,1,3400,-64,64,237,22,23,2.2,0.0,0.0,27,6.5,0.0,0.0,0.0,0.0,0.0,0.0,1.0
23904,0,1,3400,-64,64,235,22,23,2.2,0.0,0.0,27,6.5,0.0,0.0,0.0,0.0,0.0,0.0,1.0
24153,0,1,3400,-64,64,239,22,23,2.2,0.0,0.0,27,6.5,0.0,0.0,0.0,0.0,0.0,0.0,1.0
24402,0,1,3400,-64,64,238,22,23,2.2,0.0,0.0,27,6.5,0.0,0.0,0.0,0.0,0.0,0.0,1.0
24651,0,1,3400,-64,64,242,22,23,2.2,0.0,0.0,27,6.5,0.0,0.0,0.0,0.0,0.0,0.0,1.0
24900,0,1,3400,-64,64,242,22,23,2.2,0.0,0.0,27,6.5,0.0,0.0,0.0,0.0,0.0,0.0,1.0
25149,0,1,3400,-64,64,248,22,23,2.2,0.0,0.0,27,6.5,0.0,0.0,0.0,0.0,0.0,0.0,1.0
25398,0,1,3400,-64,64,243,22,23,2.2,0.0,0.0,27,6.5,0.0,0.0,0.0,0.0,0.0,0.0,1.0
25647,0,1,3400,-64,64,242,22,23,2.2,0.0,0.0,27,6.5,0.0,0.0,0.0,0.0,0.0,0.0,1.0
25896,0,1,3400,-64,64,242,22,23,2.2,0.0,0.0,27,6.5,0.0,0.0,0.0,0.0,0.0,0.0,1.0
26145,0,1,3400,-64,64,238,22,23,2.2,0.0,0.0,27,6.5,0.0,0.0,0.0,0.0,0.0,0.0,1.0
26394,0,1,3400,-64,64,239,22,23,2.2,0.0,0.0,27,6.5,0.0,0.0,0.0,0.0,0.0,0.0,1.0
26643,0,1,3400,-64,64,241,22,23,2.3,0.0,0.0,27,6.5,0.0,0.0,0.0,0.0,0.0,0.0,1.0
26892,0,1,3400,-64,64,240,22,23,2.2,0.0,0.0,27,6.5,0.0,0.0,0.0,0.0,0.0,0.0,1.0
27141,0,1,3400,-64,64,238,22,23,2.2,0.0,0.0,27,6.5,0.0,0.0,0.0,0.0,0.0,0.0,1.0
27390,0,1,3400,-64,64,244,22,23,2.2,0.0,0.0,27,6.5,0.0,0.0,0.0,0.0,0.0,0.0,1.0
27639,0,1,3400,-64,64,245,22,23,2.2,0.0,0.0,27,6.5,0.0,0.0,0.0,0.0,0.0,0.0,1.0
27888,0,1,3400,-64,64,242,22,23,2.2,0.0,0.0,27,6.5,0.0,0.0,0.0,0.0,0.0,0.0,1.0
28137,0,1,3400,-64,64,242,22,23,2.2,0.0,0.0,27,6.5,0.0,0.0,0.0,0.0,0.0,0.0,1.0
28386,0,1,3400,-65,65,241,22,23,2.2,0.0,0.0,27,6.5,0.0,0.0,0.0,0.0,0.0,0.0,1.0
28635,0,1,3400,-65,65,244,22,23,2.2,0.0,0.0,27,6.5,0.0,0.0,0.0,0.0,0.0,0.0,1.0
28884,0,1,3400,-65,65,242,22,22,2.2,0.0,0.0,27,6.5,0.0,0.0,0.0,0.0,0.0,0.0,1.0
29133,0,1,3400,-65,65,244,22,22,2.2,0.0,0.0,27,6.5,0.0,0.0,0.0,0.0,0.0,0.0,1.0
29382,0,1,3400,-65,65,246,22,22,2.2,0.0,0.0,27,6.5,0.0,0.0,0.0,0.0,0.0,0.0,1.0
29631,0,1,3400,-65,65,246,22,22,2.3,0.0,0.0,27,6.5,0.0,0.0,0.0,0.0,0.0,0.0,1.0
29880,0,1,3400,-65,65,239,22,22,2.2,0.0,0.0,27,6.5,0.0,0.0,0.0,0.0,0.0,0.0,1.0
30129,0,1,3400,-65,65,241,22,23,2.2,0.0,0.0,27,6.5,0.0,0.0,0.0,0.0,0.0,0.0,1.0
30378,0,1,3400,-64,64,243,22,23,2.2,0.0,0.0,27,6.5,0.0,0.0,0.0,0.0,0.0,0.0,1.0
30627,0,1,3400,-64,64,242,22,23,2.2,0.0,0.0,27,6.5,0.0,0.0,0.0,0.0,0.0,0.0,1.0
30876,0,1,3400,-64,64,245,22,23,2.2,0.0,0.0,27,6.5,0.0,0.0,0.0,0.0,0.0,0.0,1.0
31125,0,1,3400,-64,64,242,22,23,2.2,0.0,0.0,27,6.5,0.0,0.0,0.0,0.0,0.0,0.0,1.0
31374,0,1,3400,-65,65,243,22,23,2.2,0.0,0.0,27,6.5,0.0,0.0,0.0,0.0,0.0,0.0,1.0
31623,0,1,3400,-65,65,246,22,23,2.2,0.0,0.0,27,6.5,0.0,0.0,0.0,0.0,0.0,0.0,1.0
31872,0,1,3400,-65,65,246,22,22,2.2,0.0,0.0,27,6.5,0.0,0.0,0.0,0.0,0.0,0.0,1.0
32121,0,1,3400,-65,65,245,22,22,2.2,0.0,0.0,27,6.5,0.0,0.0,0.0,0.0,0.0,0.0,1.0
32370,0,1,3400,-65,65,245,22,22,2.2,0.0,0.0,27,6.5,0.0,0.0,0.0,0.0,0.0,0.0,1.0
32619,0,1,3400,-65,65,241,22,22,2.3,0.0,0.0,27,6.5,0.0,0.0,0.0,0.0,0.0,0.0,1.0
32868,0,1,3400,-65,65,245,22,22,2.2,0.0,0.0,27,6.5,0.0,0.0,0.0,0.0,0.0,0.0,1.0
33117,0,1,3400,-65,65,248,22,22,2.2,0.0,0.0,27,6.5,0.0,0.0,0.0,0.0,0.0,0.0,1.0
33366,0,1,3400,-65,65,249,22,22,2.3,0.0,0.0,27,6.5,0.0,0.0,0.0,0.0,0.0,0.0,1.0
33615,0,1,3400,-65,65,249,22,22,2.2,0.0,0.0,27,6.5,0.0,0.0,0.0,0.0,0.0,0.0,1.0
33864,0,1,3400,-65,65,248,22,22,2.2,0.0,0.0,27,6.5,0.0,0.0,0.0,0.0,0.0,0.0,1.0
34113,0,1,3400,-65,65,251,22,22,2.3,0.0,0.0,27,6.5,0.0,0.0,0.0,0.0,0.0,0.0,1.0
34362,0,1,3400,-65,65,250,22,22,2.2,0.0,0.0,27,6.5,0.0,0.0,0.0,0.0,0.0,0.0,1.0
34611,0,1,3400,-65,65,246,22,22,2.2,0.0,0.0,27,6.5,0.0,0.0,0.0,0.0,0.0,0.0,1.0
34860,0,1,3400,-65,65,246,22,22,2.2,0.0,0.0,27,6.5,0.0,0.0,0.0,0.0,0.0,0.0,1.0
35109,0,1,3400,-65,65,243,22,22,2.2,0.0,0.0,27,6.5,0.0,0.0,0.0,0.0,0.0,0.0,1.0
35358,0,1,3400,-65,65,247,22,22,2.2,0.0,0.0,27,6.5,0.0,0.0,0.0,0.0,0.0,0.0,1.0
35607,0,1,3400,-65,65,252,22,22,2.2,0.0,0.0,27,6.5,0.0,0.0,0.0,0.0,0.0,0.0,1.0
35856,0,1,3400,-65,65,246,22,22,2.2,0.0,0.0,27,6.5,0.0,0.0,0.0,0.0,0.0,0.0,1.0
36105,0,1,3400,-65,65,243,22,22,2.3,0.0,0.0,27,6.5,0.0,0.0,0.0,0.0,0.0,0.0,1.0
36354,0,1,3400,-65,65,245,22,22,2.2,0.0,0.0,27,6.5,0.0,0.0,0.0,0.0,0.0,0.0,1.0
36603,0,1,3400,-65,65,248,22,22,2.2,0.0,0.0,27,6.5,0.0,0.0,0.0,0.0,0.0,0.0,1.0
36852,0,1,3400,-65,65,249,22,22,2.2,0.0,0.0,27,6.5,0.0,0.0,0.0,0.0,0.0,0.0,1.0
37101,0,1,3400,-65,65,247,22,22,2.2,0.0,0.0,27,6.5,0.0,0.0,0.0,0.0,0.0,0.0,1.0
37350,0,1,3400,-65,65,250,22,22,2.2,0.0,0.0,27,6.5,0.0,0.0,0.0,0.0,0.0,0.0,1.0
37599,0,1,3400,-66,66,250,22,22,2.2,0.0,0.0,27,6.5,0.0,0.0,0.0,0.0,0.0,0.0,1.0
37848,0,1,3400,-66,66,248,22,22,2.2,0.0,0.0,27,6.5,0.0,0.0,0.0,0.0,0.0,0.0,1.0
38097,0,1,3400,-66,66,249,22,21,2.2,0.0,0.0,27,6.5,0.0,0.0,0.0,0.0,0.0,0.0,1.0
38346,0,1,3400,-66,66,247,22,21,2.2,0.0,0.0,27,6.5,0.0,0.0,0.0,0.0,0.0,0.0,1.0
38595,0,1,3400,-66,66,243,22,22,2.2,0.0,0.0,27,6.5,0.0,0.0,0.0,0.0,0.0,0.0,1.0
38844,0,1,3400,-66,66,249,22,22,2.2,0.0,0.0,27,6.5,0.0,0.0,0.0,0.0,0.0,0.0,1.0
39093,0,1,3400,-66,66,247,22,22,2.2,0.0,0.0,27,6.5,0.0,0.0,0.0,0.0,0.0,0.0,1.0
39342,0,1,3400,-65,65,254,22,22,2.2,0.0,0.0,27,6.5,0.0,0.0,0.0,0.0,0.0,0.0,1.0
39591,0,1,3400,-65,65,248,22,22,2.2,0.0,0.0,27,6.5,0.0,0.0,0.0,0.0,0.0,0.0,1.0
39840,0,1,3400,-65,65,247,22,23,2.2,0.0,0.0,27,6.5,0.0,0.0,0.0,0.0,0.0,0.0,1.0
40089,0,1,3400,-65,65,246,22,23,2.2,0.0,0.0,27,6.5,0.0,0.0,0.0,0.0,0.0,0.0,1.0
40338,0,1,3400,-64,64,249,22,23,2.3,0.0,0.0,27,6.5,0.0,0.0,0.0,0.0,0.0,0.0,1.0
40587,0,1,3400,-64,64,249,22,23,2.2,0.0,0.0,27,6.5,0.0,0.0,0.0,0.0,0.0,0.0,1.0
40836,0,1,3400,-64,64,251,22,23,2.2,0.0,0.0,27,6.5,0.0,0.0,0.0,0.0,0.0,0.0,1.0
41085,0,1,3400,-64,64,253,22,23,2.2,0.0,0.0,27,6.5,0.0,0.0,0.0,0.0,0.0,0.0,1.0
41334,0,1,3400,-64,64,253,22,23,2.2,0.0,0.0,27,6.5,0.0,0.0,0.0,0.0,0.0,0.0,1.0
41583,0,1,3400,-64,64,252,22,23,2.2,0.0,0.0,27,6.5,0.0,0.0,0.0,0.0,0.0,0.0,1.0
41832,0,1,3400,-64,64,253,22,23,2.2,0.0,0.0,27,6.5,0.0,0.0,0.0,0.0,0.0,0.0,1.0
42081,0,1,3400,-64,64,250,22,23,2.2,0.0,0.0,27,6.5,0.0,0.0,0.0,0.0,0.0,0.0,1.0
42330,0,1,3400,-63,63,249,22,24,2.2,0.0,0.0,27,6.5,0.0,0.0,0.0,0.0,0.0,0.0,1.0
42579,0,1,3400,-63,63,248,22,24,2.2,0.0,0.0,27,6.5,0.0,0.0,0.0,0.0,0.0,0.0,1.0
42828,0,1,3400,-63,63,248,22,24,2.2,0.0,0.0,27,6.5,0.0,0.0,0.0,0.0,0.0,0.0,1.0
43077,0,1,3400,-63,63,252,22,24,2.2,0.0,0.0,27,6.5,0.0,0.0,0.0,0.0,0.0,0.0,1.0
43326,0,1,3400,-63,63,252,22,24,2.2,0.0,0.0,27,6.5,0.0,0.0,0.0,0.0,0.0,0.0,1.0
43575,0,1,3400,-63,63,256,22,24,2.2,0.0,0.0,27,6.5,0.0,0.0,0.0,0.0,0.0,0.0,1.0
43824,0,1,3400,-63,63,253,22,24,2.2,0.0,0.0,27,6.5,0.0,0.0,0.0,0.0,0.0,0.0,1.0
44073,0,1,3400,-63,63,250,22,24,2.2,0.0,0.0,27,6.5,0.0,0.0,0.0,0.0,0.0,0.0,1.0
44322,0,1,3400,-63,63,250,22,24,2.2,0.0,0.0,27,6.5,0.0,0.0,0.0,0.0,0.0,0.0,1.0
44571,0,1,3400,-63,63,252,22,24,2.2,0.0,0.0,27,6.5,0.0,0.0,0.0,0.0,0.0,0.0,1.0
44820,0,1,3400,-63,63,253,22,24,2.2,0.0,0.0,27,6.5,0.0,0.0,0.0,0.0,0.0,0.0,1.0
45069,0,1,3400,-63,63,252,22,24,2.2,0.0,0.0,27,6.5,0.0,0.0,0.0,0.0,0.0,0.0,1.0
45318,0,1,3400,-63,63,254,22,24,2.2,0.0,0.0,27,6.5,0.0,0.0,0.0,0.0,0.0,0.0,1.0
45567,0,1,3400,-63,63,254,22,24,2.2,0.0,0.0,27,6.5,0.0,0.0,0.0,0.0,0.0,0.0,1.0
45816,0,1,3400,-63,63,248,22,24,2.2,0.0,0.0,27,6.5,0.0,0.0,0.0,0.0,0.0,0.0,1.0
46065,0,1,3400,-63,63,251,22,24,2.3,0.0,0.0,27,6.5,0.0,0.0,0.0,0.0,0.0,0.0,1.0
46314,0,1,3400,-63,63,253,22,24,2.2,0.0,0.0,27,6.5,0.0,0.0,0.0,0.0,0.0,0.0,1.0
46563,0,1,3400,-63,63,257,22,24,2.3,0.0,0.0,27,6.5,0.0,0.0,0.0,0.0,0.0,0.0,1.0
46812,0,1,3400,-63,63,255,22,24,2.2,0.0,0.0,27,6.5,0.0,0.0,0.0,0.0,0.0,0.0,1.0
47061,0,1,3400,-63,63,253,22,24,2.2,0.0,0.0,27,6.5,0.0,0.0,0.0,0.0,0.0,0.0,1.0
47310,0,1,3400,-63,63,252,22,23,2.2,0.0,0.0,27,6.5,0.0,0.0,0.0,0.0,0.0,0.0,1.0
47559,0,1,3400,-63,63,248,22,24,2.2,0.0,0.0,27,6.5,0.0,0.0,0.0,0.0,0.0,0.0,1.0
47808,0,1,3400,-63,63,250,22,24,2.2,0.0,0.0,27,6.5,0.0,0.0,0.0,0.0,0.0,0.0,1.0
48057,0,1,3400,-63,63,253,22,24,2.2,0.0,0.0,27,6.4,0.0,0.0,0.0,0.0,0.0,0.0,1.0
48306,0,1,3400,-63,63,250,22,24,2.2,0.0,0.0,27,6.5,0.0,0.0,0.0,0.0,0.0,0.0,1.0
48555,0,1,3400,-63,63,253,22,24,2.2,0.0,0.0,27,6.5,0.0,0.0,0.0,0.0,0.0,0.0,1.0
48804,0,1,3400,-63,63,255,22,24,2.2,0.0,0.0,27,6.5,0.0,0.0,0.0,0.0,0.0,0.0,1.0
49053,0,1,3400,-63,63,251,22,24,2.3,0.0,0.0,27,6.5,0.0,0.0,0.0,0.0,0.0,0.0,1.0
49302,0,1,3400,-63,63,250,22,24,2.2,0.0,0.0,27,6.5,0.0,0.0,0.0,0.0,0.0,0.0,1.0
49551,0,1,3400,-63,63,251,22,24,2.2,0.0,0.0,27,6.5,0.0,0.0,0.0,0.0,0.0,0.0,1.0
49800,0,1,3400,-63,63,259,22,24,2.2,0.0,0.0,27,6.5,0.0,0.0,0.0,0.0,0.0,0.0,1.0
50049,0,1,3400,-63,63,256,22,24,2.2,0.0,0.0,27,6.5,0.0,0.0,0.0,0.0,0.0,0.0,1.0
50298,0,1,3400,-63,63,254,22,24,2.2,0.0,0.0,27,6.5,0.0,0.0,0.0,0.0,0.0,0.0,1.0
50547,0,1,3400,-63,63,250,22,24,2.2,0.0,0.0,27,6.5,0.0,0.0,0.0,0.0,0.0,0.0,1.0
50796,0,1,3400,-63,63,254,22,24,2.2,0.0,0.0,27,6.5,0.0,0.0,0.0,0.0,0.0,0.0,1.0
51045,0,1,3400,-63,63,253,22,24,2.2,0.0,0.0,27,6.5,0.0,0.0,0.0,0.0,0.0,0.0,1.0
51294,0,1,3400,-62,62,254,22,24,2.2,0.0,0.0,27,6.5,0.0,0.0,0.0,0.0,0.0,0.0,1.0
51543,0,1,3400,-62,62,255,22,24,2.2,0.0,0.0,27,6.5,0.0,0.0,0.0,0.0,0.0,0.0,1.0
51792,0,1,3400,-62,62,253,22,24,2.2,0.0,0.0,27,6.5,0.0,0.0,0.0,0.0,0.0,0.0,1.0
52041,0,1,3400,-62,62,254,22,24,2.2,0.0,0.0,27,6.5,0.0,0.0,0.0,0.0,0.0,0.0,1.0
52290,0,1,3400,-62,62,254,22,24,2.2,0.0,0.0,27,6.5,0.0,0.0,0.0,0.0,0.0,0.0,1.0
52539,0,1,3400,-62,62,255,22,25,2.2,0.0,0.0,27,6.5,0.0,0.0,0.0,0.0,0.0,0.0,1.0
52788,0,1,3400,-62,62,254,22,25,2.2,0.0,0.0,27,6.5,0.0,0.0,0.0,0.0,0.0,0.0,1.0
53037,0,1,3400,-62,62,255,22,25,2.2,0.0,0.0,27,6.5,0.0,0.0,0.0,0.0,0.0,0.0,1.0
53286,0,1,3400,-61,61,249,22,25,2.2,0.0,0.0,27,6.5,0.0,0.0,0.0,0.0,0.0,0.0,1.0
53535,0,1,3400,-61,61,248,22,25,2.2,0.0,0.0,27,6.5,0.0,0.0,0.0,0.0,0.0,0.0,1.0
53784,0,1,3400,-61,61,255,22,26,2.2,0.0,0.0,27,6.5,0.0,0.0,0.0,0.0,0.0,0.0,1.0
54033,0,1,3400,-61,61,256,22,26,2.2,0.0,0.0,27,6.5,0.0,0.0,0.0,0.0,0.0,0.0,1.0
54282,0,1,3400,-60,60,257,22,26,2.2,0.0,0.0,27,6.5,0.0,0.0,0.0,0.0,0.0,0.0,1.0
54531,0,1,3400,-60,60,255,22,26,2.2,0.0,0.0,27,6.5,0.0,0.0,0.0,0.0,0.0,0.0,1.0
54780,0,1,3400,-60,60,260,22,26,2.2,0.0,0.0,27,6.5,0.0,0.0,0.0,0.0,0.0,0.0,1.0
55029,0,1,3400,-60,60,258,22,26,2.2,0.0,0.0,27,6.5,0.0,0.0,0.0,0.0,0.0,0.0,1.0
55278,0,1,3400,-61,61,254,22,26,2.2,0.0,0.0,27,6.5,0.0,0.0,0.0,0.0,0.0,0.0,1.0
55527,0,1,3400,-61,61,257,22,26,2.3,0.0,0.0,27,6.5,0.0,0.0,0.0,0.0,0.0,0.0,1.0
55776,0,1,3400,-61,61,260,22,26,2.2,0.0,0.0,27,6.5,0.0,0.0,0.0,0.0,0.0,0.0,1.0
56025,0,1,3400,-61,61,255,22,26,2.2,0.0,0.0,27,6.5,0.0,0.0,0.0,0.0,0.0,0.0,1.0
56274,0,1,3400,-61,61,256,22,25,2.2,0.0,0.0,27,6.5,0.0,0.0,0.0,0.0,0.0,0.0,1.0
56523,0,1,3400,-61,61,257,22,25,2.2,0.0,0.0,27,6.5,0.0,0.0,0.0,0.0,0.0,0.0,1.0
56772,0,1,3400,-61,61,255,22,25,2.2,0.0,0.0,27,6.5,0.0,0.0,0.0,0.0,0.0,0.0,1.0
57021,0,1,3400,-61,61,257,22,25,2.2,0.0,0.0,27,6.5,0.0,0.0,0.0,0.0,0.0,0.0,1.0
57270,0,1,3400,-61,61,254,22,25,2.2,0.0,0.0,27,6.5,0.0,0.0,0.0,0.0,0.0,0.0,1.0
57519,0,1,3400,-61,61,260,22,25,2.2,0.0,0.0,27,6.5,0.0,0.0,0.0,0.0,0.0,0.0,1.0
57768,0,1,3400,-61,61,256,22,26,2.2,0.0,0.0,27,6.5,0.0,0.0,0.0,0.0,0.0,0.0,1.0
58017,0,1,3400,-61,61,260,22,26,2.2,0.0,0.0,27,6.5,0.0,0.0,0.0,0.0,0.0,0.0,1.0
58266,0,1,3400,-60,60,259,22,26,2.2,0.0,0.0,27,6.5,0.0,0.0,0.0,0.0,0.0,0.0,1.0
58515,0,1,3400,-60,60,254,22,26,2.3,0.0,0.0,27,6.5,0.0,0.0,0.0,0.0,0.0,0.0,1.0
58764,0,1,3400,-60,60,262,22,26,2.2,0.0,0.0,27,6.5,0.0,0.0,0.0,0.0,0.0,0.0,1.0
59013,0,1,3400,-60,60,257,22,27,2.2,0.0,0.0,27,6.5,0.0,0.0,0.0,0.0,0.0,0.0,1.0
59262,0,1,3400,-59,59,258,22,27,2.2,0.0,0.0,27,6.5,0.0,0.0,0.0,0.0,0.0,0.0,1.0
59511,0,1,3400,-59,59,260,22,26,2.2,0.0,0.0,27,6.5,0.0,0.0,0.0,0.0,0.0,0.0,1.0
59760,0,1,3400,-59,59,253,22,27,2.2,0.0,0.0,27,6.5,0.0,0.0,0.0,0.0,0.0,0.0,1.0
60009,0,1,3400,-59,59,256,22,27,2.2,0.0,0.0,27,6.5,0.0,0.0,0.0,0.0,0.0,0.0,1.0
60258,0,1,3400,-59,59,256,22,27,2.3,0.0,0.0,27,6.5,0.0,0.0,0.0,0.0,0.0,0.0,1.0
60507,0,1,3400,-59,59,256,22,27,2.2,0.0,0.0,27,6.5,0.0,0.0,0.0,0.0,0.0,0.0,1.0
60756,0,1,3400,-59,59,263,22,27,2.2,0.0,0.0,27,6.5,0.0,0.0,0.0,0.0,0.0,0.0,1.0
61005,0,1,3400,-59,59,261,22,27,2.2,0.0,0.0,27,6.5,0.0,0.0,0.0,0.0,0.0,0.0,1.0
61254,0,1,3400,-58,58,255,22,27,2.2,0.0,0.0,27,6.5,0.0,0.0,0.0,0.0,0.0,0.0,1.0
61503,0,1,3400,-58,58,257,22,27,2.2,0.0,0.0,27,6.5,0.0,0.0,0.0,0.0,0.0,0.0,1.0
61752,0,1,3400,-58,58,256,22,28,2.2,0.0,0.0,27,6.5,0.0,0.0,0.0,0.0,0.0,0.0,1.0
62001,0,1,3400,-58,58,255,22,28,2.2,0.0,0.0,27,6.5,0.0,0.0,0.0,0.0,0.0,0.0,1.0
62250,0,1,3400,-58,58,257,22,27,2.3,0.0,0.0,27,6.5,0.0,0.0,0.0,0.0,0.0,0.0,1.0
62499,0,1,3400,-58,58,255,22,27,2.2,0.0,0.0,27,6.5,0.0,0.0,0.0,0.0,0.0,0.0,1.0
62748,0,1,3400,-58,58,256,22,27,2.2,0.0,0.0,27,6.5,0.0,0.0,0.0,0.0,0.0,0.0,1.0
62997,0,1,3400,-58,58,260,22,27,2.2,0.0,0.0,27,6.5,0.0,0.0,0.0,0.0,0.0,0.0,1.0
63246,0,1,3400,-58,58,261,22,27,2.2,0.0,0.0,27,6.5,0.0,0.0,0.0,0.0,0.0,0.0,1.0
63495,0,1,3400,-58,58,258,22,27,2.2,0.0,0.0,27,6.5,0.0,0.0,0.0,0.0,0.0,0.0,1.0
63744,0,1,3400,-58,58,256,22,27,2.2,0.0,0.0,27,6.5,0.0,0.0,0.0,0.0,0.0,0.0,1.0
63993,0,1,3400,-58,58,255,22,27,2.3,0.0,0.0,27,6.5,0.0,0.0,0.0,0.0,0.0,0.0,1.0
64242,0,1,3400,-59,59,258,22,27,2.2,0.0,0.0,27,6.5,0.0,0.0,0.0,0.0,0.0,0.0,1.0
64491,0,1,3400,-59,59,257,22,27,2.2,0.0,0.0,27,6.5,0.0,0.0,0.0,0.0,0.0,0.0,1.0
64740,0,1,3400,-59,59,261,22,27,2.2,0.0,0.0,27,6.5,0.0,0.0,0.0,0.0,0.0,0.0,1.0
64989,0,1,3400,-59,59,260,22,27,2.2,0.0,0.0,27,6.5,0.0,0.0,0.0,0.0,0.0,0.0,1.0
65238,0,1,3400,-59,59,259,22,27,2.3,0.0,0.0,27,6.5,0.0,0.0,0.0,0.0,0.0,0.0,1.0
65487,0,1,3400,-59,59,259,22,26,2.2,0.0,0.0,27,6.5,0.0,0.0,0.0,0.0,0.0,0.0,1.0
65736,0,1,3400,-59,59,259,22,27,2.3,0.0,0.0,27,6.5,0.0,0.0,0.0,0.0,0.0,0.0,1.0
65985,0,1,3400,-59,59,255,22,27,2.2,0.0,0.0,27,6.5,0.0,0.0,0.0,0.0,0.0,0.0,1.0
66234,0,1,3400,-58,58,260,22,27,2.2,0.0,0.0,27,6.5,0.0,0.0,0.0,0.0,0.0,0.0,1.0
66483,0,1,3400,-58,58,262,22,27,2.2,0.0,0.0,27,6.5,0.0,0.0,0.0,0.0,0.0,0.0,1.0
66732,0,1,3400,-58,58,261,22,27,2.2,0.0,0.0,27,6.5,0.0,0.0,0.0,0.0,0.0,0.0,1.0
66981,0,1,3400,-58,58,260,22,27,2.2,0.0,0.0,27,6.5,0.0,0.0,0.0,0.0,0.0,0.0,1.0
67230,0,1,3400,-59,59,260,22,27,2.2,0.0,0.0,27,6.5,0.0,0.0,0.0,0.0,0.0,0.0,1.0
67479,0,1,3400,-59,59,256,22,27,2.2,0.0,0.0,27,6.5,0.0,0.0,0.0,0.0,0.0,0.0,1.0
67728,0,1,3400,-59,59,255,22,27,2.2,0.0,0.0,27,6.5,0.0,0.0,0.0,0.0,0.0,0.0,1.0
67977,0,1,3400,-59,59,257,22,27,2.2,0.0,0.0,27,6.5,0.0,0.0,0.0,0.0,0.0,0.0,1.0
68226,0,1,3400,-59,59,260,22,27,2.2,0.0,0.0,27,6.5,0.0,0.0,0.0,0.0,0.0,0.0,1.0
68475,0,1,3400,-59,59,262,22,26,2.2,0.0,0.0,27,6.5,0.0,0.0,0.0,0.0,0.0,0.0,1.0
68724,0,1,3400,-59,59,267,22,27,2.3,0.0,0.0,27,6.5,0.0,0.0,0.0,0.0,0.0,0.0,1.0
68973,0,1,3400,-59,59,264,22,27,2.2,0.0,0.0,27,6.5,0.0,0.0,0.0,0.0,0.0,0.0,1.0
69222,0,1,3400,-59,59,256,22,27,2.2,0.0,0.0,27,6.5,0.0,0.0,0.0,0.0,0.0,0.0,1.0
69471,0,1,3400,-59,59,254,22,26,2.2,0.0,0.0,27,6.5,0.0,0.0,0.0,0.0,0.0,0.0,1.0
69720,0,1,3400,-59,59,257,22,27,2.2,0.0,0.0,27,6.5,0.0,0.0,0.0,0.0,0.0,0.0,1.0
69969,0,1,3400,-59,59,255,22,27,2.2,0.0,0.0,27,6.5,0.0,0.0,0.0,0.0,0.0,0.0,1.0
70218,0,1,3400,-58,58,253,22,27,2.2,0.0,0.0,27,6.5,0.0,0.0,0.0,0.0,0.0,0.0,1.0
70467,0,1,3400,-58,58,254,22,27,2.2,0.0,0.0,27,6.5,0.0,0.0,0.0,0.0,0.0,0.0,1.0
70716,0,1,3400,-58,58,259,22,27,2.2,0.0,0.0,27,6.5,0.0,0.0,0.0,0.0,0.0,0.0,1.0
70965,0,1,3400,-58,58,260,22,28,2.2,0.0,0.0,27,6.5,0.0,0.0,0.0,0.0,0.0,0.0,1.0
71214,0,1,3400,-58,58,262,22,27,2.2,0.0,0.0,27,6.5,0.0,0.0,0.0,0.0,0.0,0.0,1.0
71463,0,1,3400,-58,58,257,22,27,2.2,0.0,0.0,27,6.5,0.0,0.0,0.0,0.0,0.0,0.0,1.0
71712,0,1,3400,-58,58,260,22,28,2.2,0.0,0.0,27,6.5,0.0,0.0,0.0,0.0,0.0,0.0,1.0
71961,0,1,3400,-58,58,260,22,28,2.3,0.0,0.0,27,6.5,0.0,0.0,0.0,0.0,0.0,0.0,1.0
72210,0,1,3400,-57,57,262,22,28,2.2,0.0,0.0,27,6.5,0.0,0.0,0.0,0.0,0.0,0.0,1.0
72459,0,1,3400,-57,57,260,22,28,2.2,0.0,0.0,27,6.5,0.0,0.0,0.0,0.0,0.0,0.0,1.0
72708,0,1,3400,-57,57,258,22,28,2.3,0.0,0.0,27,6.5,0.0,0.0,0.0,0.0,0.0,0.0,1.0
72957,0,1,3400,-57,57,260,22,29,2.2,0.0,0.0,27,6.5,0.0,0.0,0.0,0.0,0.0,0.0,1.0
73206,0,1,3400,-56,56,263,22,29,2.2,0.0,0.0,27,6.5,0.0,0.0,0.0,0.0,0.0,0.0,1.0
73455,0,1,3400,-56,56,262,22,28,2.2,0.0,0.0,27,6.5,0.0,0.0,0.0,0.0,0.0,0.0,1.0
73704,0,1,3400,-56,56,262,22,29,2.2,0.0,0.0,27,6.5,0.0,0.0,0.0,0.0,0.0,0.0,1.0
73953,0,1,3400,-56,56,261,22,29,2.2,0.0,0.0,27,6.5,0.0,0.0,0.0,0.0,0.0,0.0,1.0
74202,0,1,3400,-56,56,259,22,29,2.2,0.0,0.0,27,6.5,0.0,0.0,0.0,0.0,0.0,0.0,1.0
74451,0,1,3400,-55,55,260,22,28,2.2,0.0,0.0,27,6.5,0.0,0.0,0.0,0.0,0.0,0.0,1.0
74700,0,1,3400,-55,55,262,22,29,2.2,0.0,0.0,27,6.5,0.0,0.0,0.0,0.0,0.0,0.0,1.0
74949,0,1,3400,-55,55,259,22,30,2.2,0.0,0.0,27,6.5,0.0,0.0,0.0,0.0,0.0,0.0,1.0
75198,0,1,3400,-56,56,258,22,29,2.3,0.0,0.0,27,6.5,0.0,0.0,0.0,0.0,0.0,0.0,1.0
75447,0,1,3400,-56,56,264,22,28,2.2,0.0,0.0,27,6.5,0.0,0.0,0.0,0.0,0.0,0.0,1.0
75696,0,1,3400,-56,56,264,22,29,2.2,0.0,0.0,27,6.5,0.0,0.0,0.0,0.0,0.0,0.0,1.0
75945,0,1,3400,-56,56,260,22,29,2.2,0.0,0.0,27,6.5,0.0,0.0,0.0,0.0,0.0,0.0,1.0
76194,0,1,3400,-56,56,261,22,29,2.2,0.0,0.0,27,6.5,0.0,0.0,0.0,0.0,0.0,0.0,1.0
76443,0,1,3400,-56,56,260,22,28,2.2,0.0,0.0,27,6.5,0.0,0.0,0.0,0.0,0.0,0.0,1.0
76692,0,1,3400,-56,56,262,22,29,2.2,0.0,0.0,27,6.5,0.0,0.0,0.0,0.0,0.0,0.0,1.0
76941,0,1,3400,-56,56,261,22,29,2.2,0.0,0.0,27,6.5,0.0,0.0,0.0,0.0,0.0,0.0,1.0
77190,0,1,3400,-56,56,264,22,28,2.2,0.0,0.0,27,6.5,0.0,0.0,0.0,0.0,0.0,0.0,1.0
77439,0,1,3400,-56,56,265,22,28,2.2,0.0,0.0,27,6.5,0.0,0.0,0.0,0.0,0.0,0.0,1.0
77688,0,1,3400,-56,56,265,22,29,2.2,0.0,0.0,27,6.5,0.0,0.0,0.0,0.0,0.0,0.0,1.0
77937,0,1,3400,-56,56,259,22,29,2.2,0.0,0.0,27,6.4,0.0,0.0,0.0,0.0,0.0,0.0,1.0
78186,0,1,3400,-56,56,263,22,28,2.2,0.0,0.0,27,6.5,0.0,0.0,0.0,0.0,0.0,0.0,1.0
78435,0,1,3400,-56,56,260,22,28,2.3,0.0,0.0,27,6.5,0.0,0.0,0.0,0.0,0.0,0.0,1.0
78684,0,1,3400,-56,56,260,22,29,2.2,0.0,0.0,27,6.5,0.0,0.0,0.0,0.0,0.0,0.0,1.0
78933,0,1,3400,-56,56,264,22,29,2.2,0.0,0.0,27,6.5,0.0,0.0,0.0,0.0,0.0,0.0,1.0
79182,0,1,3400,-56,56,262,22,28,2.2,0.0,0.0,27,6.5,0.0,0.0,0.0,0.0,0.0,0.0,1.0
79431,0,1,3400,-56,56,258,22,28,2.2,0.0,0.0,27,6.5,0.0,0.0,0.0,0.0,0.0,0.0,1.0
79680,0,1,3400,-56,56,263,22,29,2.2,0.0,0.0,27,6.5,0.0,0.0,0.0,0.0,0.0,0.0,1.0
79929,0,1,3400,-56,56,262,22,29,2.2,0.0,0.0,27,6.5,0.0,0.0,0.0,0.0,0.0,0.0,1.0
80178,0,1,3400,-56,56,263,22,29,2.2,0.0,0.0,27,6.5,0.0,0.0,0.0,0.0,0.0,0.0,1.0
80427,0,1,3400,-56,56,263,22,28,2.2,0.0,0.0,27,6.5,0.0,0.0,0.0,0.0,0.0,0.0,1.0
80676,0,1,3400,-56,56,264,22,29,2.2,0.0,0.0,27,6.4,0.0,0.0,0.0,0.0,0.0,0.0,1.0
80925,0,1,3400,-56,56,261,22,29,2.2,0.0,0.0,27,6.5,0.0,0.0,0.0,0.0,0.0,0.0,1.0
81174,0,1,3400,-56,56,262,22,28,2.2,0.0,0.0,27,6.5,0.0,0.0,0.0,0.0,0.0,0.0,1.0
81423,0,1,3400,-56,56,260,22,28,2.2,0.0,0.0,27,6.5,0.0,0.0,0.0,0.0,0.0,0.0,1.0
81672,0,1,3400,-56,56,264,22,29,2.3,0.0,0.0,27,6.5,0.0,0.0,0.0,0.0,0.0,0.0,1.0
81921,0,1,3400,-56,56,265,22,29,2.2,0.0,0.0,27,6.5,0.0,0.0,0.0,0.0,0.0,0.0,1.0
82170,0,1,3400,-56,56,266,22,28,2.2,0.0,0.0,27,6.5,0.0,0.0,0.0,0.0,0.0,0.0,1.0
82419,0,1,3400,-56,56,261,22,28,2.2,0.0,0.0,27,6.5,0.0,0.0,0.0,0.0,0.0,0.0,1.0
82668,0,1,3400,-56,56,261,22,29,2.2,0.0,0.0,27,6.5,0.0,0.0,0.0,0.0,0.0,0.0,1.0
82917,0,1,3400,-56,56,260,22,29,2.2,0.0,0.0,27,6.5,0.0,0.0,0.0,0.0,0.0,0.0,1.0
83166,0,1,3400,-57,57,259,22,28,2.2,0.0,0.0,27,6.5,0.0,0.0,0.0,0.0,0.0,0.0,1.0
83415,0,1,3400,-57,57,258,22,28,2.2,0.0,0.0,27,6.5,0.0,0.0,0.0,0.0,0.0,0.0,1.0
83664,0,1,3400,-57,57,260,22,28,2.2,0.0,0.0,27,6.5,0.0,0.0,0.0,0.0,0.0,0.0,1.0
83913,0,1,3400,-57,57,259,22,28,2.3,0.0,0.0,27,6.5,0.0,0.0,0.0,0.0,0.0,0.0,1.0
84162,0,1,3400,-57,57,258,22,28,2.2,0.0,0.0,27,6.5,0.0,0.0,0.0,0.0,0.0,0.0,1.0
84411,0,1,3400,-57,57,264,22,27,2.3,0.0,0.0,27,6.5,0.0,0.0,0.0,0.0,0.0,0.0,1.0
84660,0,1,3400,-57,57,262,22,28,2.2,0.0,0.0,27,6.5,0.0,0.0,0.0,0.0,0.0,0.0,1.0
84909,0,1,3400,-57,57,263,22,28,2.2,0.0,0.0,27,6.5,0.0,0.0,0.0,0.0,0.0,0.0,1.0
85158,0,1,3400,-57,57,263,22,28,2.2,0.0,0.0,27,6.5,0.0,0.0,0.0,0.0,0.0,0.0,1.0
85407,0,1,3400,-57,57,265,22,28,2.2,0.0,0.0,27,6.5,0.0,0.0,0.0,0.0,0.0,0.0,1.0
85656,0,1,3400,-57,57,263,22,28,2.3,0.0,0.0,27,6.5,0.0,0.0,0.0,0.0,0.0,0.0,1.0
85905,0,1,3400,-57,57,264,22,29,2.2,0.0,0.0,27,6.5,0.0,0.0,0.0,0.0,0.0,0.0,1.0
86154,0,1,3400,-57,57,264,22,28,2.2,0.0,0.0,27,6.5,0.0,0.0,0.0,0.0,0.0,0.0,1.0
86403,0,1,3400,-56,56,265,22,28,2.2,0.0,0.0,27,6.5,0.0,0.0,0.0,0.0,0.0,0.0,1.0
86652,0,1,3400,-56,56,268,22,29,2.2,0.0,0.0,27,6.5,0.0,0.0,0.0,0.0,0.0,0.0,1.0
86901,0,1,3400,-56,56,265,22,29,2.2,0.0,0.0,27,6.5,0.0,0.0,0.0,0.0,0.0,0.0,1.0
87150,0,1,3400,-56,56,261,22,28,2.2,0.0,0.0,27,6.5,0.0,0.0,0.0,0.0,0.0,0.0,1.0
87399,0,1,3400,-56,56,260,22,28,2.2,0.0,0.0,27,6.5,0.0,0.0,0.0,0.0,0.0,0.0,1.0
87648,0,1,3400,-56,56,263,22,29,2.2,0.0,0.0,27,6.5,0.0,0.0,0.0,0.0,0.0,0.0,1.0
87897,0,1,3400,-56,56,268,22,29,2.2,0.0,0.0,27,6.5,0.0,0.0,0.0,0.0,0.0,0.0,1.0
88146,0,1,3400,-56,56,266,22,28,2.2,0.0,0.0,27,6.5,0.0,0.0,0.0,0.0,0.0,0.0,1.0
88395,0,1,3400,-56,56,261,22,28,2.2,0.0,0.0,27,6.5,0.0,0.0,0.0,0.0,0.0,0.0,1.0
88644,0,1,3400,-56,56,258,22,29,2.2,0.0,0.0,27,6.5,0.0,0.0,0.0,0.0,0.0,0.0,1.0
88893,0,1,3400,-56,56,261,22,29,2.2,0.0,0.0,27,6.5,0.0,0.0,0.0,0.0,0.0,0.0,1.0
89142,0,1,3400,-56,56,262,22,28,2.2,0.0,0.0,27,6.5,0.0,0.0,0.0,0.0,0.0,0.0,1.0
89391,0,1,3400,-56,56,261,22,28,2.2,0.0,0.0,27,6.5,0.0,0.0,0.0,0.0,0.0,0.0,1.0
89640,0,1,3400,-56,56,266,22,29,2.2,0.0,0.0,27,6.5,0.0,0.0,0.0,0.0,0.0,0.0,1.0
89889,0,1,3400,-56,56,270,22,29,2.2,0.0,0.0,27,6.5,0.0,0.0,0.0,0.0,0.0,0.0,1.0
90138,0,1,3400,-56,56,265,22,28,2.3,0.0,0.0,27,6.5,0.0,0.0,0.0,0.0,0.0,0.0,1.0
90387,0,1,3400,-56,56,260,22,28,2.2,0.0,0.0,27,6.5,0.0,0.0,0.0,0.0,0.0,0.0,1.0
90636,0,1,3400,-56,56,262,22,29,2.3,0.0,0.0,27,6.5,0.0,0.0,0.0,0.0,0.0,0.0,1.0
90885,0,1,3400,-56,56,265,22,29,2.2,0.0,0.0,27,6.5,0.0,0.0,0.0,0.0,0.0,0.0,1.0
91134,0,1,3400,-56,56,267,22,28,2.2,0.0,0.0,27,6.5,0.0,0.0,0.0,0.0,0.0,0.0,1.0
91383,0,1,3400,-56,56,266,22,28,2.3,0.0,0.0,27,6.5,0.0,0.0,0.0,0.0,0.0,0.0,1.0
91632,0,1,3400,-56,56,268,22,29,2.2,0.0,0.0,27,6.5,0.0,0.0,0.0,0.0,0.0,0.0,1.0
91881,0,1,3400,-56,56,262,22,29,2.2,0.0,0.0,27,6.5,0.0,0.0,0.0,0.0,0.0,0.0,1.0
92130,0,1,3400,-56,56,263,22,28,2.3,0.0,0.0,27,6.5,0.0,0.0,0.0,0.0,0.0,0.0,1.0
92379,0,1,3400,-55,55,262,22,29,2.2,0.0,0.0,27,6.5,0.0,0.0,0.0,0.0,0.0,0.0,1.0
92628,0,1,3400,-55,55,262,22,29,2.2,0.0,0.0,27,6.5,0.0,0.0,0.0,0.0,0.0,0.0,1.0
92877,0,1,3400,-55,55,265,22,29,2.2,0.0,0.0,27,6.5,0.0,0.0,0.0,0.0,0.0,0.0,1.0
93126,0,1,3400,-55,55,262,22,28,2.2,0.0,0.0,27,6.5,0.0,0.0,0.0,0.0,0.0,0.0,1.0
93375,0,1,3400,-55,55,263,22,29,2.2,0.0,0.0,27,6.5,0.0,0.0,0.0,0.0,0.0,0.0,1.0
93624,0,1,3400,-55,55,262,22,29,2.2,0.0,0.0,27,6.5,0.0,0.0,0.0,0.0,0.0,0.0,1.0
93873,0,1,3400,-55,55,266,22,29,2.2,0.0,0.0,27,6.5,0.0,0.0,0.0,0.0,0.0,0.0,1.0
94122,0,1,3400,-55,55,265,22,28,2.2,0.0,0.0,27,6.5,0.0,0.0,0.0,0.0,0.0,0.0,1.0
94371,0,1,3400,-55,55,262,22,29,2.2,0.0,0.0,27,6.5,0.0,0.0,0.0,0.0,0.0,0.0,1.0
94620,0,1,3400,-55,55,260,22,30,2.2,0.0,0.0,27,6.5,0.0,0.0,0.0,0.0,0.0,0.0,1.0
94869,0,1,3400,-55,55,260,22,29,2.2,0.0,0.0,27,6.5,0.0,0.0,0.0,0.0,0.0,0.0,1.0
95118,0,1,3400,-55,55,262,22,28,2.2,0.0,0.0,27,6.5,0.0,0.0,0.0,0.0,0.0,0.0,1.0
95367,0,1,3400,-55,55,265,22,29,2.2,0.0,0.0,27,6.5,0.0,0.0,0.0,0.0,0.0,0.0,1.0
95616,0,1,3400,-55,55,263,22,29,2.2,0.0,0.0,27,6.5,0.0,0.0,0.0,0.0,0.0,0.0,1.0
95865,0,1,3400,-55,55,262,22,29,2.2,0.0,0.0,27,6.5,0.0,0.0,0.0,0.0,0.0,0.0,1.0
96114,0,1,3400,-55,55,261,22,28,2.2,0.0,0.0,27,6.5,0.0,0.0,0.0,0.0,0.0,0.0,1.0
96363,0,1,3400,-55,55,262,22,29,2.2,0.0,0.0,27,6.5,0.0,0.0,0.0,0.0,0.0,0.0,1.0
96612,0,1,3400,-55,55,259,22,29,2.3,0.0,0.0,27,6.5,0.0,0.0,0.0,0.0,0.0,0.0,1.0
96861,0,1,3400,-55,55,261,22,29,2.2,0.0,0.0,27,6.5,0.0,0.0,0.0,0.0,0.0,0.0,1.0
97110,0,1,3400,-55,55,265,22,28,2.2,0.0,0.0,27,6.5,0.0,0.0,0.0,0.0,0.0,0.0,1.0
97359,0,1,3400,-55,55,263,22,29,2.2,0.0,0.0,27,6.5,0.0,0.0,0.0,0.0,0.0,0.0,1.0
97608,0,1,3400,-55,55,261,22,29,2.2,0.0,0.0,27,6.5,0.0,0.0,0.0,0.0,0.0,0.0,1.0
97857,0,1,3400,-55,55,265,22,29,2.2,0.0,0.0,27,6.5,0.0,0.0,0.0,0.0,0.0,0.0,1.0
98106,0,1,3400,-55,55,266,22,28,2.2,0.0,0.0,27,6.5,0.0,0.0,0.0,0.0,0.0,0.0,1.0
98355,0,1,3400,-55,55,266,22,29,2.2,0.0,0.0,27,6.5,0.0,0.0,0.0,0.0,0.0,0.0,1.0
98604,0,1,3400,-55,55,266,22,29,2.2,0.0,0.0,27,6.5,0.0,0.0,0.0,0.0,0.0,0.0,1.0
98853,0,1,3400,-55,55,265,22,29,2.2,0.0,0.0,27,6.5,0.0,0.0,0.0,0.0,0.0,0.0,1.0
99102,0,1,3400,-55,55,266,22,28,2.2,0.0,0.0,27,6.5,0.0,0.0,0.0,0.0,0.0,0.0,1.0
99351,0,1,3400,-55,55,263,22,29,2.2,0.0,0.0,27,6.5,0.0,0.0,0.0,0.0,0.0,0.0,1.0
99600,0,1,3400,-55,55,265,22,29,2.2,0.0,0.0,27,6.5,0.0,0.0,0.0,0.0,0.0,0.0,1.0
99849,0,1,3400,-55,55,267,22,29,2.2,0.0,0.0,27,6.5,0.0,0.0,0.0,0.0,0.0,0.0,1.0
100098,0,1,3400,-55,55,262,22,28,2.2,0.0,0.0,27,6.5,0.0,0.0,0.0,0.0,0.0,0.0,1.0
100347,0,1,3400,-55,55,263,22,29,2.2,0.0,0.0,27,6.5,0.0,0.0,0.0,0.0,0.0,0.0,1.0
100596,0,1,3400,-55,55,264,22,29,2.2,0.0,0.0,27,6.5,0.0,0.0,0.0,0.0,0.0,0.0,1.0
100845,0,1,3400,-55,55,263,22,29,2.2,0.0,0.0,27,6.5,0.0,0.0,0.0,0.0,0.0,0.0,1.0
101094,0,1,3400,-56,56,265,22,28,2.2,0.0,0.0,27,6.5,0.0,0.0,0.0,0.0,0.0,0.0,1.0
101343,0,1,3400,-56,56,268,22,29,2.3,0.0,0.0,27,6.5,0.0,0.0,0.0,0.0,0.0,0.0,1.0
101592,0,1,3400,-56,56,263,22,29,2.2,0.0,0.0,27,6.5,0.0,0.0,0.0,0.0,0.0,0.0,1.0
101841,0,1,3400,-56,56,266,22,28,2.2,0.0,0.0,27,6.5,0.0,0.0,0.0,0.0,0.0,0.0,1.0
102090,0,1,3400,-57,57,268,22,28,2.2,0.0,0.0,27,6.5,0.0,0.0,0.0,0.0,0.0,0.0,1.0
102339,0,1,3400,-57,57,263,22,29,2.2,0.0,0.0,27,6.5,0.0,0.0,0.0,0.0,0.0,0.0,1.0
102588,0,1,3400,-57,57,259,22,28,2.2,0.0,0.0,27,6.5,0.0,0.0,0.0,0.0,0.0,0.0,1.0
102837,0,1,3400,-57,57,264,22,28,2.2,0.0,0.0,27,6.5,0.0,0.0,0.0,0.0,0.0,0.0,1.0
103086,0,1,3400,-57,57,268,22,27,2.3,0.0,0.0,27,6.5,0.0,0.0,0.0,0.0,0.0,0.0,1.0
103335,0,1,3400,-57,57,262,22,28,2.2,0.0,0.0,27,6.5,0.0,0.0,0.0,0.0,0.0,0.0,1.0
103584,0,1,3400,-57,57,262,22,28,2.2,0.0,0.0,27,6.5,0.0,0.0,0.0,0.0,0.0,0.0,1.0
103833,0,1,3400,-57,57,267,22,28,2.2,0.0,0.0,27,6.5,0.0,0.0,0.0,0.0,0.0,0.0,1.0
104082,0,1,3400,-57,57,265,22,28,2.2,0.0,0.0,27,6.5,0.0,0.0,0.0,0.0,0.0,0.0,1.0
104331,0,1,3400,-57,57,264,22,28,2.2,0.0,0.0,27,6.5,0.0,0.0,0.0,0.0,0.0,0.0,1.0
104580,0,1,3400,-57,57,264,22,28,2.2,0.0,0.0,27,6.5,0.0,0.0,0.0,0.0,0.0,0.0,1.0
104829,0,1,3400,-57,57,263,22,28,2.2,0.0,0.0,27,6.5,0.0,0.0,0.0,0.0,0.0,0.0,1.0
105078,0,1,3400,-57,57,266,22,28,2.2,0.0,0.0,27,6.5,0.0,0.0,0.0,0.0,0.0,0.0,1.0
105327,0,1,3400,-57,57,266,22,28,2.3,0.0,0.0,27,6.5,0.0,0.0,0.0,0.0,0.0,0.0,1.0
105576,0,1,3400,-57,57,261,22,28,2.2,0.0,0.0,27,6.5,0.0,0.0,0.0,0.0,0.0,0.0,1.0
105825,0,1,3400,-57,57,261,22,27,2.2,0.0,0.0,27,6.5,0.0,0.0,0.0,0.0,0.0,0.0,1.0
106074,0,1,3400,-57,57,265,22,28,2.2,0.0,0.0,27,6.5,0.0,0.0,0.0,0.0,0.0,0.0,1.0
106323,0,1,3400,-57,57,266,22,28,2.2,0.0,0.0,27,6.5,0.0,0.0,0.0,0.0,0.0,0.0,1.0
106572,0,1,3400,-57,57,267,22,28,2.2,0.0,0.0,27,6.5,0.0,0.0,0.0,0.0,0.0,0.0,1.0
106821,0,1,3400,-57,57,261,22,28,2.2,0.0,0.0,27,6.5,0.0,0.0,0.0,0.0,0.0,0.0,1.0
107070,0,1,3400,-57,57,262,22,28,2.2,0.0,0.0,27,6.5,0.0,0.0,0.0,0.0,0.0,0.0,1.0
107319,0,1,3400,-57,57,264,22,28,2.2,0.0,0.0,27,6.5,0.0,0.0,0.0,0.0,0.0,0.0,1.0
107568,0,1,3400,-57,57,267,22,28,2.2,0.0,0.0,27,6.5,0.0,0.0,0.0,0.0,0.0,0.0,1.0
107817,0,1,3400,-57,57,264,22,27,2.2,0.0,0.0,27,6.5,0.0,0.0,0.0,0.0,0.0,0.0,1.0
108066,0,1,3400,-57,57,261,22,28,2.2,0.0,0.0,27,6.5,0.0,0.0,0.0,0.0,0.0,0.0,1.0
108315,0,1,3400,-57,57,260,22,28,2.2,0.0,0.0,27,6.5,0.0,0.0,0.0,0.0,0.0,0.0,1.0
108564,0,1,3400,-57,57,267,22,28,2.2,0.0,0.0,27,6.5,0.0,0.0,0.0,0.0,0.0,0.0,1.0
108813,0,1,3400,-57,57,265,22,27,2.2,0.0,0.0,27,6.4,0.0,0.0,0.0,0.0,0.0,0.0,1.0
109062,0,1,3400,-57,57,263,22,28,2.2,0.0,0.0,27,6.5,0.0,0.0,0.0,0.0,0.0,0.0,1.0
109311,0,1,3400,-57,57,255,22,28,2.2,0.0,0.0,27,6.5,0.0,0.0,0.0,0.0,0.0,0.0,1.0
109560,0,1,3400,-57,57,258,22,28,2.2,0.0,0.0,27,6.5,0.0,0.0,0.0,0.0,0.0,0.0,1.0
109809,0,1,3400,-57,57,261,22,28,2.2,0.0,0.0,27,6.5,0.0,0.0,0.0,0.0,0.0,0.0,1.0
110058,0,1,3400,-58,58,267,22,28,2.3,0.0,0.0,27,6.5,0.0,0.0,0.0,0.0,0.0,0.0,1.0
110307,0,1,3400,-58,58,263,22,28,2.2,0.0,0.0,27,6.5,0.0,0.0,0.0,0.0,0.0,0.0,1.0
110556,0,1,3400,-58,58,266,22,28,2.2,0.0,0.0,27,6.5,0.0,0.0,0.0,0.0,0.0,0.0,1.0
110805,0,1,3400,-58,58,266,22,27,2.2,0.0,0.0,27,6.5,0.0,0.0,0.0,0.0,0.0,0.0,1.0
111054,0,1,3400,-58,58,262,22,27,2.3,0.0,0.0,27,6.5,0.0,0.0,0.0,0.0,0.0,0.0,1.0
111303,0,1,3400,-58,58,259,22,28,2.2,0.0,0.0,27,6.5,0.0,0.0,0.0,0.0,0.0,0.0,1.0
111552,0,1,3400,-58,58,264,22,27,2.2,0.0,0.0,27,6.5,0.0,0.0,0.0,0.0,0.0,0.0,1.0
111801,0,1,3400,-58,58,262,22,27,2.3,0.0,0.0,27,6.5,0.0,0.0,0.0,0.0,0.0,0.0,1.0
112050,0,1,3400,-58,58,266,22,27,2.2,0.0,0.0,27,6.5,0.0,0.0,0.0,0.0,0.0,0.0,1.0
112299,0,1,3400,-58,58,268,22,28,2.2,0.0,0.0,27,6.5,0.0,0.0,0.0,0.0,0.0,0.0,1.0
112548,0,1,3400,-58,58,266,22,28,2.2,0.0,0.0,27,6.5,0.0,0.0,0.0,0.0,0.0,0.0,1.0
112797,0,1,3400,-58,58,261,22,27,2.2,0.0,0.0,27,6.5,0.0,0.0,0.0,0.0,0.0,0.0,1.0
113046,0,1,3400,-58,58,262,22,28,2.2,0.0,0.0,27,6.5,0.0,0.0,0.0,0.0,0.0,0.0,1.0
113295,0,1,3400,-57,57,264,22,28,2.2,0.0,0.0,27,6.5,0.0,0.0,0.0,0.0,0.0,0.0,1.0
113544,0,1,3400,-57,57,266,22,28,2.2,0.0,0.0,27,6.5,0.0,0.0,0.0,0.0,0.0,0.0,1.0
113793,0,1,3400,-57,57,264,22,27,2.2,0.0,0.0,27,6.5,0.0,0.0,0.0,0.0,0.0,0.0,1.0
114042,0,1,3400,-57,57,266,22,28,2.2,0.0,0.0,27,6.5,0.0,0.0,0.0,0.0,0.0,0.0,1.0
114291,0,1,3400,-57,57,264,22,28,2.3,0.0,0.0,27,6.5,0.0,0.0,0.0,0.0,0.0,0.0,1.0
114540,0,1,3400,-57,57,262,22,28,2.2,0.0,0.0,27,6.5,0.0,0.0,0.0,0.0,0.0,0.0,1.0
114789,0,1,3400,-57,57,262,22,27,2.2,0.0,0.0,27,6.5,0.0,0.0,0.0,0.0,0.0,0.0,1.0
115038,0,1,3400,-57,57,261,22,28,2.2,0.0,0.0,27,6.5,0.0,0.0,0.0,0.0,0.0,0.0,1.0
115287,0,1,3400,-57,57,259,22,28,2.2,0.0,0.0,27,6.5,0.0,0.0,0.0,0.0,0.0,0.0,1.0
115536,0,1,3400,-57,57,264,22,28,2.2,0.0,0.0,27,6.4,0.0,0.0,0.0,0.0,0.0,0.0,1.0
115785,0,1,3400,-57,57,267,22,27,2.2,0.0,0.0,27,6.4,0.0,0.0,0.0,0.0,0.0,0.0,1.0
116034,0,1,3400,-57,57,264,22,28,2.2,0.0,0.0,27,6.5,0.0,0.0,0.0,0.0,0.0,0.0,1.0
116283,0,1,3400,-57,57,263,22,28,2.3,0.0,0.0,27,6.5,0.0,0.0,0.0,0.0,0.0,0.0,1.0
116532,0,1,3400,-57,57,267,22,28,2.2,0.0,0.0,27,6.5,0.0,0.0,0.0,0.0,0.0,0.0,1.0
116781,0,1,3400,-57,57,263,22,28,2.2,0.0,0.0,27,6.5,0.0,0.0,0.0,0.0,0.0,0.0,1.0
117030,0,1,3400,-57,57,268,22,28,2.2,0.0,0.0,27,6.5,0.0,0.0,0.0,0.0,0.0,0.0,1.0
117279,0,1,3400,-57,57,266,22,28,2.2,0.0,0.0,27,6.5,0.0,0.0,0.0,0.0,0.0,0.0,1.0
117528,0,1,3400,-57,57,265,22,28,2.2,0.0,0.0,27,6.5,0.0,0.0,0.0,0.0,0.0,0.0,1.0
117777,0,1,3400,-57,57,265,22,28,2.3,0.0,0.0,27,6.5,0.0,0.0,0.0,0.0,0.0,0.0,1.0
118026,0,1,3400,-57,57,264,24,28,3.7,0.0,100.000000,27,6.5,0.0,0.0,0.0,0.0,0.0,0.0,1.0
118275,0,1,3400,-57,57,264,24,28,4.0,0.0,0.0,27,6.5,0.0,0.0,0.0,0.0,0.0,0.0,1.0
118524,0,1,3400,-58,58,264,24,28,4.0,0.0,0.0,27,6.5,0.0,0.0,0.0,0.0,0.0,0.0,1.0
118773,0,1,3400,-57,57,267,24,27,4.0,0.0,0.0,27,6.5,0.0,0.0,0.0,0.0,0.0,0.0,1.0
119022,0,1,3400,-57,57,262,24,28,4.0,0.0,0.0,27,6.5,0.0,0.0,0.0,0.0,0.0,0.0,1.0
119271,0,1,3400,-57,57,257,24,28,4.0,0.0,0.0,27,6.5,0.0,0.0,0.0,0.0,0.0,0.0,1.0
119520,0,1,3400,-57,57,260,24,28,4.0,0.0,0.0,27,6.5,0.0,0.0,0.0,0.0,0.0,0.0,1.0
119769,0,1,3400,-57,57,264,24,28,4.0,0.0,0.0,27,6.5,0.0,0.0,0.0,0.0,0.0,0.0,1.0
120018,0,1,3400,-56,56,264,24,29,4.0,0.0,0.0,27,6.5,0.0,0.0,0.0,0.0,0.0,0.0,1.0
120267,0,1,3400,-56,56,260,24,29,4.0,0.0,0.0,27,6.5,0.0,0.0,0.0,0.0,0.0,0.0,1.0
120516,0,1,3400,-56,56,260,24,28,4.0,0.0,0.0,27,6.5,0.0,0.0,0.0,0.0,0.0,0.0,1.0
120765,0,1,3400,-56,56,262,25,29,4.0,0.0,0.0,27,6.5,0.0,0.0,0.0,0.0,0.0,0.0,1.0
121014,0,1,3400,-56,56,270,24,29,4.0,0.0,0.0,27,6.5,0.0,0.0,0.0,0.0,0.0,0.0,1.0
121263,0,1,3400,-55,55,265,24,29,4.0,0.0,0.0,27,6.5,0.0,0.0,0.0,0.0,0.0,0.0,1.0
121512,0,1,3400,-56,56,261,26,29,4.0,0.0,100.000000,27,6.5,0.0,0.0,0.0,0.0,0.0,0.0,1.0
121761,0,1,3400,-55,55,260,26,29,4.0,0.0,0.0,27,6.5,0.0,0.0,0.0,0.0,0.0,0.0,1.0
122010,0,1,3400,-55,55,262,26,29,4.0,0.0,0.0,27,6.5,0.0,0.0,0.0,0.0,0.0,0.0,1.0
122259,0,1,3400,-55,55,261,27,29,4.0,0.0,0.0,27,6.5,0.0,0.0,0.0,0.0,0.0,0.0,1.0
122508,0,1,3400,-56,56,261,26,29,4.0,0.0,0.0,27,6.5,0.0,0.0,0.0,0.0,0.0,0.0,1.0
122757,0,1,3400,-55,55,262,26,29,4.0,0.0,0.0,27,6.5,0.0,0.0,0.0,0.0,0.0,0.0,1.0
123006,0,1,3400,-56,56,267,26,30,4.0,0.0,0.0,27,6.5,0.0,0.0,0.0,0.0,0.0,0.0,1.0
123255,0,1,3400,-56,56,267,26,29,4.0,0.0,0.0,27,6.4,0.0,0.0,0.0,0.0,0.0,0.0,1.0
123504,0,1,3400,-56,56,266,26,28,4.0,0.0,0.0,27,6.5,0.0,0.0,0.0,0.0,0.0,0.0,1.0
123753,0,1,3400,-56,56,265,26,29,4.0,0.0,0.0,27,6.5,0.0,0.0,0.0,0.0,0.0,0.0,1.0
124002,0,1,3400,-56,56,265,26,29,4.0,0.0,0.0,27,6.5,0.0,0.0,0.0,0.0,0.0,0.0,1.0
124251,0,1,3400,-56,56,263,26,29,4.0,0.0,0.0,27,6.5,0.0,0.0,0.0,0.0,0.0,0.0,1.0
124500,0,1,3400,-57,57,262,26,28,4.0,0.0,0.0,27,6.5,0.0,0.0,0.0,0.0,0.0,0.0,1.0
124749,0,1,3400,-56,56,264,26,29,4.0,0.0,0.0,27,6.5,0.0,0.0,0.0,0.0,0.0,0.0,1.0
124998,0,1,3400,-57,57,263,26,29,4.0,0.0,0.0,27,6.5,0.0,0.0,0.0,0.0,0.0,0.0,1.0
125247,0,1,3400,-57,57,261,26,28,4.0,0.0,0.0,27,6.5,0.0,0.0,0.0,0.0,0.0,0.0,1.0
125496,0,1,3400,-57,57,266,26,28,4.0,0.0,0.0,27,6.5,0.0,0.0,0.0,0.0,0.0,0.0,1.0
125745,0,1,3400,-57,57,268,26,28,4.0,0.0,0.0,27,6.5,0.0,0.0,0.0,0.0,0.0,0.0,1.0
125994,0,1,3400,-57,57,261,26,28,4.0,0.0,0.0,27,6.5,0.0,0.0,0.0,0.0,0.0,0.0,1.0
126243,0,1,3400,-57,57,262,26,28,4.0,0.0,0.0,27,6.5,0.0,0.0,0.0,0.0,0.0,0.0,1.0
126492,0,1,3400,-57,57,263,26,28,4.0,0.0,0.0,27,6.5,0.0,0.0,0.0,0.0,0.0,0.0,1.0
126741,0,1,3400,-57,57,263,26,29,4.0,0.0,0.0,27,6.5,0.0,0.0,0.0,0.0,0.0,0.0,1.0
126990,0,1,3400,-57,57,262,26,29,4.0,0.0,0.0,27,6.4,0.0,0.0,0.0,0.0,0.0,0.0,1.0
127239,0,1,3400,-56,56,263,26,29,4.0,0.0,0.0,27,6.5,0.0,0.0,0.0,0.0,0.0,0.0,1.0
127488,0,1,3400,-57,57,267,26,28,4.0,0.0,0.0,27,6.5,0.0,0.0,0.0,0.0,0.0,0.0,1.0
127737,0,1,3400,-56,56,264,26,29,4.0,0.0,0.0,27,6.5,0.0,0.0,0.0,0.0,0.0,0.0,1.0
127986,0,1,3400,-56,56,266,26,29,4.0,0.0,0.0,27,6.5,0.0,0.0,0.0,0.0,0.0,0.0,1.0
128235,0,1,3400,-56,56,263,26,29,4.0,0.0,0.0,27,6.5,0.0,0.0,0.0,0.0,0.0,0.0,1.0
128484,0,1,3400,-56,56,266,26,28,4.0,0.0,0.0,27,6.5,0.0,0.0,0.0,0.0,0.0,0.0,1.0
128733,0,1,3400,-56,56,264,26,29,4.0,0.0,0.0,27,6.4,0.0,0.0,0.0,0.0,0.0,0.0,1.0
128982,0,1,3400,-56,56,262,26,30,4.0,0.0,0.0,27,6.5,0.0,0.0,0.0,0.0,0.0,0.0,1.0
129231,0,1,3400,-56,56,265,26,29,4.0,0.0,0.0,27,6.5,0.0,0.0,0.0,0.0,0.0,0.0,1.0
129480,0,1,3400,-56,56,266,26,29,4.0,0.0,0.0,27,6.5,0.0,0.0,0.0,0.0,0.0,0.0,1.0
129729,0,1,3400,-55,55,265,26,29,4.0,0.0,0.0,27,6.5,0.0,0.0,0.0,0.0,0.0,0.0,1.0
129978,0,1,3400,-55,55,266,26,29,4.0,0.0,0.0,27,6.5,0.0,0.0,0.0,0.0,0.0,0.0,1.0
130227,0,1,3400,-56,56,264,26,29,4.0,0.0,0.0,27,6.5,0.0,0.0,0.0,0.0,0.0,0.0,1.0
130476,0,1,3400,-56,56,267,26,29,4.0,0.0,0.0,27,6.5,0.0,0.0,0.0,0.0,0.0,0.0,1.0
130725,0,1,3400,-55,55,262,26,29,4.0,0.0,0.0,27,6.5,0.0,0.0,0.0,0.0,0.0,0.0,1.0
130974,0,1,3400,-55,55,267,26,30,4.0,0.0,0.0,27,6.5,0.0,0.0,0.0,0.0,0.0,0.0,1.0
131223,0,1,3400,-56,56,269,26,29,4.0,0.0,0.0,27,6.5,0.0,0.0,0.0,0.0,0.0,0.0,1.0
131472,0,1,3400,-55,55,266,26,29,4.0,0.0,0.0,27,6.5,0.0,0.0,0.0,0.0,0.0,0.0,1.0
131721,0,1,3400,-55,55,267,26,29,4.0,0.0,0.0,27,6.5,0.0,0.0,0.0,0.0,0.0,0.0,1.0
131970,0,1,3400,-55,55,269,26,29,4.0,0.0,0.0,27,6.5,0.0,0.0,0.0,0.0,0.0,0.0,1.0
132219,0,1,3400,-56,56,266,26,29,4.0,0.0,0.0,27,6.5,0.0,0.0,0.0,0.0,0.0,0.0,1.0
132468,0,1,3400,-55,55,262,26,29,4.0,0.0,0.0,27,6.5,0.0,0.0,0.0,0.0,0.0,0.0,1.0
132717,0,1,3400,-55,55,263,26,29,4.0,0.0,0.0,27,6.5,0.0,0.0,0.0,0.0,0.0,0.0,1.0
132966,0,1,3400,-56,56,262,26,29,4.0,0.0,0.0,27,6.5,0.0,0.0,0.0,0.0,0.0,0.0,1.0
133215,0,1,3400,-56,56,262,26,29,4.0,0.0,0.0,27,6.5,0.0,0.0,0.0,0.0,0.0,0.0,1.0
133464,0,1,3400,-56,56,263,26,29,4.0,0.0,0.0,27,6.5,0.0,0.0,0.0,0.0,0.0,0.0,1.0
133713,0,1,3400,-56,56,265,26,29,4.0,0.0,0.0,27,6.5,0.0,0.0,0.0,0.0,0.0,0.0,1.0
133962,0,1,3400,-57,57,265,27,29,4.0,0.0,0.0,27,6.5,0.0,0.0,0.0,0.0,0.0,0.0,1.0
134211,0,1,3400,-57,57,270,26,28,4.0,0.0,0.0,27,6.5,0.0,0.0,0.0,0.0,0.0,0.0,1.0
134460,0,1,3400,-57,57,265,26,28,4.0,0.0,0.0,27,6.5,0.0,0.0,0.0,0.0,0.0,0.0,1.0
134709,0,1,3400,-57,57,266,26,28,4.0,0.0,0.0,27,6.5,0.0,0.0,0.0,0.0,0.0,0.0,1.0
134958,0,1,3400,-57,57,267,27,28,4.0,0.0,0.0,27,6.5,0.0,0.0,0.0,0.0,0.0,0.0,1.0
135207,0,1,3400,-58,58,269,26,28,4.0,0.0,0.0,27,6.5,0.0,0.0,0.0,0.0,0.0,0.0,1.0
135456,0,1,3400,-57,57,266,26,28,4.0,0.0,0.0,27,6.5,0.0,0.0,0.0,0.0,0.0,0.0,1.0
135705,0,1,3400,-57,57,262,26,28,4.0,0.0,0.0,27,6.5,0.0,0.0,0.0,0.0,0.0,0.0,1.0
135954,0,1,3400,-58,58,266,26,28,4.0,0.0,0.0,27,6.5,0.0,0.0,0.0,0.0,0.0,0.0,1.0
136203,0,1,3400,-58,58,262,26,27,4.0,0.0,0.0,27,6.5,0.0,0.0,0.0,0.0,0.0,0.0,1.0
136452,0,1,3400,-58,58,262,26,28,4.0,0.0,0.0,27,6.5,0.0,0.0,0.0,0.0,0.0,0.0,1.0
136701,0,1,3400,-58,58,261,26,28,4.0,0.0,0.0,27,6.5,0.0,0.0,0.0,0.0,0.0,0.0,1.0
136950,0,1,3400,-58,58,261,27,28,4.0,0.0,0.0,27,6.5,0.0,0.0,0.0,0.0,0.0,0.0,1.0
137199,0,1,3400,-59,59,264,26,27,4.0,0.0,0.0,27,6.5,0.0,0.0,0.0,0.0,0.0,0.0,1.0
137449,0,1,3400,-58,58,268,26,27,4.0,0.0,0.0,27,6.5,0.0,0.0,0.0,0.0,0.0,0.0,1.0
137698,0,1,3400,-58,58,266,26,28,4.0,0.0,0.0,27,6.5,0.0,0.0,0.0,0.0,0.0,0.0,1.0
137947,0,1,3400,-58,58,263,26,27,4.0,0.0,0.0,27,6.4,0.0,0.0,0.0,0.0,0.0,0.0,1.0
138196,0,1,3400,-58,58,270,26,27,4.0,0.0,0.0,27,6.5,0.0,0.0,0.0,0.0,0.0,0.0,1.0
138445,0,1,3400,-58,58,271,26,28,4.0,0.0,0.0,27,6.5,0.0,0.0,0.0,0.0,0.0,0.0,1.0
138694,0,1,3400,-58,58,268,26,28,4.0,0.0,0.0,27,6.5,0.0,0.0,0.0,0.0,0.0,0.0,1.0
138943,0,1,3400,-58,58,263,26,28,4.0,0.0,0.0,27,6.5,0.0,0.0,0.0,0.0,0.0,0.0,1.0
139192,0,1,3400,-58,58,261,26,27,4.0,0.0,0.0,27,6.4,0.0,0.0,0.0,0.0,0.0,0.0,1.0
139441,0,1,3400,-58,58,265,26,28,4.0,0.0,0.0,27,6.5,0.0,0.0,0.0,0.0,0.0,0.0,1.0
139690,0,1,3400,-58,58,268,26,28,4.0,0.0,0.0,27,6.5,0.0,0.0,0.0,0.0,0.0,0.0,1.0
139939,0,1,3400,-59,59,270,26,27,4.0,0.0,0.0,27,6.5,0.0,0.0,0.0,0.0,0.0,0.0,1.0
140188,0,1,3400,-59,59,266,26,27,4.0,0.0,0.0,27,6.5,0.0,0.0,0.0,0.0,0.0,0.0,1.0
140437,0,1,3400,-59,59,259,27,27,4.0,0.0,0.0,27,6.5,0.0,0.0,0.0,0.0,0.0,0.0,1.0
140686,0,1,3400,-59,59,261,26,27,4.0,0.0,0.0,27,6.5,0.0,0.0,0.0,0.0,0.0,0.0,1.0
140935,0,1,3400,-59,59,263,26,27,4.0,0.0,0.0,27,6.5,0.0,0.0,0.0,0.0,0.0,0.0,1.0
141184,0,1,3400,-59,59,271,26,26,4.0,0.0,0.0,27,6.5,0.0,0.0,0.0,0.0,0.0,0.0,1.0
141433,0,1,3400,-59,59,262,26,27,4.0,0.0,0.0,27,6.5,0.0,0.0,0.0,0.0,0.0,0.0,1.0
141682,0,1,3400,-59,59,261,26,27,4.0,0.0,0.0,27,6.5,0.0,0.0,0.0,0.0,0.0,0.0,1.0
141931,0,1,3400,-58,58,264,26,27,4.0,0.0,0.0,27,6.5,0.0,0.0,0.0,0.0,0.0,0.0,1.0
142180,0,1,3400,-58,58,260,26,27,4.0,0.0,0.0,27,6.5,0.0,0.0,0.0,0.0,0.0,0.0,1.0
142429,0,1,3400,-58,58,260,26,28,4.0,0.0,0.0,27,6.5,0.0,0.0,0.0,0.0,0.0,0.0,1.0
142678,0,1,3400,-58,58,262,26,28,4.0,0.0,0.0,27,6.5,0.0,0.0,0.0,0.0,0.0,0.0,1.0
142927,0,1,3400,-57,57,262,26,28,4.0,0.0,0.0,27,6.5,0.0,0.0,0.0,0.0,0.0,0.0,1.0
143176,0,1,3400,-57,57,261,26,27,4.0,0.0,0.0,27,6.5,0.0,0.0,0.0,0.0,0.0,0.0,1.0
143425,0,1,3400,-57,57,260,27,29,4.0,0.0,0.0,27,6.5,0.0,0.0,0.0,0.0,0.0,0.0,1.0
143674,0,1,3400,-57,57,263,26,29,4.0,0.0,0.0,27,6.5,0.0,0.0,0.0,0.0,0.0,0.0,1.0
143923,0,1,3400,-57,57,265,26,28,4.0,0.0,0.0,27,6.5,0.0,0.0,0.0,0.0,0.0,0.0,1.0
144172,0,1,3400,-57,57,264,26,28,4.0,0.0,0.0,27,6.5,0.0,0.0,0.0,0.0,0.0,0.0,1.0
144421,0,1,3400,-57,57,265,26,28,4.0,0.0,0.0,27,6.5,0.0,0.0,0.0,0.0,0.0,0.0,1.0
144670,0,1,3400,-57,57,264,26,28,4.0,0.0,0.0,27,6.5,0.0,0.0,0.0,0.0,0.0,0.0,1.0
144919,0,1,3400,-57,57,263,26,28,4.0,0.0,0.0,27,6.5,0.0,0.0,0.0,0.0,0.0,0.0,1.0
145168,0,1,3400,-57,57,260,26,28,4.0,0.0,0.0,27,6.5,0.0,0.0,0.0,0.0,0.0,0.0,1.0
145417,0,1,3400,-57,57,263,26,28,4.0,0.0,0.0,27,6.5,0.0,0.0,0.0,0.0,0.0,0.0,1.0
145666,0,1,3400,-57,57,266,26,28,4.0,0.0,0.0,27,6.5,0.0,0.0,0.0,0.0,0.0,0.0,1.0
145915,0,1,3400,-57,57,266,26,28,4.0,0.0,0.0,27,6.5,0.0,0.0,0.0,0.0,0.0,0.0,1.0
146164,0,1,3400,-57,57,262,26,28,4.0,0.0,0.0,27,6.5,0.0,0.0,0.0,0.0,0.0,0.0,1.0
146413,0,1,3400,-57,57,264,26,28,4.0,0.0,0.0,27,6.5,0.0,0.0,0.0,0.0,0.0,0.0,1.0
146662,0,1,3400,-57,57,267,26,29,4.0,0.0,0.0,27,6.5,0.0,0.0,0.0,0.0,0.0,0.0,1.0
146911,0,1,3400,-56,56,264,27,28,4.0,0.0,0.0,27,6.5,0.0,0.0,0.0,0.0,0.0,0.0,1.0
147160,0,1,3400,-56,56,264,26,28,4.0,0.0,0.0,27,6.5,0.0,0.0,0.0,0.0,0.0,0.0,1.0
147409,0,1,3400,-56,56,262,26,29,4.0,0.0,0.0,27,6.5,0.0,0.0,0.0,0.0,0.0,0.0,1.0
147658,0,1,3400,-56,56,263,26,29,4.0,0.0,0.0,27,6.5,0.0,0.0,0.0,0.0,0.0,0.0,1.0
147907,0,1,3400,-56,56,263,26,29,4.0,0.0,0.0,27,6.5,0.0,0.0,0.0,0.0,0.0,0.0,1.0
148156,0,1,3400,-55,55,265,26,29,4.0,0.0,0.0,27,6.5,0.0,0.0,0.0,0.0,0.0,0.0,1.0
148405,0,1,3400,-55,55,266,27,29,4.0,0.0,0.0,27,6.5,0.0,0.0,0.0,0.0,0.0,0.0,1.0
148654,0,1,3400,-56,56,264,26,29,4.0,0.0,0.0,27,6.5,0.0,0.0,0.0,0.0,0.0,0.0,1.0
148903,0,1,3400,-56,56,264,26,29,4.0,0.0,0.0,27,6.5,0.0,0.0,0.0,0.0,0.0,0.0,1.0
149152,0,1,3400,-55,55,264,26,29,4.0,0.0,0.0,27,6.5,0.0,0.0,0.0,0.0,0.0,0.0,1.0
149401,0,1,3400,-55,55,269,26,29,4.0,0.0,0.0,27,6.5,0.0,0.0,0.0,0.0,0.0,0.0,1.0
149650,0,1,3400,-56,56,265,26,29,4.0,0.0,0.0,27,6.5,0.0,0.0,0.0,0.0,0.0,0.0,1.0
149899,0,1,3400,-56,56,262,26,29,4.0,0.0,0.0,27,6.5,0.0,0.0,0.0,0.0,0.0,0.0,1.0
150148,0,1,3400,-55,55,262,27,29,4.0,0.0,0.0,27,6.5,0.0,0.0,0.0,0.0,0.0,0.0,1.0
150397,0,1,3400,-55,55,261,26,29,4.0,0.0,0.0,27,6.5,0.0,0.0,0.0,0.0,0.0,0.0,1.0
150646,0,1,3400,-56,56,263,26,29,4.0,0.0,0.0,27,6.5,0.0,0.0,0.0,0.0,0.0,0.0,1.0
150895,0,1,3400,-56,56,267,26,28,4.0,0.0,0.0,27,6.5,0.0,0.0,0.0,0.0,0.0,0.0,1.0
151144,0,1,3400,-55,55,265,26,29,4.0,0.0,0.0,27,6.5,0.0,0.0,0.0,0.0,0.0,0.0,1.0
151393,0,1,3400,-55,55,262,26,29,4.0,0.0,0.0,27,6.5,0.0,0.0,0.0,0.0,0.0,0.0,1.0
151642,0,1,3400,-56,56,258,26,29,4.0,0.0,0.0,27,6.5,0.0,0.0,0.0,0.0,0.0,0.0,1.0
151891,0,1,3400,-56,56,265,26,28,4.0,0.0,0.0,27,6.5,0.0,0.0,0.0,0.0,0.0,0.0,1.0
152140,0,1,3400,-55,55,260,26,29,4.0,0.0,0.0,27,6.5,0.0,0.0,0.0,0.0,0.0,0.0,1.0
152389,0,1,3400,-55,55,256,26,29,4.0,0.0,0.0,27,6.5,0.0,0.0,0.0,0.0,0.0,0.0,1.0
152638,0,1,3400,-56,56,265,26,29,4.0,0.0,0.0,27,6.5,0.0,0.0,0.0,0.0,0.0,0.0,1.0
152887,0,1,3400,-56,56,263,26,28,4.0,0.0,0.0,27,6.5,0.0,0.0,0.0,0.0,0.0,0.0,1.0
153136,0,1,3400,-56,56,263,26,29,4.0,0.0,0.0,27,6.5,0.0,0.0,0.0,0.0,0.0,0.0,1.0
153385,0,1,3400,-56,56,261,26,29,4.0,0.0,0.0,27,6.5,0.0,0.0,0.0,0.0,0.0,0.0,1.0
153634,0,1,3400,-56,56,265,26,29,4.0,0.0,0.0,27,6.5,0.0,0.0,0.0,0.0,0.0,0.0,1.0
153883,0,1,3400,-56,56,262,26,28,4.0,0.0,0.0,27,6.5,0.0,0.0,0.0,0.0,0.0,0.0,1.0
154132,0,1,3400,-56,56,260,26,29,4.0,0.0,0.0,27,6.5,0.0,0.0,0.0,0.0,0.0,0.0,1.0
154381,0,1,3400,-57,57,264,26,29,4.0,0.0,0.0,27,6.5,0.0,0.0,0.0,0.0,0.0,0.0,1.0
154630,0,1,3400,-57,57,265,26,29,4.0,0.0,0.0,27,6.5,0.0,0.0,0.0,0.0,0.0,0.0,1.0
154879,0,1,3400,-56,56,262,26,28,4.0,0.0,0.0,27,6.5,0.0,0.0,0.0,0.0,0.0,0.0,1.0
155128,0,1,3400,-56,56,261,26,29,4.0,0.0,0.0,27,6.5,0.0,0.0,0.0,0.0,0.0,0.0,1.0
155377,0,1,3400,-56,56,266,26,29,4.0,0.0,0.0,27,6.5,0.0,0.0,0.0,0.0,0.0,0.0,1.0
155626,0,1,3400,-56,56,262,26,29,4.0,0.0,0.0,27,6.5,0.0,0.0,0.0,0.0,0.0,0.0,1.0
155875,0,1,3400,-56,56,263,26,28,4.0,0.0,0.0,27,6.5,0.0,0.0,0.0,0.0,0.0,0.0,1.0
156124,0,1,3400,-56,56,265,26,29,4.0,0.0,0.0,27,6.5,0.0,0.0,0.0,0.0,0.0,0.0,1.0
156373,0,1,3400,-56,56,264,26,29,4.0,0.0,0.0,27,6.5,0.0,0.0,0.0,0.0,0.0,0.0,1.0
156622,0,1,3400,-56,56,261,26,29,4.0,0.0,0.0,27,6.5,0.0,0.0,0.0,0.0,0.0,0.0,1.0
156871,0,1,3400,-57,57,261,26,28,4.0,0.0,0.0,27,6.5,0.0,0.0,0.0,0.0,0.0,0.0,1.0
157120,0,1,3400,-57,57,263,26,29,4.0,0.0,0.0,27,6.5,0.0,0.0,0.0,0.0,0.0,0.0,1.0
157369,0,1,3400,-57,57,261,26,28,4.0,0.0,0.0,27,6.5,0.0,0.0,0.0,0.0,0.0,0.0,1.0
157618,0,1,3400,-57,57,263,26,28,4.0,0.0,0.0,27,6.5,0.0,0.0,0.0,0.0,0.0,0.0,1.0
157867,0,1,3400,-58,58,267,26,28,4.0,0.0,0.0,27,6.5,0.0,0.0,0.0,0.0,0.0,0.0,1.0
158116,0,1,3400,-58,58,270,26,28,4.0,0.0,0.0,27,6.5,0.0,0.0,0.0,0.0,0.0,0.0,1.0
158365,0,1,3400,-58,58,270,26,28,4.0,0.0,0.0,27,6.5,0.0,0.0,0.0,0.0,0.0,0.0,1.0
158614,0,1,3400,-58,58,266,26,27,4.0,0.0,0.0,27,6.5,0.0,0.0,0.0,0.0,0.0,0.0,1.0
158863,0,1,3400,-59,59,267,26,27,4.0,0.0,0.0,27,6.5,0.0,0.0,0.0,0.0,0.0,0.0,1.0
159112,0,1,3400,-59,59,259,26,27,4.0,0.0,0.0,27,6.5,0.0,0.0,0.0,0.0,0.0,0.0,1.0
159361,0,1,3400,-59,59,261,26,27,4.0,0.0,0.0,27,6.5,0.0,0.0,0.0,0.0,0.0,0.0,1.0
159610,0,1,3400,-59,59,263,26,27,4.0,0.0,0.0,27,6.5,0.0,0.0,0.0,0.0,0.0,0.0,1.0
159859,0,1,3400,-59,59,269,27,26,4.0,0.0,0.0,27,6.5,0.0,0.0,0.0,0.0,0.0,0.0,1.0
160108,0,1,3400,-59,59,271,26,27,4.0,0.0,0.0,27,6.5,0.0,0.0,0.0,0.0,0.0,0.0,1.0
160357,0,1,3400,-59,59,268,26,27,4.0,0.0,0.0,27,6.5,0.0,0.0,0.0,0.0,0.0,0.0,1.0
160606,0,1,3400,-60,60,262,26,27,4.0,0.0,0.0,27,6.5,0.0,0.0,0.0,0.0,0.0,0.0,1.0
160855,0,1,3400,-60,60,261,26,26,4.0,0.0,0.0,27,6.5,0.0,0.0,0.0,0.0,0.0,0.0,1.0
161104,0,1,3400,-59,59,261,26,27,4.0,0.0,0.0,27,6.4,0.0,0.0,0.0,0.0,0.0,0.0,1.0
161353,0,1,3400,-59,59,264,26,27,4.0,0.0,0.0,27,6.5,0.0,0.0,0.0,0.0,0.0,0.0,1.0
161602,0,1,3400,-60,60,267,26,26,4.0,0.0,0.0,27,6.5,0.0,0.0,0.0,0.0,0.0,0.0,1.0
161851,0,1,3400,-60,60,263,27,26,4.0,0.0,0.0,27,6.5,0.0,0.0,0.0,0.0,0.0,0.0,1.0
162100,0,1,3400,-59,59,256,26,27,4.0,0.0,0.0,27,6.5,0.0,0.0,0.0,0.0,0.0,0.0,1.0
162349,0,1,3400,-59,59,262,26,27,4.0,0.0,0.0,27,6.5,0.0,0.0,0.0,0.0,0.0,0.0,1.0
162598,0,1,3400,-60,60,267,27,27,4.0,0.0,0.0,27,6.5,0.0,0.0,0.0,0.0,0.0,0.0,1.0
162847,0,1,3400,-60,60,268,26,27,4.0,0.0,0.0,27,6.5,0.0,0.0,0.0,0.0,0.0,0.0,1.0
163096,0,1,3400,-60,60,269,26,27,4.0,0.0,0.0,27,6.5,0.0,0.0,0.0,0.0,0.0,0.0,1.0
163345,0,1,3400,-60,60,263,26,27,4.0,0.0,0.0,27,6.5,0.0,0.0,0.0,0.0,0.0,0.0,1.0
163594,0,1,3400,-60,60,263,26,26,4.0,0.0,0.0,27,6.5,0.0,0.0,0.0,0.0,0.0,0.0,1.0
163843,0,1,3400,-59,59,266,26,26,4.0,0.0,0.0,27,6.5,0.0,0.0,0.0,0.0,0.0,0.0,1.0
164092,0,1,3400,-59,59,269,26,27,4.0,0.0,0.0,27,6.5,0.0,0.0,0.0,0.0,0.0,0.0,1.0
164341,0,1,3400,-60,60,263,26,27,4.0,0.0,0.0,27,6.5,0.0,0.0,0.0,0.0,0.0,0.0,1.0
164590,0,1,3400,-60,60,263,26,26,4.0,0.0,0.0,27,6.5,0.0,0.0,0.0,0.0,0.0,0.0,1.0
164839,0,1,3400,-60,60,268,26,27,4.0,0.0,0.0,27,6.5,0.0,0.0,0.0,0.0,0.0,0.0,1.0
165088,0,1,3400,-59,59,267,26,27,4.0,0.0,0.0,27,6.5,0.0,0.0,0.0,0.0,0.0,0.0,1.0
165337,0,1,3400,-60,60,262,26,27,4.0,0.0,0.0,27,6.5,0.0,0.0,0.0,0.0,0.0,0.0,1.0
165586,0,1,3400,-60,60,265,26,26,4.0,0.0,0.0,27,6.5,0.0,0.0,0.0,0.0,0.0,0.0,1.0
165835,0,1,3400,-59,59,269,26,27,4.0,0.0,0.0,27,6.5,0.0,0.0,0.0,0.0,0.0,0.0,1.0
166084,0,1,3400,-59,59,267,26,27,4.0,0.0,0.0,27,6.5,0.0,0.0,0.0,0.0,0.0,0.0,1.0
166333,0,1,3400,-60,60,265,27,27,4.0,0.0,0.0,27,6.5,0.0,0.0,0.0,0.0,0.0,0.0,1.0
166582,0,1,3400,-60,60,263,26,26,4.0,0.0,0.0,27,6.5,0.0,0.0,0.0,0.0,0.0,0.0,1.0
166831,0,1,3400,-59,59,261,26,27,4.0,0.0,0.0,27,6.5,0.0,0.0,0.0,0.0,0.0,0.0,1.0
167080,0,1,3400,-59,59,259,26,27,4.0,0.0,0.0,27,6.5,0.0,0.0,0.0,0.0,0.0,0.0,1.0
167329,0,1,3400,-60,60,264,26,27,4.0,0.0,0.0,27,6.5,0.0,0.0,0.0,0.0,0.0,0.0,1.0
167578,0,1,3400,-60,60,262,26,26,4.0,0.0,0.0,27,6.5,0.0,0.0,0.0,0.0,0.0,0.0,1.0
167827,0,1,3400,-59,59,266,26,27,4.0,0.0,0.0,27,6.5,0.0,0.0,0.0,0.0,0.0,0.0,1.0
168076,0,1,3400,-60,60,266,26,27,4.0,0.0,0.0,27,6.5,0.0,0.0,0.0,0.0,0.0,0.0,1.0
168325,0,1,3400,-60,60,262,26,27,4.0,0.0,0.0,27,6.5,0.0,0.0,0.0,0.0,0.0,0.0,1.0
168574,0,1,3400,-60,60,262,26,26,4.0,0.0,0.0,27,6.5,0.0,0.0,0.0,0.0,0.0,0.0,1.0
168823,0,1,3400,-59,59,261,26,27,4.0,0.0,0.0,27,6.5,0.0,0.0,0.0,0.0,0.0,0.0,1.0
169072,0,1,3400,-60,60,266,26,27,4.0,0.0,0.0,27,6.5,0.0,0.0,0.0,0.0,0.0,0.0,1.0
169321,0,1,3400,-60,60,267,27,27,4.0,0.0,0.0,27,6.5,0.0,0.0,0.0,0.0,0.0,0.0,1.0
169570,0,1,3400,-60,60,268,26,26,4.0,0.0,0.0,27,6.5,0.0,0.0,0.0,0.0,0.0,0.0,1.0
169819,0,1,3400,-59,59,266,26,27,4.0,0.0,0.0,27,6.5,0.0,0.0,0.0,0.0,0.0,0.0,1.0
170068,0,1,3400,-59,59,260,26,27,4.0,0.0,0.0,27,6.5,0.0,0.0,0.0,0.0,0.0,0.0,1.0
170317,0,1,3400,-59,59,257,26,27,4.0,0.0,0.0,27,6.5,0.0,0.0,0.0,0.0,0.0,0.0,1.0
170566,0,1,3400,-59,59,263,26,27,4.0,0.0,0.0,27,6.5,0.0,0.0,0.0,0.0,0.0,0.0,1.0
170815,0,1,3400,-59,59,263,26,27,4.0,0.0,0.0,27,6.5,0.0,0.0,0.0,0.0,0.0,0.0,1.0
171064,0,1,3400,-59,59,262,26,27,4.0,0.0,0.0,27,6.4,0.0,0.0,0.0,0.0,0.0,0.0,1.0
171313,0,1,3400,-59,59,263,26,27,4.0,0.0,0.0,27,6.5,0.0,0.0,0.0,0.0,0.0,0.0,1.0
171562,0,1,3400,-59,59,262,26,26,4.0,0.0,0.0,27,6.5,0.0,0.0,0.0,0.0,0.0,0.0,1.0
171811,0,1,3400,-59,59,258,26,27,4.0,0.0,0.0,27,6.5,0.0,0.0,0.0,0.0,0.0,0.0,1.0
172060,0,1,3400,-60,60,261,26,27,4.0,0.0,0.0,27,6.5,0.0,0.0,0.0,0.0,0.0,0.0,1.0
172309,0,1,3400,-60,60,261,26,27,4.0,0.0,0.0,27,6.5,0.0,0.0,0.0,0.0,0.0,0.0,1.0
172558,0,1,3400,-60,60,262,26,26,4.0,0.0,0.0,27,6.5,0.0,0.0,0.0,0.0,0.0,0.0,1.0
172807,0,1,3400,-59,59,268,26,27,4.0,0.0,0.0,27,6.5,0.0,0.0,0.0,0.0,0.0,0.0,1.0
173056,0,1,3400,-59,59,269,27,27,4.0,0.0,0.0,27,6.5,0.0,0.0,0.0,0.0,0.0,0.0,1.0
173305,0,1,3400,-60,60,270,26,27,4.0,0.0,0.0,27,6.5,0.0,0.0,0.0,0.0,0.0,0.0,1.0
173554,0,1,3400,-60,60,266,26,26,4.0,0.0,0.0,27,6.4,0.0,0.0,0.0,0.0,0.0,0.0,1.0
173803,0,1,3400,-59,59,264,26,27,4.0,0.0,0.0,27,6.4,0.0,0.0,0.0,0.0,0.0,0.0,1.0
174052,0,1,3400,-60,60,261,26,27,4.0,0.0,0.0,27,6.5,0.0,0.0,0.0,0.0,0.0,0.0,1.0
174301,0,1,3400,-60,60,265,26,27,4.0,0.0,0.0,27,6.5,0.0,0.0,0.0,0.0,0.0,0.0,1.0
174550,0,1,3400,-60,60,263,26,26,4.0,0.0,0.0,27,6.5,0.0,0.0,0.0,0.0,0.0,0.0,1.0
174799,0,1,3400,-59,59,265,26,27,4.0,0.0,0.0,27,6.5,0.0,0.0,0.0,0.0,0.0,0.0,1.0
175048,0,1,3400,-60,60,270,26,27,4.0,0.0,0.0,27,6.5,0.0,0.0,0.0,0.0,0.0,0.0,1.0
175297,0,1,3400,-60,60,266,26,26,4.0,0.0,0.0,27,6.5,0.0,0.0,0.0,0.0,0.0,0.0,1.0
175546,0,1,3400,-60,60,260,26,26,4.0,0.0,0.0,27,6.5,0.0,0.0,0.0,0.0,0.0,0.0,1.0
175795,0,1,3400,-59,59,259,27,27,4.0,0.0,0.0,27,6.5,0.0,0.0,0.0,0.0,0.0,0.0,1.0
176044,0,1,3400,-60,60,263,26,27,4.0,0.0,0.0,27,6.5,0.0,0.0,0.0,0.0,0.0,0.0,1.0
176293,0,1,3400,-60,60,266,26,26,4.0,0.0,0.0,27,6.5,0.0,0.0,0.0,0.0,0.0,0.0,1.0
176542,0,1,3400,-60,60,267,26,26,4.0,0.0,0.0,27,6.5,0.0,0.0,0.0,0.0,0.0,0.0,1.0
176791,0,1,3400,-60,60,262,26,27,4.0,0.0,0.0,27,6.5,0.0,0.0,0.0,0.0,0.0,0.0,1.0
177040,0,1,3400,-60,60,259,26,27,4.0,0.0,0.0,27,6.5,0.0,0.0,0.0,0.0,0.0,0.0,1.0
177289,0,1,3400,-60,60,259,26,26,4.0,0.0,0.0,27,6.5,0.0,0.0,0.0,0.0,0.0,0.0,1.0
177538,0,1,3400,-60,60,268,26,26,4.0,0.0,0.0,27,6.5,0.0,0.0,0.0,0.0,0.0,0.0,1.0
177787,0,1,3400,-59,59,268,26,27,4.0,0.0,0.0,27,6.5,0.0,0.0,0.0,0.0,0.0,0.0,1.0
178036,0,1,3400,-60,60,266,26,27,4.0,0.0,0.0,27,6.5,0.0,0.0,0.0,0.0,0.0,0.0,1.0
178285,0,1,3400,-60,60,261,26,26,4.0,0.0,0.0,27,6.5,0.0,0.0,0.0,0.0,0.0,0.0,1.0
178534,0,1,3400,-60,60,257,26,27,4.0,0.0,0.0,27,6.5,0.0,0.0,0.0,0.0,0.0,0.0,1.0
178783,0,1,3400,-60,60,260,26,27,4.0,0.0,0.0,27,6.5,0.0,0.0,0.0,0.0,0.0,0.0,1.0
179032,0,1,3400,-60,60,264,26,27,4.0,0.0,0.0,27,6.5,0.0,0.0,0.0,0.0,0.0,0.0,1.0
179281,0,1,3400,-60,60,268,26,26,4.0,0.0,0.0,27,6.5,0.0,0.0,0.0,0.0,0.0,0.0,1.0
179530,0,1,3400,-60,60,266,27,26,4.0,0.0,0.0,27,6.5,0.0,0.0,0.0,0.0,0.0,0.0,1.0
179779,0,1,3400,-61,61,266,26,26,4.0,0.0,0.0,27,6.5,0.0,0.0,0.0,0.0,0.0,0.0,1.0
180028,0,1,3400,-61,61,264,26,26,4.0,0.0,0.0,27,6.5,0.0,0.0,0.0,0.0,0.0,0.0,1.0
180277,0,1,3400,-61,61,263,27,25,4.0,0.0,0.0,27,6.5,0.0,0.0,0.0,0.0,0.0,0.0,1.0
180526,0,1,3400,-61,61,263,26,25,4.0,0.0,0.0,27,6.5,0.0,0.0,0.0,0.0,0.0,0.0,1.0
180775,0,1,3400,-61,61,263,26,25,4.0,0.0,0.0,27,6.5,0.0,0.0,0.0,0.0,0.0,0.0,1.0
181024,0,1,3400,-62,62,262,27,25,4.0,0.0,0.0,27,6.5,0.0,0.0,0.0,0.0,0.0,0.0,1.0
181273,0,1,3400,-62,62,263,26,25,4.0,0.0,0.0,27,6.5,0.0,0.0,0.0,0.0,0.0,0.0,1.0
181522,0,1,3400,-61,61,261,26,25,4.0,0.0,0.0,27,6.5,0.0,0.0,0.0,0.0,0.0,0.0,1.0
181771,0,1,3400,-61,61,262,26,25,4.0,0.0,0.0,27,6.5,0.0,0.0,0.0,0.0,0.0,0.0,1.0
182020,0,1,3400,-62,62,266,26,25,4.0,0.0,0.0,27,6.5,0.0,0.0,0.0,0.0,0.0,0.0,1.0
182269,0,1,3400,-62,62,265,27,25,4.0,0.0,0.0,27,6.5,0.0,0.0,0.0,0.0,0.0,0.0,1.0
182518,0,1,3400,-61,61,263,26,25,4.0,0.0,0.0,27,6.5,0.0,0.0,0.0,0.0,0.0,0.0,1.0
182767,0,1,3400,-61,61,263,26,25,4.0,0.0,0.0,27,6.5,0.0,0.0,0.0,0.0,0.0,0.0,1.0
183016,0,1,3400,-62,62,262,26,25,4.0,0.0,0.0,27,6.5,0.0,0.0,0.0,0.0,0.0,0.0,1.0
183265,0,1,3400,-62,62,262,26,25,4.0,0.0,0.0,27,6.5,0.0,0.0,0.0,0.0,0.0,0.0,1.0
183514,0,1,3400,-61,61,263,26,25,4.0,0.0,0.0,27,6.5,0.0,0.0,0.0,0.0,0.0,0.0,1.0
183763,0,1,3400,-62,62,257,26,25,4.0,0.0,0.0,27,6.5,0.0,0.0,0.0,0.0,0.0,0.0,1.0
184012,0,1,3400,-62,62,255,26,25,4.0,0.0,0.0,27,6.5,0.0,0.0,0.0,0.0,0.0,0.0,1.0
184261,0,1,3400,-62,62,259,26,25,4.0,0.0,0.0,27,6.5,0.0,0.0,0.0,0.0,0.0,0.0,1.0
184510,0,1,3400,-62,62,264,26,25,4.0,0.0,0.0,27,6.5,0.0,0.0,0.0,0.0,0.0,0.0,1.0
184759,0,1,3400,-62,62,263,26,25,4.0,0.0,0.0,27,6.5,0.0,0.0,0.0,0.0,0.0,0.0,1.0
185008,0,1,3400,-63,63,264,26,25,4.0,0.0,0.0,27,6.5,0.0,0.0,0.0,0.0,0.0,0.0,1.0
185257,0,1,3400,-63,63,265,26,24,4.0,0.0,0.0,27,6.5,0.0,0.0,0.0,0.0,0.0,0.0,1.0
185506,0,1,3400,-62,62,262,26,24,4.0,0.0,0.0,27,6.5,0.0,0.0,0.0,0.0,0.0,0.0,1.0
185755,0,1,3400,-62,62,260,26,25,4.0,0.0,0.0,27,6.5,0.0,0.0,0.0,0.0,0.0,0.0,1.0
186004,0,1,3400,-63,63,263,27,24,4.0,0.0,0.0,27,6.5,0.0,0.0,0.0,0.0,0.0,0.0,1.0
186253,0,1,3400,-63,63,264,26,24,4.0,0.0,0.0,27,6.5,0.0,0.0,0.0,0.0,0.0,0.0,1.0
186502,0,1,3400,-62,62,263,26,24,4.0,0.0,0.0,27,6.5,0.0,0.0,0.0,0.0,0.0,0.0,1.0
186751,0,1,3400,-63,63,262,26,25,4.0,0.0,0.0,27,6.5,0.0,0.0,0.0,0.0,0.0,0.0,1.0
187000,0,1,3400,-63,63,261,27,24,4.0,0.0,0.0,27,6.5,0.0,0.0,0.0,0.0,0.0,0.0,1.0
187249,0,1,3400,-63,63,265,26,24,4.0,0.0,0.0,27,6.5,0.0,0.0,0.0,0.0,0.0,0.0,1.0
187498,0,1,3400,-63,63,261,26,24,4.0,0.0,0.0,27,6.5,0.0,0.0,0.0,0.0,0.0,0.0,1.0
187747,0,1,3400,-63,63,265,26,24,4.0,0.0,0.0,27,6.5,0.0,0.0,0.0,0.0,0.0,0.0,1.0
187996,0,1,3400,-63,63,259,26,24,4.0,0.0,0.0,27,6.5,0.0,0.0,0.0,0.0,0.0,0.0,1.0
188245,0,1,3400,-63,63,260,27,24,4.0,0.0,0.0,27,6.5,0.0,0.0,0.0,0.0,0.0,0.0,1.0
188494,0,1,3400,-63,63,263,26,24,4.0,0.0,0.0,27,6.5,0.0,0.0,0.0,0.0,0.0,0.0,1.0
188743,0,1,3400,-63,63,266,26,25,4.0,0.0,0.0,27,6.5,0.0,0.0,0.0,0.0,0.0,0.0,1.0
188992,0,1,3400,-63,63,264,26,25,4.0,0.0,0.0,27,6.5,0.0,0.0,0.0,0.0,0.0,0.0,1.0
189241,0,1,3400,-63,63,263,26,24,4.0,0.0,0.0,27,6.5,0.0,0.0,0.0,0.0,0.0,0.0,1.0
189490,0,1,3400,-62,62,264,26,25,4.0,0.0,0.0,27,6.5,0.0,0.0,0.0,0.0,0.0,0.0,1.0
189739,0,1,3400,-63,63,265,26,25,4.0,0.0,0.0,27,6.5,0.0,0.0,0.0,0.0,0.0,0.0,1.0
189988,0,1,3400,-63,63,262,26,25,4.0,0.0,0.0,27,6.5,0.0,0.0,0.0,0.0,0.0,0.0,1.0
190237,0,1,3400,-63,63,261,26,24,4.0,0.0,0.0,27,6.5,0.0,0.0,0.0,0.0,0.0,0.0,1.0
190486,0,1,3400,-62,62,265,26,25,4.0,0.0,0.0,27,6.5,0.0,0.0,0.0,0.0,0.0,0.0,1.0
190735,0,1,3400,-63,63,261,26,25,4.0,0.0,0.0,27,6.5,0.0,0.0,0.0,0.0,0.0,0.0,1.0
190984,0,1,3400,-63,63,268,26,24,4.0,0.0,0.0,27,6.5,0.0,0.0,0.0,0.0,0.0,0.0,1.0
191233,0,1,3400,-63,63,267,26,24,4.0,0.0,0.0,27,6.5,0.0,0.0,0.0,0.0,0.0,0.0,1.0
191482,0,1,3400,-63,63,266,26,24,4.0,0.0,0.0,27,6.5,0.0,0.0,0.0,0.0,0.0,0.0,1.0
191731,0,1,3400,-63,63,259,26,24,4.0,0.0,0.0,27,6.5,0.0,0.0,0.0,0.0,0.0,0.0,1.0
191980,0,1,3400,-63,63,257,26,24,4.0,0.0,0.0,27,6.5,0.0,0.0,0.0,0.0,0.0,0.0,1.0
192229,0,1,3400,-63,63,266,26,24,4.0,0.0,0.0,27,6.5,0.0,0.0,0.0,0.0,0.0,0.0,1.0
192478,0,1,3400,-63,63,265,27,24,4.0,0.0,0.0,27,6.5,0.0,0.0,0.0,0.0,0.0,0.0,1.0
192727,0,1,3400,-62,62,266,26,25,4.0,0.0,0.0,27,6.5,0.0,0.0,0.0,0.0,0.0,0.0,1.0
192976,0,1,3400,-62,62,266,26,25,4.0,0.0,0.0,27,6.5,0.0,0.0,0.0,0.0,0.0,0.0,1.0
193225,0,1,3400,-62,62,261,26,25,4.0,0.0,0.0,27,6.5,0.0,0.0,0.0,0.0,0.0,0.0,1.0
193474,0,1,3400,-62,62,260,26,25,4.0,0.0,0.0,27,6.5,0.0,0.0,0.0,0.0,0.0,0.0,1.0
193723,0,1,3400,-61,61,263,26,25,4.0,0.0,0.0,27,6.5,0.0,0.0,0.0,0.0,0.0,0.0,1.0
193972,0,1,3400,-61,61,264,27,25,4.0,0.0,0.0,27,6.5,0.0,0.0,0.0,0.0,0.0,0.0,1.0
194221,0,1,3400,-61,61,261,26,25,4.0,0.0,0.0,27,6.5,0.0,0.0,0.0,0.0,0.0,0.0,1.0
194470,0,1,3400,-61,61,264,26,26,4.0,0.0,0.0,27,6.5,0.0,0.0,0.0,0.0,0.0,0.0,1.0
194719,0,1,3400,-60,60,260,26,26,4.0,0.0,0.0,27,6.5,0.0,0.0,0.0,0.0,0.0,0.0,1.0
194968,0,1,3400,-60,60,264,26,26,4.0,0.0,0.0,27,6.5,0.0,0.0,0.0,0.0,0.0,0.0,1.0
195217,0,1,3400,-60,60,262,26,26,4.0,0.0,0.0,27,6.5,0.0,0.0,0.0,0.0,0.0,0.0,1.0
195466,0,1,3400,-60,60,261,26,27,4.0,0.0,0.0,27,6.5,0.0,0.0,0.0,0.0,0.0,0.0,1.0
195715,0,1,3400,-60,60,264,26,27,4.0,0.0,0.0,27,6.5,0.0,0.0,0.0,0.0,0.0,0.0,1.0
195964,0,1,3400,-60,60,266,26,26,4.0,0.0,0.0,27,6.5,0.0,0.0,0.0,0.0,0.0,0.0,1.0
196213,0,1,3400,-60,60,264,26,26,4.0,0.0,0.0,27,6.5,0.0,0.0,0.0,0.0,0.0,0.0,1.0
196462,0,1,3400,-60,60,267,26,26,4.0,0.0,0.0,27,6.5,0.0,0.0,0.0,0.0,0.0,0.0,1.0
196711,0,1,3400,-60,60,265,26,26,4.0,0.0,0.0,27,6.5,0.0,0.0,0.0,0.0,0.0,0.0,1.0
196960,0,1,3400,-61,61,262,26,26,4.0,0.0,0.0,27,6.5,0.0,0.0,0.0,0.0,0.0,0.0,1.0
197209,0,1,3400,-61,61,261,26,26,4.0,0.0,0.0,27,6.5,0.0,0.0,0.0,0.0,0.0,0.0,1.0
197458,0,1,3400,-61,61,265,26,26,4.0,0.0,0.0,27,6.5,0.0,0.0,0.0,0.0,0.0,0.0,1.0
197707,0,1,3400,-60,60,264,26,26,4.0,0.0,0.0,27,6.5,0.0,0.0,0.0,0.0,0.0,0.0,1.0
197956,0,1,3400,-60,60,259,26,26,4.0,0.0,0.0,27,6.5,0.0,0.0,0.0,0.0,0.0,0.0,1.0
198205,0,1,3400,-60,60,261,26,26,4.0,0.0,0.0,27,6.5,0.0,0.0,0.0,0.0,0.0,0.0,1.0
198454,0,1,3400,-60,60,262,26,27,4.0,0.0,0.0,27,6.5,0.0,0.0,0.0,0.0,0.0,0.0,1.0
198703,0,1,3400,-60,60,261,26,27,4.0,0.0,0.0,27,6.5,0.0,0.0,0.0,0.0,0.0,0.0,1.0
198952,0,1,3400,-60,60,264,27,26,4.0,0.0,0.0,27,6.5,0.0,0.0,0.0,0.0,0.0,0.0,1.0
199201,0,1,3400,-60,60,266,26,27,4.0,0.0,0.0,27,6.5,0.0,0.0,0.0,0.0,0.0,0.0,1.0
199450,0,1,3400,-60,60,267,26,27,4.0,0.0,0.0,27,6.5,0.0,0.0,0.0,0.0,0.0,0.0,1.0
199699,0,1,3400,-60,60,262,26,27,4.0,0.0,0.0,27,6.4,0.0,0.0,0.0,0.0,0.0,0.0,1.0
199948,0,1,3400,-60,60,263,26,26,4.0,0.0,0.0,27,6.5,0.0,0.0,0.0,0.0,0.0,0.0,1.0
200197,0,1,3400,-60,60,264,26,26,4.0,0.0,0.0,27,6.5,0.0,0.0,0.0,0.0,0.0,0.0,1.0
200446,0,1,3400,-60,60,260,26,26,4.0,0.0,0.0,27,6.4,0.0,0.0,0.0,0.0,0.0,0.0,1.0
200695,0,1,3400,-61,61,262,26,26,4.0,0.0,0.0,27,6.5,0.0,0.0,0.0,0.0,0.0,0.0,1.0
200944,0,1,3400,-61,61,264,26,25,4.0,0.0,0.0,27,6.5,0.0,0.0,0.0,0.0,0.0,0.0,1.0
201193,0,1,3400,-61,61,262,26,25,4.0,0.0,0.0,27,6.5,0.0,0.0,0.0,0.0,0.0,0.0,1.0
201442,0,1,3400,-61,61,262,26,26,4.0,0.0,0.0,27,6.5,0.0,0.0,0.0,0.0,0.0,0.0,1.0
201691,0,1,3400,-61,61,264,26,25,4.0,0.0,0.0,27,6.5,0.0,0.0,0.0,0.0,0.0,0.0,1.0
201940,0,1,3400,-62,62,263,26,25,4.0,0.0,0.0,27,6.5,0.0,0.0,0.0,0.0,0.0,0.0,1.0
202189,0,1,3400,-62,62,264,26,25,4.0,0.0,0.0,27,6.5,0.0,0.0,0.0,0.0,0.0,0.0,1.0
202438,0,1,3400,-62,62,262,26,25,4.0,0.0,0.0,27,6.5,0.0,0.0,0.0,0.0,0.0,0.0,1.0
202687,0,1,3400,-62,62,265,26,25,4.0,0.0,0.0,27,6.5,0.0,0.0,0.0,0.0,0.0,0.0,1.0
202936,0,1,3400,-62,62,268,26,25,4.0,0.0,0.0,27,6.5,0.0,0.0,0.0,0.0,0.0,0.0,1.0
203185,0,1,3400,-62,62,265,26,25,4.0,0.0,0.0,27,6.5,0.0,0.0,0.0,0.0,0.0,0.0,1.0
203434,0,1,3400,-62,62,267,26,25,4.0,0.0,0.0,27,6.5,0.0,0.0,0.0,0.0,0.0,0.0,1.0
203683,0,1,3400,-62,62,265,26,24,4.0,0.0,0.0,27,6.5,0.0,0.0,0.0,0.0,0.0,0.0,1.0
203932,0,1,3400,-63,63,261,26,24,4.0,0.0,0.0,27,6.5,0.0,0.0,0.0,0.0,0.0,0.0,1.0
204181,0,1,3400,-63,63,262,26,25,4.0,0.0,0.0,27,6.5,0.0,0.0,0.0,0.0,0.0,0.0,1.0
204430,0,1,3400,-63,63,266,26,24,4.0,0.0,0.0,27,6.5,0.0,0.0,0.0,0.0,0.0,0.0,1.0
204679,0,1,3400,-62,62,265,26,25,4.0,0.0,0.0,27,6.5,0.0,0.0,0.0,0.0,0.0,0.0,1.0
204928,0,1,3400,-62,62,265,26,24,4.0,0.0,0.0,27,6.5,0.0,0.0,0.0,0.0,0.0,0.0,1.0
205177,0,1,3400,-62,62,262,26,25,4.0,0.0,0.0,27,6.5,0.0,0.0,0.0,0.0,0.0,0.0,1.0
205426,0,1,3400,-62,62,262,26,25,4.0,0.0,0.0,27,6.5,0.0,0.0,0.0,0.0,0.0,0.0,1.0
205675,0,1,3400,-62,62,266,26,25,4.0,0.0,0.0,27,6.5,0.0,0.0,0.0,0.0,0.0,0.0,1.0
205924,0,1,3400,-62,62,263,26,25,4.0,0.0,0.0,27,6.5,0.0,0.0,0.0,0.0,0.0,0.0,1.0
206173,0,1,3400,-62,62,260,26,25,4.0,0.0,0.0,27,6.5,0.0,0.0,0.0,0.0,0.0,0.0,1.0
206422,0,1,3400,-62,62,256,27,25,4.0,0.0,0.0,27,6.5,0.0,0.0,0.0,0.0,0.0,0.0,1.0
206671,0,1,3400,-63,63,258,26,24,4.0,0.0,0.0,27,6.5,0.0,0.0,0.0,0.0,0.0,0.0,1.0
206920,0,1,3400,-63,63,262,26,24,4.0,0.0,0.0,27,6.5,0.0,0.0,0.0,0.0,0.0,0.0,1.0
207169,0,1,3400,-63,63,262,26,24,4.0,0.0,0.0,27,6.5,0.0,0.0,0.0,0.0,0.0,0.0,1.0
207418,0,1,3400,-63,63,264,26,24,4.0,0.0,0.0,27,6.5,0.0,0.0,0.0,0.0,0.0,0.0,1.0
207667,0,1,3400,-63,63,265,26,24,4.0,0.0,0.0,27,6.5,0.0,0.0,0.0,0.0,0.0,0.0,1.0
207916,0,1,3400,-64,64,265,27,23,4.0,0.0,0.0,27,6.5,0.0,0.0,0.0,0.0,0.0,0.0,1.0
208165,0,1,3400,-63,63,264,26,24,4.0,0.0,0.0,27,6.5,0.0,0.0,0.0,0.0,0.0,0.0,1.0
208414,0,1,3400,-64,64,260,26,24,4.0,0.0,0.0,27,6.5,0.0,0.0,0.0,0.0,0.0,0.0,1.0
208663,0,1,3400,-64,64,262,26,24,4.0,0.0,0.0,27,6.5,0.0,0.0,0.0,0.0,0.0,0.0,1.0
208912,0,1,3400,-64,64,260,26,23,4.0,0.0,0.0,27,6.5,0.0,0.0,0.0,0.0,0.0,0.0,1.0
209161,0,1,3400,-63,63,261,26,24,4.0,0.0,0.0,27,6.5,0.0,0.0,0.0,0.0,0.0,0.0,1.0
209410,0,1,3400,-63,63,263,26,24,4.0,0.0,0.0,27,6.5,0.0,0.0,0.0,0.0,0.0,0.0,1.0
209659,0,1,3400,-64,64,262,26,24,4.0,0.0,0.0,27,6.5,0.0,0.0,0.0,0.0,0.0,0.0,1.0
209908,0,1,3400,-64,64,264,26,23,4.0,0.0,0.0,27,6.5,0.0,0.0,0.0,0.0,0.0,0.0,1.0
210157,0,1,3400,-64,64,270,26,23,4.0,0.0,0.0,27,6.5,0.0,0.0,0.0,0.0,0.0,0.0,1.0
210406,0,1,3400,-64,64,264,26,23,4.0,0.0,0.0,27,6.5,0.0,0.0,0.0,0.0,0.0,0.0,1.0
210655,0,1,3400,-64,64,262,26,23,4.0,0.0,0.0,27,6.5,0.0,0.0,0.0,0.0,0.0,0.0,1.0
210904,0,1,3400,-64,64,262,26,23,4.0,0.0,0.0,27,6.5,0.0,0.0,0.0,0.0,0.0,0.0,1.0
211153,0,1,3400,-64,64,265,26,23,4.0,0.0,0.0,27,6.5,0.0,0.0,0.0,0.0,0.0,0.0,1.0
211402,0,1,3400,-64,64,266,26,23,4.0,0.0,0.0,27,6.5,0.0,0.0,0.0,0.0,0.0,0.0,1.0
211651,0,1,3400,-65,65,262,26,23,4.0,0.0,0.0,27,6.5,0.0,0.0,0.0,0.0,0.0,0.0,1.0
211900,0,1,3400,-65,65,261,26,22,4.0,0.0,0.0,27,6.5,0.0,0.0,0.0,0.0,0.0,0.0,1.0
212149,0,1,3400,-65,65,261,26,22,4.0,0.0,0.0,27,6.5,0.0,0.0,0.0,0.0,0.0,0.0,1.0
212398,0,1,3400,-65,65,261,26,22,4.0,0.0,0.0,27,6.5,0.0,0.0,0.0,0.0,0.0,0.0,1.0
212647,0,1,3400,-65,65,260,26,22,4.0,0.0,0.0,27,6.5,0.0,0.0,0.0,0.0,0.0,0.0,1.0
212896,0,1,3400,-65,65,261,26,22,4.0,0.0,0.0,27,6.5,0.0,0.0,0.0,0.0,0.0,0.0,1.0
213145,0,1,3400,-65,65,259,26,22,4.0,0.0,0.0,27,6.5,0.0,0.0,0.0,0.0,0.0,0.0,1.0
213394,0,1,3400,-65,65,257,27,22,4.0,0.0,0.0,27,6.5,0.0,0.0,0.0,0.0,0.0,0.0,1.0
213643,0,1,3400,-65,65,263,26,22,4.0,0.0,0.0,27,6.5,0.0,0.0,0.0,0.0,0.0,0.0,1.0
213892,0,1,3400,-66,66,265,26,22,4.0,0.0,0.0,27,6.5,0.0,0.0,0.0,0.0,0.0,0.0,1.0
214141,0,1,3400,-65,65,267,26,22,4.0,0.0,0.0,27,6.5,0.0,0.0,0.0,0.0,0.0,0.0,1.0
214390,0,1,3400,-65,65,263,26,22,4.0,0.0,0.0,27,6.5,0.0,0.0,0.0,0.0,0.0,0.0,1.0
214639,0,1,3400,-66,66,266,26,22,4.0,0.0,0.0,27,6.5,0.0,0.0,0.0,0.0,0.0,0.0,1.0
214888,0,1,3400,-66,66,260,26,22,4.0,0.0,0.0,27,6.5,0.0,0.0,0.0,0.0,0.0,0.0,1.0
215137,0,1,3400,-66,66,261,26,22,4.0,0.0,0.0,27,6.5,0.0,0.0,0.0,0.0,0.0,0.0,1.0
215386,0,1,3400,-66,66,258,26,21,4.0,0.0,0.0,27,6.5,0.0,0.0,0.0,0.0,0.0,0.0,1.0
215635,0,1,3400,-66,66,261,26,21,4.0,0.0,0.0,27,6.5,0.0,0.0,0.0,0.0,0.0,0.0,1.0
215884,0,1,3400,-66,66,270,26,21,4.0,0.0,0.0,27,6.5,0.0,0.0,0.0,0.0,0.0,0.0,1.0
216133,0,1,3400,-66,66,263,26,22,4.0,0.0,0.0,27,6.5,0.0,0.0,0.0,0.0,0.0,0.0,1.0
216382,0,1,3400,-66,66,264,26,22,4.0,0.0,0.0,27,6.5,0.0,0.0,0.0,0.0,0.0,0.0,1.0
216631,0,1,3400,-65,65,262,26,22,4.0,0.0,0.0,27,6.5,0.0,0.0,0.0,0.0,0.0,0.0,1.0
216880,0,1,3400,-65,65,260,26,22,4.0,0.0,0.0,27,6.5,0.0,0.0,0.0,0.0,0.0,0.0,1.0
217129,0,1,3400,-65,65,256,26,22,4.0,0.0,0.0,27,6.5,0.0,0.0,0.0,0.0,0.0,0.0,1.0
217378,0,1,3400,-65,65,259,26,23,4.0,0.0,0.0,27,6.5,0.0,0.0,0.0,0.0,0.0,0.0,1.0
217627,0,1,3400,-64,64,267,26,23,4.0,0.0,0.0,27,6.5,0.0,0.0,0.0,0.0,0.0,0.0,1.0
217876,0,1,3400,-64,64,262,26,23,4.0,0.0,0.0,27,6.5,0.0,0.0,0.0,0.0,0.0,0.0,1.0
218125,0,1,3400,-64,64,263,26,23,4.0,0.0,0.0,27,6.5,0.0,0.0,0.0,0.0,0.0,0.0,1.0
218374,0,1,3400,-64,64,265,26,23,4.0,0.0,0.0,27,6.5,0.0,0.0,0.0,0.0,0.0,0.0,1.0
218623,0,1,3400,-63,63,257,27,23,4.0,0.0,0.0,27,6.5,0.0,0.0,0.0,0.0,0.0,0.0,1.0
218872,0,1,3400,-63,63,255,26,24,4.0,0.0,0.0,27,6.5,0.0,0.0,0.0,0.0,0.0,0.0,1.0
219121,0,1,3400,-63,63,260,26,24,4.0,0.0,0.0,27,6.5,0.0,0.0,0.0,0.0,0.0,0.0,1.0
219370,0,1,3400,-63,63,263,26,24,4.0,0.0,0.0,27,6.5,0.0,0.0,0.0,0.0,0.0,0.0,1.0
219619,0,1,3400,-63,63,267,26,24,4.0,0.0,0.0,27,6.5,0.0,0.0,0.0,0.0,0.0,0.0,1.0
219868,0,1,3400,-63,63,270,26,24,4.0,0.0,0.0,27,6.5,0.0,0.0,0.0,0.0,0.0,0.0,1.0
220117,0,1,3400,-63,63,264,26,24,4.0,0.0,0.0,27,6.5,0.0,0.0,0.0,0.0,0.0,0.0,1.0
220366,0,1,3400,-63,63,260,26,24,4.0,0.0,0.0,27,6.5,0.0,0.0,0.0,0.0,0.0,0.0,1.0
220615,0,1,3400,-63,63,262,26,23,4.0,0.0,0.0,27,6.5,0.0,0.0,0.0,0.0,0.0,0.0,1.0
220864,0,1,3400,-64,64,260,27,24,4.0,0.0,0.0,27,6.5,0.0,0.0,0.0,0.0,0.0,0.0,1.0
221113,0,1,3400,-63,63,267,26,24,4.0,0.0,0.0,27,6.5,0.0,0.0,0.0,0.0,0.0,0.0,1.0
221362,0,1,3400,-63,63,262,26,24,4.0,0.0,0.0,27,6.5,0.0,0.0,0.0,0.0,0.0,0.0,1.0
221611,0,1,3400,-63,63,263,26,23,4.0,0.0,0.0,27,6.5,0.0,0.0,0.0,0.0,0.0,0.0,1.0
221860,0,1,3400,-63,63,265,26,24,4.0,0.0,0.0,27,6.5,0.0,0.0,0.0,0.0,0.0,0.0,1.0
222109,0,1,3400,-63,63,262,26,24,4.0,0.0,0.0,27,6.5,0.0,0.0,0.0,0.0,0.0,0.0,1.0
222358,0,1,3400,-63,63,260,26,24,4.0,0.0,0.0,27,6.5,0.0,0.0,0.0,0.0,0.0,0.0,1.0
222607,0,1,3400,-63,63,265,26,24,4.0,0.0,0.0,27,6.5,0.0,0.0,0.0,0.0,0.0,0.0,1.0
222856,0,1,3400,-63,63,265,26,24,4.0,0.0,0.0,27,6.4,0.0,0.0,0.0,0.0,0.0,0.0,1.0
223105,0,1,3400,-63,63,267,26,25,4.0,0.0,0.0,27,6.5,0.0,0.0,0.0,0.0,0.0,0.0,1.0
223354,0,1,3400,-63,63,266,26,24,4.0,0.0,0.0,27,6.5,0.0,0.0,0.0,0.0,0.0,0.0,1.0
223603,0,1,3400,-62,62,257,26,24,4.0,0.0,0.0,27,6.5,0.0,0.0,0.0,0.0,0.0,0.0,1.0
223852,0,1,3400,-62,62,257,26,25,4.0,0.0,0.0,27,6.5,0.0,0.0,0.0,0.0,0.0,0.0,1.0
224101,0,1,3400,-62,62,259,26,25,4.0,0.0,0.0,27,6.5,0.0,0.0,0.0,0.0,0.0,0.0,1.0
224350,0,1,3400,-62,62,263,26,25,4.0,0.0,0.0,27,6.5,0.0,0.0,0.0,0.0,0.0,0.0,1.0
224599,0,1,3400,-62,62,266,26,25,4.0,0.0,0.0,27,6.5,0.0,0.0,0.0,0.0,0.0,0.0,1.0
224848,0,1,3400,-62,62,262,26,25,4.0,0.0,0.0,27,6.5,0.0,0.0,0.0,0.0,0.0,0.0,1.0
225097,0,1,3400,-62,62,259,27,25,4.0,0.0,0.0,27,6.5,0.0,0.0,0.0,0.0,0.0,0.0,1.0
225346,0,1,3400,-62,62,261,26,24,4.0,0.0,0.0,27,6.5,0.0,0.0,0.0,0.0,0.0,0.0,1.0
225595,0,1,3400,-62,62,265,26,24,4.0,0.0,0.0,27,6.5,0.0,0.0,0.0,0.0,0.0,0.0,1.0
225844,0,1,3400,-62,62,266,27,25,4.0,0.0,0.0,27,6.5,0.0,0.0,0.0,0.0,0.0,0.0,1.0
226093,0,1,3400,-62,62,262,26,25,4.0,0.0,0.0,27,6.5,0.0,0.0,0.0,0.0,0.0,0.0,1.0
226342,0,1,3400,-62,62,260,26,25,4.0,0.0,0.0,27,6.5,0.0,0.0,0.0,0.0,0.0,0.0,1.0
226591,0,1,3400,-62,62,264,26,25,4.0,0.0,0.0,27,6.5,0.0,0.0,0.0,0.0,0.0,0.0,1.0
226840,0,1,3400,-62,62,262,27,25,4.0,0.0,0.0,27,6.5,0.0,0.0,0.0,0.0,0.0,0.0,1.0
227089,0,1,3400,-62,62,266,26,25,4.0,0.0,0.0,27,6.5,0.0,0.0,0.0,0.0,0.0,0.0,1.0
227338,0,1,3400,-62,62,262,26,25,4.0,0.0,0.0,27,6.5,0.0,0.0,0.0,0.0,0.0,0.0,1.0
227587,0,1,3400,-62,62,261,26,25,4.0,0.0,0.0,27,6.5,0.0,0.0,0.0,0.0,0.0,0.0,1.0
227836,0,1,3400,-62,62,264,26,25,4.0,0.0,0.0,27,6.5,0.0,0.0,0.0,0.0,0.0,0.0,1.0
228085,0,1,3400,-62,62,267,26,25,4.0,0.0,0.0,27,6.5,0.0,0.0,0.0,0.0,0.0,0.0,1.0
228334,0,1,3400,-62,62,263,26,25,4.0,0.0,0.0,27,6.5,0.0,0.0,0.0,0.0,0.0,0.0,1.0
228583,0,1,3400,-62,62,265,26,25,4.0,0.0,0.0,27,6.5,0.0,0.0,0.0,0.0,0.0,0.0,1.0
228832,0,1,3400,-62,62,264,26,25,4.0,0.0,0.0,27,6.5,0.0,0.0,0.0,0.0,0.0,0.0,1.0
229081,0,1,3400,-62,62,260,26,25,4.0,0.0,0.0,27,6.5,0.0,0.0,0.0,0.0,0.0,0.0,1.0
229330,0,1,3400,-62,62,258,26,25,4.0,0.0,0.0,27,6.5,0.0,0.0,0.0,0.0,0.0,0.0,1.0
229579,0,1,3400,-62,62,264,26,25,4.0,0.0,0.0,27,6.5,0.0,0.0,0.0,0.0,0.0,0.0,1.0
229828,0,1,3400,-62,62,265,26,25,4.0,0.0,0.0,27,6.5,0.0,0.0,0.0,0.0,0.0,0.0,1.0
230077,0,1,3400,-62,62,262,26,25,4.0,0.0,0.0,27,6.5,0.0,0.0,0.0,0.0,0.0,0.0,1.0
230326,0,1,3400,-62,62,262,26,25,4.0,0.0,0.0,27,6.5,0.0,0.0,0.0,0.0,0.0,0.0,1.0
230575,0,1,3400,-62,62,261,26,25,4.0,0.0,0.0,27,6.5,0.0,0.0,0.0,0.0,0.0,0.0,1.0
230824,0,1,3400,-62,62,263,26,25,4.0,0.0,0.0,27,6.5,0.0,0.0,0.0,0.0,0.0,0.0,1.0
231073,0,1,3400,-62,62,265,26,25,4.0,0.0,0.0,27,6.5,0.0,0.0,0.0,0.0,0.0,0.0,1.0
231322,0,1,3400,-62,62,268,26,25,4.0,0.0,0.0,27,6.5,0.0,0.0,0.0,0.0,0.0,0.0,1.0
231571,0,1,3400,-62,62,258,27,25,4.0,0.0,0.0,27,6.5,0.0,0.0,0.0,0.0,0.0,0.0,1.0
231820,0,1,3400,-62,62,257,26,25,4.0,0.0,0.0,27,6.5,0.0,0.0,0.0,0.0,0.0,0.0,1.0
232069,0,1,3400,-62,62,260,26,25,4.0,0.0,0.0,27,6.5,0.0,0.0,0.0,0.0,0.0,0.0,1.0
232318,0,1,3400,-62,62,261,26,25,4.0,0.0,0.0,27,6.5,0.0,0.0,0.0,0.0,0.0,0.0,1.0
232567,0,1,3400,-62,62,260,26,25,4.0,0.0,0.0,27,6.5,0.0,0.0,0.0,0.0,0.0,0.0,1.0
232816,0,1,3400,-62,62,264,26,25,4.0,0.0,0.0,27,6.5,0.0,0.0,0.0,0.0,0.0,0.0,1.0
233065,0,1,3400,-62,62,265,27,25,4.0,0.0,0.0,27,6.5,0.0,0.0,0.0,0.0,0.0,0.0,1.0
233314,0,1,3400,-62,62,266,26,25,4.0,0.0,0.0,27,6.5,0.0,0.0,0.0,0.0,0.0,0.0,1.0
233563,0,1,3400,-62,62,266,26,25,4.0,0.0,0.0,27,6.5,0.0,0.0,0.0,0.0,0.0,0.0,1.0
233812,0,1,3400,-62,62,264,26,25,4.0,0.0,0.0,27,6.5,0.0,0.0,0.0,0.0,0.0,0.0,1.0
234061,0,1,3400,-62,62,263,26,25,4.0,0.0,0.0,27,6.5,0.0,0.0,0.0,0.0,0.0,0.0,1.0
234310,0,1,3400,-62,62,261,26,25,4.0,0.0,0.0,27,6.5,0.0,0.0,0.0,0.0,0.0,0.0,1.0
234559,0,1,3400,-62,62,258,26,25,4.0,0.0,0.0,27,6.5,0.0,0.0,0.0,0.0,0.0,0.0,1.0
234808,0,1,3400,-62,62,264,26,25,4.0,0.0,0.0,27,6.5,0.0,0.0,0.0,0.0,0.0,0.0,1.0
235057,0,1,3400,-62,62,260,26,25,4.0,0.0,0.0,27,6.5,0.0,0.0,0.0,0.0,0.0,0.0,1.0
235306,0,1,3400,-62,62,262,26,25,4.0,0.0,0.0,27,6.5,0.0,0.0,0.0,0.0,0.0,0.0,1.0
235555,0,1,3400,-62,62,260,26,25,4.0,0.0,0.0,27,6.5,0.0,0.0,0.0,0.0,0.0,0.0,1.0
235804,0,1,3400,-62,62,260,26,25,4.0,0.0,0.0,27,6.5,0.0,0.0,0.0,0.0,0.0,0.0,1.0
236053,0,1,3400,-62,62,264,26,25,4.0,0.0,0.0,27,6.5,0.0,0.0,0.0,0.0,0.0,0.0,1.0
236302,0,1,3400,-62,62,262,26,25,4.0,0.0,0.0,27,6.5,0.0,0.0,0.0,0.0,0.0,0.0,1.0
236551,0,1,3400,-61,61,261,26,25,4.0,0.0,0.0,27,6.5,0.0,0.0,0.0,0.0,0.0,0.0,1.0
236800,0,1,3400,-61,61,269,26,25,4.0,0.0,0.0,27,6.5,0.0,0.0,0.0,0.0,0.0,0.0,1.0
237049,0,1,3400,-61,61,266,26,26,4.0,0.0,0.0,27,6.5,0.0,0.0,0.0,0.0,0.0,0.0,1.0
237298,0,1,3400,-61,61,260,26,25,4.0,0.0,0.0,27,6.5,0.0,0.0,0.0,0.0,0.0,0.0,1.0
237547,0,1,3400,-60,60,258,26,26,4.0,0.0,0.0,27,6.5,0.0,0.0,0.0,0.0,0.0,0.0,1.0
237796,0,1,3400,-60,60,260,26,26,4.0,0.0,0.0,27,6.5,0.0,0.0,0.0,0.0,0.0,0.0,1.0
238045,0,1,3400,-60,60,261,26,26,4.0,0.0,0.0,27,6.5,0.0,0.0,0.0,0.0,0.0,0.0,1.0
238294,0,1,3400,-60,60,265,26,26,4.0,0.0,0.0,27,6.5,0.0,0.0,0.0,0.0,0.0,0.0,1.0
238543,0,1,3400,-60,60,264,26,26,4.0,0.0,0.0,27,6.5,0.0,0.0,0.0,0.0,0.0,0.0,1.0
238792,0,1,3400,-60,60,265,26,27,4.0,0.0,0.0,27,6.5,0.0,0.0,0.0,0.0,0.0,0.0,1.0
239041,0,1,3400,-60,60,265,26,27,4.0,0.0,0.0,27,6.5,0.0,0.0,0.0,0.0,0.0,0.0,1.0
239290,0,1,3400,-60,60,264,27,26,4.0,0.0,0.0,27,6.5,0.0,0.0,0.0,0.0,0.0,0.0,1.0
239539,0,1,3400,-60,60,264,26,26,4.0,0.0,0.0,27,6.5,0.0,0.0,0.0,0.0,0.0,0.0,1.0
239788,0,1,3400,-60,60,267,26,27,4.0,0.0,0.0,27,6.5,0.0,0.0,0.0,0.0,0.0,0.0,1.0
240037,0,1,3400,-60,60,264,26,27,4.0,0.0,0.0,27,6.5,0.0,0.0,0.0,0.0,0.0,0.0,1.0
240286,0,1,3400,-60,60,264,26,26,4.0,0.0,0.0,27,6.5,0.0,0.0,0.0,0.0,0.0,0.0,1.0
240535,0,1,3400,-60,60,264,26,26,4.0,0.0,0.0,27,6.5,0.0,0.0,0.0,0.0,0.0,0.0,1.0
240784,0,1,3400,-60,60,262,26,27,4.0,0.0,0.0,27,6.5,0.0,0.0,0.0,0.0,0.0,0.0,1.0
241033,0,1,3400,-60,60,263,26,26,4.0,0.0,0.0,27,6.5,0.0,0.0,0.0,0.0,0.0,0.0,1.0
241282,0,1,3400,-60,60,263,26,26,4.0,0.0,0.0,27,6.5,0.0,0.0,0.0,0.0,0.0,0.0,1.0
241531,0,1,3400,-60,60,260,26,26,4.0,0.0,0.0,27,6.5,0.0,0.0,0.0,0.0,0.0,0.0,1.0
241780,0,1,3400,-60,60,258,26,27,4.0,0.0,0.0,27,6.5,0.0,0.0,0.0,0.0,0.0,0.0,1.0
242029,0,1,3400,-60,60,260,26,26,4.0,0.0,0.0,27,6.5,0.0,0.0,0.0,0.0,0.0,0.0,1.0
242278,0,1,3400,-60,60,262,26,26,4.0,0.0,0.0,27,6.5,0.0,0.0,0.0,0.0,0.0,0.0,1.0
242527,0,1,3400,-60,60,263,26,26,4.0,0.0,0.0,27,6.5,0.0,0.0,0.0,0.0,0.0,0.0,1.0
242776,0,1,3400,-61,61,261,26,26,4.0,0.0,0.0,27,6.5,0.0,0.0,0.0,0.0,0.0,0.0,1.0
243025,0,1,3400,-61,61,260,26,26,4.0,0.0,0.0,27,6.5,0.0,0.0,0.0,0.0,0.0,0.0,1.0
243274,0,1,3400,-61,61,263,26,26,4.0,0.0,0.0,27,6.5,0.0,0.0,0.0,0.0,0.0,0.0,1.0
243523,0,1,3400,-61,61,267,26,26,4.0,0.0,0.0,27,6.5,0.0,0.0,0.0,0.0,0.0,0.0,1.0
243772,0,1,3400,-61,61,260,26,26,4.0,0.0,0.0,27,6.5,0.0,0.0,0.0,0.0,0.0,0.0,1.0
244021,0,1,3400,-61,61,257,26,26,4.0,0.0,0.0,27,6.5,0.0,0.0,0.0,0.0,0.0,0.0,1.0
244270,0,1,3400,-61,61,259,26,25,4.0,0.0,0.0,27,6.5,0.0,0.0,0.0,0.0,0.0,0.0,1.0
244519,0,1,3400,-61,61,261,26,26,4.0,0.0,0.0,27,6.5,0.0,0.0,0.0,0.0,0.0,0.0,1.0
244768,0,1,3400,-61,61,262,26,26,4.0,0.0,0.0,27,6.5,0.0,0.0,0.0,0.0,0.0,0.0,1.0
245017,0,1,3400,-61,61,262,26,26,4.0,0.0,0.0,27,6.5,0.0,0.0,0.0,0.0,0.0,0.0,1.0
245266,0,1,3400,-61,61,263,27,25,4.0,0.0,0.0,27,6.5,0.0,0.0,0.0,0.0,0.0,0.0,1.0
245515,0,1,3400,-61,61,265,26,26,4.0,0.0,0.0,27,6.5,0.0,0.0,0.0,0.0,0.0,0.0,1.0
245764,0,1,3400,-61,61,261,26,26,4.0,0.0,0.0,27,6.5,0.0,0.0,0.0,0.0,0.0,0.0,1.0
246013,0,1,3400,-61,61,264,26,26,4.0,0.0,0.0,27,6.5,0.0,0.0,0.0,0.0,0.0,0.0,1.0
246262,0,1,3400,-61,61,260,27,25,4.0,0.0,0.0,27,6.5,0.0,0.0,0.0,0.0,0.0,0.0,1.0
246511,0,1,3400,-61,61,263,26,26,4.0,0.0,0.0,27,6.5,0.0,0.0,0.0,0.0,0.0,0.0,1.0
246760,0,1,3400,-61,61,261,26,26,4.0,0.0,0.0,27,6.5,0.0,0.0,0.0,0.0,0.0,0.0,1.0
247009,0,1,3400,-61,61,258,26,26,4.0,0.0,0.0,27,6.5,0.0,0.0,0.0,0.0,0.0,0.0,1.0
247258,0,1,3400,-61,61,261,26,25,4.0,0.0,0.0,27,6.5,0.0,0.0,0.0,0.0,0.0,0.0,1.0
247507,0,1,3400,-61,61,262,26,26,4.0,0.0,0.0,27,6.5,0.0,0.0,0.0,0.0,0.0,0.0,1.0
247756,0,1,3400,-61,61,266,26,26,4.0,0.0,0.0,27,6.5,0.0,0.0,0.0,0.0,0.0,0.0,1.0
248005,0,1,3400,-61,61,267,26,25,4.0,0.0,0.0,27,6.5,0.0,0.0,0.0,0.0,0.0,0.0,1.0
248254,0,1,3400,-61,61,263,26,25,4.0,0.0,0.0,27,6.5,0.0,0.0,0.0,0.0,0.0,0.0,1.0
248503,0,1,3400,-62,62,267,26,25,4.0,0.0,0.0,27,6.5,0.0,0.0,0.0,0.0,0.0,0.0,1.0
248752,0,1,3400,-62,62,266,26,25,4.0,0.0,0.0,27,6.5,0.0,0.0,0.0,0.0,0.0,0.0,1.0
249001,0,1,3400,-62,62,262,26,25,4.0,0.0,0.0,27,6.5,0.0,0.0,0.0,0.0,0.0,0.0,1.0
249250,0,1,3400,-62,62,262,26,24,4.0,0.0,0.0,27,6.5,0.0,0.0,0.0,0.0,0.0,0.0,1.0
249499,0,1,3400,-62,62,256,26,24,4.0,0.0,0.0,27,6.5,0.0,0.0,0.0,0.0,0.0,0.0,1.0
249748,0,1,3400,-63,63,261,26,24,4.0,0.0,0.0,27,6.5,0.0,0.0,0.0,0.0,0.0,0.0,1.0
249997,0,1,3400,-63,63,262,26,24,4.0,0.0,0.0,27,6.5,0.0,0.0,0.0,0.0,0.0,0.0,1.0
250246,0,1,3400,-63,63,263,26,24,4.0,0.0,0.0,27,6.5,0.0,0.0,0.0,0.0,0.0,0.0,1.0
250495,0,1,3400,-63,63,260,26,24,4.0,0.0,0.0,27,6.4,0.0,0.0,0.0,0.0,0.0,0.0,1.0
250744,0,1,3400,-63,63,262,26,24,4.0,0.0,0.0,27,6.5,0.0,0.0,0.0,0.0,0.0,0.0,1.0
250993,0,1,3400,-63,63,265,26,24,4.0,0.0,0.0,27,6.5,0.0,0.0,0.0,0.0,0.0,0.0,1.0
251242,0,1,3400,-63,63,262,26,24,4.0,0.0,0.0,27,6.5,0.0,0.0,0.0,0.0,0.0,0.0,1.0
251491,0,1,3400,-62,62,264,27,24,4.0,0.0,0.0,27,6.5,0.0,0.0,0.0,0.0,0.0,0.0,1.0
251740,0,1,3400,-62,62,264,26,24,4.0,0.0,0.0,27,6.5,0.0,0.0,0.0,0.0,0.0,0.0,1.0
251989,0,1,3400,-62,62,266,26,24,4.0,0.0,0.0,27,6.5,0.0,0.0,0.0,0.0,0.0,0.0,1.0
252238,0,1,3400,-62,62,268,26,25,4.0,0.0,0.0,27,6.5,0.0,0.0,0.0,0.0,0.0,0.0,1.0
252487,0,1,3400,-62,62,260,26,25,4.0,0.0,0.0,27,6.5,0.0,0.0,0.0,0.0,0.0,0.0,1.0
252736,0,1,3400,-62,62,258,27,25,4.0,0.0,0.0,27,6.5,0.0,0.0,0.0,0.0,0.0,0.0,1.0
252985,0,1,3400,-62,62,259,26,25,4.0,0.0,0.0,27,6.5,0.0,0.0,0.0,0.0,0.0,0.0,1.0
253234,0,1,3400,-62,62,263,27,25,4.0,0.0,0.0,27,6.5,0.0,0.0,0.0,0.0,0.0,0.0,1.0
253483,0,1,3400,-62,62,266,26,25,4.0,0.0,0.0,27,6.5,0.0,0.0,0.0,0.0,0.0,0.0,1.0
253732,0,1,3400,-62,62,264,26,25,4.0,0.0,0.0,27,6.5,0.0,0.0,0.0,0.0,0.0,0.0,1.0
253981,0,1,3400,-62,62,259,26,25,4.0,0.0,0.0,27,6.5,0.0,0.0,0.0,0.0,0.0,0.0,1.0
254230,0,1,3400,-62,62,266,26,25,4.0,0.0,0.0,27,6.5,0.0,0.0,0.0,0.0,0.0,0.0,1.0
254479,0,1,3400,-62,62,264,26,25,4.0,0.0,0.0,27,6.5,0.0,0.0,0.0,0.0,0.0,0.0,1.0
254728,0,1,3400,-62,62,262,26,25,4.0,0.0,0.0,27,6.5,0.0,0.0,0.0,0.0,0.0,0.0,1.0
254977,0,1,3400,-62,62,263,26,25,4.0,0.0,0.0,27,6.5,0.0,0.0,0.0,0.0,0.0,0.0,1.0
255226,0,1,3400,-62,62,267,26,25,4.0,0.0,0.0,27,6.5,0.0,0.0,0.0,0.0,0.0,0.0,1.0
255475,0,1,3400,-62,62,264,26,25,4.0,0.0,0.0,27,6.5,0.0,0.0,0.0,0.0,0.0,0.0,1.0
255724,0,1,3400,-62,62,265,26,25,4.0,0.0,0.0,27,6.5,0.0,0.0,0.0,0.0,0.0,0.0,1.0
255973,0,1,3400,-62,62,261,26,24,4.0,0.0,0.0,27,6.5,0.0,0.0,0.0,0.0,0.0,0.0,1.0
256222,0,1,3400,-62,62,258,26,24,4.0,0.0,0.0,27,6.5,0.0,0.0,0.0,0.0,0.0,0.0,1.0
256471,0,1,3400,-62,62,259,26,24,4.0,0.0,0.0,27,6.5,0.0,0.0,0.0,0.0,0.0,0.0,1.0
256720,0,1,3400,-62,62,264,26,24,4.0,0.0,0.0,27,6.5,0.0,0.0,0.0,0.0,0.0,0.0,1.0
256969,0,1,3400,-62,62,269,26,24,4.0,0.0,0.0,27,6.5,0.0,0.0,0.0,0.0,0.0,0.0,1.0
257218,0,1,3400,-62,62,263,26,25,4.0,0.0,0.0,27,6.5,0.0,0.0,0.0,0.0,0.0,0.0,1.0
257467,0,1,3400,-62,62,261,26,25,4.0,0.0,0.0,27,6.5,0.0,0.0,0.0,0.0,0.0,0.0,1.0
257716,0,1,3400,-62,62,265,27,25,4.0,0.0,0.0,27,6.5,0.0,0.0,0.0,0.0,0.0,0.0,1.0
257965,0,1,3400,-62,62,264,26,24,4.0,0.0,0.0,27,6.5,0.0,0.0,0.0,0.0,0.0,0.0,1.0
258214,0,1,3400,-62,62,264,26,24,4.0,0.0,0.0,27,6.5,0.0,0.0,0.0,0.0,0.0,0.0,1.0
258463,0,1,3400,-62,62,264,26,24,4.0,0.0,0.0,27,6.5,0.0,0.0,0.0,0.0,0.0,0.0,1.0
258712,0,1,3400,-63,63,260,26,24,4.0,0.0,0.0,27,6.5,0.0,0.0,0.0,0.0,0.0,0.0,1.0
258961,0,1,3400,-63,63,257,27,24,4.0,0.0,0.0,27,6.5,0.0,0.0,0.0,0.0,0.0,0.0,1.0
259210,0,1,3400,-63,63,266,26,24,4.0,0.0,0.0,27,6.5,0.0,0.0,0.0,0.0,0.0,0.0,1.0
259459,0,1,3400,-62,62,268,26,24,4.0,0.0,0.0,27,6.5,0.0,0.0,0.0,0.0,0.0,0.0,1.0
259708,0,1,3400,-62,62,262,26,24,4.0,0.0,0.0,27,6.5,0.0,0.0,0.0,0.0,0.0,0.0,1.0
259957,0,1,3400,-62,62,264,26,24,4.0,0.0,0.0,27,6.5,0.0,0.0,0.0,0.0,0.0,0.0,1.0
260206,0,1,3400,-62,62,264,26,25,4.0,0.0,0.0,27,6.5,0.0,0.0,0.0,0.0,0.0,0.0,1.0
260455,0,1,3400,-61,61,267,26,25,4.0,0.0,0.0,27,6.5,0.0,0.0,0.0,0.0,0.0,0.0,1.0
260704,0,1,3400,-61,61,259,26,25,4.0,0.0,0.0,27,6.5,0.0,0.0,0.0,0.0,0.0,0.0,1.0
260953,0,1,3400,-61,61,261,26,25,4.0,0.0,0.0,27,6.5,0.0,0.0,0.0,0.0,0.0,0.0,1.0
261202,0,1,3400,-61,61,267,26,26,4.0,0.0,0.0,27,6.5,0.0,0.0,0.0,0.0,0.0,0.0,1.0
261451,0,1,3400,-61,61,264,26,26,4.0,0.0,0.0,27,6.5,0.0,0.0,0.0,0.0,0.0,0.0,1.0
261700,0,1,3400,-61,61,264,26,26,4.0,0.0,0.0,27,6.5,0.0,0.0,0.0,0.0,0.0,0.0,1.0
261949,0,1,3400,-61,61,261,26,25,4.0,0.0,0.0,27,6.5,0.0,0.0,0.0,0.0,0.0,0.0,1.0
262198,0,1,3400,-61,61,262,26,25,4.0,0.0,0.0,27,6.5,0.0,0.0,0.0,0.0,0.0,0.0,1.0
262447,0,1,3400,-61,61,264,26,25,4.0,0.0,0.0,27,6.5,0.0,0.0,0.0,0.0,0.0,0.0,1.0
262696,0,1,3400,-62,62,263,26,25,4.0,0.0,0.0,27,6.5,0.0,0.0,0.0,0.0,0.0,0.0,1.0
262945,0,1,3400,-62,62,265,26,25,4.0,0.0,0.0,27,6.5,0.0,0.0,0.0,0.0,0.0,0.0,1.0
263194,0,1,3400,-62,62,263,26,25,4.0,0.0,0.0,27,6.5,0.0,0.0,0.0,0.0,0.0,0.0,1.0
263443,0,1,3400,-62,62,262,26,25,4.0,0.0,0.0,27,6.5,0.0,0.0,0.0,0.0,0.0,0.0,1.0
263692,0,1,3400,-62,62,264,26,25,4.0,0.0,0.0,27,6.5,0.0,0.0,0.0,0.0,0.0,0.0,1.0
263941,0,1,3400,-62,62,259,26,25,4.0,0.0,0.0,27,6.5,0.0,0.0,0.0,0.0,0.0,0.0,1.0
264190,0,1,3400,-62,62,260,27,25,4.0,0.0,0.0,27,6.5,0.0,0.0,0.0,0.0,0.0,0.0,1.0
264439,0,1,3400,-62,62,265,26,25,4.0,0.0,0.0,27,6.5,0.0,0.0,0.0,0.0,0.0,0.0,1.0
264688,0,1,3400,-62,62,264,26,25,4.0,0.0,0.0,27,6.5,0.0,0.0,0.0,0.0,0.0,0.0,1.0
264937,0,1,3400,-62,62,265,26,25,4.0,0.0,0.0,27,6.5,0.0,0.0,0.0,0.0,0.0,0.0,1.0
265186,0,1,3400,-62,62,264,26,25,4.0,0.0,0.0,27,6.5,0.0,0.0,0.0,0.0,0.0,0.0,1.0
265435,0,1,3400,-62,62,267,26,25,4.0,0.0,0.0,27,6.5,0.0,0.0,0.0,0.0,0.0,0.0,1.0
265684,0,1,3400,-62,62,262,26,25,4.0,0.0,0.0,27,6.5,0.0,0.0,0.0,0.0,0.0,0.0,1.0
265933,0,1,3400,-62,62,259,26,25,4.0,0.0,0.0,27,6.5,0.0,0.0,0.0,0.0,0.0,0.0,1.0
266182,0,1,3400,-62,62,267,26,25,4.0,0.0,0.0,27,6.5,0.0,0.0,0.0,0.0,0.0,0.0,1.0
266431,0,1,3400,-62,62,263,26,25,4.0,0.0,0.0,27,6.5,0.0,0.0,0.0,0.0,0.0,0.0,1.0
266680,0,1,3400,-62,62,261,26,25,4.0,0.0,0.0,27,6.5,0.0,0.0,0.0,0.0,0.0,0.0,1.0
266929,0,1,3400,-62,62,257,26,25,4.0,0.0,0.0,27,6.5,0.0,0.0,0.0,0.0,0.0,0.0,1.0
267178,0,1,3400,-62,62,260,26,25,4.0,0.0,0.0,27,6.5,0.0,0.0,0.0,0.0,0.0,0.0,1.0
267427,0,1,3400,-62,62,267,26,25,4.0,0.0,0.0,27,6.5,0.0,0.0,0.0,0.0,0.0,0.0,1.0
267676,0,1,3400,-62,62,265,26,25,4.0,0.0,0.0,27,6.5,0.0,0.0,0.0,0.0,0.0,0.0,1.0
267925,0,1,3400,-62,62,263,26,25,4.0,0.0,0.0,27,6.5,0.0,0.0,0.0,0.0,0.0,0.0,1.0
268174,0,1,3400,-62,62,265,26,25,4.0,0.0,0.0,27,6.5,0.0,0.0,0.0,0.0,0.0,0.0,1.0
268423,0,1,3400,-61,61,265,26,25,4.0,0.0,0.0,27,6.5,0.0,0.0,0.0,0.0,0.0,0.0,1.0
268672,0,1,3400,-61,61,261,26,25,4.0,0.0,0.0,27,6.5,0.0,0.0,0.0,0.0,0.0,0.0,1.0
268921,0,1,3400,-61,61,257,26,25,4.0,0.0,0.0,27,6.5,0.0,0.0,0.0,0.0,0.0,0.0,1.0
269170,0,1,3400,-61,61,261,26,26,4.0,0.0,0.0,27,6.4,0.0,0.0,0.0,0.0,0.0,0.0,1.0
269419,0,1,3400,-61,61,261,26,26,4.0,0.0,0.0,27,6.5,0.0,0.0,0.0,0.0,0.0,0.0,1.0
269668,0,1,3400,-61,61,262,26,26,4.0,0.0,0.0,27,6.5,0.0,0.0,0.0,0.0,0.0,0.0,1.0
269917,0,1,3400,-61,61,266,26,25,4.0,0.0,0.0,27,6.5,0.0,0.0,0.0,0.0,0.0,0.0,1.0
270166,0,1,3400,-61,61,264,26,26,4.0,0.0,0.0,27,6.5,0.0,0.0,0.0,0.0,0.0,0.0,1.0
270415,0,1,3400,-61,61,264,26,26,4.0,0.0,0.0,27,6.5,0.0,0.0,0.0,0.0,0.0,0.0,1.0
270664,0,1,3400,-61,61,264,26,26,4.0,0.0,0.0,27,6.5,0.0,0.0,0.0,0.0,0.0,0.0,1.0
270913,0,1,3400,-61,61,267,26,25,4.0,0.0,0.0,27,6.5,0.0,0.0,0.0,0.0,0.0,0.0,1.0
271162,0,1,3400,-61,61,267,26,25,4.0,0.0,0.0,27,6.5,0.0,0.0,0.0,0.0,0.0,0.0,1.0
271411,0,1,3400,-61,61,266,27,25,4.0,0.0,0.0,27,6.5,0.0,0.0,0.0,0.0,0.0,0.0,1.0
271660,0,1,3400,-62,62,266,26,25,4.0,0.0,0.0,27,6.5,0.0,0.0,0.0,0.0,0.0,0.0,1.0
271909,0,1,3400,-62,62,263,26,25,4.0,0.0,0.0,27,6.5,0.0,0.0,0.0,0.0,0.0,0.0,1.0
272158,0,1,3400,-62,62,262,26,25,4.0,0.0,0.0,27,6.5,0.0,0.0,0.0,0.0,0.0,0.0,1.0
272407,0,1,3400,-62,62,264,26,25,4.0,0.0,0.0,27,6.5,0.0,0.0,0.0,0.0,0.0,0.0,1.0
272656,0,1,3400,-62,62,265,26,25,4.0,0.0,0.0,27,6.5,0.0,0.0,0.0,0.0,0.0,0.0,1.0
272905,0,1,3400,-62,62,262,26,25,4.0,0.0,0.0,27,6.5,0.0,0.0,0.0,0.0,0.0,0.0,1.0
273154,0,1,3400,-62,62,261,26,25,4.0,0.0,0.0,27,6.5,0.0,0.0,0.0,0.0,0.0,0.0,1.0
273403,0,1,3400,-61,61,261,26,25,4.0,0.0,0.0,27,6.5,0.0,0.0,0.0,0.0,0.0,0.0,1.0
273652,0,1,3400,-61,61,266,26,25,4.0,0.0,0.0,27,6.5,0.0,0.0,0.0,0.0,0.0,0.0,1.0
273901,0,1,3400,-61,61,266,26,25,4.0,0.0,0.0,27,6.5,0.0,0.0,0.0,0.0,0.0,0.0,1.0
274150,0,1,3400,-61,61,266,26,26,4.0,0.0,0.0,27,6.5,0.0,0.0,0.0,0.0,0.0,0.0,1.0
274399,0,1,3400,-61,61,264,26,26,4.0,0.0,0.0,27,6.5,0.0,0.0,0.0,0.0,0.0,0.0,1.0
274648,0,1,3400,-61,61,269,26,25,4.0,0.0,0.0,27,6.5,0.0,0.0,0.0,0.0,0.0,0.0,1.0
274897,0,1,3400,-61,61,262,26,26,4.0,0.0,0.0,27,6.5,0.0,0.0,0.0,0.0,0.0,0.0,1.0
275146,0,1,3400,-61,61,264,26,26,4.0,0.0,0.0,27,6.5,0.0,0.0,0.0,0.0,0.0,0.0,1.0
275395,0,1,3400,-61,61,264,26,26,4.0,0.0,0.0,27,6.5,0.0,0.0,0.0,0.0,0.0,0.0,1.0
275644,0,1,3400,-61,61,258,26,25,4.0,0.0,0.0,27,6.5,0.0,0.0,0.0,0.0,0.0,0.0,1.0
275893,0,1,3400,-61,61,263,26,26,4.0,0.0,0.0,27,6.4,0.0,0.0,0.0,0.0,0.0,0.0,1.0
276142,0,1,3400,-61,61,262,26,26,4.0,0.0,0.0,27,6.5,0.0,0.0,0.0,0.0,0.0,0.0,1.0
276391,0,1,3400,-61,61,264,26,26,4.0,0.0,0.0,27,6.5,0.0,0.0,0.0,0.0,0.0,0.0,1.0
276640,0,1,3400,-61,61,264,26,25,4.0,0.0,0.0,27,6.5,0.0,0.0,0.0,0.0,0.0,0.0,1.0
276889,0,1,3400,-61,61,266,26,25,4.0,0.0,0.0,27,6.5,0.0,0.0,0.0,0.0,0.0,0.0,1.0
277138,0,1,3400,-61,61,265,27,25,4.0,0.0,0.0,27,6.5,0.0,0.0,0.0,0.0,0.0,0.0,1.0
277387,0,1,3400,-61,61,265,26,25,4.0,0.0,0.0,27,6.5,0.0,0.0,0.0,0.0,0.0,0.0,1.0
277636,0,1,3400,-62,62,262,26,25,4.0,0.0,0.0,27,6.5,0.0,0.0,0.0,0.0,0.0,0.0,1.0
277885,0,1,3400,-62,62,265,26,25,4.0,0.0,0.0,27,6.5,0.0,0.0,0.0,0.0,0.0,0.0,1.0
278134,0,1,3400,-62,62,265,26,25,4.0,0.0,0.0,27,6.5,0.0,0.0,0.0,0.0,0.0,0.0,1.0
278383,0,1,3400,-62,62,264,26,25,4.0,0.0,0.0,27,6.5,0.0,0.0,0.0,0.0,0.0,0.0,1.0
278632,0,1,3400,-62,62,260,26,25,4.0,0.0,0.0,27,6.5,0.0,0.0,0.0,0.0,0.0,0.0,1.0
278881,0,1,3400,-62,62,263,27,25,4.0,0.0,0.0,27,6.5,0.0,0.0,0.0,0.0,0.0,0.0,1.0
279130,0,1,3400,-62,62,268,26,25,4.0,0.0,0.0,27,6.5,0.0,0.0,0.0,0.0,0.0,0.0,1.0
279379,0,1,3400,-61,61,260,26,25,4.0,0.0,0.0,27,6.5,0.0,0.0,0.0,0.0,0.0,0.0,1.0
279628,0,1,3400,-61,61,263,26,25,4.0,0.0,0.0,27,6.5,0.0,0.0,0.0,0.0,0.0,0.0,1.0
279877,0,1,3400,-61,61,262,26,25,4.0,0.0,0.0,27,6.5,0.0,0.0,0.0,0.0,0.0,0.0,1.0
280126,0,1,3400,-61,61,260,26,26,4.0,0.0,0.0,27,6.5,0.0,0.0,0.0,0.0,0.0,0.0,1.0
280375,0,1,3400,-61,61,259,26,26,4.0,0.0,0.0,27,6.5,0.0,0.0,0.0,0.0,0.0,0.0,1.0
280624,0,1,3400,-61,61,263,26,25,4.0,0.0,0.0,27,6.5,0.0,0.0,0.0,0.0,0.0,0.0,1.0
280873,0,1,3400,-61,61,262,26,26,4.0,0.0,0.0,27,6.5,0.0,0.0,0.0,0.0,0.0,0.0,1.0
281122,0,1,3400,-61,61,264,26,26,4.0,0.0,0.0,27,6.5,0.0,0.0,0.0,0.0,0.0,0.0,1.0
281371,0,1,3400,-61,61,261,26,26,4.0,0.0,0.0,27,6.5,0.0,0.0,0.0,0.0,0.0,0.0,1.0
281620,0,1,3400,-61,61,262,26,25,4.0,0.0,0.0,27,6.5,0.0,0.0,0.0,0.0,0.0,0.0,1.0
281869,0,1,3400,-61,61,263,26,25,4.0,0.0,0.0,27,6.5,0.0,0.0,0.0,0.0,0.0,0.0,1.0
282118,0,1,3400,-61,61,264,26,25,4.0,0.0,0.0,27,6.5,0.0,0.0,0.0,0.0,0.0,0.0,1.0
282367,0,1,3400,-62,62,261,26,25,4.0,0.0,0.0,27,6.5,0.0,0.0,0.0,0.0,0.0,0.0,1.0
282616,0,1,3400,-62,62,263,26,25,4.0,0.0,0.0,27,6.5,0.0,0.0,0.0,0.0,0.0,0.0,1.0
282865,0,1,3400,-62,62,268,26,25,4.0,0.0,0.0,27,6.5,0.0,0.0,0.0,0.0,0.0,0.0,1.0
283114,0,1,3400,-62,62,266,26,25,4.0,0.0,0.0,27,6.5,0.0,0.0,0.0,0.0,0.0,0.0,1.0
283363,0,1,3400,-61,61,263,26,25,4.0,0.0,0.0,27,6.5,0.0,0.0,0.0,0.0,0.0,0.0,1.0
283612,0,1,3400,-61,61,258,26,25,4.0,0.0,0.0,27,6.5,0.0,0.0,0.0,0.0,0.0,0.0,1.0
283861,0,1,3400,-61,61,259,27,26,4.0,0.0,0.0,27,6.5,0.0,0.0,0.0,0.0,0.0,0.0,1.0
284110,0,1,3400,-61,61,264,26,26,4.0,0.0,0.0,27,6.5,0.0,0.0,0.0,0.0,0.0,0.0,1.0
284359,0,1,3400,-61,61,266,26,26,4.0,0.0,0.0,27,6.5,0.0,0.0,0.0,0.0,0.0,0.0,1.0
284608,0,1,3400,-61,61,263,26,25,4.0,0.0,0.0,27,6.5,0.0,0.0,0.0,0.0,0.0,0.0,1.0
284857,0,1,3400,-61,61,262,26,26,4.0,0.0,0.0,27,6.5,0.0,0.0,0.0,0.0,0.0,0.0,1.0
285106,0,1,3400,-61,61,266,26,26,4.0,0.0,0.0,27,6.5,0.0,0.0,0.0,0.0,0.0,0.0,1.0
285355,0,1,3400,-60,60,261,26,26,4.0,0.0,0.0,27,6.5,0.0,0.0,0.0,0.0,0.0,0.0,1.0
285604,0,1,3400,-60,60,266,26,26,4.0,0.0,0.0,27,6.5,0.0,0.0,0.0,0.0,0.0,0.0,1.0
285853,0,1,3400,-60,60,263,26,26,4.0,0.0,0.0,27,6.5,0.0,0.0,0.0,0.0,0.0,0.0,1.0
286102,0,1,3400,-60,60,271,26,26,4.0,0.0,0.0,27,6.5,0.0,0.0,0.0,0.0,0.0,0.0,1.0
286351,0,1,3400,-60,60,265,26,26,4.0,0.0,0.0,27,6.5,0.0,0.0,0.0,0.0,0.0,0.0,1.0
286600,0,1,3400,-60,60,256,26,26,4.0,0.0,0.0,27,6.5,0.0,0.0,0.0,0.0,0.0,0.0,1.0
286849,0,1,3400,-60,60,261,26,27,4.0,0.0,0.0,27,6.5,0.0,0.0,0.0,0.0,0.0,0.0,1.0
287098,0,1,3400,-60,60,260,26,26,4.0,0.0,0.0,27,6.5,0.0,0.0,0.0,0.0,0.0,0.0,1.0
287347,0,1,3400,-60,60,260,26,26,4.0,0.0,0.0,27,6.5,0.0,0.0,0.0,0.0,0.0,0.0,1.0
287596,0,1,3400,-60,60,266,26,26,4.0,0.0,0.0,27,6.5,0.0,0.0,0.0,0.0,0.0,0.0,1.0
287845,0,1,3400,-60,60,265,26,26,4.0,0.0,0.0,27,6.5,0.0,0.0,0.0,0.0,0.0,0.0,1.0
288094,0,1,3400,-60,60,264,26,26,4.0,0.0,0.0,27,6.5,0.0,0.0,0.0,0.0,0.0,0.0,1.0
288343,0,1,3400,-59,59,259,26,26,4.0,0.0,0.0,27,6.5,0.0,0.0,0.0,0.0,0.0,0.0,1.0
288592,0,1,3400,-59,59,263,26,26,4.0,0.0,0.0,27,6.5,0.0,0.0,0.0,0.0,0.0,0.0,1.0
288841,0,1,3400,-59,59,260,26,27,4.0,0.0,0.0,27,6.5,0.0,0.0,0.0,0.0,0.0,0.0,1.0
289090,0,1,3400,-59,59,258,26,27,4.0,0.0,0.0,27,6.5,0.0,0.0,0.0,0.0,0.0,0.0,1.0
289339,0,1,3400,-59,59,265,26,27,4.0,0.0,0.0,27,6.5,0.0,0.0,0.0,0.0,0.0,0.0,1.0
289588,0,1,3400,-59,59,263,26,27,4.0,0.0,0.0,27,6.5,0.0,0.0,0.0,0.0,0.0,0.0,1.0
289837,0,1,3400,-59,59,261,26,27,4.0,0.0,0.0,27,6.5,0.0,0.0,0.0,0.0,0.0,0.0,1.0
290086,0,1,3400,-59,59,264,26,27,4.0,0.0,0.0,27,6.5,0.0,0.0,0.0,0.0,0.0,0.0,1.0
290335,0,1,3400,-59,59,266,27,27,4.0,0.0,0.0,27,6.5,0.0,0.0,0.0,0.0,0.0,0.0,1.0
290584,0,1,3400,-59,59,266,26,27,4.0,0.0,0.0,27,6.5,0.0,0.0,0.0,0.0,0.0,0.0,1.0
290833,0,1,3400,-59,59,263,26,27,4.0,0.0,0.0,27,6.5,0.0,0.0,0.0,0.0,0.0,0.0,1.0
291082,0,1,3400,-59,59,264,27,27,4.0,0.0,0.0,27,6.5,0.0,0.0,0.0,0.0,0.0,0.0,1.0
291331,0,1,3400,-60,60,257,26,26,4.0,0.0,0.0,27,6.5,0.0,0.0,0.0,0.0,0.0,0.0,1.0
291580,0,1,3400,-60,60,260,27,26,4.0,0.0,0.0,27,6.5,0.0,0.0,0.0,0.0,0.0,0.0,1.0
291829,0,1,3400,-60,60,263,26,27,4.0,0.0,0.0,27,6.5,0.0,0.0,0.0,0.0,0.0,0.0,1.0
292078,0,1,3400,-60,60,262,26,27,4.0,0.0,0.0,27,6.5,0.0,0.0,0.0,0.0,0.0,0.0,1.0
292327,0,1,3400,-59,59,262,26,26,4.0,0.0,0.0,27,6.5,0.0,0.0,0.0,0.0,0.0,0.0,1.0
292576,0,1,3400,-59,59,260,26,26,4.0,0.0,0.0,27,6.5,0.0,0.0,0.0,0.0,0.0,0.0,1.0
292825,0,1,3400,-59,59,262,26,27,4.0,0.0,0.0,27,6.5,0.0,0.0,0.0,0.0,0.0,0.0,1.0
293074,0,1,3400,-59,59,264,26,27,4.0,0.0,0.0,27,6.5,0.0,0.0,0.0,0.0,0.0,0.0,1.0
293323,0,1,3400,-59,59,266,26,27,4.0,0.0,0.0,27,6.5,0.0,0.0,0.0,0.0,0.0,0.0,1.0
293572,0,1,3400,-59,59,267,26,27,4.0,0.0,0.0,27,6.5,0.0,0.0,0.0,0.0,0.0,0.0,1.0
293821,0,1,3400,-59,59,260,26,27,4.0,0.0,0.0,27,6.5,0.0,0.0,0.0,0.0,0.0,0.0,1.0
294070,0,1,3400,-59,59,262,26,27,4.0,0.0,0.0,27,6.5,0.0,0.0,0.0,0.0,0.0,0.0,1.0
294319,0,1,3400,-59,59,263,26,27,4.0,0.0,0.0,27,6.5,0.0,0.0,0.0,0.0,0.0,0.0,1.0
294568,0,1,3400,-59,59,261,26,27,4.0,0.0,0.0,27,6.5,0.0,0.0,0.0,0.0,0.0,0.0,1.0
294817,0,1,3400,-59,59,265,26,27,4.0,0.0,0.0,27,6.5,0.0,0.0,0.0,0.0,0.0,0.0,1.0
295066,0,1,3400,-59,59,268,26,27,4.0,0.0,0.0,27,6.5,0.0,0.0,0.0,0.0,0.0,0.0,1.0
295315,0,1,3400,-59,59,264,26,27,4.0,0.0,0.0,27,6.5,0.0,0.0,0.0,0.0,0.0,0.0,1.0
295564,0,1,3400,-59,59,265,26,27,4.0,0.0,0.0,27,6.5,0.0,0.0,0.0,0.0,0.0,0.0,1.0
295813,0,1,3400,-59,59,265,26,27,4.0,0.0,0.0,27,6.5,0.0,0.0,0.0,0.0,0.0,0.0,1.0
296062,0,1,3400,-59,59,265,26,27,4.0,0.0,0.0,27,6.5,0.0,0.0,0.0,0.0,0.0,0.0,1.0
296311,0,1,3400,-60,60,264,26,26,4.0,0.0,0.0,27,6.5,0.0,0.0,0.0,0.0,0.0,0.0,1.0
296560,0,1,3400,-60,60,265,26,26,4.0,0.0,0.0,27,6.5,0.0,0.0,0.0,0.0,0.0,0.0,1.0
296809,0,1,3400,-60,60,267,27,27,4.0,0.0,0.0,27,6.5,0.0,0.0,0.0,0.0,0.0,0.0,1.0
297058,0,1,3400,-60,60,257,26,26,4.0,0.0,0.0,27,6.5,0.0,0.0,0.0,0.0,0.0,0.0,1.0
297307,0,1,3400,-60,60,262,26,26,4.0,0.0,0.0,27,6.5,0.0,0.0,0.0,0.0,0.0,0.0,1.0
297556,0,1,3400,-60,60,261,26,26,4.0,0.0,0.0,27,6.5,0.0,0.0,0.0,0.0,0.0,0.0,1.0
297805,0,1,3400,-60,60,259,26,27,4.0,0.0,0.0,27,6.5,0.0,0.0,0.0,0.0,0.0,0.0,1.0
298054,0,1,3400,-60,60,265,26,26,4.0,0.0,0.0,27,6.5,0.0,0.0,0.0,0.0,0.0,0.0,1.0
298303,0,1,3400,-60,60,259,26,26,4.0,0.0,0.0,27,6.5,0.0,0.0,0.0,0.0,0.0,0.0,1.0
298552,0,1,3400,-60,60,259,26,26,4.0,0.0,0.0,27,6.5,0.0,0.0,0.0,0.0,0.0,0.0,1.0
298801,0,1,3400,-60,60,264,26,26,4.0,0.0,0.0,27,6.5,0.0,0.0,0.0,0.0,0.0,0.0,1.0
299050,0,1,3400,-60,60,265,26,26,4.0,0.0,0.0,27,6.5,0.0,0.0,0.0,0.0,0.0,0.0,1.0
299299,0,1,3400,-61,61,265,26,25,4.0,0.0,0.0,27,6.5,0.0,0.0,0.0,0.0,0.0,0.0,1.0
299548,0,1,3400,-61,61,265,26,26,4.0,0.0,0.0,27,6.5,0.0,0.0,0.0,0.0,0.0,0.0,1.0
299797,0,1,3400,-61,61,269,26,26,4.0,0.0,0.0,27,6.5,0.0,0.0,0.0,0.0,0.0,0.0,1.0
300046,0,1,3400,-61,61,266,26,26,4.0,0.0,0.0,27,6.5,0.0,0.0,0.0,0.0,0.0,0.0,1.0
300295,0,1,3400,-61,61,265,26,25,4.0,0.0,0.0,27,6.5,0.0,0.0,0.0,0.0,0.0,0.0,1.0
300544,0,1,3400,-61,61,262,26,26,4.0,0.0,0.0,27,6.5,0.0,0.0,0.0,0.0,0.0,0.0,1.0
300793,0,1,3400,-61,61,260,26,26,4.0,0.0,0.0,27,6.5,0.0,0.0,0.0,0.0,0.0,0.0,1.0
301042,0,1,3400,-61,61,264,26,26,4.0,0.0,0.0,27,6.5,0.0,0.0,0.0,0.0,0.0,0.0,1.0
301291,0,1,3400,-60,60,266,26,25,4.0,0.0,0.0,27,6.5,0.0,0.0,0.0,0.0,0.0,0.0,1.0
301540,0,1,3400,-60,60,261,26,26,4.0,0.0,0.0,27,6.5,0.0,0.0,0.0,0.0,0.0,0.0,1.0
301789,0,1,3400,-60,60,266,26,26,4.0,0.0,0.0,27,6.5,0.0,0.0,0.0,0.0,0.0,0.0,1.0
302038,0,1,3400,-60,60,263,26,26,4.0,0.0,0.0,27,6.5,0.0,0.0,0.0,0.0,0.0,0.0,1.0
302287,0,1,3400,-60,60,262,26,26,4.0,0.0,0.0,27,6.5,0.0,0.0,0.0,0.0,0.0,0.0,1.0
302536,0,1,3400,-60,60,261,26,26,4.0,0.0,0.0,27,6.5,0.0,0.0,0.0,0.0,0.0,0.0,1.0
302785,0,1,3400,-60,60,261,26,26,4.0,0.0,0.0,27,6.5,0.0,0.0,0.0,0.0,0.0,0.0,1.0
303034,0,1,3400,-60,60,266,26,26,4.0,0.0,0.0,27,6.5,0.0,0.0,0.0,0.0,0.0,0.0,1.0
303283,0,1,3400,-61,61,265,26,25,3.9,0.0,0.0,27,6.4,0.0,0.0,0.0,0.0,0.0,0.0,1.0
303532,0,1,3400,-61,61,265,26,26,4.0,0.0,0.0,27,6.4,0.0,0.0,0.0,0.0,0.0,0.0,1.0
303781,0,1,3400,-61,61,263,26,26,4.0,0.0,0.0,27,6.4,0.0,0.0,0.0,0.0,0.0,0.0,1.0
304030,0,1,3400,-61,61,264,26,26,4.0,0.0,0.0,27,6.4,0.0,0.0,0.0,0.0,0.0,0.0,1.0
304279,0,1,3400,-60,60,266,26,25,4.0,0.0,0.0,27,6.5,0.0,0.0,0.0,0.0,0.0,0.0,1.0
304528,0,1,3400,-60,60,260,26,26,4.0,0.0,0.0,27,6.5,0.0,0.0,0.0,0.0,0.0,0.0,1.0
304777,0,1,3400,-60,60,259,26,26,4.0,0.0,0.0,27,6.5,0.0,0.0,0.0,0.0,0.0,0.0,1.0
305026,0,1,3400,-60,60,261,26,26,4.0,0.0,0.0,27,6.5,0.0,0.0,0.0,0.0,0.0,0.0,1.0
305275,0,1,3400,-60,60,264,26,26,4.0,0.0,0.0,27,6.5,0.0,0.0,0.0,0.0,0.0,0.0,1.0
305524,0,1,3400,-59,59,265,26,27,4.0,0.0,0.0,27,6.5,0.0,0.0,0.0,0.0,0.0,0.0,1.0
305773,0,1,3400,-59,59,266,26,27,4.0,0.0,0.0,27,6.5,0.0,0.0,0.0,0.0,0.0,0.0,1.0
306022,0,1,3400,-59,59,259,26,27,4.0,0.0,0.0,27,6.5,0.0,0.0,0.0,0.0,0.0,0.0,1.0
306271,0,1,3400,-59,59,261,26,27,4.0,0.0,0.0,27,6.5,0.0,0.0,0.0,0.0,0.0,0.0,1.0
306520,0,1,3400,-59,59,255,26,27,4.0,0.0,0.0,27,6.5,0.0,0.0,0.0,0.0,0.0,0.0,1.0
306769,0,1,3400,-59,59,259,26,27,4.0,0.0,0.0,27,6.5,0.0,0.0,0.0,0.0,0.0,0.0,1.0
307018,0,1,3400,-59,59,261,26,26,4.0,0.0,0.0,27,6.5,0.0,0.0,0.0,0.0,0.0,0.0,1.0
307267,0,1,3400,-60,60,264,26,26,4.0,0.0,0.0,27,6.5,0.0,0.0,0.0,0.0,0.0,0.0,1.0
307516,0,1,3400,-60,60,266,26,26,4.0,0.0,0.0,27,6.5,0.0,0.0,0.0,0.0,0.0,0.0,1.0
307765,0,1,3400,-60,60,263,26,26,4.0,0.0,0.0,27,6.5,0.0,0.0,0.0,0.0,0.0,0.0,1.0
308014,0,1,3400,-60,60,261,26,26,4.0,0.0,0.0,27,6.5,0.0,0.0,0.0,0.0,0.0,0.0,1.0
308263,0,1,3400,-59,59,264,26,26,4.0,0.0,0.0,27,6.5,0.0,0.0,0.0,0.0,0.0,0.0,1.0
308512,0,1,3400,-59,59,264,26,27,4.0,0.0,0.0,27,6.5,0.0,0.0,0.0,0.0,0.0,0.0,1.0
308761,0,1,3400,-59,59,261,26,27,4.0,0.0,0.0,27,6.5,0.0,0.0,0.0,0.0,0.0,0.0,1.0
309010,0,1,3400,-59,59,258,26,27,4.0,0.0,0.0,27,6.5,0.0,0.0,0.0,0.0,0.0,0.0,1.0
309259,0,1,3400,-59,59,262,26,27,4.0,0.0,0.0,27,6.5,0.0,0.0,0.0,0.0,0.0,0.0,1.0
309508,0,1,3400,-59,59,259,26,27,4.0,0.0,0.0,27,6.5,0.0,0.0,0.0,0.0,0.0,0.0,1.0
309757,0,1,3400,-59,59,264,27,27,4.0,0.0,0.0,27,6.5,0.0,0.0,0.0,0.0,0.0,0.0,1.0
310006,0,1,3400,-59,59,263,26,26,4.0,0.0,0.0,27,6.5,0.0,0.0,0.0,0.0,0.0,0.0,1.0
310255,0,1,3400,-60,60,265,26,26,4.0,0.0,0.0,27,6.5,0.0,0.0,0.0,0.0,0.0,0.0,1.0
310504,0,1,3400,-60,60,261,27,26,4.0,0.0,0.0,27,6.5,0.0,0.0,0.0,0.0,0.0,0.0,1.0
310753,0,1,3400,-60,60,262,26,26,4.0,0.0,0.0,27,6.5,0.0,0.0,0.0,0.0,0.0,0.0,1.0
311002,0,1,3400,-60,60,265,26,25,4.0,0.0,0.0,27,6.5,0.0,0.0,0.0,0.0,0.0,0.0,1.0
311251,0,1,3400,-61,61,267,26,26,4.0,0.0,0.0,27,6.5,0.0,0.0,0.0,0.0,0.0,0.0,1.0
311500,0,1,3400,-61,61,263,26,26,4.0,0.0,0.0,27,6.5,0.0,0.0,0.0,0.0,0.0,0.0,1.0
311749,0,1,3400,-61,61,261,26,26,4.0,0.0,0.0,27,6.5,0.0,0.0,0.0,0.0,0.0,0.0,1.0
311998,0,1,3400,-61,61,257,26,25,4.0,0.0,0.0,27,6.5,0.0,0.0,0.0,0.0,0.0,0.0,1.0
312247,0,1,3400,-60,60,262,26,26,4.0,0.0,0.0,27,6.5,0.0,0.0,0.0,0.0,0.0,0.0,1.0
312496,0,1,3400,-60,60,265,26,26,4.0,0.0,0.0,27,6.5,0.0,0.0,0.0,0.0,0.0,0.0,1.0
312745,0,1,3400,-60,60,268,26,26,4.0,0.0,0.0,27,6.5,0.0,0.0,0.0,0.0,0.0,0.0,1.0
312994,0,1,3400,-60,60,264,26,26,4.0,0.0,0.0,27,6.5,0.0,0.0,0.0,0.0,0.0,0.0,1.0
313243,0,1,3400,-60,60,264,26,26,4.0,0.0,0.0,27,6.5,0.0,0.0,0.0,0.0,0.0,0.0,1.0
313492,0,1,3400,-60,60,259,26,26,4.0,0.0,0.0,27,6.5,0.0,0.0,0.0,0.0,0.0,0.0,1.0
313741,0,1,3400,-60,60,266,26,26,4.0,0.0,0.0,27,6.5,0.0,0.0,0.0,0.0,0.0,0.0,1.0
313990,0,1,3400,-60,60,267,26,26,4.0,0.0,0.0,27,6.5,0.0,0.0,0.0,0.0,0.0,0.0,1.0
314239,0,1,3400,-60,60,265,26,26,4.0,0.0,0.0,27,6.5,0.0,0.0,0.0,0.0,0.0,0.0,1.0
314488,0,1,3400,-60,60,263,26,27,4.0,0.0,0.0,27,6.5,0.0,0.0,0.0,0.0,0.0,0.0,1.0
314737,0,1,3400,-60,60,261,26,26,4.0,0.0,0.0,27,6.5,0.0,0.0,0.0,0.0,0.0,0.0,1.0
314986,0,1,3400,-60,60,261,26,26,4.0,0.0,0.0,27,6.5,0.0,0.0,0.0,0.0,0.0,0.0,1.0
315235,0,1,3400,-60,60,261,26,26,4.0,0.0,0.0,27,6.5,0.0,0.0,0.0,0.0,0.0,0.0,1.0
315484,0,1,3400,-60,60,263,26,26,4.0,0.0,0.0,27,6.5,0.0,0.0,0.0,0.0,0.0,0.0,1.0
315733,0,1,3400,-60,60,266,26,26,4.0,0.0,0.0,27,6.5,0.0,0.0,0.0,0.0,0.0,0.0,1.0
315982,0,1,3400,-60,60,261,26,26,4.0,0.0,0.0,27,6.5,0.0,0.0,0.0,0.0,0.0,0.0,1.0
316231,0,1,3400,-60,60,261,27,26,4.0,0.0,0.0,27,6.5,0.0,0.0,0.0,0.0,0.0,0.0,1.0
316480,0,1,3400,-60,60,263,26,26,4.0,0.0,0.0,27,6.5,0.0,0.0,0.0,0.0,0.0,0.0,1.0
316729,0,1,3400,-60,60,265,26,26,4.0,0.0,0.0,27,6.5,0.0,0.0,0.0,0.0,0.0,0.0,1.0
316978,0,1,3400,-60,60,266,27,26,4.0,0.0,0.0,27,6.5,0.0,0.0,0.0,0.0,0.0,0.0,1.0
317227,0,1,3400,-60,60,271,26,26,4.0,0.0,0.0,27,6.5,0.0,0.0,0.0,0.0,0.0,0.0,1.0
317476,0,1,3400,-60,60,260,26,26,4.0,0.0,0.0,27,6.5,0.0,0.0,0.0,0.0,0.0,0.0,1.0
317725,0,1,3400,-60,60,260,26,26,4.0,0.0,0.0,27,6.5,0.0,0.0,0.0,0.0,0.0,0.0,1.0
317974,0,1,3400,-60,60,261,26,26,4.0,0.0,0.0,27,6.5,0.0,0.0,0.0,0.0,0.0,0.0,1.0
318223,0,1,3400,-60,60,260,26,26,4.0,0.0,0.0,27,6.5,0.0,0.0,0.0,0.0,0.0,0.0,1.0
318472,0,1,3400,-60,60,264,26,26,4.0,0.0,0.0,27,6.5,0.0,0.0,0.0,0.0,0.0,0.0,1.0
318721,0,1,3400,-60,60,264,26,26,4.0,0.0,0.0,27,6.5,0.0,0.0,0.0,0.0,0.0,0.0,1.0
318970,0,1,3400,-60,60,262,26,26,4.0,0.0,0.0,27,6.5,0.0,0.0,0.0,0.0,0.0,0.0,1.0
319219,0,1,3400,-59,59,263,26,26,4.0,0.0,0.0,27,6.5,0.0,0.0,0.0,0.0,0.0,0.0,1.0
319468,0,1,3400,-59,59,258,26,27,4.0,0.0,0.0,27,6.5,0.0,0.0,0.0,0.0,0.0,0.0,1.0
319717,0,1,3400,-59,59,254,26,27,4.0,0.0,0.0,27,6.5,0.0,0.0,0.0,0.0,0.0,0.0,1.0
319966,0,1,3400,-59,59,259,26,26,4.0,0.0,0.0,27,6.5,0.0,0.0,0.0,0.0,0.0,0.0,1.0
320215,0,1,3400,-59,59,264,26,27,4.0,0.0,0.0,27,6.5,0.0,0.0,0.0,0.0,0.0,0.0,1.0
320464,0,1,3400,-59,59,265,26,27,4.0,0.0,0.0,27,6.5,0.0,0.0,0.0,0.0,0.0,0.0,1.0
320713,0,1,3400,-59,59,261,26,27,4.0,0.0,0.0,27,6.5,0.0,0.0,0.0,0.0,0.0,0.0,1.0
320962,0,1,3400,-59,59,264,26,26,4.0,0.0,0.0,27,6.5,0.0,0.0,0.0,0.0,0.0,0.0,1.0
321211,0,1,3400,-59,59,260,26,26,4.0,0.0,0.0,27,6.5,0.0,0.0,0.0,0.0,0.0,0.0,1.0
321460,0,1,3400,-59,59,257,26,27,4.0,0.0,0.0,27,6.4,0.0,0.0,0.0,0.0,0.0,0.0,1.0
321709,0,1,3400,-59,59,262,26,27,4.0,0.0,0.0,27,6.5,0.0,0.0,0.0,0.0,0.0,0.0,1.0
321958,0,1,3400,-59,59,268,26,26,4.0,0.0,0.0,27,6.5,0.0,0.0,0.0,0.0,0.0,0.0,1.0
322207,0,1,3400,-59,59,272,26,27,4.0,0.0,0.0,27,6.5,0.0,0.0,0.0,0.0,0.0,0.0,1.0
322456,0,1,3400,-59,59,265,26,27,4.0,0.0,0.0,27,6.5,0.0,0.0,0.0,0.0,0.0,0.0,1.0
322705,0,1,3400,-59,59,261,26,27,4.0,0.0,0.0,27,6.5,0.0,0.0,0.0,0.0,0.0,0.0,1.0
322954,0,1,3400,-59,59,260,26,27,4.0,0.0,0.0,27,6.5,0.0,0.0,0.0,0.0,0.0,0.0,1.0
323203,0,1,3400,-59,59,264,26,27,4.0,0.0,0.0,27,6.5,0.0,0.0,0.0,0.0,0.0,0.0,1.0
323452,0,1,3400,-59,59,262,27,27,4.0,0.0,0.0,27,6.5,0.0,0.0,0.0,0.0,0.0,0.0,1.0
323701,0,1,3400,-59,59,260,26,27,4.0,0.0,100.000000,27,6.5,0.0,0.0,0.0,0.0,0.0,0.0,1.0
323950,0,1,3400,-59,59,261,26,27,4.0,0.0,0.0,27,6.5,0.0,0.0,0.0,0.0,0.0,0.0,1.0
324199,0,1,3400,-58,58,263,26,27,4.0,0.0,0.0,27,6.5,0.0,0.0,0.0,0.0,0.0,0.0,1.0
324448,0,1,3400,-58,58,260,26,27,4.0,0.0,0.0,27,6.5,0.0,0.0,0.0,0.0,0.0,0.0,1.0
324697,0,1,3400,-58,58,264,26,27,4.0,0.0,0.0,27,6.5,0.0,0.0,0.0,0.0,0.0,0.0,1.0
324946,0,1,3400,-58,58,264,26,27,4.0,0.0,0.0,27,6.5,0.0,0.0,0.0,0.0,0.0,0.0,1.0
325195,0,1,3400,-57,57,258,26,28,4.0,0.0,0.0,27,6.5,0.0,0.0,0.0,0.0,0.0,0.0,1.0
325444,0,1,3400,-57,57,259,26,28,4.0,0.0,0.0,27,6.5,0.0,0.0,0.0,0.0,0.0,0.0,1.0
325693,0,1,3400,-57,57,260,26,28,4.0,0.0,0.0,27,6.5,0.0,0.0,0.0,0.0,0.0,0.0,1.0
325942,0,1,3400,-57,57,261,26,27,4.0,0.0,0.0,27,6.5,0.0,0.0,0.0,0.0,0.0,0.0,1.0
326191,0,1,3400,-57,57,266,26,28,4.0,0.0,0.0,27,6.5,0.0,0.0,0.0,0.0,0.0,0.0,1.0
326440,0,1,3400,-57,57,264,26,28,4.0,0.0,0.0,27,6.5,0.0,0.0,0.0,0.0,0.0,0.0,1.0
326689,0,1,3400,-57,57,262,26,28,4.0,0.0,0.0,27,6.5,0.0,0.0,0.0,0.0,0.0,0.0,1.0
326938,0,1,3400,-57,57,262,26,28,4.0,0.0,0.0,27,6.5,0.0,0.0,0.0,0.0,0.0,0.0,1.0
327187,0,1,3400,-57,57,261,26,28,4.0,0.0,0.0,27,6.5,0.0,0.0,0.0,0.0,0.0,0.0,1.0
327436,0,1,3400,-57,57,258,26,28,4.0,0.0,0.0,27,6.5,0.0,0.0,0.0,0.0,0.0,0.0,1.0
327685,0,1,3400,-57,57,265,26,27,4.0,0.0,0.0,27,6.4,0.0,0.0,0.0,0.0,0.0,0.0,1.0
327934,0,1,3400,-57,57,260,26,27,4.0,0.0,0.0,27,6.5,0.0,0.0,0.0,0.0,0.0,0.0,1.0
328183,0,1,3400,-58,58,260,26,28,4.0,0.0,0.0,27,6.5,0.0,0.0,0.0,0.0,0.0,0.0,1.0
328432,0,1,3400,-58,58,266,26,28,4.0,0.0,0.0,27,6.5,0.0,0.0,0.0,0.0,0.0,0.0,1.0
328681,0,1,3400,-58,58,271,26,27,4.0,0.0,0.0,27,6.5,0.0,0.0,0.0,0.0,0.0,0.0,1.0
328930,0,1,3400,-58,58,263,26,27,4.0,0.0,0.0,27,6.5,0.0,0.0,0.0,0.0,0.0,0.0,1.0
329179,0,1,3400,-58,58,264,26,28,4.0,0.0,0.0,27,6.5,0.0,0.0,0.0,0.0,0.0,0.0,1.0
329428,0,1,3400,-58,58,264,26,27,4.0,0.0,0.0,27,6.5,0.0,0.0,0.0,0.0,0.0,0.0,1.0
329677,0,1,3400,-58,58,265,27,27,4.0,0.0,0.0,27,6.5,0.0,0.0,0.0,0.0,0.0,0.0,1.0
329926,0,1,3400,-58,58,267,26,27,4.0,0.0,0.0,27,6.5,0.0,0.0,0.0,0.0,0.0,0.0,1.0
330175,0,1,3400,-59,59,262,26,27,4.0,0.0,0.0,27,6.5,0.0,0.0,0.0,0.0,0.0,0.0,1.0
330424,0,1,3400,-59,59,262,26,27,4.0,0.0,0.0,27,6.5,0.0,0.0,0.0,0.0,0.0,0.0,1.0
330673,0,1,3400,-59,59,265,26,27,4.0,0.0,0.0,27,6.5,0.0,0.0,0.0,0.0,0.0,0.0,1.0
330922,0,1,3400,-59,59,263,26,27,4.0,0.0,0.0,27,6.5,0.0,0.0,0.0,0.0,0.0,0.0,1.0
331171,0,1,3400,-58,58,267,26,27,4.0,0.0,0.0,27,6.5,0.0,0.0,0.0,0.0,0.0,0.0,1.0
331420,0,1,3400,-58,58,266,26,27,4.0,0.0,0.0,27,6.5,0.0,0.0,0.0,0.0,0.0,0.0,1.0
331669,0,1,3400,-58,58,267,26,27,4.0,0.0,0.0,27,6.5,0.0,0.0,0.0,0.0,0.0,0.0,1.0
331918,0,1,3400,-58,58,262,26,27,4.0,0.0,0.0,27,6.5,0.0,0.0,0.0,0.0,0.0,0.0,1.0
332167,0,1,3400,-58,58,262,26,28,4.0,0.0,0.0,27,6.5,0.0,0.0,0.0,0.0,0.0,0.0,1.0
332416,0,1,3400,-58,58,258,26,27,4.0,0.0,0.0,27,6.5,0.0,0.0,0.0,0.0,0.0,0.0,1.0
332665,0,1,3400,-58,58,260,26,27,4.0,0.0,0.0,27,6.5,0.0,0.0,0.0,0.0,0.0,0.0,1.0
332914,0,1,3400,-58,58,263,26,27,4.0,0.0,0.0,27,6.5,0.0,0.0,0.0,0.0,0.0,0.0,1.0
333163,0,1,3400,-59,59,267,26,27,4.0,0.0,0.0,27,6.5,0.0,0.0,0.0,0.0,0.0,0.0,1.0
333412,0,1,3400,-59,59,259,26,27,4.0,0.0,0.0,27,6.5,0.0,0.0,0.0,0.0,0.0,0.0,1.0
333661,0,1,3400,-59,59,260,26,26,4.0,0.0,0.0,27,6.5,0.0,0.0,0.0,0.0,0.0,0.0,1.0
333910,0,1,3400,-59,59,257,26,26,4.0,0.0,0.0,27,6.5,0.0,0.0,0.0,0.0,0.0,0.0,1.0
334159,0,1,3400,-60,60,255,26,26,4.0,0.0,0.0,27,6.5,0.0,0.0,0.0,0.0,0.0,0.0,1.0
334408,0,1,3400,-60,60,264,26,26,4.0,0.0,0.0,27,6.5,0.0,0.0,0.0,0.0,0.0,0.0,1.0
334657,0,1,3400,-60,60,269,26,26,4.0,0.0,0.0,27,6.5,0.0,0.0,0.0,0.0,0.0,0.0,1.0
334906,0,1,3400,-60,60,265,26,26,4.0,0.0,0.0,27,6.5,0.0,0.0,0.0,0.0,0.0,0.0,1.0
335155,0,1,3400,-60,60,266,26,26,4.0,0.0,0.0,27,6.5,0.0,0.0,0.0,0.0,0.0,0.0,1.0
335404,0,1,3400,-60,60,264,26,26,4.0,0.0,0.0,27,6.5,0.0,0.0,0.0,0.0,0.0,0.0,1.0
335653,0,1,3400,-60,60,262,26,26,4.0,0.0,0.0,27,6.5,0.0,0.0,0.0,0.0,0.0,0.0,1.0
335902,0,1,3400,-60,60,264,26,26,4.0,0.0,0.0,27,6.5,0.0,0.0,0.0,0.0,0.0,0.0,1.0
336151,0,1,3400,-61,61,261,26,26,4.0,0.0,0.0,27,6.5,0.0,0.0,0.0,0.0,0.0,0.0,1.0
336400,0,1,3400,-61,61,261,26,25,4.0,0.0,0.0,27,6.5,0.0,0.0,0.0,0.0,0.0,0.0,1.0
336649,0,1,3400,-61,61,268,26,25,4.0,0.0,0.0,27,6.5,0.0,0.0,0.0,0.0,0.0,0.0,1.0
336898,0,1,3400,-61,61,266,26,26,4.0,0.0,0.0,27,6.5,0.0,0.0,0.0,0.0,0.0,0.0,1.0
337147,0,1,3400,-61,61,263,26,26,4.0,0.0,0.0,27,6.5,0.0,0.0,0.0,0.0,0.0,0.0,1.0
337396,0,1,3400,-61,61,265,26,25,4.0,0.0,0.0,27,6.5,0.0,0.0,0.0,0.0,0.0,0.0,1.0
337645,0,1,3400,-61,61,268,26,25,4.0,0.0,0.0,27,6.5,0.0,0.0,0.0,0.0,0.0,0.0,1.0
337894,0,1,3400,-61,61,262,26,26,4.0,0.0,0.0,27,6.5,0.0,0.0,0.0,0.0,0.0,0.0,1.0
338143,0,1,3400,-61,61,266,26,25,4.0,0.0,0.0,27,6.5,0.0,0.0,0.0,0.0,0.0,0.0,1.0
338392,0,1,3400,-61,61,264,26,25,4.0,0.0,0.0,27,6.5,0.0,0.0,0.0,0.0,0.0,0.0,1.0
338641,0,1,3400,-61,61,264,26,25,4.0,0.0,0.0,27,6.5,0.0,0.0,0.0,0.0,0.0,0.0,1.0
338890,0,1,3400,-61,61,259,26,25,4.0,0.0,0.0,27,6.5,0.0,0.0,0.0,0.0,0.0,0.0,1.0
339139,0,1,3400,-61,61,261,26,25,4.0,0.0,0.0,27,6.5,0.0,0.0,0.0,0.0,0.0,0.0,1.0
339388,0,1,3400,-61,61,264,26,25,4.0,0.0,0.0,27,6.5,0.0,0.0,0.0,0.0,0.0,0.0,1.0
339637,0,1,3400,-61,61,268,26,25,4.0,0.0,0.0,27,6.5,0.0,0.0,0.0,0.0,0.0,0.0,1.0
339886,0,1,3400,-61,61,262,26,25,4.0,0.0,0.0,27,6.5,0.0,0.0,0.0,0.0,0.0,0.0,1.0
340135,0,1,3400,-61,61,261,26,26,4.0,0.0,0.0,27,6.5,0.0,0.0,0.0,0.0,0.0,0.0,1.0
340384,0,1,3400,-61,61,261,26,25,4.0,0.0,0.0,27,6.5,0.0,0.0,0.0,0.0,0.0,0.0,1.0
340633,0,1,3400,-61,61,262,26,25,4.0,0.0,0.0,27,6.5,0.0,0.0,0.0,0.0,0.0,0.0,1.0
340882,0,1,3400,-61,61,261,26,26,4.0,0.0,0.0,27,6.5,0.0,0.0,0.0,0.0,0.0,0.0,1.0
341131,0,1,3400,-61,61,260,26,26,4.0,0.0,0.0,27,6.5,0.0,0.0,0.0,0.0,0.0,0.0,1.0
341380,0,1,3400,-61,61,263,26,25,4.0,0.0,0.0,27,6.5,0.0,0.0,0.0,0.0,0.0,0.0,1.0
341629,0,1,3400,-61,61,260,26,25,4.0,0.0,0.0,27,6.5,0.0,0.0,0.0,0.0,0.0,0.0,1.0
341878,0,1,3400,-61,61,260,26,25,4.0,0.0,0.0,27,6.5,0.0,0.0,0.0,0.0,0.0,0.0,1.0
342127,0,1,3400,-62,62,260,26,25,4.0,0.0,0.0,27,6.5,0.0,0.0,0.0,0.0,0.0,0.0,1.0
342376,0,1,3400,-62,62,260,27,25,4.0,0.0,0.0,27,6.5,0.0,0.0,0.0,0.0,0.0,0.0,1.0
342625,0,1,3400,-62,62,263,26,24,4.0,0.0,0.0,27,6.5,0.0,0.0,0.0,0.0,0.0,0.0,1.0
342874,0,1,3400,-62,62,260,26,25,4.0,0.0,0.0,27,6.5,0.0,0.0,0.0,0.0,0.0,0.0,1.0
343123,0,1,3400,-62,62,263,26,25,4.0,0.0,0.0,27,6.5,0.0,0.0,0.0,0.0,0.0,0.0,1.0
343372,0,1,3400,-62,62,269,26,24,4.0,0.0,0.0,27,6.5,0.0,0.0,0.0,0.0,0.0,0.0,1.0
343621,0,1,3400,-62,62,264,26,24,4.0,0.0,0.0,27,6.5,0.0,0.0,0.0,0.0,0.0,0.0,1.0
343870,0,1,3400,-62,62,257,26,24,4.0,0.0,0.0,27,6.5,0.0,0.0,0.0,0.0,0.0,0.0,1.0
344119,0,1,3400,-63,63,261,26,24,4.0,0.0,0.0,27,6.5,0.0,0.0,0.0,0.0,0.0,0.0,1.0
344368,0,1,3400,-63,63,264,26,24,4.0,0.0,0.0,27,6.5,0.0,0.0,0.0,0.0,0.0,0.0,1.0
344617,0,1,3400,-63,63,262,26,23,4.0,0.0,0.0,27,6.5,0.0,0.0,0.0,0.0,0.0,0.0,1.0
344866,0,1,3400,-63,63,263,26,23,4.0,0.0,0.0,27,6.5,0.0,0.0,0.0,0.0,0.0,0.0,1.0
345115,0,1,3400,-64,64,262,26,23,4.0,0.0,0.0,27,6.4,0.0,0.0,0.0,0.0,0.0,0.0,1.0
345364,0,1,3400,-64,64,262,26,23,4.0,0.0,0.0,27,6.5,0.0,0.0,0.0,0.0,0.0,0.0,1.0
345613,0,1,3400,-64,64,267,26,23,4.0,0.0,0.0,27,6.5,0.0,0.0,0.0,0.0,0.0,0.0,1.0
345862,0,1,3400,-64,64,263,26,23,4.0,0.0,0.0,27,6.5,0.0,0.0,0.0,0.0,0.0,0.0,1.0
346111,0,1,3400,-64,64,263,26,23,4.0,0.0,0.0,27,6.5,0.0,0.0,0.0,0.0,0.0,0.0,1.0
346360,0,1,3400,-64,64,263,26,23,4.0,0.0,0.0,27,6.5,0.0,0.0,0.0,0.0,0.0,0.0,1.0
346609,0,1,3400,-64,64,262,26,23,4.0,0.0,0.0,27,6.5,0.0,0.0,0.0,0.0,0.0,0.0,1.0
346858,0,1,3400,-64,64,261,26,23,4.0,0.0,0.0,27,6.5,0.0,0.0,0.0,0.0,0.0,0.0,1.0
347107,0,1,3400,-64,64,263,26,23,4.0,0.0,0.0,27,6.4,0.0,0.0,0.0,0.0,0.0,0.0,1.0
347356,0,1,3400,-64,64,264,26,23,4.0,0.0,0.0,27,6.5,0.0,0.0,0.0,0.0,0.0,0.0,1.0
347605,0,1,3400,-64,64,258,26,23,4.0,0.0,0.0,27,6.5,0.0,0.0,0.0,0.0,0.0,0.0,1.0
347854,0,1,3400,-64,64,265,26,23,4.0,0.0,0.0,27,6.5,0.0,0.0,0.0,0.0,0.0,0.0,1.0
348103,0,1,3400,-64,64,267,26,23,4.0,0.0,0.0,27,6.5,0.0,0.0,0.0,0.0,0.0,0.0,1.0
348352,0,1,3400,-64,64,265,26,23,4.0,0.0,0.0,27,6.5,0.0,0.0,0.0,0.0,0.0,0.0,1.0
348601,0,1,3400,-64,64,264,26,23,4.0,0.0,0.0,27,6.5,0.0,0.0,0.0,0.0,0.0,0.0,1.0
348850,0,1,3400,-64,64,268,26,23,4.0,0.0,0.0,27,6.5,0.0,0.0,0.0,0.0,0.0,0.0,1.0
349099,0,1,3400,-64,64,263,26,23,4.0,0.0,0.0,27,6.5,0.0,0.0,0.0,0.0,0.0,0.0,1.0
349348,0,1,3400,-64,64,262,26,23,4.0,0.0,0.0,27,6.4,0.0,0.0,0.0,0.0,0.0,0.0,1.0
349597,0,1,3400,-64,64,264,26,23,4.0,0.0,0.0,27,6.5,0.0,0.0,0.0,0.0,0.0,0.0,1.0
349846,0,1,3400,-64,64,262,26,23,4.0,0.0,0.0,27,6.5,0.0,0.0,0.0,0.0,0.0,0.0,1.0
350095,0,1,3400,-63,63,263,26,23,4.0,0.0,0.0,27,6.5,0.0,0.0,0.0,0.0,0.0,0.0,1.0
350344,0,1,3400,-63,63,261,26,23,4.0,0.0,0.0,27,6.5,0.0,0.0,0.0,0.0,0.0,0.0,1.0
350593,0,1,3400,-63,63,265,26,24,4.0,0.0,0.0,27,6.5,0.0,0.0,0.0,0.0,0.0,0.0,1.0
350842,0,1,3400,-63,63,264,26,24,4.0,0.0,0.0,27,6.5,0.0,0.0,0.0,0.0,0.0,0.0,1.0
351091,0,1,3400,-63,63,269,26,24,4.0,0.0,0.0,27,6.5,0.0,0.0,0.0,0.0,0.0,0.0,1.0
351340,0,1,3400,-63,63,266,26,24,4.0,0.0,0.0,27,6.5,0.0,0.0,0.0,0.0,0.0,0.0,1.0
351589,0,1,3400,-63,63,261,26,24,4.0,0.0,0.0,27,6.5,0.0,0.0,0.0,0.0,0.0,0.0,1.0
351838,0,1,3400,-63,63,261,26,24,4.0,0.0,0.0,27,6.5,0.0,0.0,0.0,0.0,0.0,0.0,1.0
352087,0,1,3400,-63,63,265,26,24,4.0,0.0,0.0,27,6.5,0.0,0.0,0.0,0.0,0.0,0.0,1.0
352336,0,1,3400,-63,63,262,26,24,4.0,0.0,0.0,27,6.5,0.0,0.0,0.0,0.0,0.0,0.0,1.0
352585,0,1,3400,-63,63,265,26,24,4.0,0.0,0.0,27,6.5,0.0,0.0,0.0,0.0,0.0,0.0,1.0
352834,0,1,3400,-63,63,267,26,24,4.0,0.0,0.0,27,6.5,0.0,0.0,0.0,0.0,0.0,0.0,1.0
353083,0,1,3400,-63,63,260,26,24,4.0,0.0,0.0,27,6.5,0.0,0.0,0.0,0.0,0.0,0.0,1.0
353332,0,1,3400,-63,63,261,26,24,4.0,0.0,0.0,27,6.5,0.0,0.0,0.0,0.0,0.0,0.0,1.0
353581,0,1,3400,-63,63,264,26,24,4.0,0.0,0.0,27,6.5,0.0,0.0,0.0,0.0,0.0,0.0,1.0
353830,0,1,3400,-63,63,259,26,24,4.0,0.0,0.0,27,6.5,0.0,0.0,0.0,0.0,0.0,0.0,1.0
354079,0,1,3400,-63,63,262,26,24,4.0,0.0,0.0,27,6.5,0.0,0.0,0.0,0.0,0.0,0.0,1.0
354328,0,1,3400,-63,63,263,26,24,4.0,0.0,0.0,27,6.5,0.0,0.0,0.0,0.0,0.0,0.0,1.0
354577,0,1,3400,-63,63,267,26,24,4.0,0.0,0.0,27,6.5,0.0,0.0,0.0,0.0,0.0,0.0,1.0
354826,0,1,3400,-63,63,267,26,24,4.0,0.0,0.0,27,6.4,0.0,0.0,0.0,0.0,0.0,0.0,1.0
355075,0,1,3400,-62,62,266,26,24,4.0,0.0,0.0,27,6.5,0.0,0.0,0.0,0.0,0.0,0.0,1.0
355324,0,1,3400,-62,62,259,26,24,4.0,0.0,0.0,27,6.5,0.0,0.0,0.0,0.0,0.0,0.0,1.0
355573,0,1,3400,-62,62,257,26,25,4.0,0.0,0.0,27,6.5,0.0,0.0,0.0,0.0,0.0,0.0,1.0
355822,0,1,3400,-62,62,263,26,25,4.0,0.0,0.0,27,6.5,0.0,0.0,0.0,0.0,0.0,0.0,1.0
356071,0,1,3400,-62,62,262,26,25,4.0,0.0,0.0,27,6.5,0.0,0.0,0.0,0.0,0.0,0.0,1.0
356320,0,1,3400,-61,61,265,26,25,4.0,0.0,0.0,27,6.5,0.0,0.0,0.0,0.0,0.0,0.0,1.0
356569,0,1,3400,-61,61,262,26,25,4.0,0.0,0.0,27,6.5,0.0,0.0,0.0,0.0,0.0,0.0,1.0
356818,0,1,3400,-61,61,265,26,26,4.0,0.0,0.0,27,6.5,0.0,0.0,0.0,0.0,0.0,0.0,1.0
357067,0,1,3400,-61,61,261,26,25,4.0,0.0,0.0,27,6.5,0.0,0.0,0.0,0.0,0.0,0.0,1.0
357316,0,1,3400,-61,61,265,26,25,4.0,0.0,0.0,27,6.5,0.0,0.0,0.0,0.0,0.0,0.0,1.0
357565,0,1,3400,-61,61,266,26,26,4.0,0.0,0.0,27,6.5,0.0,0.0,0.0,0.0,0.0,0.0,1.0
357814,0,1,3400,-61,61,264,26,26,4.0,0.0,0.0,27,6.5,0.0,0.0,0.0,0.0,0.0,0.0,1.0
358063,0,1,3400,-60,60,265,26,26,4.0,0.0,0.0,27,6.5,0.0,0.0,0.0,0.0,0.0,0.0,1.0
358312,0,1,3400,-60,60,256,26,25,4.0,0.0,0.0,27,6.5,0.0,0.0,0.0,0.0,0.0,0.0,1.0
358561,0,1,3400,-60,60,259,26,26,4.0,0.0,0.0,27,6.5,0.0,0.0,0.0,0.0,0.0,0.0,1.0
358810,0,1,3400,-60,60,265,26,26,4.0,0.0,0.0,27,6.5,0.0,0.0,0.0,0.0,0.0,0.0,1.0
359059,0,1,3400,-60,60,262,26,26,4.0,0.0,0.0,27,6.5,0.0,0.0,0.0,0.0,0.0,0.0,1.0
359308,0,1,3400,-60,60,264,26,26,4.0,0.0,0.0,27,6.5,0.0,0.0,0.0,0.0,0.0,0.0,1.0
359557,0,1,3400,-60,60,265,26,26,4.0,0.0,0.0,27,6.5,0.0,0.0,0.0,0.0,0.0,0.0,1.0
359806,0,1,3400,-60,60,263,26,27,4.0,0.0,0.0,27,6.5,0.0,0.0,0.0,0.0,0.0,0.0,1.0
360055,0,1,3400,-60,60,259,26,26,4.0,0.0,0.0,27,6.5,0.0,0.0,0.0,0.0,0.0,0.0,1.0
360304,0,1,3400,-60,60,256,26,26,4.0,0.0,0.0,27,6.5,0.0,0.0,0.0,0.0,0.0,0.0,1.0
360553,0,1,3400,-60,60,261,26,26,4.0,0.0,0.0,27,6.5,0.0,0.0,0.0,0.0,0.0,0.0,1.0
360802,0,1,3400,-60,60,263,26,26,4.0,0.0,0.0,27,6.5,0.0,0.0,0.0,0.0,0.0,0.0,1.0
361051,0,1,3400,-60,60,267,26,26,4.0,0.0,0.0,27,6.5,0.0,0.0,0.0,0.0,0.0,0.0,1.0
361300,0,1,3400,-60,60,264,26,26,4.0,0.0,0.0,27,6.5,0.0,0.0,0.0,0.0,0.0,0.0,1.0
361549,0,1,3400,-60,60,262,26,26,4.0,0.0,0.0,27,6.5,0.0,0.0,0.0,0.0,0.0,0.0,1.0
361798,0,1,3400,-60,60,266,26,26,4.0,0.0,0.0,27,6.5,0.0,0.0,0.0,0.0,0.0,0.0,1.0
362047,0,1,3400,-60,60,264,26,26,4.0,0.0,0.0,27,6.4,0.0,0.0,0.0,0.0,0.0,0.0,1.0
362296,0,1,3400,-60,60,260,27,26,4.0,0.0,0.0,27,6.5,0.0,0.0,0.0,0.0,0.0,0.0,1.0
362545,0,1,3400,-60,60,266,26,26,4.0,0.0,0.0,27,6.5,0.0,0.0,0.0,0.0,0.0,0.0,1.0
362794,0,1,3400,-60,60,261,26,26,4.0,0.0,0.0,27,6.5,0.0,0.0,0.0,0.0,0.0,0.0,1.0
363043,0,1,3400,-59,59,266,26,26,4.0,0.0,0.0,27,6.5,0.0,0.0,0.0,0.0,0.0,0.0,1.0
363292,0,1,3400,-59,59,262,26,26,4.0,0.0,0.0,27,6.5,0.0,0.0,0.0,0.0,0.0,0.0,1.0
363541,0,1,3400,-59,59,262,26,27,4.0,0.0,0.0,27,6.5,0.0,0.0,0.0,0.0,0.0,0.0,1.0
363790,0,1,3400,-59,59,263,26,27,4.0,0.0,0.0,27,6.5,0.0,0.0,0.0,0.0,0.0,0.0,1.0
364039,0,1,3400,-59,59,262,26,27,4.0,0.0,0.0,27,6.5,0.0,0.0,0.0,0.0,0.0,0.0,1.0
364288,0,1,3400,-59,59,268,26,27,4.0,0.0,0.0,27,6.5,0.0,0.0,0.0,0.0,0.0,0.0,1.0
364537,0,1,3400,-59,59,267,26,27,4.0,0.0,0.0,27,6.5,0.0,0.0,0.0,0.0,0.0,0.0,1.0
364786,0,1,3400,-59,59,262,26,27,4.0,0.0,0.0,27,6.5,0.0,0.0,0.0,0.0,0.0,0.0,1.0
365035,0,1,3400,-59,59,265,26,27,4.0,0.0,0.0,27,6.5,0.0,0.0,0.0,0.0,0.0,0.0,1.0
365284,0,1,3400,-59,59,267,26,27,4.0,0.0,0.0,27,6.5,0.0,0.0,0.0,0.0,0.0,0.0,1.0
365533,0,1,3400,-59,59,267,26,27,4.0,0.0,0.0,27,6.5,0.0,0.0,0.0,0.0,0.0,0.0,1.0
365782,0,1,3400,-59,59,268,26,27,4.0,0.0,0.0,27,6.5,0.0,0.0,0.0,0.0,0.0,0.0,1.0
366031,0,1,3400,-59,59,265,26,27,4.0,0.0,0.0,27,6.5,0.0,0.0,0.0,0.0,0.0,0.0,1.0
366280,0,1,3400,-59,59,261,26,27,4.0,0.0,0.0,27,6.5,0.0,0.0,0.0,0.0,0.0,0.0,1.0
366529,0,1,3400,-59,59,261,26,27,4.0,0.0,0.0,27,6.5,0.0,0.0,0.0,0.0,0.0,0.0,1.0
366778,0,1,3400,-59,59,260,26,27,4.0,0.0,0.0,27,6.5,0.0,0.0,0.0,0.0,0.0,0.0,1.0
367027,0,1,3400,-59,59,263,26,26,4.0,0.0,0.0,27,6.5,0.0,0.0,0.0,0.0,0.0,0.0,1.0
367276,0,1,3400,-59,59,265,26,26,4.0,0.0,0.0,27,6.5,0.0,0.0,0.0,0.0,0.0,0.0,1.0
367525,0,1,3400,-59,59,266,26,27,4.0,0.0,0.0,27,6.5,0.0,0.0,0.0,0.0,0.0,0.0,1.0
367774,0,1,3400,-59,59,266,26,27,4.0,0.0,0.0,27,6.5,0.0,0.0,0.0,0.0,0.0,0.0,1.0
368023,0,1,3400,-59,59,265,26,27,4.0,0.0,0.0,27,6.5,0.0,0.0,0.0,0.0,0.0,0.0,1.0
368272,0,1,3400,-59,59,264,26,27,4.0,0.0,0.0,27,6.5,0.0,0.0,0.0,0.0,0.0,0.0,1.0
368521,0,1,3400,-59,59,260,26,27,4.0,0.0,0.0,27,6.5,0.0,0.0,0.0,0.0,0.0,0.0,1.0
368770,0,1,3400,-59,59,261,26,27,4.0,0.0,0.0,27,6.5,0.0,0.0,0.0,0.0,0.0,0.0,1.0
369019,0,1,3400,-59,59,265,26,26,4.0,0.0,0.0,27,6.5,0.0,0.0,0.0,0.0,0.0,0.0,1.0
369268,0,1,3400,-59,59,263,26,27,4.0,0.0,0.0,27,6.5,0.0,0.0,0.0,0.0,0.0,0.0,1.0
369517,0,1,3400,-59,59,263,26,27,4.0,0.0,0.0,27,6.5,0.0,0.0,0.0,0.0,0.0,0.0,1.0
369766,0,1,3400,-59,59,261,26,27,4.0,0.0,0.0,27,6.5,0.0,0.0,0.0,0.0,0.0,0.0,1.0
370015,0,1,3400,-59,59,261,26,27,4.0,0.0,0.0,27,6.5,0.0,0.0,0.0,0.0,0.0,0.0,1.0
370264,0,1,3400,-59,59,257,26,27,4.0,0.0,0.0,27,6.5,0.0,0.0,0.0,0.0,0.0,0.0,1.0
370513,0,1,3400,-59,59,262,26,27,4.0,0.0,0.0,27,6.4,0.0,0.0,0.0,0.0,0.0,0.0,1.0
370762,0,1,3400,-59,59,261,26,27,4.0,0.0,0.0,27,6.5,0.0,0.0,0.0,0.0,0.0,0.0,1.0
371011,0,1,3400,-59,59,262,26,27,4.0,0.0,0.0,27,6.5,0.0,0.0,0.0,0.0,0.0,0.0,1.0
371260,0,1,3400,-59,59,268,26,27,4.0,0.0,0.0,27,6.5,0.0,0.0,0.0,0.0,0.0,0.0,1.0
371509,0,1,3400,-59,59,267,26,27,4.0,0.0,0.0,27,6.5,0.0,0.0,0.0,0.0,0.0,0.0,1.0
371758,0,1,3400,-59,59,268,26,27,4.0,0.0,0.0,27,6.5,0.0,0.0,0.0,0.0,0.0,0.0,1.0
372007,0,1,3400,-59,59,267,26,27,4.0,0.0,0.0,27,6.5,0.0,0.0,0.0,0.0,0.0,0.0,1.0
372256,0,1,3400,-59,59,264,26,27,4.0,0.0,0.0,27,6.5,0.0,0.0,0.0,0.0,0.0,0.0,1.0
372505,0,1,3400,-59,59,265,26,27,4.0,0.0,0.0,27,6.5,0.0,0.0,0.0,0.0,0.0,0.0,1.0
372754,0,1,3400,-59,59,260,26,27,4.0,0.0,0.0,27,6.5,0.0,0.0,0.0,0.0,0.0,0.0,1.0
373003,0,1,3400,-59,59,262,26,27,4.0,0.0,0.0,27,6.5,0.0,0.0,0.0,0.0,0.0,0.0,1.0
373252,0,1,3400,-59,59,266,26,27,4.0,0.0,0.0,27,6.5,0.0,0.0,0.0,0.0,0.0,0.0,1.0
373501,0,1,3400,-59,59,271,26,27,4.0,0.0,0.0,27,6.5,0.0,0.0,0.0,0.0,0.0,0.0,1.0
373750,0,1,3400,-59,59,261,26,27,4.0,0.0,0.0,27,6.5,0.0,0.0,0.0,0.0,0.0,0.0,1.0
373999,0,1,3400,-59,59,259,26,27,4.0,0.0,0.0,27,6.5,0.0,0.0,0.0,0.0,0.0,0.0,1.0
374248,0,1,3400,-59,59,261,26,27,4.0,0.0,0.0,27,6.5,0.0,0.0,0.0,0.0,0.0,0.0,1.0
374497,0,1,3400,-59,59,268,26,27,4.0,0.0,0.0,27,6.5,0.0,0.0,0.0,0.0,0.0,0.0,1.0
374746,0,1,3400,-59,59,263,26,27,4.0,0.0,0.0,27,6.5,0.0,0.0,0.0,0.0,0.0,0.0,1.0
374995,0,1,3400,-59,59,260,27,27,4.0,0.0,0.0,27,6.5,0.0,0.0,0.0,0.0,0.0,0.0,1.0
375244,0,1,3400,-59,59,272,26,27,4.0,0.0,0.0,27,6.5,0.0,0.0,0.0,0.0,0.0,0.0,1.0
375493,0,1,3400,-59,59,266,26,27,4.0,0.0,0.0,27,6.5,0.0,0.0,0.0,0.0,0.0,0.0,1.0
375742,0,1,3400,-59,59,265,26,27,4.0,0.0,0.0,27,6.5,0.0,0.0,0.0,0.0,0.0,0.0,1.0
375991,0,1,3400,-58,58,265,26,27,4.0,0.0,0.0,27,6.5,0.0,0.0,0.0,0.0,0.0,0.0,1.0
376240,0,1,3400,-58,58,260,26,27,4.0,0.0,0.0,27,6.5,0.0,0.0,0.0,0.0,0.0,0.0,1.0
376489,0,1,3400,-58,58,260,26,27,4.0,0.0,0.0,27,6.5,0.0,0.0,0.0,0.0,0.0,0.0,1.0
376738,0,1,3400,-58,58,266,26,27,4.0,0.0,0.0,27,6.5,0.0,0.0,0.0,0.0,0.0,0.0,1.0
376987,0,1,3400,-58,58,263,26,27,4.0,0.0,0.0,27,6.5,0.0,0.0,0.0,0.0,0.0,0.0,1.0
377236,0,1,3400,-58,58,263,26,28,4.0,0.0,0.0,27,6.5,0.0,0.0,0.0,0.0,0.0,0.0,1.0
377485,0,1,3400,-58,58,268,26,28,4.0,0.0,0.0,27,6.5,0.0,0.0,0.0,0.0,0.0,0.0,1.0
377734,0,1,3400,-58,58,262,26,27,4.0,0.0,0.0,27,6.5,0.0,0.0,0.0,0.0,0.0,0.0,1.0
377983,0,1,3400,-58,58,260,26,27,4.0,0.0,0.0,27,6.5,0.0,0.0,0.0,0.0,0.0,0.0,1.0
378232,0,1,3400,-58,58,268,26,28,4.0,0.0,0.0,27,6.5,0.0,0.0,0.0,0.0,0.0,0.0,1.0
378481,0,1,3400,-58,58,267,26,28,4.0,0.0,0.0,27,6.5,0.0,0.0,0.0,0.0,0.0,0.0,1.0
378730,0,1,3400,-58,58,266,26,27,4.0,0.0,0.0,27,6.5,0.0,0.0,0.0,0.0,0.0,0.0,1.0
378979,0,1,3400,-57,57,262,26,27,4.0,0.0,0.0,27,6.5,0.0,0.0,0.0,0.0,0.0,0.0,1.0
379228,0,1,3400,-57,57,263,26,28,4.0,0.0,0.0,27,6.5,0.0,0.0,0.0,0.0,0.0,0.0,1.0
379477,0,1,3400,-57,57,264,26,28,4.0,0.0,0.0,27,6.5,0.0,0.0,0.0,0.0,0.0,0.0,1.0
379726,0,1,3400,-57,57,265,26,28,4.0,0.0,0.0,27,6.5,0.0,0.0,0.0,0.0,0.0,0.0,1.0
379975,0,1,3400,-57,57,267,26,28,4.0,0.0,0.0,27,6.5,0.0,0.0,0.0,0.0,0.0,0.0,1.0
380224,0,1,3400,-57,57,265,26,28,4.0,0.0,0.0,27,6.5,0.0,0.0,0.0,0.0,0.0,0.0,1.0
380473,0,1,3400,-57,57,263,26,28,4.0,0.0,0.0,27,6.5,0.0,0.0,0.0,0.0,0.0,0.0,1.0
380722,0,1,3400,-57,57,259,26,27,4.0,0.0,0.0,27,6.5,0.0,0.0,0.0,0.0,0.0,0.0,1.0
380971,0,1,3400,-57,57,260,26,28,4.0,0.0,0.0,27,6.5,0.0,0.0,0.0,0.0,0.0,0.0,1.0
381220,0,1,3400,-57,57,262,26,28,4.0,0.0,0.0,27,6.5,0.0,0.0,0.0,0.0,0.0,0.0,1.0
381469,0,1,3400,-57,57,261,26,28,4.0,0.0,0.0,27,6.5,0.0,0.0,0.0,0.0,0.0,0.0,1.0
381718,0,1,3400,-57,57,262,26,27,4.0,0.0,0.0,27,6.5,0.0,0.0,0.0,0.0,0.0,0.0,1.0
381967,0,1,3400,-57,57,264,26,28,4.0,0.0,0.0,27,6.5,0.0,0.0,0.0,0.0,0.0,0.0,1.0
382216,0,1,3400,-56,56,269,26,29,4.0,0.0,0.0,27,6.5,0.0,0.0,0.0,0.0,0.0,0.0,1.0
382465,0,1,3400,-56,56,263,26,28,4.0,0.0,0.0,27,6.5,0.0,0.0,0.0,0.0,0.0,0.0,1.0
382714,0,1,3400,-56,56,265,26,28,4.0,0.0,0.0,27,6.5,0.0,0.0,0.0,0.0,0.0,0.0,1.0
382963,0,1,3400,-56,56,265,26,29,4.0,0.0,0.0,27,6.5,0.0,0.0,0.0,0.0,0.0,0.0,1.0
383212,0,1,3400,-56,56,267,26,29,4.0,0.0,0.0,27,6.5,0.0,0.0,0.0,0.0,0.0,0.0,1.0
383461,0,1,3400,-56,56,271,26,29,4.0,0.0,0.0,27,6.5,0.0,0.0,0.0,0.0,0.0,0.0,1.0
383710,0,1,3400,-56,56,266,26,28,4.0,0.0,0.0,27,6.5,0.0,0.0,0.0,0.0,0.0,0.0,1.0
383959,0,1,3400,-56,56,262,26,29,4.0,0.0,0.0,27,6.5,0.0,0.0,0.0,0.0,0.0,0.0,1.0
384208,0,1,3400,-56,56,264,26,29,4.0,0.0,0.0,27,6.5,0.0,0.0,0.0,0.0,0.0,0.0,1.0
384457,0,1,3400,-56,56,260,26,28,4.0,0.0,0.0,27,6.5,0.0,0.0,0.0,0.0,0.0,0.0,1.0
384706,0,1,3400,-56,56,259,26,28,4.0,0.0,0.0,27,6.5,0.0,0.0,0.0,0.0,0.0,0.0,1.0
384955,0,1,3400,-57,57,260,26,28,4.0,0.0,0.0,27,6.5,0.0,0.0,0.0,0.0,0.0,0.0,1.0
385204,0,1,3400,-57,57,262,26,28,4.0,0.0,0.0,27,6.5,0.0,0.0,0.0,0.0,0.0,0.0,1.0
385453,0,1,3400,-57,57,266,26,28,4.0,0.0,0.0,27,6.5,0.0,0.0,0.0,0.0,0.0,0.0,1.0
385702,0,1,3400,-57,57,264,26,27,4.0,0.0,0.0,27,6.5,0.0,0.0,0.0,0.0,0.0,0.0,1.0
385951,0,1,3400,-57,57,261,26,28,4.0,0.0,0.0,27,6.5,0.0,0.0,0.0,0.0,0.0,0.0,1.0
386200,0,1,3400,-57,57,265,26,28,4.0,0.0,0.0,27,6.5,0.0,0.0,0.0,0.0,0.0,0.0,1.0
386449,0,1,3400,-57,57,264,26,28,4.0,0.0,0.0,27,6.5,0.0,0.0,0.0,0.0,0.0,0.0,1.0
386698,0,1,3400,-57,57,261,26,27,4.0,0.0,0.0,27,6.5,0.0,0.0,0.0,0.0,0.0,0.0,1.0
386947,0,1,3400,-58,58,267,26,28,4.0,0.0,0.0,27,6.5,0.0,0.0,0.0,0.0,0.0,0.0,1.0
387196,0,1,3400,-58,58,266,26,28,4.0,0.0,0.0,27,6.5,0.0,0.0,0.0,0.0,0.0,0.0,1.0
387445,0,1,3400,-58,58,265,26,27,4.0,0.0,0.0,27,6.5,0.0,0.0,0.0,0.0,0.0,0.0,1.0
387694,0,1,3400,-58,58,256,26,27,4.0,0.0,0.0,27,6.5,0.0,0.0,0.0,0.0,0.0,0.0,1.0
387943,0,1,3400,-59,59,261,27,27,4.0,0.0,0.0,27,6.5,0.0,0.0,0.0,0.0,0.0,0.0,1.0
388192,0,1,3400,-59,59,267,26,27,4.0,0.0,0.0,27,6.5,0.0,0.0,0.0,0.0,0.0,0.0,1.0
388441,0,1,3400,-59,59,265,26,27,4.0,0.0,0.0,27,6.5,0.0,0.0,0.0,0.0,0.0,0.0,1.0
388690,0,1,3400,-59,59,262,26,26,4.0,0.0,0.0,27,6.5,0.0,0.0,0.0,0.0,0.0,0.0,1.0
388939,0,1,3400,-59,59,266,26,27,4.0,0.0,0.0,27,6.5,0.0,0.0,0.0,0.0,0.0,0.0,1.0
389188,0,1,3400,-59,59,269,26,27,4.0,0.0,0.0,27,6.5,0.0,0.0,0.0,0.0,0.0,0.0,1.0
389437,0,1,3400,-59,59,267,26,27,4.0,0.0,0.0,27,6.5,0.0,0.0,0.0,0.0,0.0,0.0,1.0
389686,0,1,3400,-59,59,266,26,27,4.0,0.0,0.0,27,6.5,0.0,0.0,0.0,0.0,0.0,0.0,1.0
389935,0,1,3400,-59,59,266,26,27,4.0,0.0,0.0,27,6.5,0.0,0.0,0.0,0.0,0.0,0.0,1.0
390184,0,1,3400,-59,59,259,26,27,4.0,0.0,0.0,27,6.5,0.0,0.0,0.0,0.0,0.0,0.0,1.0
390433,0,1,3400,-59,59,259,26,27,4.0,0.0,0.0,27,6.5,0.0,0.0,0.0,0.0,0.0,0.0,1.0
390682,0,1,3400,-59,59,263,26,27,4.0,0.0,0.0,27,6.5,0.0,0.0,0.0,0.0,0.0,0.0,1.0
390931,0,1,3400,-59,59,263,26,27,4.0,0.0,0.0,27,6.5,0.0,0.0,0.0,0.0,0.0,0.0,1.0
391180,0,1,3400,-59,59,260,26,27,4.0,0.0,0.0,27,6.5,0.0,0.0,0.0,0.0,0.0,0.0,1.0
391429,0,1,3400,-59,59,268,26,27,4.0,0.0,0.0,27,6.5,0.0,0.0,0.0,0.0,0.0,0.0,1.0
391678,0,1,3400,-59,59,272,26,27,4.0,0.0,0.0,27,6.5,0.0,0.0,0.0,0.0,0.0,0.0,1.0
391927,0,1,3400,-59,59,265,26,27,4.0,0.0,0.0,27,6.5,0.0,0.0,0.0,0.0,0.0,0.0,1.0
392176,0,1,3400,-59,59,263,26,27,4.0,0.0,0.0,27,6.5,0.0,0.0,0.0,0.0,0.0,0.0,1.0
392425,0,1,3400,-59,59,263,26,27,4.0,0.0,0.0,27,6.5,0.0,0.0,0.0,0.0,0.0,0.0,1.0
392674,0,1,3400,-59,59,262,26,27,4.0,0.0,0.0,27,6.5,0.0,0.0,0.0,0.0,0.0,0.0,1.0
392923,0,1,3400,-59,59,262,26,27,4.0,0.0,0.0,27,6.5,0.0,0.0,0.0,0.0,0.0,0.0,1.0
393172,0,1,3400,-59,59,264,26,27,4.0,0.0,0.0,27,6.5,0.0,0.0,0.0,0.0,0.0,0.0,1.0
393421,0,1,3400,-59,59,264,26,27,4.0,0.0,0.0,27,6.5,0.0,0.0,0.0,0.0,0.0,0.0,1.0
393670,0,1,3400,-59,59,266,26,27,4.0,0.0,0.0,27,6.5,0.0,0.0,0.0,0.0,0.0,0.0,1.0
393919,0,1,3400,-58,58,263,26,27,4.0,0.0,0.0,27,6.5,0.0,0.0,0.0,0.0,0.0,0.0,1.0
394168,0,1,3400,-58,58,262,26,27,4.0,0.0,0.0,27,6.5,0.0,0.0,0.0,0.0,0.0,0.0,1.0
394417,0,1,3400,-58,58,261,26,27,4.0,0.0,0.0,27,6.5,0.0,0.0,0.0,0.0,0.0,0.0,1.0
394666,0,1,3400,-58,58,261,26,27,4.0,0.0,0.0,27,6.5,0.0,0.0,0.0,0.0,0.0,0.0,1.0
394915,0,1,3400,-58,58,264,26,28,4.0,0.0,0.0,27,6.5,0.0,0.0,0.0,0.0,0.0,0.0,1.0
395164,0,1,3400,-58,58,268,26,28,4.0,0.0,0.0,27,6.5,0.0,0.0,0.0,0.0,0.0,0.0,1.0
395413,0,1,3400,-58,58,266,26,27,4.0,0.0,0.0,27,6.4,0.0,0.0,0.0,0.0,0.0,0.0,1.0
395662,0,1,3400,-58,58,263,26,28,4.0,0.0,0.0,27,6.5,0.0,0.0,0.0,0.0,0.0,0.0,1.0
395911,0,1,3400,-58,58,268,26,28,4.0,0.0,0.0,27,6.5,0.0,0.0,0.0,0.0,0.0,0.0,1.0
396160,0,1,3400,-58,58,272,26,28,4.0,0.0,0.0,27,6.5,0.0,0.0,0.0,0.0,0.0,0.0,1.0
396409,0,1,3400,-58,58,267,26,27,4.0,0.0,0.0,27,6.5,0.0,0.0,0.0,0.0,0.0,0.0,1.0
396658,0,1,3400,-58,58,260,26,28,4.0,0.0,0.0,27,6.5,0.0,0.0,0.0,0.0,0.0,0.0,1.0
396907,0,1,3400,-57,57,261,26,28,4.0,0.0,0.0,27,6.5,0.0,0.0,0.0,0.0,0.0,0.0,1.0
397156,0,1,3400,-57,57,260,26,28,4.0,0.0,0.0,27,6.5,0.0,0.0,0.0,0.0,0.0,0.0,1.0
397405,0,1,3400,-57,57,262,26,27,4.0,0.0,0.0,27,6.5,0.0,0.0,0.0,0.0,0.0,0.0,1.0
397654,0,1,3400,-57,57,265,26,28,4.0,0.0,0.0,27,6.5,0.0,0.0,0.0,0.0,0.0,0.0,1.0
397903,0,1,3400,-57,57,269,26,29,4.0,0.0,0.0,27,6.5,0.0,0.0,0.0,0.0,0.0,0.0,1.0
398152,0,1,3400,-57,57,268,26,28,4.0,0.0,0.0,27,6.5,0.0,0.0,0.0,0.0,0.0,0.0,1.0
398401,0,1,3400,-57,57,266,26,28,4.0,0.0,0.0,27,6.5,0.0,0.0,0.0,0.0,0.0,0.0,1.0
398650,0,1,3400,-57,57,271,26,28,4.0,0.0,0.0,27,6.5,0.0,0.0,0.0,0.0,0.0,0.0,1.0
398899,0,1,3400,-56,56,272,26,28,4.0,0.0,0.0,27,6.5,0.0,0.0,0.0,0.0,0.0,0.0,1.0
399148,0,1,3400,-56,56,264,26,28,4.0,0.0,0.0,27,6.5,0.0,0.0,0.0,0.0,0.0,0.0,1.0
399397,0,1,3400,-56,56,262,26,28,4.0,0.0,0.0,27,6.5,0.0,0.0,0.0,0.0,0.0,0.0,1.0
399646,0,1,3400,-56,56,266,26,29,4.0,0.0,0.0,27,6.5,0.0,0.0,0.0,0.0,0.0,0.0,1.0
399895,0,1,3400,-56,56,264,26,29,4.0,0.0,0.0,27,6.5,0.0,0.0,0.0,0.0,0.0,0.0,1.0
400144,0,1,3400,-56,56,264,26,29,4.0,0.0,0.0,27,6.5,0.0,0.0,0.0,0.0,0.0,0.0,1.0
400393,0,1,3400,-56,56,263,26,28,4.0,0.0,0.0,27,6.5,0.0,0.0,0.0,0.0,0.0,0.0,1.0
400642,0,1,3400,-56,56,268,26,29,4.0,0.0,0.0,27,6.5,0.0,0.0,0.0,0.0,0.0,0.0,1.0
400891,0,1,3400,-56,56,266,26,29,4.0,0.0,0.0,27,6.5,0.0,0.0,0.0,0.0,0.0,0.0,1.0
401140,0,1,3400,-56,56,263,26,29,4.0,0.0,0.0,27,6.5,0.0,0.0,0.0,0.0,0.0,0.0,1.0
401389,0,1,3400,-56,56,263,26,28,4.0,0.0,0.0,27,6.5,0.0,0.0,0.0,0.0,0.0,0.0,1.0
401638,0,1,3400,-56,56,260,26,29,4.0,0.0,0.0,27,6.5,0.0,0.0,0.0,0.0,0.0,0.0,1.0
401887,0,1,3400,-56,56,255,26,29,4.0,0.0,0.0,27,6.5,0.0,0.0,0.0,0.0,0.0,0.0,1.0
402136,0,1,3400,-56,56,262,26,28,4.0,0.0,0.0,27,6.5,0.0,0.0,0.0,0.0,0.0,0.0,1.0
402385,0,1,3400,-56,56,269,26,28,4.0,0.0,0.0,27,6.5,0.0,0.0,0.0,0.0,0.0,0.0,1.0
402634,0,1,3400,-56,56,264,26,29,4.0,0.0,0.0,27,6.5,0.0,0.0,0.0,0.0,0.0,0.0,1.0
402883,0,1,3400,-56,56,259,26,29,4.0,0.0,0.0,27,6.5,0.0,0.0,0.0,0.0,0.0,0.0,1.0
403132,0,1,3400,-56,56,264,26,28,4.0,0.0,0.0,27,6.5,0.0,0.0,0.0,0.0,0.0,0.0,1.0
403381,0,1,3400,-56,56,264,26,28,4.0,0.0,0.0,27,6.5,0.0,0.0,0.0,0.0,0.0,0.0,1.0
403630,0,1,3400,-56,56,266,26,29,4.0,0.0,0.0,27,6.5,0.0,0.0,0.0,0.0,0.0,0.0,1.0
403879,0,1,3400,-56,56,267,26,29,4.0,0.0,0.0,27,6.5,0.0,0.0,0.0,0.0,0.0,0.0,1.0
404128,0,1,3400,-56,56,268,26,28,4.0,0.0,0.0,27,6.5,0.0,0.0,0.0,0.0,0.0,0.0,1.0
404377,0,1,3400,-56,56,264,26,28,4.0,0.0,0.0,27,6.5,0.0,0.0,0.0,0.0,0.0,0.0,1.0
404626,0,1,3400,-56,56,263,26,29,4.0,0.0,0.0,27,6.5,0.0,0.0,0.0,0.0,0.0,0.0,1.0
404875,0,1,3400,-56,56,260,26,29,4.0,0.0,0.0,27,6.5,0.0,0.0,0.0,0.0,0.0,0.0,1.0
405124,0,1,3400,-56,56,265,26,28,4.0,0.0,0.0,27,6.5,0.0,0.0,0.0,0.0,0.0,0.0,1.0
405373,0,1,3400,-56,56,266,26,28,4.0,0.0,0.0,27,6.5,0.0,0.0,0.0,0.0,0.0,0.0,1.0
405622,0,1,3400,-56,56,267,26,28,4.0,0.0,0.0,27,6.5,0.0,0.0,0.0,0.0,0.0,0.0,1.0
405871,0,1,3400,-56,56,259,26,28,4.0,0.0,0.0,27,6.5,0.0,0.0,0.0,0.0,0.0,0.0,1.0
406120,0,1,3400,-56,56,259,26,28,4.0,0.0,0.0,27,6.5,0.0,0.0,0.0,0.0,0.0,0.0,1.0
406369,0,1,3400,-56,56,264,26,28,4.0,0.0,0.0,27,6.5,0.0,0.0,0.0,0.0,0.0,0.0,1.0
406618,0,1,3400,-56,56,267,26,29,4.0,0.0,0.0,27,6.5,0.0,0.0,0.0,0.0,0.0,0.0,1.0
406867,0,1,3400,-56,56,273,26,29,4.0,0.0,0.0,27,6.5,0.0,0.0,0.0,0.0,0.0,0.0,1.0
407116,0,1,3400,-56,56,267,26,28,4.0,0.0,0.0,27,6.5,0.0,0.0,0.0,0.0,0.0,0.0,1.0
407365,0,1,3400,-56,56,262,26,28,4.0,0.0,0.0,27,6.5,0.0,0.0,0.0,0.0,0.0,0.0,1.0
407614,0,1,3400,-56,56,264,26,28,4.0,0.0,0.0,27,6.5,0.0,0.0,0.0,0.0,0.0,0.0,1.0
407863,0,1,3400,-57,57,262,26,28,4.0,0.0,0.0,27,6.5,0.0,0.0,0.0,0.0,0.0,0.0,1.0
408112,0,1,3400,-57,57,261,26,28,4.0,0.0,0.0,27,6.5,0.0,0.0,0.0,0.0,0.0,0.0,1.0
408361,0,1,3400,-57,57,260,26,28,4.0,0.0,0.0,27,6.5,0.0,0.0,0.0,0.0,0.0,0.0,1.0
408610,0,1,3400,-57,57,260,26,28,4.0,0.0,0.0,27,6.5,0.0,0.0,0.0,0.0,0.0,0.0,1.0
408859,0,1,3400,-57,57,266,26,28,4.0,0.0,0.0,27,6.5,0.0,0.0,0.0,0.0,0.0,0.0,1.0
409108,0,1,3400,-57,57,265,26,27,4.0,0.0,0.0,27,6.5,0.0,0.0,0.0,0.0,0.0,0.0,1.0
409357,0,1,3400,-57,57,265,26,28,4.0,0.0,0.0,27,6.5,0.0,0.0,0.0,0.0,0.0,0.0,1.0
409606,0,1,3400,-57,57,266,26,28,4.0,0.0,0.0,27,6.5,0.0,0.0,0.0,0.0,0.0,0.0,1.0
409855,0,1,3400,-57,57,268,26,28,4.0,0.0,0.0,27,6.5,0.0,0.0,0.0,0.0,0.0,0.0,1.0
410104,0,1,3400,-57,57,264,26,28,4.0,0.0,0.0,27,6.5,0.0,0.0,0.0,0.0,0.0,0.0,1.0
410353,0,1,3400,-57,57,259,26,28,4.0,0.0,0.0,27,6.5,0.0,0.0,0.0,0.0,0.0,0.0,1.0
410602,0,1,3400,-57,57,258,26,29,4.0,0.0,0.0,27,6.5,0.0,0.0,0.0,0.0,0.0,0.0,1.0
410851,0,1,3400,-57,57,262,26,28,4.0,0.0,0.0,27,6.5,0.0,0.0,0.0,0.0,0.0,0.0,1.0
411100,0,1,3400,-57,57,268,26,27,4.0,0.0,0.0,27,6.5,0.0,0.0,0.0,0.0,0.0,0.0,1.0
411349,0,1,3400,-57,57,266,26,28,4.0,0.0,0.0,27,6.5,0.0,0.0,0.0,0.0,0.0,0.0,1.0
411598,0,1,3400,-57,57,262,26,28,4.0,0.0,0.0,27,6.5,0.0,0.0,0.0,0.0,0.0,0.0,1.0
411847,0,1,3400,-58,58,264,26,28,4.0,0.0,0.0,27,6.5,0.0,0.0,0.0,0.0,0.0,0.0,1.0
412096,0,1,3400,-58,58,262,26,27,4.0,0.0,0.0,27,6.5,0.0,0.0,0.0,0.0,0.0,0.0,1.0
412345,0,1,3400,-58,58,263,26,28,4.0,0.0,0.0,27,6.5,0.0,0.0,0.0,0.0,0.0,0.0,1.0
412594,0,1,3400,-58,58,266,26,28,4.0,0.0,0.0,27,6.5,0.0,0.0,0.0,0.0,0.0,0.0,1.0
412843,0,1,3400,-58,58,265,26,28,4.0,0.0,0.0,27,6.5,0.0,0.0,0.0,0.0,0.0,0.0,1.0
413092,0,1,3400,-58,58,262,26,27,4.0,0.0,0.0,27,6.5,0.0,0.0,0.0,0.0,0.0,0.0,1.0
413341,0,1,3400,-58,58,262,26,28,4.0,0.0,0.0,27,6.5,0.0,0.0,0.0,0.0,0.0,0.0,1.0
413590,0,1,3400,-58,58,265,26,28,4.0,0.0,0.0,27,6.5,0.0,0.0,0.0,0.0,0.0,0.0,1.0
413839,0,1,3400,-58,58,263,26,28,4.0,0.0,0.0,27,6.5,0.0,0.0,0.0,0.0,0.0,0.0,1.0
414088,0,1,3400,-58,58,261,26,27,4.0,0.0,0.0,27,6.5,0.0,0.0,0.0,0.0,0.0,0.0,1.0
414337,0,1,3400,-58,58,263,27,28,4.0,0.0,0.0,27,6.5,0.0,0.0,0.0,0.0,0.0,0.0,1.0
414586,0,1,3400,-58,58,262,26,28,4.0,0.0,0.0,27,6.5,0.0,0.0,0.0,0.0,0.0,0.0,1.0
414835,0,1,3400,-58,58,267,26,27,4.0,0.0,0.0,27,6.5,0.0,0.0,0.0,0.0,0.0,0.0,1.0
415084,0,1,3400,-58,58,269,26,27,4.0,0.0,0.0,27,6.5,0.0,0.0,0.0,0.0,0.0,0.0,1.0
415333,0,1,3400,-58,58,268,26,28,4.0,0.0,0.0,27,6.5,0.0,0.0,0.0,0.0,0.0,0.0,1.0
415582,0,1,3400,-58,58,265,26,28,4.0,0.0,0.0,27,6.5,0.0,0.0,0.0,0.0,0.0,0.0,1.0
415831,0,1,3400,-58,58,271,26,27,4.0,0.0,0.0,27,6.5,0.0,0.0,0.0,0.0,0.0,0.0,1.0
416080,0,1,3400,-58,58,266,26,27,4.0,0.0,0.0,27,6.5,0.0,0.0,0.0,0.0,0.0,0.0,1.0
416329,0,1,3400,-58,58,263,26,28,4.0,0.0,0.0,27,6.5,0.0,0.0,0.0,0.0,0.0,0.0,1.0
416578,0,1,3400,-58,58,260,26,28,4.0,0.0,0.0,27,6.5,0.0,0.0,0.0,0.0,0.0,0.0,1.0
416827,0,1,3400,-58,58,267,26,28,4.0,0.0,0.0,27,6.5,0.0,0.0,0.0,0.0,0.0,0.0,1.0
417076,0,1,3400,-57,57,259,26,27,4.0,0.0,0.0,27,6.5,0.0,0.0,0.0,0.0,0.0,0.0,1.0
417325,0,1,3400,-57,57,262,26,28,4.0,0.0,0.0,27,6.5,0.0,0.0,0.0,0.0,0.0,0.0,1.0
417574,0,1,3400,-57,57,259,26,28,4.0,0.0,0.0,27,6.5,0.0,0.0,0.0,0.0,0.0,0.0,1.0
417823,0,1,3400,-57,57,260,26,28,4.0,0.0,0.0,27,6.5,0.0,0.0,0.0,0.0,0.0,0.0,1.0
418072,0,1,3400,-56,56,258,26,28,4.0,0.0,0.0,27,6.5,0.0,0.0,0.0,0.0,0.0,0.0,1.0
418321,0,1,3400,-56,56,259,26,29,4.0,0.0,0.0,27,6.5,0.0,0.0,0.0,0.0,0.0,0.0,1.0
418570,0,1,3400,-56,56,260,26,29,4.0,0.0,0.0,27,6.5,0.0,0.0,0.0,0.0,0.0,0.0,1.0
418819,0,1,3400,-56,56,268,26,29,4.0,0.0,0.0,27,6.5,0.0,0.0,0.0,0.0,0.0,0.0,1.0
419068,0,1,3400,-56,56,266,26,28,4.0,0.0,0.0,27,6.5,0.0,0.0,0.0,0.0,0.0,0.0,1.0
419317,0,1,3400,-56,56,266,26,29,4.0,0.0,0.0,27,6.5,0.0,0.0,0.0,0.0,0.0,0.0,1.0
419566,0,1,3400,-56,56,263,26,29,4.0,0.0,0.0,27,6.5,0.0,0.0,0.0,0.0,0.0,0.0,1.0
419815,0,1,3400,-57,57,266,26,28,4.0,0.0,0.0,27,6.5,0.0,0.0,0.0,0.0,0.0,0.0,1.0
420064,0,1,3400,-57,57,269,26,28,4.0,0.0,0.0,27,6.5,0.0,0.0,0.0,0.0,0.0,0.0,1.0
420313,0,1,3400,-57,57,273,26,28,4.0,0.0,0.0,27,6.5,0.0,0.0,0.0,0.0,0.0,0.0,1.0
420562,0,1,3400,-57,57,266,26,28,4.0,0.0,0.0,27,6.5,0.0,0.0,0.0,0.0,0.0,0.0,1.0
420811,0,1,3400,-57,57,262,26,28,4.0,0.0,0.0,27,6.5,0.0,0.0,0.0,0.0,0.0,0.0,1.0
421060,0,1,3400,-57,57,258,26,28,4.0,0.0,0.0,27,6.5,0.0,0.0,0.0,0.0,0.0,0.0,1.0
421309,0,1,3400,-57,57,259,26,28,4.0,0.0,0.0,27,6.5,0.0,0.0,0.0,0.0,0.0,0.0,1.0
421558,0,1,3400,-57,57,262,26,28,4.0,0.0,0.0,27,6.5,0.0,0.0,0.0,0.0,0.0,0.0,1.0
421807,0,1,3400,-57,57,261,26,28,4.0,0.0,0.0,27,6.5,0.0,0.0,0.0,0.0,0.0,0.0,1.0
422056,0,1,3400,-57,57,262,26,28,4.0,0.0,0.0,27,6.5,0.0,0.0,0.0,0.0,0.0,0.0,1.0
422305,0,1,3400,-57,57,268,26,29,4.0,0.0,0.0,27,6.5,0.0,0.0,0.0,0.0,0.0,0.0,1.0
422554,0,1,3400,-57,57,271,26,28,4.0,0.0,0.0,27,6.5,0.0,0.0,0.0,0.0,0.0,0.0,1.0
422803,0,1,3400,-57,57,263,26,28,4.0,0.0,0.0,27,6.5,0.0,0.0,0.0,0.0,0.0,0.0,1.0
423052,0,1,3400,-57,57,262,26,28,4.0,0.0,0.0,27,6.5,0.0,0.0,0.0,0.0,0.0,0.0,1.0
423301,0,1,3400,-57,57,263,26,28,4.0,0.0,0.0,27,6.5,0.0,0.0,0.0,0.0,0.0,0.0,1.0
423550,0,1,3400,-57,57,263,26,28,4.0,0.0,0.0,27,6.5,0.0,0.0,0.0,0.0,0.0,0.0,1.0
423799,0,1,3400,-58,58,269,26,27,4.0,0.0,0.0,27,6.5,0.0,0.0,0.0,0.0,0.0,0.0,1.0
424048,0,1,3400,-58,58,265,26,28,4.0,0.0,0.0,27,6.5,0.0,0.0,0.0,0.0,0.0,0.0,1.0
424297,0,1,3400,-58,58,264,26,28,4.0,0.0,0.0,27,6.5,0.0,0.0,0.0,0.0,0.0,0.0,1.0
424546,0,1,3400,-58,58,265,26,28,4.0,0.0,0.0,27,6.5,0.0,0.0,0.0,0.0,0.0,0.0,1.0
424795,0,1,3400,-58,58,266,26,27,4.0,0.0,0.0,27,6.5,0.0,0.0,0.0,0.0,0.0,0.0,1.0
425044,0,1,3400,-58,58,262,26,28,4.0,0.0,0.0,27,6.5,0.0,0.0,0.0,0.0,0.0,0.0,1.0
425293,0,1,3400,-58,58,266,26,28,4.0,0.0,0.0,27,6.5,0.0,0.0,0.0,0.0,0.0,0.0,1.0
425542,0,1,3400,-58,58,263,26,28,4.0,0.0,0.0,27,6.5,0.0,0.0,0.0,0.0,0.0,0.0,1.0
425791,0,1,3400,-58,58,268,26,27,4.0,0.0,0.0,27,6.5,0.0,0.0,0.0,0.0,0.0,0.0,1.0
426040,0,1,3400,-58,58,264,26,28,4.0,0.0,0.0,27,6.5,0.0,0.0,0.0,0.0,0.0,0.0,1.0
426289,0,1,3400,-58,58,263,26,27,4.0,0.0,0.0,27,6.5,0.0,0.0,0.0,0.0,0.0,0.0,1.0
426538,0,1,3400,-58,58,261,26,27,4.0,0.0,0.0,27,6.5,0.0,0.0,0.0,0.0,0.0,0.0,1.0
426787,0,1,3400,-59,59,266,26,27,4.0,0.0,0.0,27,6.5,0.0,0.0,0.0,0.0,0.0,0.0,1.0
427036,0,1,3400,-59,59,271,26,27,4.0,0.0,0.0,27,6.5,0.0,0.0,0.0,0.0,0.0,0.0,1.0
427285,0,1,3400,-59,59,263,26,27,4.0,0.0,0.0,27,6.5,0.0,0.0,0.0,0.0,0.0,0.0,1.0
427534,0,1,3400,-59,59,263,26,26,4.0,0.0,0.0,27,6.5,0.0,0.0,0.0,0.0,0.0,0.0,1.0
427783,0,1,3400,-60,60,266,26,26,4.0,0.0,0.0,27,6.5,0.0,0.0,0.0,0.0,0.0,0.0,1.0
428032,0,1,3400,-60,60,260,26,26,4.0,0.0,0.0,27,6.5,0.0,0.0,0.0,0.0,0.0,0.0,1.0
428281,0,1,3400,-60,60,268,26,26,4.0,0.0,0.0,27,6.5,0.0,0.0,0.0,0.0,0.0,0.0,1.0
428530,0,1,3400,-60,60,271,26,26,4.0,0.0,0.0,27,6.5,0.0,0.0,0.0,0.0,0.0,0.0,1.0
428779,0,1,3400,-61,61,271,26,25,4.0,0.0,0.0,27,6.5,0.0,0.0,0.0,0.0,0.0,0.0,1.0
429028,0,1,3400,-61,61,266,26,26,4.0,0.0,0.0,27,6.5,0.0,0.0,0.0,0.0,0.0,0.0,1.0
429277,0,1,3400,-61,61,262,26,26,4.0,0.0,0.0,27,6.5,0.0,0.0,0.0,0.0,0.0,0.0,1.0
429526,0,1,3400,-61,61,261,26,26,4.0,0.0,0.0,27,6.5,0.0,0.0,0.0,0.0,0.0,0.0,1.0
429775,0,1,3400,-61,61,266,26,26,4.0,0.0,0.0,27,6.5,0.0,0.0,0.0,0.0,0.0,0.0,1.0
430024,0,1,3400,-60,60,268,26,26,4.0,0.0,0.0,27,6.5,0.0,0.0,0.0,0.0,0.0,0.0,1.0
430273,0,1,3400,-60,60,265,26,26,4.0,0.0,0.0,27,6.5,0.0,0.0,0.0,0.0,0.0,0.0,1.0
430522,0,1,3400,-60,60,263,26,26,4.0,0.0,0.0,27,6.5,0.0,0.0,0.0,0.0,0.0,0.0,1.0
430771,0,1,3400,-60,60,262,26,26,4.0,0.0,0.0,27,6.5,0.0,0.0,0.0,0.0,0.0,0.0,1.0
431020,0,1,3400,-60,60,264,26,27,4.0,0.0,0.0,27,6.5,0.0,0.0,0.0,0.0,0.0,0.0,1.0
431269,0,1,3400,-60,60,267,26,27,4.0,0.0,0.0,27,6.5,0.0,0.0,0.0,0.0,0.0,0.0,1.0
431518,0,1,3400,-60,60,263,26,26,4.0,0.0,0.0,27,6.5,0.0,0.0,0.0,0.0,0.0,0.0,1.0
431767,0,1,3400,-60,60,266,26,26,4.0,0.0,0.0,27,6.5,0.0,0.0,0.0,0.0,0.0,0.0,1.0
432016,0,1,3400,-60,60,265,26,27,4.0,0.0,0.0,27,6.5,0.0,0.0,0.0,0.0,0.0,0.0,1.0
432265,0,1,3400,-60,60,261,26,27,4.0,0.0,0.0,27,6.5,0.0,0.0,0.0,0.0,0.0,0.0,1.0
432514,0,1,3400,-60,60,265,26,26,4.0,0.0,0.0,27,6.5,0.0,0.0,0.0,0.0,0.0,0.0,1.0
432763,0,1,3400,-60,60,262,26,26,4.0,0.0,0.0,27,6.5,0.0,0.0,0.0,0.0,0.0,0.0,1.0
433012,0,1,3400,-60,60,266,26,26,4.0,0.0,0.0,27,6.5,0.0,0.0,0.0,0.0,0.0,0.0,1.0
433261,0,1,3400,-60,60,266,26,26,4.0,0.0,0.0,27,6.5,0.0,0.0,0.0,0.0,0.0,0.0,1.0
433510,0,1,3400,-60,60,264,26,26,4.0,0.0,0.0,27,6.5,0.0,0.0,0.0,0.0,0.0,0.0,1.0
433759,0,1,3400,-60,60,266,27,26,4.0,0.0,0.0,27,6.5,0.0,0.0,0.0,0.0,0.0,0.0,1.0
434008,0,1,3400,-60,60,263,26,26,4.0,0.0,0.0,27,6.5,0.0,0.0,0.0,0.0,0.0,0.0,1.0
434257,0,1,3400,-60,60,259,26,26,4.0,0.0,0.0,27,6.5,0.0,0.0,0.0,0.0,0.0,0.0,1.0
434506,0,1,3400,-60,60,260,26,26,4.0,0.0,0.0,27,6.5,0.0,0.0,0.0,0.0,0.0,0.0,1.0
434755,0,1,3400,-60,60,262,26,26,4.0,0.0,0.0,27,6.5,0.0,0.0,0.0,0.0,0.0,0.0,1.0
435004,0,1,3400,-60,60,265,26,26,4.0,0.0,0.0,27,6.5,0.0,0.0,0.0,0.0,0.0,0.0,1.0
435253,0,1,3400,-60,60,265,26,26,4.0,0.0,0.0,27,6.5,0.0,0.0,0.0,0.0,0.0,0.0,1.0
435502,0,1,3400,-60,60,261,26,26,4.0,0.0,0.0,27,6.5,0.0,0.0,0.0,0.0,0.0,0.0,1.0
435751,0,1,3400,-61,61,268,26,26,4.0,0.0,0.0,27,6.5,0.0,0.0,0.0,0.0,0.0,0.0,1.0
436000,0,1,3400,-61,61,271,26,26,4.0,0.0,0.0,27,6.5,0.0,0.0,0.0,0.0,0.0,0.0,1.0
436249,0,1,3400,-61,61,265,26,26,4.0,0.0,0.0,27,6.5,0.0,0.0,0.0,0.0,0.0,0.0,1.0
436498,0,1,3400,-61,61,262,26,25,4.0,0.0,0.0,27,6.5,0.0,0.0,0.0,0.0,0.0,0.0,1.0
436747,0,1,3400,-61,61,262,26,26,4.0,0.0,0.0,27,6.5,0.0,0.0,0.0,0.0,0.0,0.0,1.0
436996,0,1,3400,-61,61,261,26,26,4.0,0.0,0.0,27,6.5,0.0,0.0,0.0,0.0,0.0,0.0,1.0
437245,0,1,3400,-61,61,265,26,26,4.0,0.0,0.0,27,6.5,0.0,0.0,0.0,0.0,0.0,0.0,1.0
437494,0,1,3400,-61,61,270,26,25,4.0,0.0,0.0,27,6.5,0.0,0.0,0.0,0.0,0.0,0.0,1.0
437743,0,1,3400,-61,61,267,26,26,4.0,0.0,0.0,27,6.5,0.0,0.0,0.0,0.0,0.0,0.0,1.0
437992,0,1,3400,-61,61,263,26,26,4.0,0.0,0.0,27,6.5,0.0,0.0,0.0,0.0,0.0,0.0,1.0
438241,0,1,3400,-61,61,259,26,26,4.0,0.0,0.0,27,6.5,0.0,0.0,0.0,0.0,0.0,0.0,1.0
438490,0,1,3400,-61,61,267,26,25,4.0,0.0,0.0,27,6.5,0.0,0.0,0.0,0.0,0.0,0.0,1.0
438739,0,1,3400,-61,61,265,26,26,4.0,0.0,0.0,27,6.5,0.0,0.0,0.0,0.0,0.0,0.0,1.0
438988,0,1,3400,-61,61,265,26,26,4.0,0.0,0.0,27,6.5,0.0,0.0,0.0,0.0,0.0,0.0,1.0
439237,0,1,3400,-61,61,267,26,26,4.0,0.0,0.0,27,6.5,0.0,0.0,0.0,0.0,0.0,0.0,1.0
439486,0,1,3400,-61,61,268,26,25,4.0,0.0,0.0,27,6.5,0.0,0.0,0.0,0.0,0.0,0.0,1.0
439735,0,1,3400,-60,60,266,26,26,4.0,0.0,0.0,27,6.5,0.0,0.0,0.0,0.0,0.0,0.0,1.0
439984,0,1,3400,-60,60,268,26,26,4.0,0.0,0.0,27,6.5,0.0,0.0,0.0,0.0,0.0,0.0,1.0
440233,0,1,3400,-60,60,269,26,26,4.0,0.0,0.0,27,6.5,0.0,0.0,0.0,0.0,0.0,0.0,1.0
440482,0,1,3400,-60,60,262,26,26,4.0,0.0,0.0,27,6.5,0.0,0.0,0.0,0.0,0.0,0.0,1.0
440731,0,1,3400,-60,60,266,26,26,4.0,0.0,0.0,27,6.5,0.0,0.0,0.0,0.0,0.0,0.0,1.0
440980,0,1,3400,-60,60,266,26,27,4.0,0.0,0.0,27,6.5,0.0,0.0,0.0,0.0,0.0,0.0,1.0
441229,0,1,3400,-60,60,262,26,26,4.0,0.0,0.0,27,6.5,0.0,0.0,0.0,0.0,0.0,0.0,1.0
441478,0,1,3400,-60,60,264,26,26,4.0,0.0,0.0,27,6.5,0.0,0.0,0.0,0.0,0.0,0.0,1.0
441727,0,1,3400,-59,59,270,26,27,4.0,0.0,0.0,27,6.5,0.0,0.0,0.0,0.0,0.0,0.0,1.0
441976,0,1,3400,-59,59,265,26,27,4.0,0.0,0.0,27,6.5,0.0,0.0,0.0,0.0,0.0,0.0,1.0
442225,0,1,3400,-59,59,259,26,26,4.0,0.0,0.0,27,6.5,0.0,0.0,0.0,0.0,0.0,0.0,1.0
442474,0,1,3400,-59,59,264,26,27,4.0,0.0,0.0,27,6.5,0.0,0.0,0.0,0.0,0.0,0.0,1.0
442723,0,1,3400,-59,59,264,26,27,4.0,0.0,0.0,27,6.5,0.0,0.0,0.0,0.0,0.0,0.0,1.0
442972,0,1,3400,-59,59,270,26,27,4.0,0.0,0.0,27,6.5,0.0,0.0,0.0,0.0,0.0,0.0,1.0
443221,0,1,3400,-59,59,272,26,27,4.0,0.0,0.0,27,6.5,0.0,0.0,0.0,0.0,0.0,0.0,1.0
443470,0,1,3400,-59,59,270,26,27,4.0,0.0,0.0,27,6.5,0.0,0.0,0.0,0.0,0.0,0.0,1.0
443719,0,1,3400,-59,59,264,26,27,4.0,0.0,0.0,27,6.5,0.0,0.0,0.0,0.0,0.0,0.0,1.0
443968,0,1,3400,-59,59,265,26,27,4.0,0.0,0.0,27,6.5,0.0,0.0,0.0,0.0,0.0,0.0,1.0
444217,0,1,3400,-59,59,263,26,27,4.0,0.0,0.0,27,6.5,0.0,0.0,0.0,0.0,0.0,0.0,1.0
444466,0,1,3400,-59,59,265,26,26,4.0,0.0,0.0,27,6.5,0.0,0.0,0.0,0.0,0.0,0.0,1.0
444715,0,1,3400,-59,59,267,26,26,4.0,0.0,0.0,27,6.5,0.0,0.0,0.0,0.0,0.0,0.0,1.0
444964,0,1,3400,-59,59,265,26,27,4.0,0.0,0.0,27,6.5,0.0,0.0,0.0,0.0,0.0,0.0,1.0
445213,0,1,3400,-59,59,261,26,26,4.0,0.0,0.0,27,6.5,0.0,0.0,0.0,0.0,0.0,0.0,1.0
445462,0,1,3400,-59,59,267,26,27,4.0,0.0,0.0,27,6.5,0.0,0.0,0.0,0.0,0.0,0.0,1.0
445711,0,1,3400,-59,59,267,26,28,4.0,0.0,0.0,27,6.5,0.0,0.0,0.0,0.0,0.0,0.0,1.0
445960,0,1,3400,-59,59,266,26,27,4.0,0.0,0.0,27,6.5,0.0,0.0,0.0,0.0,0.0,0.0,1.0
446209,0,1,3400,-59,59,266,26,27,4.0,0.0,0.0,27,6.5,0.0,0.0,0.0,0.0,0.0,0.0,1.0
446458,0,1,3400,-59,59,264,26,27,4.0,0.0,0.0,27,6.5,0.0,0.0,0.0,0.0,0.0,0.0,1.0
446707,0,1,3400,-59,59,261,26,27,4.0,0.0,0.0,27,6.5,0.0,0.0,0.0,0.0,0.0,0.0,1.0
446956,0,1,3400,-59,59,265,26,27,4.0,0.0,0.0,27,6.5,0.0,0.0,0.0,0.0,0.0,0.0,1.0
447205,0,1,3400,-59,59,264,26,27,4.0,0.0,0.0,27,6.5,0.0,0.0,0.0,0.0,0.0,0.0,1.0
447454,0,1,3400,-59,59,262,26,27,4.0,0.0,0.0,27,6.5,0.0,0.0,0.0,0.0,0.0,0.0,1.0
447703,0,1,3400,-60,60,264,26,26,4.0,0.0,0.0,27,6.5,0.0,0.0,0.0,0.0,0.0,0.0,1.0
447952,0,1,3400,-60,60,261,26,27,4.0,0.0,0.0,27,6.5,0.0,0.0,0.0,0.0,0.0,0.0,1.0
448201,0,1,3400,-60,60,263,26,26,4.0,0.0,0.0,27,6.5,0.0,0.0,0.0,0.0,0.0,0.0,1.0
448450,0,1,3400,-60,60,267,26,27,4.0,0.0,0.0,27,6.5,0.0,0.0,0.0,0.0,0.0,0.0,1.0
448699,0,1,3400,-60,60,267,26,27,4.0,0.0,0.0,27,6.5,0.0,0.0,0.0,0.0,0.0,0.0,1.0
448948,0,1,3400,-60,60,270,26,27,4.0,0.0,0.0,27,6.5,0.0,0.0,0.0,0.0,0.0,0.0,1.0
449197,0,1,3400,-60,60,267,26,26,4.0,0.0,0.0,27,6.5,0.0,0.0,0.0,0.0,0.0,0.0,1.0
449446,0,1,3400,-60,60,265,26,26,4.0,0.0,0.0,27,6.5,0.0,0.0,0.0,0.0,0.0,0.0,1.0
449695,0,1,3400,-61,61,266,26,26,4.0,0.0,0.0,27,6.5,0.0,0.0,0.0,0.0,0.0,0.0,1.0
449944,0,1,3400,-61,61,264,26,26,4.0,0.0,0.0,27,6.5,0.0,0.0,0.0,0.0,0.0,0.0,1.0
450193,0,1,3400,-61,61,260,26,26,4.0,0.0,0.0,27,6.5,0.0,0.0,0.0,0.0,0.0,0.0,1.0
450442,0,1,3400,-61,61,259,26,26,4.0,0.0,0.0,27,6.5,0.0,0.0,0.0,0.0,0.0,0.0,1.0
450691,0,1,3400,-61,61,263,26,26,4.0,0.0,0.0,27,6.5,0.0,0.0,0.0,0.0,0.0,0.0,1.0
450940,0,1,3400,-61,61,260,26,26,4.0,0.0,0.0,27,6.5,0.0,0.0,0.0,0.0,0.0,0.0,1.0
451189,0,1,3400,-61,61,261,26,26,4.0,0.0,0.0,27,6.5,0.0,0.0,0.0,0.0,0.0,0.0,1.0
451438,0,1,3400,-61,61,261,26,26,4.0,0.0,0.0,27,6.5,0.0,0.0,0.0,0.0,0.0,0.0,1.0
451687,0,1,3400,-61,61,266,26,26,4.0,0.0,0.0,27,6.5,0.0,0.0,0.0,0.0,0.0,0.0,1.0
451936,0,1,3400,-61,61,267,26,26,4.0,0.0,0.0,27,6.5,0.0,0.0,0.0,0.0,0.0,0.0,1.0
452185,0,1,3400,-61,61,266,26,26,4.0,0.0,0.0,27,6.5,0.0,0.0,0.0,0.0,0.0,0.0,1.0
452434,0,1,3400,-61,61,268,26,26,4.0,0.0,0.0,27,6.5,0.0,0.0,0.0,0.0,0.0,0.0,1.0
452683,0,1,3400,-61,61,267,26,26,4.0,0.0,0.0,27,6.5,0.0,0.0,0.0,0.0,0.0,0.0,1.0
452932,0,1,3400,-61,61,272,26,26,4.0,0.0,0.0,27,6.5,0.0,0.0,0.0,0.0,0.0,0.0,1.0
453181,0,1,3400,-61,61,263,26,26,4.0,0.0,0.0,27,6.5,0.0,0.0,0.0,0.0,0.0,0.0,1.0
453430,0,1,3400,-61,61,263,26,26,4.0,0.0,0.0,27,6.5,0.0,0.0,0.0,0.0,0.0,0.0,1.0
453679,0,1,3400,-77,77,368,26,11,4.0,0.0,0.0,27,6.4,0.0,0.0,0.0,0.0,0.0,0.0,1.0
453928,0,1,3400,-88,88,631,26,0.98,3.9,0.0,0.0,27,6.4,0.0,0.0,0.0,0.0,0.0,0.0,1.0
454177,0,1,3400,-88,88,742,26,1.0,4.0,0.0,0.0,27,6.5,0.0,0.0,0.0,0.0,0.0,0.0,1.0
454426,0,1,3400,-88,88,719,26,0.92,4.0,0.0,0.0,27,6.5,0.0,0.0,0.0,0.0,0.0,0.0,1.0
454675,0,1,3400,-88,88,865,26,0.83,4.0,0.0,0.0,27,6.4,0.0,0.0,0.0,0.0,0.0,0.0,1.0
454924,0,1,3400,-88,88,865,26,0.83,4.0,0.0,0.0,27,6.4,0.0,0.0,0.0,0.0,0.0,0.0,1.0
455173,0,1,3400,-88,88,865,26,0.83,4.0,0.0,0.0,27,6.4,0.0,0.0,0.0,0.0,0.0,0.0,1.0
455422,0,1,3400,-88,88,865,26,0.83,4.0,0.0,0.0,27,6.4,0.0,0.0,0.0,0.0,0.0,0.0,1.0
455671,0,1,3400,-88,88,865,26,0.83,4.0,0.0,0.0,27,6.4,0.0,0.0,0.0,0.0,0.0,0.0,0.0
455920,0,1,3400,-88,88,865,26,0.83,4.0,0.0,0.0,27,6.4,0.0,0.0,0.0,0.0,0.0,0.0,0.0
456169,0,1,3400,-88,88,865,26,0.83,4.0,0.0,0.0,27,6.4,0.0,0.0,0.0,0.0,0.0,0.0,0.0
456418,0,1,3400,-88,88,865,26,0.83,4.0,0.0,0.0,27,6.4,0.0,0.0,0.0,0.0,0.0,0.0,0.0
456667,0,1,3400,-88,88,865,26,0.83,4.0,0.0,0.0,27,6.4,0.0,0.0,0.0,0.0,0.0,0.0,0.0
456916,0,1,3400,-88,88,865,26,0.83,4.0,0.0,0.0,27,6.4,0.0,0.0,0.0,0.0,0.0,0.0,0.0
457165,0,1,3400,-88,88,865,26,0.83,4.0,0.0,0.0,27,6.4,0.0,0.0,0.0,0.0,0.0,0.0,0.0
457414,0,1,3400,-88,88,865,26,0.83,4.0,0.0,0.0,27,6.4,0.0,0.0,0.0,0.0,0.0,0.0,0.0
457663,0,1,3400,-88,88,865,26,0.83,4.0,0.0,0.0,27,6.4,0.0,0.0,0.0,0.0,0.0,0.0,0.0
457912,0,1,3400,-88,88,865,26,0.83,4.0,0.0,0.0,27,6.4,0.0,0.0,0.0,0.0,0.0,0.0,0.0
458161,0,1,3400,-88,88,865,26,0.83,4.0,0.0,0.0,27,6.4,0.0,0.0,0.0,0.0,0.0,0.0,0.0
458410,0,1,3400,-88,88,865,26,0.83,4.0,0.0,0.0,27,6.4,0.0,0.0,0.0,0.0,0.0,0.0,0.0
458659,0,1,3400,-88,88,865,26,0.83,4.0,0.0,0.0,27,6.4,0.0,0.0,0.0,0.0,0.0,0.0,0.0
458908,0,1,3400,-88,88,865,26,0.83,