time,cc,pci,earfcn,rsrp,pl,cfo,dl_mcs,dl_snr,dl_turbo,dl_brate,dl_bler,ul_ta,ul_mcs,ul_buff,ul_brate,ul_bler,rf_o,rf_u,rf_l,is_attached
0,0,0,4294967295,0.0,0.0,0.0,0.0,0.0,0.0,0.0,0.0,0.0,0.0,0.0,0.0,0.0,0.0,0.0,0.0,0.0
249,0,0,3400,0.0,0.0,0.0,0.0,0.0,0.0,0.0,0.0,0.0,0.0,0.0,0.0,0.0,0.0,0.0,0.0,0.0
498,0,0,3400,0.0,0.0,0.0,0.0,0.0,0.0,0.0,0.0,0.0,0.0,0.0,0.0,0.0,0.0,0.0,0.0,0.0
747,0,1,3400,0.0,0.0,0.0,0.0,0.0,0.0,0.0,0.0,0.0,0.0,0.0,0.0,0.0,0.0,0.0,0.0,0.0
996,0,1,3400,0.0,0.0,0.0,0.0,0.0,0.0,0.0,0.0,0.0,0.0,0.0,0.0,0.0,0.0,0.0,0.0,0.0
1245,0,1,3400,-58,58,740,1.7,26,0.34,2912.000000,0,0.0,0.0,33,224,0,0.0,0.0,0.0,1.0
1494,0,1,3400,-58,58,729,2.5,25,0.50,0.0,0.0,27,0.0,33,0.0,0.0,0.0,0.0,0.0,1.0
1743,0,1,3400,-58,58,725,2.8,25,0.50,2240.000000,0,27,11,0.0,38400.000000,0,0.0,0.0,0.0,1.0
1992,0,1,3400,-58,58,726,4.0,25,0.50,2240.000000,0,27,10,0.0,24576.000000,17,0.0,0.0,0.0,1.0
2241,0,1,3400,-58,58,728,5.1,25,0.50,6432.000000,0,27,7.4,36,9632.000000,0,0.0,0.0,0.0,1.0
2490,0,1,3400,-58,58,729,11,24,0.50,7520.000000,0,27,10,0.0,19776.000000,44,0.0,0.0,0.0,1.0
2739,0,1,3400,-58,58,729,18,24,0.50,35920.320312,0,27,3.3,144,54756.972656,0,0.0,0.0,0.0,1.0
2988,0,1,3400,-58,58,729,18,24,0.63,18720.000000,0,27,0.96,0.0,23104.000000,0,0.0,0.0,0.0,1.0
3237,0,1,3400,-58,58,728,11,24,0.50,39232.000000,0,27,1.0,0.0,0.0,0.0,0.0,0.0,0.0,1.0
3486,0,1,3400,-58,58,724,10.0,24,0.56,33536.000000,6,27,0.99,0.0,0.0,0.0,0.0,0.0,0.0,1.0
3735,0,1,3400,-58,58,725,12,23,0.61,37728.000000,0,27,0.37,0.0,14592.000000,0,0.0,0.0,0.0,1.0
3984,0,1,3400,-58,58,725,14,23,0.56,48864.000000,0,27,0.0,0.0,0.0,0.0,0.0,0.0,0.0,1.0
4233,0,1,3400,-58,58,727,16,24,0.65,26848.000000,0,27,0.0,0.0,0.0,0.0,0.0,0.0,0.0,1.0
4482,0,1,3400,-58,58,726,18,23,0.51,74400.000000,0,27,0.0,0.0,13024.000000,0,0.0,0.0,0.0,1.0
4731,0,1,3400,-58,58,729,16,24,0.50,32000.000000,0,27,0.0,0.0,0.0,0.0,0.0,0.0,0.0,1.0
4980,0,1,3400,-58,58,728,12,24,0.57,35968.000000,0,27,0.0,0.0,0.0,0.0,0.0,0.0,0.0,1.0
5229,0,1,3400,-58,58,732,12,24,0.64,53824.000000,0,27,0.0,0.0,0.0,0.0,0.0,0.0,0.0,1.0
5478,0,1,3400,-58,58,734,16,23,0.50,47808.000000,0,27,0.0,186,0.0,0.0,0.0,0.0,0.0,1.0
5727,0,1,3400,-58,58,725,12,23,0.50,59136.000000,0,27,0.0,0.0,13184.000000,0,0.0,0.0,0.0,1.0
5976,0,1,3400,-58,58,718,9.6,24,0.51,16096.000000,0,27,0.0,0.0,0.0,0.0,0.0,0.0,0.0,1.0
6225,0,1,3400,-58,58,722,14,23,0.56,67008.000000,0,27,0.0,0.0,0.0,0.0,0.0,0.0,0.0,1.0
6474,0,1,3400,-58,58,729,14,23,0.52,66184.742188,0,27,0.0,186,0.0,0.0,0.0,0.0,0.0,1.0
6723,0,1,3400,-58,58,725,15,24,0.89,64640.000000,4,27,0.0,0.0,13024.000000,0,0.0,0.0,0.0,1.0
6972,0,1,3400,-58,58,729,17,24,0.52,85088.000000,0,27,0.0,0.0,0.0,0.0,0.0,0.0,0.0,1.0
7221,0,1,3400,-58,58,730,16,23,0.54,37472.000000,0,27,0.0,0.0,0.0,0.0,0.0,0.0,0.0,1.0
7470,0,1,3400,-58,58,728,15,23,0.71,33856.000000,4,27,0.73,0.0,31552.000000,8,0.0,0.0,0.0,1.0
7719,0,1,3400,-58,58,726,13,24,0.67,41440.000000,5,27,11,0.0,0.0,100.000000,0.0,0.0,0.0,1.0
7968,0,1,3400,-58,58,726,16,23,0.51,37984.000000,0,27,11,0.0,0.0,0.0,0.0,0.0,0.0,1.0
8217,0,1,3400,-58,58,727,16,23,0.58,42656.000000,0,27,11,0.0,0.0,0.0,0.0,0.0,0.0,1.0
8466,0,1,3400,-58,58,729,9.4,23,0.71,40160.000000,3,27,9.6,0.0,14592.000000,0,0.0,0.0,0.0,1.0
8715,0,1,3400,-58,58,725,16,23,0.53,58848.000000,0,27,0.0,0.0,0.0,0.0,0.0,0.0,0.0,1.0
8964,0,1,3400,-58,58,726,13,23,0.50,60032.000000,0,27,0.0,0.0,0.0,0.0,0.0,0.0,0.0,1.0
9213,0,1,3400,-58,58,726,16,24,0.50,21577.689453,0,27,0.0,0.0,0.0,0.0,0.0,0.0,0.0,1.0
9462,0,1,3400,-58,58,726,11,23,0.51,54944.000000,0,27,0.0,186,0.0,0.0,0.0,0.0,0.0,1.0
9711,0,1,3400,-58,58,729,8.3,23,0.55,40032.000000,0,27,0.0,0.0,11456.000000,0,0.0,0.0,0.0,1.0
9960,0,1,3400,-58,58,722,10,24,0.52,21312.000000,0,27,0.0,0.0,0.0,0.0,0.0,0.0,0.0,1.0
10209,0,1,3400,-58,58,725,17,23,0.52,37376.000000,0,27,0.0,0.0,0.0,0.0,0.0,0.0,0.0,1.0
10458,0,1,3400,-58,58,724,17,23,0.50,85376.000000,0,27,0.0,186,0.0,0.0,0.0,0.0,0.0,1.0
10707,0,1,3400,-58,58,726,18,24,0.65,15936.000000,0,27,0.0,0.0,13024.000000,0,0.0,0.0,0.0,1.0
10956,0,1,3400,-58,58,724,17,24,0.54,26656.000000,0,27,0.0,0.0,0.0,0.0,0.0,0.0,0.0,1.0
11205,0,1,3400,-58,58,727,12,23,0.50,51136.000000,0,27,0.0,0.0,0.0,0.0,0.0,0.0,0.0,1.0
11454,0,1,3400,-58,58,729,16,23,0.80,32160.000000,7,27,0.0,186,0.0,0.0,0.0,0.0,0.0,1.0
11703,0,1,3400,-58,58,731,15,24,0.53,75904.000000,0,27,0.0,0.0,13184.000000,0,0.0,0.0,0.0,1.0
11952,0,1,3400,-58,58,726,17,24,0.50,21248.000000,0,27,0.0,0.0,0.0,0.0,0.0,0.0,0.0,1.0
12201,0,1,3400,-58,58,726,15,23,0.50,56096.000000,0,27,0.0,0.0,0.0,0.0,0.0,0.0,0.0,1.0
12450,0,1,3400,-58,58,726,17,23,0.51,37429.718750,0,27,0.0,186,0.0,0.0,0.0,0.0,0.0,1.0
12699,0,1,3400,-58,58,722,14,23,0.55,34656.000000,0,27,0.0,0.0,14592.000000,0,0.0,0.0,0.0,1.0
12948,0,1,3400,-58,58,724,18,24,0.50,16064.000000,0,27,0.0,0.0,0.0,0.0,0.0,0.0,0.0,1.0
13197,0,1,3400,-58,58,720,17,23,0.62,59552.000000,4,27,0.0,0.0,0.0,0.0,0.0,0.0,0.0,1.0
13446,0,1,3400,-58,58,724,13,24,0.50,41280.000000,0,27,0.0,0.0,14592.000000,0,0.0,0.0,0.0,1.0
13695,0,1,3400,-58,58,728,16,23,0.52,32608.000000,0,27,0.0,0.0,0.0,0.0,0.0,0.0,0.0,1.0
13944,0,1,3400,-58,58,732,12,23,0.51,43648.000000,0,27,0.0,0.0,0.0,0.0,0.0,0.0,0.0,1.0
14193,0,1,3400,-58,58,725,12,24,0.62,39232.000000,0,27,0.0,0.0,0.0,0.0,0.0,0.0,0.0,1.0
14442,0,1,3400,-58,58,725,16,23,0.60,41856.000000,4,27,0.0,186,0.0,0.0,0.0,0.0,0.0,1.0
14691,0,1,3400,-58,58,723,12,23,0.60,56768.000000,2,27,0.0,0.0,14112.000000,0,0.0,0.0,0.0,1.0
14940,0,1,3400,-58,58,721,6.4,24,0.52,33216.000000,0,27,0.0,0.0,0.0,0.0,0.0,0.0,0.0,1.0
15189,0,1,3400,-58,58,723,13,24,0.50,33728.000000,0,27,0.0,0.0,0.0,0.0,0.0,0.0,0.0,1.0
15438,0,1,3400,-58,58,729,17,23,0.50,26816.000000,0,27,0.0,0.0,0.0,0.0,0.0,0.0,0.0,1.0
15687,0,1,3400,-58,58,732,16,23,0.53,37418.328125,0,27,0.0,0.0,14533.864258,0,0.0,0.0,0.0,1.0
15936,0,1,3400,-58,58,730,8.2,24,0.50,29408.000000,0,27,0.0,0.0,0.0,0.0,0.0,0.0,0.0,1.0
16185,0,1,3400,-58,58,728,17,23,0.61,31872.000000,0,27,0.0,0.0,0.0,0.0,0.0,0.0,0.0,1.0
16434,0,1,3400,-58,58,722,15,24,0.50,32128.000000,0,27,0.0,186,0.0,0.0,0.0,0.0,0.0,1.0
16683,0,1,3400,-58,58,721,17,24,0.50,37856.000000,0,27,0.0,0.0,13184.000000,0,0.0,0.0,0.0,1.0
16932,0,1,3400,-58,58,725,16,24,0.64,74880.000000,0,27,0.0,0.0,0.0,0.0,0.0,0.0,0.0,1.0
17181,0,1,3400,-58,58,726,13,24,0.50,37920.000000,0,27,0.0,0.0,0.0,0.0,0.0,0.0,0.0,1.0
17430,0,1,3400,-58,58,726,14,24,0.51,61088.000000,0,27,0.0,186,0.0,0.0,0.0,0.0,0.0,1.0
17679,0,1,3400,-58,58,729,12,23,0.50,48288.000000,0,27,0.0,0.0,11456.000000,0,0.0,0.0,0.0,1.0
17928,0,1,3400,-58,58,730,12,24,0.50,22144.000000,0,27,0.0,0.0,0.0,0.0,0.0,0.0,0.0,1.0
18177,0,1,3400,-58,58,728,15,23,0.50,44352.000000,0,27,0.0,0.0,0.0,0.0,0.0,0.0,0.0,1.0
18426,0,1,3400,-58,58,722,17,24,0.64,59104.000000,4,27,3.3,0.0,23424.000000,6,0.0,0.0,0.0,1.0
18675,0,1,3400,-58,58,724,14,23,0.50,48736.000000,0,27,0.0,0.0,0.0,0.0,0.0,0.0,0.0,1.0
18924,0,1,3400,-58,58,724,13,23,0.51,43232.000000,0,27,0.0,0.0,0.0,0.0,0.0,0.0,0.0,1.0
19173,0,1,3400,-58,58,721,17,24,0.50,31968.000000,0,27,0.0,0.0,0.0,0.0,0.0,0.0,0.0,1.0
19422,0,1,3400,-58,58,720,19,23,1.2,37461.847656,6,27,0.0,186,0.0,0.0,0.0,0.0,0.0,1.0
19671,0,1,3400,-58,58,723,9.8,23,0.50,10592.000000,0,27,0.0,0.0,14592.000000,0,0.0,0.0,0.0,1.0
19920,0,1,3400,-58,58,731,17,24,0.66,32000.000000,0,27,0.0,0.0,0.0,0.0,0.0,0.0,0.0,1.0
20169,0,1,3400,-58,58,727,11,23,0.52,27008.000000,0,27,0.0,0.0,0.0,0.0,0.0,0.0,0.0,1.0
20418,0,1,3400,-58,58,728,17,23,0.50,48320.000000,0,27,0.0,186,0.0,0.0,0.0,0.0,0.0,1.0
20667,0,1,3400,-58,58,727,17,23,0.53,32128.000000,0,27,0.0,0.0,13184.000000,0,0.0,0.0,0.0,1.0
20916,0,1,3400,-58,58,727,12,24,0.64,57120.000000,0,27,0.0,0.0,0.0,0.0,0.0,0.0,0.0,1.0
21165,0,1,3400,-58,58,729,14,24,0.55,54304.000000,0,27,0.0,0.0,0.0,0.0,0.0,0.0,0.0,1.0
21414,0,1,3400,-58,58,727,16,24,0.58,42880.000000,0,27,0.0,0.0,13024.000000,0,0.0,0.0,0.0,1.0
21663,0,1,3400,-58,58,729,16,24,0.50,53408.000000,0,27,0.0,0.0,0.0,0.0,0.0,0.0,0.0,1.0
21912,0,1,3400,-58,58,724,12,24,0.52,32064.000000,0,27,0.0,0.0,0.0,0.0,0.0,0.0,0.0,1.0
22161,0,1,3400,-58,58,726,15,23,0.50,68940.242188,0,27,0.0,0.0,0.0,0.0,0.0,0.0,0.0,1.0
22410,0,1,3400,-58,58,724,11,23,0.50,40800.000000,0,27,0.0,0.0,11616.000000,0,0.0,0.0,0.0,1.0
22659,0,1,3400,-58,58,725,19,24,0.50,21152.000000,0,27,0.0,0.0,0.0,0.0,0.0,0.0,0.0,1.0
22908,0,1,3400,-58,58,724,18,23,0.53,31936.000000,0,27,0.0,0.0,0.0,0.0,0.0,0.0,0.0,1.0
23157,0,1,3400,-58,58,725,15,24,0.67,32288.000000,6,27,0.0,0.0,0.0,0.0,0.0,0.0,0.0,1.0
23406,0,1,3400,-58,58,729,7.9,24,0.55,25376.000000,0,27,0.0,186,0.0,0.0,0.0,0.0,0.0,1.0
23655,0,1,3400,-58,58,728,12,24,0.50,48256.000000,0,27,0.0,0.0,13024.000000,0,0.0,0.0,0.0,1.0
23904,0,1,3400,-58,58,725,18,23,0.52,38688.000000,0,27,0.0,0.0,0.0,0.0,0.0,0.0,0.0,1.0
24153,0,1,3400,-58,58,720,11,24,0.50,25344.000000,0,27,0.0,0.0,0.0,0.0,0.0,0.0,0.0,1.0
24402,0,1,3400,-58,58,724,17,24,0.95,31872.000000,14,27,0.0,0.0,0.0,0.0,0.0,0.0,0.0,1.0
24651,0,1,3400,-58,58,725,11,23,0.74,40416.000000,0,27,0.0,0.0,13024.000000,0,0.0,0.0,0.0,1.0
24900,0,1,3400,-58,58,721,13,24,0.50,26720.000000,0,27,0.0,0.0,0.0,0.0,0.0,0.0,0.0,1.0
25149,0,1,3400,-58,58,724,11,24,0.50,47200.000000,0,27,0.0,0.0,0.0,0.0,0.0,0.0,0.0,1.0
25398,0,1,3400,-58,58,724,14,24,0.50,26976.000000,0,27,0.0,0.0,19040.000000,0,0.0,0.0,0.0,1.0
25647,0,1,3400,-58,58,725,16,23,0.50,35104.000000,0,27,0.0,0.0,0.0,0.0,0.0,0.0,0.0,1.0
25896,0,1,3400,-58,58,723,13,24,0.50,68465.867188,0,27,0.0,0.0,0.0,0.0,0.0,0.0,0.0,1.0
26145,0,1,3400,-58,58,721,17,24,0.50,42528.000000,0,27,0.0,0.0,0.0,0.0,0.0,0.0,0.0,1.0
26394,0,1,3400,-58,58,725,17,24,0.50,31872.000000,0,27,0.0,186,0.0,0.0,0.0,0.0,0.0,1.0
26643,0,1,3400,-58,58,726,13,24,0.51,61120.000000,2,27,0.0,0.0,14112.000000,0,0.0,0.0,0.0,1.0
26892,0,1,3400,-58,58,723,12,23,0.61,65376.000000,2,27,0.0,0.0,0.0,0.0,0.0,0.0,0.0,1.0
27141,0,1,3400,-58,58,720,19,23,1.3,47680.000000,5,27,0.0,0.0,0.0,0.0,0.0,0.0,0.0,1.0
27390,0,1,3400,-58,58,727,18,23,0.50,32000.000000,0,27,0.0,0.0,14592.000000,0,0.0,0.0,0.0,1.0
27639,0,1,3400,-58,58,723,13,23,0.50,49664.000000,0,27,0.0,0.0,0.0,0.0,0.0,0.0,0.0,1.0
27888,0,1,3400,-58,58,719,14,23,0.57,48224.000000,0,27,0.0,0.0,0.0,0.0,0.0,0.0,0.0,1.0
28137,0,1,3400,-58,58,726,16,24,0.92,45920.000000,10,27,0.0,0.0,0.0,0.0,0.0,0.0,0.0,1.0
28386,0,1,3400,-58,58,730,12,24,0.50,22624.000000,0,27,0.0,0.0,13024.000000,0,0.0,0.0,0.0,1.0
28635,0,1,3400,-58,58,725,17,23,0.50,26454.183594,0,27,0.0,0.0,0.0,0.0,0.0,0.0,0.0,1.0
28884,0,1,3400,-58,58,720,15,24,0.53,48608.000000,0,27,0.0,0.0,0.0,0.0,0.0,0.0,0.0,1.0
29133,0,1,3400,-58,58,721,15,24,0.59,17856.000000,0,27,0.0,0.0,0.0,0.0,0.0,0.0,0.0,1.0
29382,0,1,3400,-58,58,723,7.2,23,0.50,22016.000000,0,27,0.0,0.0,0.0,0.0,0.0,0.0,0.0,1.0
29631,0,1,3400,-58,58,727,16,23,0.55,37184.000000,0,27,0.0,0.0,13024.000000,0,0.0,0.0,0.0,1.0
29880,0,1,3400,-58,58,724,15,24,0.64,32480.000000,0,27,0.0,0.0,0.0,0.0,0.0,0.0,0.0,1.0
30129,0,1,3400,-58,58,727,15,23,0.57,46976.000000,0,27,0.0,0.0,0.0,0.0,0.0,0.0,0.0,1.0
30378,0,1,3400,-58,58,729,15,24,0.59,22400.000000,0,27,0.0,186,0.0,0.0,0.0,0.0,0.0,1.0
30627,0,1,3400,-58,58,722,12,24,0.50,13280.000000,0,27,0.0,0.0,13184.000000,0,0.0,0.0,0.0,1.0
30876,0,1,3400,-58,58,719,13,24,0.85,29568.000000,3,27,0.0,0.0,0.0,0.0,0.0,0.0,0.0,1.0
31125,0,1,3400,-58,58,726,16,24,0.50,58592.000000,0,27,0.0,0.0,0.0,0.0,0.0,0.0,0.0,1.0
31374,0,1,3400,-58,58,729,16,23,0.50,21440.000000,0,27,0.0,186,0.0,0.0,0.0,0.0,0.0,1.0
31623,0,1,3400,-58,58,726,13,24,0.50,42656.000000,0,27,0.0,0.0,10976.000000,0,0.0,0.0,0.0,1.0
31872,0,1,3400,-58,58,726,15,23,0.50,53536.000000,0,27,0.0,0.0,0.0,0.0,0.0,0.0,0.0,1.0
32121,0,1,3400,-58,58,727,13,23,0.56,48578.312500,0,27,0.0,0.0,0.0,0.0,0.0,0.0,0.0,1.0
32370,0,1,3400,-58,58,723,16,24,0.54,42624.000000,0,27,0.0,0.0,14592.000000,0,0.0,0.0,0.0,1.0
32619,0,1,3400,-58,58,720,16,24,0.63,48000.000000,0,27,0.0,0.0,0.0,0.0,0.0,0.0,0.0,1.0
32868,0,1,3400,-58,58,722,16,23,0.67,47008.000000,5,27,0.0,0.0,0.0,0.0,0.0,0.0,0.0,1.0
33117,0,1,3400,-58,58,726,10,24,0.52,39200.000000,0,27,0.0,0.0,0.0,0.0,0.0,0.0,0.0,1.0
33366,0,1,3400,-58,58,727,16,24,0.50,15936.000000,0,27,0.0,0.0,0.0,0.0,0.0,0.0,0.0,1.0
33615,0,1,3400,-58,58,727,15,23,0.50,64064.000000,0,27,0.0,0.0,13024.000000,0,0.0,0.0,0.0,1.0
33864,0,1,3400,-58,58,727,16,24,0.52,32032.000000,0,27,0.0,0.0,0.0,0.0,0.0,0.0,0.0,1.0
34113,0,1,3400,-58,58,723,18,24,0.52,32000.000000,0,27,0.0,0.0,0.0,0.0,0.0,0.0,0.0,1.0
34362,0,1,3400,-58,58,719,17,23,0.51,58592.000000,0,27,0.0,186,0.0,0.0,0.0,0.0,0.0,1.0
34611,0,1,3400,-58,58,716,15,23,0.52,48576.000000,0,27,0.0,0.0,13024.000000,0,0.0,0.0,0.0,1.0
34860,0,1,3400,-58,58,716,9.0,24,0.50,37600.000000,0,27,0.0,0.0,0.0,0.0,0.0,0.0,0.0,1.0
35109,0,1,3400,-58,58,724,16,23,0.53,54183.265625,4,27,0.0,0.0,0.0,0.0,0.0,0.0,0.0,1.0
35358,0,1,3400,-58,58,724,13,24,0.50,18016.000000,0,27,0.0,186,0.0,0.0,0.0,0.0,0.0,1.0
35607,0,1,3400,-58,58,724,11,24,0.52,38112.000000,0,27,0.0,0.0,13184.000000,0,0.0,0.0,0.0,1.0
35856,0,1,3400,-58,58,728,14,24,0.53,27008.000000,0,27,0.0,0.0,0.0,0.0,0.0,0.0,0.0,1.0
36105,0,1,3400,-58,58,724,16,23,0.50,38592.000000,0,27,0.0,0.0,0.0,0.0,0.0,0.0,0.0,1.0
36354,0,1,3400,-58,58,719,15,24,0.59,16064.000000,0,27,0.0,0.0,0.0,0.0,0.0,0.0,0.0,1.0
36603,0,1,3400,-58,58,718,13,24,0.55,41248.000000,0,27,0.0,0.0,13024.000000,0,0.0,0.0,0.0,1.0
36852,0,1,3400,-58,58,718,15,24,0.62,27040.000000,0,27,0.0,0.0,0.0,0.0,0.0,0.0,0.0,1.0
37101,0,1,3400,-58,58,722,13,23,0.56,48992.000000,4,27,0.0,0.0,0.0,0.0,0.0,0.0,0.0,1.0
37350,0,1,3400,-58,58,724,14,24,0.52,48128.000000,0,27,0.0,186,0.0,0.0,0.0,0.0,0.0,1.0
37599,0,1,3400,-58,58,725,13,24,0.50,21728.000000,0,27,0.0,0.0,13024.000000,0,0.0,0.0,0.0,1.0
37848,0,1,3400,-58,58,724,13,23,0.50,21088.000000,0,27,0.0,0.0,0.0,0.0,0.0,0.0,0.0,1.0
38097,0,1,3400,-58,58,721,14,24,0.57,26496.000000,0,27,0.0,0.0,0.0,0.0,0.0,0.0,0.0,1.0
38346,0,1,3400,-58,58,720,16,24,0.54,48224.898438,0,27,0.0,186,0.0,0.0,0.0,0.0,0.0,1.0
38595,0,1,3400,-58,58,722,7.9,23,0.50,21760.000000,0,27,0.0,0.0,19040.000000,0,0.0,0.0,0.0,1.0
38844,0,1,3400,-58,58,721,18,24,1.1,16000.000000,14,27,0.0,0.0,0.0,0.0,0.0,0.0,0.0,1.0
39093,0,1,3400,-58,58,721,17,24,0.64,49152.000000,0,27,0.0,0.0,0.0,0.0,0.0,0.0,0.0,1.0
39342,0,1,3400,-58,58,726,15,23,0.50,52544.000000,0,27,0.0,186,0.0,0.0,0.0,0.0,0.0,1.0
39591,0,1,3400,-58,58,720,17,23,0.62,74816.000000,0,27,0.91,0.0,15232.000000,0,0.0,0.0,0.0,1.0
39840,0,1,3400,-58,58,716,10,23,0.51,61568.000000,0,27,1.0,0.0,0.0,0.0,0.0,0.0,0.0,1.0
40089,0,1,3400,-58,58,720,10,23,0.50,39904.000000,0,27,1.0,0.0,0.0,0.0,0.0,0.0,0.0,1.0
40338,0,1,3400,-58,58,722,11,24,0.52,55168.000000,0,27,0.89,0.0,13024.000000,0,0.0,0.0,0.0,1.0
40587,0,1,3400,-58,58,722,14,24,0.56,21472.000000,0,27,0.0,0.0,0.0,0.0,0.0,0.0,0.0,1.0
40836,0,1,3400,-58,58,718,15,24,0.58,33376.000000,0,27,0.0,0.0,0.0,0.0,0.0,0.0,0.0,1.0
41085,0,1,3400,-58,58,717,16,23,0.50,31872.000000,0,27,0.0,0.0,0.0,0.0,0.0,0.0,0.0,1.0
41334,0,1,3400,-58,58,720,14,23,0.59,49248.000000,0,27,0.0,0.0,13024.000000,0,0.0,0.0,0.0,1.0
41583,0,1,3400,-58,58,720,11,24,0.90,61450.199219,2,27,0.0,0.0,0.0,0.0,0.0,0.0,0.0,1.0
41832,0,1,3400,-58,58,717,13,23,0.50,27264.000000,0,27,0.0,0.0,0.0,0.0,0.0,0.0,0.0,1.0
42081,0,1,3400,-58,58,715,14,24,0.64,47872.000000,0,27,0.0,0.0,0.0,0.0,0.0,0.0,0.0,1.0
42330,0,1,3400,-58,58,719,16,24,0.56,25376.000000,0,27,0.0,0.0,0.0,0.0,0.0,0.0,0.0,1.0
42579,0,1,3400,-58,58,719,10,24,0.50,29504.000000,0,27,0.0,0.0,12544.000000,0,0.0,0.0,0.0,1.0
42828,0,1,3400,-58,58,717,16,24,0.50,21472.000000,0,27,0.0,0.0,0.0,0.0,0.0,0.0,0.0,1.0
43077,0,1,3400,-58,58,714,14,23,0.50,53664.000000,0,27,0.0,0.0,0.0,0.0,0.0,0.0,0.0,1.0
43326,0,1,3400,-58,58,717,13,23,0.56,56448.000000,0,27,0.0,0.0,13024.000000,0,0.0,0.0,0.0,1.0
43575,0,1,3400,-58,58,724,18,23,0.56,52032.000000,0,27,0.0,0.0,0.0,0.0,0.0,0.0,0.0,1.0
43824,0,1,3400,-58,58,719,13,24,0.54,27936.000000,0,27,0.0,0.0,0.0,0.0,0.0,0.0,0.0,1.0
44073,0,1,3400,-58,58,715,13,24,0.50,56768.000000,0,27,0.0,0.0,0.0,0.0,0.0,0.0,0.0,1.0
44322,0,1,3400,-58,58,722,17,24,0.50,34688.000000,0,27,0.0,186,0.0,0.0,0.0,0.0,0.0,1.0
44571,0,1,3400,-58,58,718,15,24,0.52,40546.183594,0,27,0.0,0.0,13076.305664,0,0.0,0.0,0.0,1.0
44820,0,1,3400,-58,58,723,17,24,1.5,26592.000000,9,27,0.0,0.0,0.0,0.0,0.0,0.0,0.0,1.0
45069,0,1,3400,-58,58,721,17,23,0.50,15872.000000,0,27,0.0,0.0,0.0,0.0,0.0,0.0,0.0,1.0
45318,0,1,3400,-58,58,718,17,24,0.54,42560.000000,0,27,0.0,186,0.0,0.0,0.0,0.0,0.0,1.0
45567,0,1,3400,-58,58,718,14,24,0.50,32128.000000,0,27,0.90,0.0,14592.000000,0,0.0,0.0,0.0,1.0
45816,0,1,3400,-58,58,717,15,23,0.50,50752.000000,0,27,1.0,0.0,0.0,0.0,0.0,0.0,0.0,1.0
46065,0,1,3400,-58,58,716,13,24,0.50,43200.000000,0,27,1.0,0.0,0.0,0.0,0.0,0.0,0.0,1.0
46314,0,1,3400,-58,58,718,15,24,0.50,43968.000000,0,27,0.99,186,0.0,0.0,0.0,0.0,0.0,1.0
46563,0,1,3400,-58,58,721,12,24,0.52,24032.000000,0,27,0.016,0.0,13184.000000,0,0.0,0.0,0.0,1.0
46812,0,1,3400,-58,58,724,12,23,0.67,32640.000000,0,27,0.0,0.0,0.0,0.0,0.0,0.0,0.0,1.0
47061,0,1,3400,-58,58,721,22,24,2.0,15936.000000,14,27,0.0,0.0,0.0,0.0,0.0,0.0,0.0,1.0
47310,0,1,3400,-58,58,721,16,24,0.57,53408.000000,0,27,0.0,186,0.0,0.0,0.0,0.0,0.0,1.0
47559,0,1,3400,-58,58,717,14,23,0.64,41984.000000,0,27,0.0,0.0,13024.000000,0,0.0,0.0,0.0,1.0
47808,0,1,3400,-58,58,720,13,24,0.57,19840.000000,0,27,0.0,0.0,0.0,0.0,0.0,0.0,0.0,1.0
48057,0,1,3400,-58,58,723,11,24,0.52,48478.085938,0,27,0.0,0.0,0.0,0.0,0.0,0.0,0.0,1.0
48306,0,1,3400,-58,58,718,12,23,0.52,49536.000000,0,27,0.0,186,0.0,0.0,0.0,0.0,0.0,1.0
48555,0,1,3400,-58,58,720,15,23,0.50,64192.000000,0,27,0.0,0.0,13024.000000,0,0.0,0.0,0.0,1.0
48804,0,1,3400,-58,58,721,17,24,0.50,40160.000000,0,27,0.0,0.0,0.0,0.0,0.0,0.0,0.0,1.0
49053,0,1,3400,-58,58,714,15,24,0.55,23904.000000,0,27,0.0,0.0,0.0,0.0,0.0,0.0,0.0,1.0
49302,0,1,3400,-58,58,716,10,23,0.50,38240.000000,0,27,0.0,0.0,13024.000000,0,0.0,0.0,0.0,1.0
49551,0,1,3400,-58,58,721,16,24,0.50,31872.000000,0,27,0.0,0.0,0.0,0.0,0.0,0.0,0.0,1.0
49800,0,1,3400,-58,58,722,13,24,0.50,32160.000000,0,27,0.0,0.0,0.0,0.0,0.0,0.0,0.0,1.0
50049,0,1,3400,-58,58,718,17,24,0.53,53664.000000,4,27,0.0,0.0,0.0,0.0,0.0,0.0,0.0,1.0
50298,0,1,3400,-58,58,719,12,24,0.52,34208.000000,0,27,0.0,0.0,0.0,0.0,0.0,0.0,0.0,1.0
50547,0,1,3400,-58,58,716,15,24,0.50,54112.000000,0,27,0.0,0.0,14592.000000,0,0.0,0.0,0.0,1.0
50796,0,1,3400,-58,58,717,16,24,0.54,37408.000000,0,27,0.0,0.0,0.0,0.0,0.0,0.0,0.0,1.0
51045,0,1,3400,-58,58,721,12,23,0.55,32960.000000,0,27,0.0,0.0,0.0,0.0,0.0,0.0,0.0,1.0
51294,0,1,3400,-58,58,722,5.0,24,0.50,44305.222656,0,27,0.0,186,0.0,0.0,0.0,0.0,0.0,1.0
51543,0,1,3400,-58,58,719,17,24,0.53,15936.000000,0,27,0.0,0.0,13184.000000,0,0.0,0.0,0.0,1.0
51792,0,1,3400,-58,58,719,15,23,0.50,37440.000000,0,27,0.0,0.0,0.0,0.0,0.0,0.0,0.0,1.0
52041,0,1,3400,-58,58,720,16,24,0.50,37312.000000,0,27,0.0,0.0,0.0,0.0,0.0,0.0,0.0,1.0
52290,0,1,3400,-58,58,717,17,23,0.50,53376.000000,0,27,0.0,186,0.0,0.0,0.0,0.0,0.0,1.0
52539,0,1,3400,-58,58,715,12,24,0.50,32160.000000,0,27,0.0,0.0,13184.000000,0,0.0,0.0,0.0,1.0
52788,0,1,3400,-58,58,714,15,24,0.50,40576.000000,0,27,0.0,0.0,0.0,0.0,0.0,0.0,0.0,1.0
53037,0,1,3400,-58,58,719,16,24,0.52,37216.000000,0,27,0.0,0.0,0.0,0.0,0.0,0.0,0.0,1.0
53286,0,1,3400,-58,58,725,17,23,0.66,21344.000000,0,27,0.0,186,0.0,0.0,0.0,0.0,0.0,1.0
53535,0,1,3400,-58,58,722,11,24,0.50,29408.000000,0,27,0.0,0.0,12544.000000,0,0.0,0.0,0.0,1.0
53784,0,1,3400,-58,58,717,17,24,0.53,37184.000000,0,27,0.0,0.0,0.0,0.0,0.0,0.0,0.0,1.0
54033,0,1,3400,-58,58,716,14,23,0.54,38688.000000,0,27,0.0,0.0,0.0,0.0,0.0,0.0,0.0,1.0
54282,0,1,3400,-58,58,711,16,23,0.53,37440.000000,0,27,0.0,186,0.0,0.0,0.0,0.0,0.0,1.0
54531,0,1,3400,-58,58,712,17,23,0.50,32191.234375,0,27,0.0,0.0,14533.864258,0,0.0,0.0,0.0,1.0
54780,0,1,3400,-58,58,717,16,23,0.58,84384.000000,3,27,0.0,0.0,0.0,0.0,0.0,0.0,0.0,1.0
55029,0,1,3400,-58,58,723,17,23,0.50,39104.000000,0,27,0.0,0.0,0.0,0.0,0.0,0.0,0.0,1.0
55278,0,1,3400,-58,58,722,11,24,0.50,52480.000000,0,27,0.0,186,0.0,0.0,0.0,0.0,0.0,1.0
55527,0,1,3400,-58,58,718,14,23,0.58,64672.000000,0,27,0.0,0.0,13024.000000,0,0.0,0.0,0.0,1.0
55776,0,1,3400,-58,58,714,13,23,0.55,43456.000000,0,27,0.0,0.0,0.0,0.0,0.0,0.0,0.0,1.0
56025,0,1,3400,-58,58,716,14,24,0.51,42912.000000,5,27,0.0,0.0,0.0,0.0,0.0,0.0,0.0,1.0
56274,0,1,3400,-58,58,712,12,23,0.54,28928.000000,0,27,0.0,186,0.0,0.0,0.0,0.0,0.0,1.0
56523,0,1,3400,-58,58,709,16,23,0.50,37408.000000,0,27,0.0,0.0,13184.000000,0,0.0,0.0,0.0,1.0
56772,0,1,3400,-58,58,712,14,24,0.53,42688.000000,0,27,0.0,0.0,0.0,0.0,0.0,0.0,0.0,1.0
57021,0,1,3400,-58,58,720,17,24,0.55,69248.000000,0,27,0.0,0.0,0.0,0.0,0.0,0.0,0.0,1.0
57270,0,1,3400,-58,58,717,17,23,0.56,53493.976562,0,27,0.0,0.0,13076.305664,0,0.0,0.0,0.0,1.0
57519,0,1,3400,-58,58,713,14,24,0.50,32544.000000,0,27,0.0,0.0,0.0,0.0,0.0,0.0,0.0,1.0
57768,0,1,3400,-58,58,715,16,24,0.61,11584.000000,17,27,0.0,0.0,0.0,0.0,0.0,0.0,0.0,1.0
58017,0,1,3400,-58,58,715,13,23,0.50,32448.000000,0,27,0.0,0.0,0.0,0.0,0.0,0.0,0.0,1.0
58266,0,1,3400,-58,58,716,5.8,24,0.50,33184.000000,0,27,0.0,0.0,0.0,0.0,0.0,0.0,0.0,1.0
58515,0,1,3400,-58,58,719,10,24,0.51,35424.000000,0,27,0.0,0.0,13024.000000,0,0.0,0.0,0.0,1.0
58764,0,1,3400,-58,58,719,6.8,23,0.50,58560.000000,0,27,0.0,0.0,0.0,0.0,0.0,0.0,0.0,1.0
59013,0,1,3400,-58,58,719,8.6,24,0.55,47648.000000,0,27,0.0,0.0,0.0,0.0,0.0,0.0,0.0,1.0
59262,0,1,3400,-58,58,719,14,24,0.50,53472.000000,0,27,0.0,186,0.0,0.0,0.0,0.0,0.0,1.0
59511,0,1,3400,-58,58,718,17,23,0.79,20192.000000,12,27,0.0,0.0,13024.000000,0,0.0,0.0,0.0,1.0
59760,0,1,3400,-58,58,716,15,23,0.50,48160.000000,0,27,0.0,0.0,0.0,0.0,0.0,0.0,0.0,1.0
60009,0,1,3400,-58,58,715,13,24,0.50,10752.000000,0,27,0.0,0.0,0.0,0.0,0.0,0.0,0.0,1.0
60258,0,1,3400,-58,58,719,15,23,0.50,64064.000000,0,27,0.0,0.0,13024.000000,0,0.0,0.0,0.0,1.0
60507,0,1,3400,-58,58,720,13,24,0.50,33120.000000,0,27,0.0,0.0,0.0,0.0,0.0,0.0,0.0,1.0
60756,0,1,3400,-58,58,720,13,24,0.53,45248.000000,0,27,0.0,0.0,0.0,0.0,0.0,0.0,0.0,1.0
61005,0,1,3400,-58,58,715,17,24,0.56,37003.984375,0,27,0.0,0.0,0.0,0.0,0.0,0.0,0.0,1.0
61254,0,1,3400,-58,58,715,9.8,23,0.53,56288.000000,0,27,0.0,186,0.0,0.0,0.0,0.0,0.0,1.0
61503,0,1,3400,-58,58,717,7.9,24,0.50,23808.000000,0,27,0.0,0.0,14112.000000,0,0.0,0.0,0.0,1.0
61752,0,1,3400,-58,58,716,15,24,0.50,16320.000000,0,27,0.0,0.0,0.0,0.0,0.0,0.0,0.0,1.0
62001,0,1,3400,-58,58,718,13,24,0.50,37792.000000,0,27,0.0,0.0,0.0,0.0,0.0,0.0,0.0,1.0
62250,0,1,3400,-58,58,720,14,23,0.53,48064.000000,5,27,0.0,0.0,13024.000000,0,0.0,0.0,0.0,1.0
62499,0,1,3400,-58,58,722,11,24,0.51,29056.000000,0,27,0.0,0.0,0.0,0.0,0.0,0.0,0.0,1.0
62748,0,1,3400,-58,58,718,16,24,0.52,56960.000000,0,27,0.0,0.0,0.0,0.0,0.0,0.0,0.0,1.0
62997,0,1,3400,-58,58,714,17,23,0.54,37184.000000,0,27,0.0,0.0,0.0,0.0,0.0,0.0,0.0,1.0
63246,0,1,3400,-58,58,713,15,24,0.50,37632.000000,0,27,0.0,0.0,13024.000000,0,0.0,0.0,0.0,1.0
63495,0,1,3400,-58,58,716,15,24,0.50,48288.000000,0,27,0.0,0.0,0.0,0.0,0.0,0.0,0.0,1.0
63744,0,1,3400,-58,58,724,18,23,0.59,32064.257812,0,27,0.0,0.0,0.0,0.0,0.0,0.0,0.0,1.0
63993,0,1,3400,-58,58,717,9.7,23,0.59,44192.000000,3,27,0.0,0.0,0.0,0.0,0.0,0.0,0.0,1.0
64242,0,1,3400,-58,58,717,14,24,0.50,21312.000000,0,27,0.0,0.0,13024.000000,0,0.0,0.0,0.0,1.0
64491,0,1,3400,-58,58,720,16,23,0.50,37056.000000,0,27,0.0,0.0,0.0,0.0,0.0,0.0,0.0,1.0
64740,0,1,3400,-58,58,721,14,24,0.63,34080.000000,0,27,0.0,0.0,0.0,0.0,0.0,0.0,0.0,1.0
64989,0,1,3400,-58,58,718,18,24,0.65,37696.000000,0,27,0.0,0.0,0.0,0.0,0.0,0.0,0.0,1.0
65238,0,1,3400,-58,58,715,17,23,0.51,27040.000000,0,27,0.0,186,0.0,0.0,0.0,0.0,0.0,1.0
65487,0,1,3400,-58,58,713,13,24,0.61,21504.000000,0,27,0.0,0.0,13024.000000,0,0.0,0.0,0.0,1.0
65736,0,1,3400,-58,58,716,14,24,0.59,37728.000000,0,27,0.0,0.0,0.0,0.0,0.0,0.0,0.0,1.0
65985,0,1,3400,-58,58,716,16,23,0.50,37536.000000,0,27,0.0,0.0,0.0,0.0,0.0,0.0,0.0,1.0
66234,0,1,3400,-58,58,715,15,24,0.67,48832.000000,4,27,0.0,0.0,13184.000000,0,0.0,0.0,0.0,1.0
66483,0,1,3400,-58,58,714,12,24,0.52,49376.000000,0,27,0.0,0.0,0.0,0.0,0.0,0.0,0.0,1.0
66732,0,1,3400,-58,58,714,16,24,0.62,17120.000000,0,27,0.0,0.0,0.0,0.0,0.0,0.0,0.0,1.0
66981,0,1,3400,-58,58,714,13,24,0.50,23872.000000,0,27,0.0,0.0,0.0,0.0,0.0,0.0,0.0,1.0
67230,0,1,3400,-58,58,719,16,23,0.87,62656.000000,3,27,0.0,0.0,13184.000000,0,0.0,0.0,0.0,1.0
67479,0,1,3400,-58,58,719,11,24,0.50,22247.011719,0,27,0.0,0.0,0.0,0.0,0.0,0.0,0.0,1.0
67728,0,1,3400,-58,58,717,12,23,0.50,26592.000000,0,27,0.0,0.0,0.0,0.0,0.0,0.0,0.0,1.0
67977,0,1,3400,-58,58,716,17,24,0.52,31840.000000,0,27,0.0,0.0,0.0,0.0,0.0,0.0,0.0,1.0
68226,0,1,3400,-58,58,715,15,24,0.58,48192.000000,0,27,0.0,186,0.0,0.0,0.0,0.0,0.0,1.0
68475,0,1,3400,-58,58,715,17,23,0.50,42496.000000,0,27,0.0,0.0,13024.000000,0,0.0,0.0,0.0,1.0
68724,0,1,3400,-58,58,714,12,23,0.58,43136.000000,0,27,0.0,0.0,0.0,0.0,0.0,0.0,0.0,1.0
68973,0,1,3400,-58,58,715,17,24,0.52,47840.000000,0,27,0.0,0.0,0.0,0.0,0.0,0.0,0.0,1.0
69222,0,1,3400,-58,58,714,14,24,0.50,39744.000000,0,27,0.0,0.0,13024.000000,0,0.0,0.0,0.0,1.0
69471,0,1,3400,-58,58,707,14,23,0.52,56160.000000,0,27,0.0,0.0,0.0,0.0,0.0,0.0,0.0,1.0
69720,0,1,3400,-58,58,707,16,24,0.50,51968.000000,0,27,0.0,0.0,0.0,0.0,0.0,0.0,0.0,1.0
69969,0,1,3400,-58,58,712,11,24,0.50,45120.000000,0,27,0.0,0.0,0.0,0.0,0.0,0.0,0.0,1.0
70218,0,1,3400,-58,58,717,16,23,0.50,16353.414062,0,27,0.0,186,0.0,0.0,0.0,0.0,0.0,1.0
70467,0,1,3400,-58,58,718,17,23,0.50,47936.000000,0,27,0.0,0.0,14592.000000,0,0.0,0.0,0.0,1.0
70716,0,1,3400,-58,58,713,17,24,0.50,37504.000000,0,27,0.0,0.0,0.0,0.0,0.0,0.0,0.0,1.0
70965,0,1,3400,-58,58,715,15,23,0.67,65184.000000,3,27,0.0,0.0,0.0,0.0,0.0,0.0,0.0,1.0
71214,0,1,3400,-58,58,718,17,24,0.51,42624.000000,0,27,0.0,0.0,13024.000000,0,0.0,0.0,0.0,1.0
71463,0,1,3400,-58,58,716,14,24,0.50,42944.000000,0,27,0.0,0.0,0.0,0.0,0.0,0.0,0.0,1.0
71712,0,1,3400,-58,58,715,9.5,23,0.50,10688.000000,0,27,0.0,0.0,0.0,0.0,0.0,0.0,0.0,1.0
71961,0,1,3400,-58,58,712,16,23,0.50,58752.000000,0,27,0.0,0.0,0.0,0.0,0.0,0.0,0.0,1.0
72210,0,1,3400,-58,58,710,17,24,0.50,15936.000000,0,27,0.0,186,0.0,0.0,0.0,0.0,0.0,1.0
72459,0,1,3400,-58,58,712,18,24,0.53,26688.000000,0,27,0.0,0.0,14592.000000,0,0.0,0.0,0.0,1.0
72708,0,1,3400,-58,58,716,11,23,0.51,78400.000000,0,27,0.0,0.0,0.0,0.0,0.0,0.0,0.0,1.0
72957,0,1,3400,-58,58,717,16,24,0.50,21344.000000,0,27,0.0,0.0,0.0,0.0,0.0,0.0,0.0,1.0
73206,0,1,3400,-58,58,714,16,23,0.50,53344.000000,0,27,0.0,0.0,0.0,0.0,0.0,0.0,0.0,1.0
73455,0,1,3400,-58,58,708,18,23,0.50,26560.000000,0,27,0.0,0.0,13184.000000,0,0.0,0.0,0.0,1.0
73704,0,1,3400,-58,58,710,17,24,0.50,26656.000000,0,27,0.0,0.0,0.0,0.0,0.0,0.0,0.0,1.0
73953,0,1,3400,-58,58,713,17,24,0.53,63394.421875,0,27,0.0,0.0,0.0,0.0,0.0,0.0,0.0,1.0
74202,0,1,3400,-58,58,717,17,24,0.50,26624.000000,0,27,0.0,186,0.0,0.0,0.0,0.0,0.0,1.0
74451,0,1,3400,-58,58,717,9.4,23,0.50,70144.000000,0,27,0.0,0.0,10976.000000,0,0.0,0.0,0.0,1.0
74700,0,1,3400,-58,58,712,13,24,0.50,26720.000000,0,27,0.0,0.0,0.0,0.0,0.0,0.0,0.0,1.0
74949,0,1,3400,-58,58,709,17,23,0.94,32064.000000,0,27,0.0,0.0,0.0,0.0,0.0,0.0,0.0,1.0
75198,0,1,3400,-58,58,716,15,23,0.56,39520.000000,0,27,0.0,186,0.0,0.0,0.0,0.0,0.0,1.0
75447,0,1,3400,-58,58,717,14,24,0.51,54272.000000,0,27,0.0,0.0,14112.000000,0,0.0,0.0,0.0,1.0
75696,0,1,3400,-58,58,716,16,23,0.50,31968.000000,0,27,0.0,0.0,0.0,0.0,0.0,0.0,0.0,1.0
75945,0,1,3400,-58,58,713,16,23,0.52,38528.000000,0,27,0.0,0.0,0.0,0.0,0.0,0.0,0.0,1.0
76194,0,1,3400,-58,58,713,14,24,0.50,37301.203125,0,27,0.0,186,0.0,0.0,0.0,0.0,0.0,1.0
76443,0,1,3400,-58,58,710,16,24,0.50,21216.000000,0,27,0.0,0.0,16576.000000,0,0.0,0.0,0.0,1.0
76692,0,1,3400,-58,58,706,16,24,0.74,32160.000000,0,27,0.0,0.0,0.0,0.0,0.0,0.0,0.0,1.0
76941,0,1,3400,-58,58,712,15,24,0.61,39936.000000,0,27,0.0,0.0,0.0,0.0,0.0,0.0,0.0,1.0
77190,0,1,3400,-58,58,712,17,24,0.70,27520.000000,8,27,0.0,0.0,13184.000000,0,0.0,0.0,0.0,1.0
77439,0,1,3400,-58,58,713,17,23,0.51,53600.000000,0,27,0.0,0.0,0.0,0.0,0.0,0.0,0.0,1.0
77688,0,1,3400,-58,58,712,16,24,0.54,69120.000000,0,27,0.0,0.0,0.0,0.0,0.0,0.0,0.0,1.0
77937,0,1,3400,-58,58,713,19,24,0.50,26400.000000,0,27,0.0,0.0,0.0,0.0,0.0,0.0,0.0,1.0
78186,0,1,3400,-58,58,715,15,23,0.62,10752.000000,0,27,0.0,0.0,0.0,0.0,0.0,0.0,0.0,1.0
78435,0,1,3400,-58,58,710,14,24,0.54,48448.000000,0,27,0.0,0.0,13024.000000,0,0.0,0.0,0.0,1.0
78684,0,1,3400,-58,58,711,15,24,0.51,57696.000000,4,27,0.0,0.0,0.0,0.0,0.0,0.0,0.0,1.0
78933,0,1,3400,-58,58,715,16,24,0.50,37536.000000,0,27,0.0,0.0,0.0,0.0,0.0,0.0,0.0,1.0
79182,0,1,3400,-58,58,717,16,24,0.53,52992.000000,0,27,0.0,0.0,13024.000000,0,0.0,0.0,0.0,1.0
79431,0,1,3400,-58,58,713,18,24,0.50,26560.000000,0,27,0.0,0.0,0.0,0.0,0.0,0.0,0.0,1.0
79680,0,1,3400,-58,58,709,18,24,0.50,10624.000000,0,27,0.0,0.0,0.0,0.0,0.0,0.0,0.0,1.0
79929,0,1,3400,-58,58,713,15,23,0.59,38656.000000,5,27,0.0,0.0,0.0,0.0,0.0,0.0,0.0,1.0
80178,0,1,3400,-58,58,713,15,24,0.72,56640.000000,3,27,0.0,186,0.0,0.0,0.0,0.0,0.0,1.0
80427,0,1,3400,-58,58,713,14,23,0.64,42454.183594,0,27,9.5,0.0,33211.156250,0,0.0,0.0,0.0,1.0
80676,0,1,3400,-58,58,709,14,23,0.57,45152.000000,0,27,10,0.0,0.0,0.0,0.0,0.0,0.0,1.0
80925,0,1,3400,-58,58,711,15,23,0.54,64608.000000,0,27,10,0.0,0.0,0.0,0.0,0.0,0.0,1.0
81174,0,1,3400,-58,58,711,18,24,0.50,31776.000000,0,27,10,0.0,0.0,0.0,0.0,0.0,0.0,1.0
81423,0,1,3400,-58,58,712,14,23,0.50,37472.000000,0,27,1.8,0.0,14592.000000,0,0.0,0.0,0.0,1.0
81672,0,1,3400,-58,58,714,16,24,0.63,37312.000000,0,27,0.0,0.0,0.0,0.0,0.0,0.0,0.0,1.0
81921,0,1,3400,-58,58,712,15,23,0.51,53696.000000,0,27,0.0,0.0,0.0,0.0,0.0,0.0,0.0,1.0
82170,0,1,3400,-58,58,710,16,24,0.54,29536.000000,0,27,0.0,186,0.0,0.0,0.0,0.0,0.0,1.0
82419,0,1,3400,-58,58,709,17,24,0.50,42560.000000,0,27,0.0080,0.0,15904.000000,0,0.0,0.0,0.0,1.0
82668,0,1,3400,-58,58,712,16,24,0.50,38240.000000,0,27,0.0,0.0,0.0,0.0,0.0,0.0,0.0,1.0
82917,0,1,3400,-58,58,712,15,23,0.55,58763.050781,0,27,0.0,0.0,0.0,0.0,0.0,0.0,0.0,1.0
83166,0,1,3400,-58,58,707,14,24,0.50,54176.000000,0,27,8.6,0.0,35840.000000,10,0.0,0.0,0.0,1.0
83415,0,1,3400,-58,58,707,5.6,24,0.50,11616.000000,0,27,1.0,0.0,0.0,0.0,0.0,0.0,0.0,1.0
83664,0,1,3400,-58,58,712,16,23,0.50,63872.000000,0,27,1.0,0.0,0.0,0.0,0.0,0.0,0.0,1.0
83913,0,1,3400,-58,58,718,15,23,0.76,29696.000000,3,27,1.0,0.0,0.0,0.0,0.0,0.0,0.0,1.0
84162,0,1,3400,-58,58,716,17,24,0.64,37184.000000,0,27,0.86,0.0,13024.000000,0,0.0,0.0,0.0,1.0
84411,0,1,3400,-58,58,713,16,23,0.60,37312.000000,0,27,0.0,0.0,0.0,0.0,0.0,0.0,0.0,1.0
84660,0,1,3400,-58,58,709,15,23,0.55,42656.000000,0,27,0.0,0.0,0.0,0.0,0.0,0.0,0.0,1.0
84909,0,1,3400,-58,58,710,16,24,0.52,43808.000000,0,27,0.0080,0.0,0.0,0.0,0.0,0.0,0.0,1.0
85158,0,1,3400,-58,58,710,14,23,0.54,53024.000000,0,27,0.0080,0.0,13184.000000,0,0.0,0.0,0.0,1.0
85407,0,1,3400,-58,58,715,12,23,0.53,37728.000000,0,27,0.0,0.0,0.0,0.0,0.0,0.0,0.0,1.0
85656,0,1,3400,-58,58,717,17,24,0.52,74208.000000,0,27,0.016,0.0,0.0,0.0,0.0,0.0,0.0,1.0
85905,0,1,3400,-58,58,715,15,23,0.50,51328.000000,0,27,0.0080,0.0,0.0,0.0,0.0,0.0,0.0,1.0
86154,0,1,3400,-58,58,712,17,23,0.54,44768.000000,0,27,0.016,0.0,14592.000000,0,0.0,0.0,0.0,1.0
86403,0,1,3400,-58,58,707,9.4,24,0.51,33792.000000,0,27,0.016,0.0,0.0,0.0,0.0,0.0,0.0,1.0
86652,0,1,3400,-58,58,711,14,24,0.50,53440.000000,0,27,0.0080,0.0,0.0,0.0,0.0,0.0,0.0,1.0
86901,0,1,3400,-58,58,712,10,23,0.58,18741.035156,0,27,0.0080,0.0,0.0,0.0,0.0,0.0,0.0,1.0
87150,0,1,3400,-58,58,712,17,24,0.96,58496.000000,6,27,0.016,186,0.0,0.0,0.0,0.0,0.0,1.0
87399,0,1,3400,-58,58,712,18,24,0.57,31904.000000,0,27,0.0080,0.0,13024.000000,0,0.0,0.0,0.0,1.0
87648,0,1,3400,-58,58,708,12,24,0.50,39168.000000,0,27,0.0,0.0,0.0,0.0,0.0,0.0,0.0,1.0
87897,0,1,3400,-58,58,710,7.3,24,0.54,48032.000000,0,27,0.0,0.0,0.0,0.0,0.0,0.0,0.0,1.0
88146,0,1,3400,-58,58,715,7.4,24,0.53,26560.000000,0,27,0.024,186,0.0,0.0,0.0,0.0,0.0,1.0
88395,0,1,3400,-58,58,711,15,24,0.51,48512.000000,0,27,0.0,0.0,14752.000000,0,0.0,0.0,0.0,1.0
88644,0,1,3400,-58,58,712,18,24,0.61,31712.000000,0,27,0.0,0.0,0.0,0.0,0.0,0.0,0.0,1.0
88893,0,1,3400,-58,58,707,16,24,0.50,21815.261719,0,27,0.0,0.0,0.0,0.0,0.0,0.0,0.0,1.0
89142,0,1,3400,-58,58,708,13,23,0.50,53067.730469,0,27,0.0,186,0.0,0.0,0.0,0.0,0.0,1.0
89391,0,1,3400,-58,58,709,17,23,0.50,32289.156250,0,27,0.0080,0.0,13076.305664,0,0.0,0.0,0.0,1.0
89640,0,1,3400,-58,58,711,16,24,0.50,42496.000000,0,27,0.0,0.0,0.0,0.0,0.0,0.0,0.0,1.0
89889,0,1,3400,-58,58,711,12,23,0.50,26816.000000,0,27,0.016,0.0,0.0,0.0,0.0,0.0,0.0,1.0
90138,0,1,3400,-58,58,710,14,23,0.50,66816.000000,0,27,0.0,0.0,13184.000000,0,0.0,0.0,0.0,1.0
90387,0,1,3400,-58,58,706,15,24,0.50,42752.000000,0,27,0.0,0.0,0.0,0.0,0.0,0.0,0.0,1.0
90636,0,1,3400,-58,58,706,15,23,0.51,42880.000000,0,27,0.0,0.0,0.0,0.0,0.0,0.0,0.0,1.0
90885,0,1,3400,-58,58,711,13,23,0.50,17024.000000,0,27,0.0080,0.0,0.0,0.0,0.0,0.0,0.0,1.0
91134,0,1,3400,-58,58,710,15,23,0.63,52352.000000,0,27,0.016,0.0,9888.000000,0,0.0,0.0,0.0,1.0
91383,0,1,3400,-58,58,707,12,23,0.50,13056.000000,0,27,0.0,0.0,0.0,0.0,0.0,0.0,0.0,1.0
91632,0,1,3400,-58,58,705,16,23,0.73,36480.000000,12,27,0.016,0.0,0.0,0.0,0.0,0.0,0.0,1.0
91881,0,1,3400,-58,58,713,16,24,0.50,27328.000000,0,27,0.0,0.0,0.0,0.0,0.0,0.0,0.0,1.0
92130,0,1,3400,-58,58,716,17,24,0.52,31936.000000,0,27,0.016,0.0,0.0,0.0,0.0,0.0,0.0,1.0
92379,0,1,3400,-58,58,711,16,23,0.51,64064.000000,0,27,0.0080,0.0,11616.000000,0,0.0,0.0,0.0,1.0
92628,0,1,3400,-58,58,707,17,24,0.50,31936.000000,0,27,0.016,0.0,0.0,0.0,0.0,0.0,0.0,1.0
92877,0,1,3400,-58,58,702,17,24,0.50,42560.000000,0,27,0.024,0.0,0.0,0.0,0.0,0.0,0.0,1.0
93126,0,1,3400,-58,58,707,12,23,0.50,27744.000000,0,27,0.0080,0.0,0.0,0.0,0.0,0.0,0.0,1.0
93375,0,1,3400,-58,58,710,12,23,0.51,42390.437500,0,27,0.0080,0.0,12972.111328,0,0.0,0.0,0.0,1.0
93624,0,1,3400,-58,58,710,14,24,0.50,34528.000000,0,27,0.016,0.0,0.0,0.0,0.0,0.0,0.0,1.0
93873,0,1,3400,-58,58,711,14,23,0.51,64832.000000,0,27,0.0080,0.0,0.0,0.0,0.0,0.0,0.0,1.0
94122,0,1,3400,-58,58,712,17,23,0.55,37280.000000,0,27,0.0,0.0,0.0,0.0,0.0,0.0,0.0,1.0
94371,0,1,3400,-58,58,707,12,24,0.74,52800.000000,3,27,0.0080,0.0,13184.000000,0,0.0,0.0,0.0,1.0
94620,0,1,3400,-58,58,711,15,23,0.65,59168.000000,0,27,0.016,0.0,0.0,0.0,0.0,0.0,0.0,1.0
94869,0,1,3400,-58,58,710,11,23,0.50,32832.000000,0,27,0.0080,0.0,0.0,0.0,0.0,0.0,0.0,1.0
95118,0,1,3400,-58,58,706,17,24,0.50,47712.000000,0,27,0.0,0.0,13184.000000,0,0.0,0.0,0.0,1.0
95367,0,1,3400,-58,58,712,13,24,0.50,49312.000000,0,27,4.5,0.0,10400.000000,0,0.0,0.0,0.0,1.0
95616,0,1,3400,-58,58,707,13,23,0.50,76497.992188,0,27,11,0.0,0.0,0.0,0.0,0.0,0.0,1.0
95865,0,1,3400,-58,58,705,17,24,0.61,58912.000000,0,27,10,0.0,0.0,0.0,0.0,0.0,0.0,1.0
96114,0,1,3400,-58,58,708,18,24,0.62,53280.000000,5,27,10,186,0.0,0.0,0.0,0.0,0.0,1.0
96363,0,1,3400,-58,58,706,15,24,0.79,25568.000000,9,27,0.18,0.0,13184.000000,0,0.0,0.0,0.0,1.0
96612,0,1,3400,-58,58,708,16,24,0.58,16096.000000,12,27,0.0080,0.0,0.0,0.0,0.0,0.0,0.0,1.0
96861,0,1,3400,-58,58,705,12,24,0.72,28896.000000,6,27,0.0080,0.0,0.0,0.0,0.0,0.0,0.0,1.0
97110,0,1,3400,-58,58,709,14,23,0.50,32864.000000,0,27,0.0080,186,0.0,0.0,0.0,0.0,0.0,1.0
97359,0,1,3400,-58,58,711,15,23,0.50,42688.000000,0,27,0.0,0.0,13664.000000,0,0.0,0.0,0.0,1.0
97608,0,1,3400,-58,58,712,14,24,0.77,48512.000000,5,27,0.032,0.0,0.0,0.0,0.0,0.0,0.0,1.0
97857,0,1,3400,-58,58,716,14,24,0.50,26880.000000,0,27,0.0,0.0,0.0,0.0,0.0,0.0,0.0,1.0
98106,0,1,3400,-58,58,713,15,24,0.52,64352.000000,0,27,0.0,186,0.0,0.0,0.0,0.0,0.0,1.0
98355,0,1,3400,-58,58,706,15,23,0.78,32288.000000,7,27,0.0080,0.0,13184.000000,0,0.0,0.0,0.0,1.0
98604,0,1,3400,-58,58,709,17,24,0.61,42496.000000,0,27,0.0080,0.0,0.0,0.0,0.0,0.0,0.0,1.0
98853,0,1,3400,-58,58,706,17,23,0.53,37120.000000,0,27,0.024,0.0,0.0,0.0,0.0,0.0,0.0,1.0
99102,0,1,3400,-58,58,702,16,24,0.50,21344.000000,0,27,0.0,0.0,0.0,0.0,0.0,0.0,0.0,1.0
99351,0,1,3400,-58,58,709,16,23,0.61,53536.000000,0,27,0.0,0.0,13184.000000,0,0.0,0.0,0.0,1.0
99600,0,1,3400,-58,58,709,13,23,0.52,40160.000000,0,27,0.0080,0.0,0.0,0.0,0.0,0.0,0.0,1.0
99849,0,1,3400,-58,58,714,16,24,0.50,37035.855469,0,27,0.0,0.0,0.0,0.0,0.0,0.0,0.0,1.0
100098,0,1,3400,-58,58,714,15,24,0.71,36384.000000,6,27,0.0,186,0.0,0.0,0.0,0.0,0.0,1.0
100347,0,1,3400,-58,58,713,15,23,0.58,50240.000000,0,27,0.0080,0.0,11616.000000,0,0.0,0.0,0.0,1.0
100596,0,1,3400,-58,58,712,14,24,0.60,45696.000000,0,27,0.032,0.0,0.0,0.0,0.0,0.0,0.0,1.0
100845,0,1,3400,-58,58,708,14,24,0.62,21600.000000,0,27,0.016,0.0,0.0,0.0,0.0,0.0,0.0,1.0
101094,0,1,3400,-58,58,706,12,23,0.59,16224.000000,0,27,0.0080,0.0,0.0,0.0,0.0,0.0,0.0,1.0
101343,0,1,3400,-58,58,710,17,24,0.52,26560.000000,0,27,0.76,0.0,17472.000000,0,0.0,0.0,0.0,1.0
101592,0,1,3400,-58,58,707,12,24,0.50,51168.000000,0,27,1.0,0.0,0.0,0.0,0.0,0.0,0.0,1.0
101841,0,1,3400,-58,58,707,9.8,23,0.50,27694.779297,0,27,1.0,0.0,0.0,0.0,0.0,0.0,0.0,1.0
102090,0,1,3400,-58,58,708,8.8,24,0.50,16352.000000,0,27,0.89,0.0,13024.000000,0,0.0,0.0,0.0,1.0
102339,0,1,3400,-58,58,711,18,24,0.50,10624.000000,0,27,0.0,0.0,0.0,0.0,0.0,0.0,0.0,1.0
102588,0,1,3400,-58,58,711,11,24,0.51,48288.000000,0,27,0.0,0.0,0.0,0.0,0.0,0.0,0.0,1.0
102837,0,1,3400,-58,58,705,18,23,0.52,24928.000000,0,27,0.0,0.0,0.0,0.0,0.0,0.0,0.0,1.0
103086,0,1,3400,-58,58,706,18,24,0.80,30656.000000,8,27,0.0080,0.0,0.0,0.0,0.0,0.0,0.0,1.0
103335,0,1,3400,-58,58,706,15,23,1.3,34272.000000,6,27,0.0080,0.0,13024.000000,0,0.0,0.0,0.0,1.0
103584,0,1,3400,-58,58,707,15,23,0.80,52000.000000,9,27,0.0,0.0,0.0,0.0,0.0,0.0,0.0,1.0
103833,0,1,3400,-58,58,713,14,24,0.69,48448.000000,0,27,0.016,0.0,0.0,0.0,0.0,0.0,0.0,1.0
104082,0,1,3400,-58,58,713,9.7,23,0.50,27072.000000,0,27,0.0,186,0.0,0.0,0.0,0.0,0.0,1.0
104331,0,1,3400,-58,58,713,15,23,0.50,42688.000000,0,27,0.016,0.0,13184.000000,0,0.0,0.0,0.0,1.0
104580,0,1,3400,-58,58,709,16,24,1.2,33792.000000,12,27,0.0080,0.0,0.0,0.0,0.0,0.0,0.0,1.0
104829,0,1,3400,-58,58,704,14,24,0.50,48128.000000,0,27,0.0,0.0,0.0,0.0,0.0,0.0,0.0,1.0
105078,0,1,3400,-58,58,700,15,23,0.50,32672.000000,0,27,0.0080,0.0,14112.000000,0,0.0,0.0,0.0,1.0
105327,0,1,3400,-58,58,699,12,24,0.50,34816.000000,0,27,0.0080,0.0,0.0,0.0,0.0,0.0,0.0,1.0
105576,0,1,3400,-58,58,701,10,24,0.52,26976.000000,0,27,0.016,0.0,0.0,0.0,0.0,0.0,0.0,1.0
105825,0,1,3400,-58,58,708,15,24,0.50,32064.000000,0,27,0.0080,0.0,0.0,0.0,0.0,0.0,0.0,1.0
106074,0,1,3400,-58,58,712,14,24,0.54,47968.000000,0,27,0.0080,0.0,13024.000000,0,0.0,0.0,0.0,1.0
106323,0,1,3400,-58,58,714,7.6,24,0.50,51697.210938,0,27,0.0080,0.0,0.0,0.0,0.0,0.0,0.0,1.0
106572,0,1,3400,-58,58,709,15,23,0.54,53312.000000,0,27,0.024,0.0,0.0,0.0,0.0,0.0,0.0,1.0
106821,0,1,3400,-58,58,704,17,24,0.54,61344.000000,0,27,0.0,0.0,0.0,0.0,0.0,0.0,0.0,1.0
107070,0,1,3400,-58,58,706,16,24,0.69,66368.000000,0,27,0.0,186,0.0,0.0,0.0,0.0,0.0,1.0
107319,0,1,3400,-58,58,703,15,23,0.50,21632.000000,0,27,0.0080,0.0,13024.000000,0,0.0,0.0,0.0,1.0
107568,0,1,3400,-58,58,706,14,23,0.51,42464.000000,0,27,0.016,0.0,0.0,0.0,0.0,0.0,0.0,1.0
107817,0,1,3400,-58,58,707,13,24,0.50,70329.320312,0,27,0.024,0.0,0.0,0.0,0.0,0.0,0.0,1.0
108066,0,1,3400,-58,58,709,13,23,0.61,78464.000000,0,27,0.0080,0.0,13024.000000,0,0.0,0.0,0.0,1.0
108315,0,1,3400,-58,58,706,18,24,0.53,38016.000000,0,27,0.0080,0.0,1568.000000,0,0.0,0.0,0.0,1.0
108564,0,1,3400,-58,58,707,18,24,0.52,37248.000000,0,27,0.016,0.0,0.0,0.0,0.0,0.0,0.0,1.0
108813,0,1,3400,-58,58,708,17,24,0.50,58720.000000,0,27,0.0,0.0,0.0,0.0,0.0,0.0,0.0,1.0
109062,0,1,3400,-58,58,706,15,24,0.50,43328.000000,0,27,0.0080,0.0,13024.000000,0,0.0,0.0,0.0,1.0
109311,0,1,3400,-58,58,700,17,24,0.56,43776.000000,6,27,0.0080,0.0,0.0,0.0,0.0,0.0,0.0,1.0
109560,0,1,3400,-58,58,705,15,23,0.73,40128.000000,0,27,0.0080,0.0,0.0,0.0,0.0,0.0,0.0,1.0
109809,0,1,3400,-58,58,707,13,23,0.50,70272.000000,0,27,0.016,0.0,0.0,0.0,0.0,0.0,0.0,1.0
110058,0,1,3400,-58,58,705,13,24,0.50,31104.000000,0,27,0.0,186,0.0,0.0,0.0,0.0,0.0,1.0
110307,0,1,3400,-58,58,707,15,24,0.50,33216.000000,0,27,0.0,0.0,13184.000000,0,0.0,0.0,0.0,1.0
110556,0,1,3400,-58,58,704,13,23,0.52,54560.000000,0,27,0.024,0.0,0.0,0.0,0.0,0.0,0.0,1.0
110805,0,1,3400,-58,58,708,16,24,0.54,37632.000000,0,27,0.0080,0.0,0.0,0.0,0.0,0.0,0.0,1.0
111054,0,1,3400,-58,58,707,15,23,0.50,60832.000000,0,27,0.0080,0.0,13184.000000,0,0.0,0.0,0.0,1.0
111303,0,1,3400,-58,58,705,12,23,0.54,49984.000000,0,27,0.0,0.0,0.0,0.0,0.0,0.0,0.0,1.0
111552,0,1,3400,-58,58,709,12,24,0.50,30016.000000,0,27,0.0,0.0,0.0,0.0,0.0,0.0,0.0,1.0
111801,0,1,3400,-58,58,710,12,23,0.50,67840.000000,0,27,0.0,0.0,0.0,0.0,0.0,0.0,0.0,1.0
112050,0,1,3400,-58,58,703,15,23,0.57,42976.000000,0,27,0.0,0.0,0.0,0.0,0.0,0.0,0.0,1.0
112299,0,1,3400,-58,58,698,16,24,0.50,42880.000000,0,27,0.0,0.0,13024.000000,0,0.0,0.0,0.0,1.0
112548,0,1,3400,-58,58,703,13,24,0.55,43264.000000,0,27,0.0,0.0,0.0,0.0,0.0,0.0,0.0,1.0
112797,0,1,3400,-58,58,704,7.7,23,0.50,28589.640625,0,27,0.0,0.0,0.0,0.0,0.0,0.0,0.0,1.0
113046,0,1,3400,-58,58,702,13,24,0.50,27072.000000,0,27,0.0,0.0,0.0,0.0,0.0,0.0,0.0,1.0
113295,0,1,3400,-58,58,707,13,24,0.50,33152.000000,0,27,0.0,0.0,14592.000000,0,0.0,0.0,0.0,1.0
113544,0,1,3400,-58,58,702,14,23,0.53,48160.000000,0,27,0.0,0.0,0.0,0.0,0.0,0.0,0.0,1.0
113793,0,1,3400,-58,58,704,10,23,0.54,43200.000000,0,27,0.0,0.0,0.0,0.0,0.0,0.0,0.0,1.0
114042,0,1,3400,-58,58,706,17,24,0.58,53312.000000,5,27,0.0,0.0,14592.000000,0,0.0,0.0,0.0,1.0
114291,0,1,3400,-58,58,703,17,24,0.53,63935.742188,0,27,0.0,0.0,0.0,0.0,0.0,0.0,0.0,1.0
114540,0,1,3400,-58,58,704,15,23,0.50,53513.945312,0,27,0.0,0.0,0.0,0.0,0.0,0.0,0.0,1.0
114789,0,1,3400,-58,58,706,15,24,0.99,27052.208984,8,27,0.0,0.0,0.0,0.0,0.0,0.0,0.0,1.0
115038,0,1,3400,-58,58,705,16,24,0.54,31936.000000,0,27,0.0,186,0.0,0.0,0.0,0.0,0.0,1.0
115287,0,1,3400,-58,58,703,12,23,0.63,27584.000000,0,27,0.0,0.0,12544.000000,0,0.0,0.0,0.0,1.0
115536,0,1,3400,-58,58,704,16,24,0.55,70656.000000,0,27,0.0,0.0,0.0,0.0,0.0,0.0,0.0,1.0
115785,0,1,3400,-58,58,705,15,24,0.52,37152.000000,0,27,0.0,0.0,0.0,0.0,0.0,0.0,0.0,1.0
116034,0,1,3400,-58,58,703,18,24,0.61,31968.000000,0,27,0.0,0.0,0.0,0.0,0.0,0.0,0.0,1.0
116283,0,1,3400,-58,58,706,14,24,0.53,37824.000000,0,27,0.58,0.0,17472.000000,0,0.0,0.0,0.0,1.0
116532,0,1,3400,-58,58,707,11,24,0.50,21760.000000,0,27,0.99,0.0,0.0,0.0,0.0,0.0,0.0,1.0
116781,0,1,3400,-58,58,705,7.1,23,0.50,17792.000000,0,27,1.0,0.0,0.0,0.0,0.0,0.0,0.0,1.0
117030,0,1,3400,-58,58,704,16,24,0.52,32672.000000,0,27,1.0,186,0.0,0.0,0.0,0.0,0.0,1.0
117279,0,1,3400,-58,58,702,17,24,0.50,21248.000000,0,27,0.016,0.0,13024.000000,0,0.0,0.0,0.0,1.0
117528,0,1,3400,-58,58,700,18,23,0.50,58560.000000,0,27,0.0,0.0,0.0,0.0,0.0,0.0,0.0,1.0
117777,0,1,3400,-58,58,701,18,24,0.50,15936.000000,0,27,0.0,0.0,0.0,0.0,0.0,0.0,0.0,1.0
118026,0,1,3400,-58,58,707,16,24,0.78,46752.000000,4,27,0.0,186,0.0,0.0,0.0,0.0,0.0,1.0
118275,0,1,3400,-58,58,709,12,24,0.50,48736.000000,0,27,0.0,0.0,12544.000000,0,0.0,0.0,0.0,1.0
118524,0,1,3400,-58,58,706,15,23,0.56,48064.000000,0,27,0.0,0.0,0.0,0.0,0.0,0.0,0.0,1.0
118773,0,1,3400,-58,58,706,17,23,0.55,31712.000000,0,27,0.0,0.0,0.0,0.0,0.0,0.0,0.0,1.0
119022,0,1,3400,-58,58,705,16,23,0.50,32096.000000,0,27,0.0,0.0,14592.000000,0,0.0,0.0,0.0,1.0
119271,0,1,3400,-58,58,705,16,24,0.50,53258.964844,0,27,0.0,0.0,0.0,0.0,0.0,0.0,0.0,1.0
119520,0,1,3400,-58,58,699,15,24,0.50,37568.000000,0,27,0.0,0.0,0.0,0.0,0.0,0.0,0.0,1.0
119769,0,1,3400,-58,58,697,12,23,0.50,39744.000000,0,27,0.0,0.0,0.0,0.0,0.0,0.0,0.0,1.0
120018,0,1,3400,-58,58,707,11,23,0.50,46368.000000,0,27,0.0,186,0.0,0.0,0.0,0.0,0.0,1.0
120267,0,1,3400,-58,58,704,10,24,0.50,64224.000000,0,27,0.90,0.0,15232.000000,0,0.0,0.0,0.0,1.0
120516,0,1,3400,-58,58,702,16,24,0.57,39360.000000,6,27,1.0,0.0,0.0,0.0,0.0,0.0,0.0,1.0
120765,0,1,3400,-58,58,704,16,23,0.94,38976.000000,12,27,1.0,0.0,0.0,0.0,0.0,0.0,0.0,1.0
121014,0,1,3400,-58,58,706,15,24,0.52,26752.000000,0,27,0.89,0.0,14592.000000,0,0.0,0.0,0.0,1.0
121263,0,1,3400,-58,58,706,15,23,0.51,70586.343750,0,27,0.0,0.0,0.0,0.0,0.0,0.0,0.0,1.0
121512,0,1,3400,-58,58,706,17,23,0.50,26592.000000,0,27,0.0,0.0,0.0,0.0,0.0,0.0,0.0,1.0
121761,0,1,3400,-58,58,703,16,24,0.53,31936.000000,0,27,0.0,0.0,0.0,0.0,0.0,0.0,0.0,1.0
122010,0,1,3400,-58,58,703,18,23,0.53,34272.000000,7,27,0.0,0.0,0.0,0.0,0.0,0.0,0.0,1.0
122259,0,1,3400,-58,58,707,10,24,0.50,21632.000000,0,27,0.0,0.0,13024.000000,0,0.0,0.0,0.0,1.0
122508,0,1,3400,-58,58,708,8.4,24,0.53,19424.000000,0,27,0.0,0.0,0.0,0.0,0.0,0.0,0.0,1.0
122757,0,1,3400,-58,58,704,12,23,0.53,69024.000000,0,27,0.0,0.0,0.0,0.0,0.0,0.0,0.0,1.0
123006,0,1,3400,-58,58,708,15,23,0.52,42720.000000,0,27,0.0,186,0.0,0.0,0.0,0.0,0.0,1.0
123255,0,1,3400,-58,58,705,11,24,0.50,24192.000000,0,27,0.0,0.0,13184.000000,0,0.0,0.0,0.0,1.0
123504,0,1,3400,-58,58,707,9.3,24,0.50,34752.000000,0,27,0.0,0.0,0.0,0.0,0.0,0.0,0.0,1.0
123753,0,1,3400,-58,58,706,16,24,0.54,37568.000000,0,27,0.0,0.0,0.0,0.0,0.0,0.0,0.0,1.0
124002,0,1,3400,-58,58,701,18,24,0.50,21248.000000,0,27,0.0,186,0.0,0.0,0.0,0.0,0.0,1.0
124251,0,1,3400,-58,58,704,12,23,0.50,31936.000000,0,27,0.0,0.0,13024.000000,0,0.0,0.0,0.0,1.0
124500,0,1,3400,-58,58,705,14,24,0.50,21504.000000,0,27,0.0,0.0,0.0,0.0,0.0,0.0,0.0,1.0
124749,0,1,3400,-58,58,708,17,23,0.50,37568.000000,0,27,0.0,0.0,0.0,0.0,0.0,0.0,0.0,1.0
124998,0,1,3400,-58,58,703,15,24,0.50,38528.000000,0,27,0.0,0.0,0.0,0.0,0.0,0.0,0.0,1.0
125247,0,1,3400,-58,58,706,14,23,0.52,75040.000000,0,27,0.0,0.0,13184.000000,0,0.0,0.0,0.0,1.0
125496,0,1,3400,-58,58,703,17,24,0.65,26752.000000,0,27,0.0,0.0,0.0,0.0,0.0,0.0,0.0,1.0
125745,0,1,3400,-58,58,706,17,24,0.50,47649.402344,0,27,0.0,0.0,0.0,0.0,0.0,0.0,0.0,1.0
125994,0,1,3400,-58,58,705,14,23,0.50,42560.000000,0,27,0.0,0.0,13024.000000,0,0.0,0.0,0.0,1.0
126243,0,1,3400,-58,58,699,16,23,0.56,58752.000000,0,27,0.0,0.0,0.0,0.0,0.0,0.0,0.0,1.0
126492,0,1,3400,-58,58,704,8.4,24,0.57,44608.000000,0,27,0.0,0.0,0.0,0.0,0.0,0.0,0.0,1.0
126741,0,1,3400,-58,58,705,17,23,0.70,45408.000000,3,27,0.0,0.0,0.0,0.0,0.0,0.0,0.0,1.0
126990,0,1,3400,-58,58,704,15,24,0.52,23904.000000,0,27,0.0,0.0,0.0,0.0,0.0,0.0,0.0,1.0
127239,0,1,3400,-58,58,705,14,24,0.53,32128.000000,0,27,0.0,0.0,14752.000000,0,0.0,0.0,0.0,1.0
127488,0,1,3400,-58,58,700,9.9,24,0.50,38008.031250,0,27,0.0,0.0,0.0,0.0,0.0,0.0,0.0,1.0
127737,0,1,3400,-58,58,703,13,24,0.52,49696.000000,0,27,0.0,0.0,0.0,0.0,0.0,0.0,0.0,1.0
127986,0,1,3400,-58,58,709,15,23,0.64,49728.000000,4,27,0.0,186,0.0,0.0,0.0,0.0,0.0,1.0
128235,0,1,3400,-58,58,709,16,23,0.56,64128.000000,0,27,0.89,0.0,15232.000000,0,0.0,0.0,0.0,1.0
128484,0,1,3400,-58,58,704,15,23,0.57,32032.000000,0,27,0.99,0.0,0.0,0.0,0.0,0.0,0.0,1.0
128733,0,1,3400,-58,58,704,15,24,0.50,53856.000000,0,27,0.98,0.0,0.0,0.0,0.0,0.0,0.0,1.0
128982,0,1,3400,-58,58,703,15,23,0.53,55456.000000,0,27,0.85,0.0,13024.000000,0,0.0,0.0,0.0,1.0
129231,0,1,3400,-58,58,704,16,23,0.53,42656.000000,0,27,0.0,0.0,0.0,0.0,0.0,0.0,0.0,1.0
129480,0,1,3400,-58,58,701,16,24,1.3,32928.000000,7,27,0.0,0.0,0.0,0.0,0.0,0.0,0.0,1.0
129729,0,1,3400,-58,58,700,16,24,0.50,27072.000000,0,27,0.0,0.0,0.0,0.0,0.0,0.0,0.0,1.0
129978,0,1,3400,-58,58,708,13,23,0.50,54016.000000,0,27,0.0,0.0,11456.000000,0,0.0,0.0,0.0,1.0
130227,0,1,3400,-58,58,709,18,24,0.50,53120.000000,0,27,0.0,0.0,0.0,0.0,0.0,0.0,0.0,1.0
130476,0,1,3400,-58,58,702,17,24,0.57,42656.000000,0,27,0.0,0.0,0.0,0.0,0.0,0.0,0.0,1.0
130725,0,1,3400,-58,58,703,17,24,0.50,15904.000000,0,27,0.0,0.0,0.0,0.0,0.0,0.0,0.0,1.0
130974,0,1,3400,-58,58,702,16,23,0.54,44384.000000,0,27,0.0,0.0,13024.000000,0,0.0,0.0,0.0,1.0
131223,0,1,3400,-58,58,703,14,24,0.50,33216.000000,0,27,0.0,0.0,0.0,0.0,0.0,0.0,0.0,1.0
131472,0,1,3400,-58,58,703,17,23,0.51,53120.000000,0,27,0.0,0.0,0.0,0.0,0.0,0.0,0.0,1.0
131721,0,1,3400,-58,58,706,13,23,0.53,61344.000000,0,27,0.0,0.0,0.0,0.0,0.0,0.0,0.0,1.0
131970,0,1,3400,-58,58,702,18,24,0.55,37184.000000,0,27,0.0,186,0.0,0.0,0.0,0.0,0.0,1.0
132219,0,1,3400,-58,58,700,17,23,0.88,32031.873047,14,27,0.0,0.0,12972.111328,0,0.0,0.0,0.0,1.0
132468,0,1,3400,-58,58,701,17,24,0.59,16352.000000,0,27,0.0,0.0,0.0,0.0,0.0,0.0,0.0,1.0
132717,0,1,3400,-58,58,705,16,24,0.50,26624.000000,0,27,0.0,0.0,0.0,0.0,0.0,0.0,0.0,1.0
132966,0,1,3400,-58,58,703,14,23,0.83,43104.000000,5,27,0.0,0.0,13024.000000,0,0.0,0.0,0.0,1.0
133215,0,1,3400,-58,58,700,9.9,23,0.56,49536.000000,0,27,0.0,0.0,0.0,0.0,0.0,0.0,0.0,1.0
133464,0,1,3400,-58,58,700,17,24,0.50,15936.000000,0,27,0.0,0.0,0.0,0.0,0.0,0.0,0.0,1.0
133713,0,1,3400,-58,58,705,17,23,0.50,26955.824219,0,27,0.0,0.0,0.0,0.0,0.0,0.0,0.0,1.0
133962,0,1,3400,-58,58,704,13,24,0.50,53504.000000,0,27,0.072,0.0,16640.000000,0,0.0,0.0,0.0,1.0
134211,0,1,3400,-58,58,703,16,24,0.53,53536.000000,0,27,1.0,0.0,0.0,0.0,0.0,0.0,0.0,1.0
134460,0,1,3400,-58,58,702,17,23,0.65,16064.000000,0,27,0.99,0.0,0.0,0.0,0.0,0.0,0.0,1.0
134709,0,1,3400,-58,58,700,18,23,0.50,26496.000000,0,27,1.0,0.0,0.0,0.0,0.0,0.0,0.0,1.0
134958,0,1,3400,-58,58,703,16,24,0.53,37568.000000,0,27,1.0,186,0.0,0.0,0.0,0.0,0.0,1.0
135207,0,1,3400,-58,58,705,15,23,0.52,42784.000000,0,27,0.016,0.0,13024.000000,0,0.0,0.0,0.0,1.0
135456,0,1,3400,-58,58,706,13,23,0.50,59040.000000,0,27,0.0,0.0,0.0,0.0,0.0,0.0,0.0,1.0
135705,0,1,3400,-58,58,707,16,24,0.57,59040.000000,0,27,0.0,0.0,0.0,0.0,0.0,0.0,0.0,1.0
135954,0,1,3400,-58,58,704,14,23,0.50,39488.000000,0,27,0.0,0.0,13024.000000,0,0.0,0.0,0.0,1.0
136203,0,1,3400,-58,58,703,16,23,0.58,41504.000000,0,27,0.0,0.0,0.0,0.0,0.0,0.0,0.0,1.0
136452,0,1,3400,-58,58,702,13,24,0.50,55360.000000,0,27,0.0,0.0,0.0,0.0,0.0,0.0,0.0,1.0
136701,0,1,3400,-58,58,701,18,24,0.50,37376.000000,0,27,0.0,0.0,0.0,0.0,0.0,0.0,0.0,1.0
136950,0,1,3400,-58,58,701,16,24,0.57,46016.000000,5,27,0.0,0.0,13024.000000,0,0.0,0.0,0.0,1.0
137199,0,1,3400,-58,58,704,15,24,0.50,48224.000000,0,27,0.0,0.0,0.0,0.0,0.0,0.0,0.0,1.0
137448,0,1,3400,-58,58,702,14,24,0.50,34240.000000,0,27,5.7,0.0,10400.000000,60,0.0,0.0,0.0,1.0
137697,0,1,3400,-58,58,696,11,24,0.50,43776.000000,0,27,10,0.0,0.0,0.0,0.0,0.0,0.0,1.0
137946,0,1,3400,-58,58,699,12,24,0.50,16768.000000,0,27,10,0.0,0.0,0.0,0.0,0.0,0.0,1.0
138195,0,1,3400,-58,58,702,14,23,0.51,48000.000000,0,27,1.8,0.0,13024.000000,0,0.0,0.0,0.0,1.0
138444,0,1,3400,-58,58,704,13,23,0.50,34720.000000,0,27,0.0,0.0,0.0,0.0,0.0,0.0,0.0,1.0
138693,0,1,3400,-58,58,705,14,24,0.50,47904.382812,0,27,5.3,0.0,0.0,80,0.0,0.0,0.0,1.0
138942,0,1,3400,-58,58,703,17,24,0.50,37312.000000,0,27,10,186,0.0,0.0,0.0,0.0,0.0,1.0
139191,0,1,3400,-58,58,698,17,23,0.50,42560.000000,0,27,0.17,0.0,13024.000000,0,0.0,0.0,0.0,1.0
139440,0,1,3400,-58,58,701,12,23,0.58,54560.000000,0,27,0.0,0.0,0.0,0.0,0.0,0.0,0.0,1.0
139689,0,1,3400,-58,58,701,15,24,0.52,27072.000000,0,27,0.0,0.0,0.0,0.0,0.0,0.0,0.0,1.0
139938,0,1,3400,-58,58,700,14,23,0.65,16064.256836,0,27,0.0,186,0.0,0.0,0.0,0.0,0.0,1.0
140187,0,1,3400,-58,58,703,16,23,0.56,47872.511719,0,27,0.0,0.0,14533.864258,0,0.0,0.0,0.0,1.0
140436,0,1,3400,-58,58,701,11,24,0.57,29461.847656,0,27,0.0,0.0,0.0,0.0,0.0,0.0,0.0,1.0
140685,0,1,3400,-58,58,702,14,24,0.65,21760.000000,0,27,0.0,0.0,0.0,0.0,0.0,0.0,0.0,1.0
140934,0,1,3400,-58,58,700,17,24,0.56,21056.000000,0,27,0.0,186,0.0,0.0,0.0,0.0,0.0,1.0
141183,0,1,3400,-58,58,697,16,24,0.87,58688.000000,6,27,9.5,0.0,33088.000000,12,0.0,0.0,0.0,1.0
141432,0,1,3400,-58,58,699,16,24,0.72,39968.000000,0,27,10,0.0,0.0,0.0,0.0,0.0,0.0,1.0
141681,0,1,3400,-58,58,697,9.7,24,0.51,18752.000000,4,27,10,0.0,0.0,0.0,0.0,0.0,0.0,1.0
141930,0,1,3400,-58,58,699,14,24,0.51,52320.000000,0,27,10,186,0.0,0.0,0.0,0.0,0.0,1.0
142179,0,1,3400,-58,58,705,17,23,0.59,37088.000000,0,27,0.17,0.0,13024.000000,0,0.0,0.0,0.0,1.0
142428,0,1,3400,-58,58,701,17,23,0.54,48128.000000,0,27,0.0,0.0,0.0,0.0,0.0,0.0,0.0,1.0
142677,0,1,3400,-58,58,699,16,24,0.51,32000.000000,0,27,0.0,0.0,0.0,0.0,0.0,0.0,0.0,1.0
142926,0,1,3400,-58,58,699,11,24,0.62,32160.000000,0,27,0.0,186,0.0,0.0,0.0,0.0,0.0,1.0
143175,0,1,3400,-58,58,695,16,23,0.63,63904.000000,0,27,0.0,0.0,15680.000000,0,0.0,0.0,0.0,1.0
143424,0,1,3400,-58,58,699,11,24,0.50,28960.000000,0,27,0.0,0.0,0.0,0.0,0.0,0.0,0.0,1.0
143673,0,1,3400,-58,58,700,17,24,0.59,42496.000000,0,27,0.0,0.0,0.0,0.0,0.0,0.0,0.0,1.0
143922,0,1,3400,-58,58,695,18,23,0.50,37184.000000,0,27,0.0,186,0.0,0.0,0.0,0.0,0.0,1.0
144171,0,1,3400,-58,58,699,16,24,0.51,48320.000000,0,27,0.0,0.0,13024.000000,0,0.0,0.0,0.0,1.0
144420,0,1,3400,-58,58,704,13,24,0.53,48096.000000,0,27,0.0,0.0,0.0,0.0,0.0,0.0,0.0,1.0
144669,0,1,3400,-58,58,701,16,24,0.50,16064.000000,0,27,0.0,0.0,0.0,0.0,0.0,0.0,0.0,1.0
144918,0,1,3400,-58,58,700,14,24,0.55,74880.000000,0,27,0.0,186,0.0,0.0,0.0,0.0,0.0,1.0
145167,0,1,3400,-58,58,697,13,23,0.61,37195.218750,0,27,0.0,0.0,12972.111328,0,0.0,0.0,0.0,1.0
145416,0,1,3400,-58,58,695,15,23,0.54,37664.000000,6,27,0.0,0.0,0.0,0.0,0.0,0.0,0.0,1.0
145665,0,1,3400,-58,58,695,18,24,0.51,26528.000000,0,27,0.0,0.0,0.0,0.0,0.0,0.0,0.0,1.0
145914,0,1,3400,-58,58,697,17,24,0.70,48288.000000,0,27,0.0,186,0.0,0.0,0.0,0.0,0.0,1.0
146163,0,1,3400,-58,58,697,16,24,0.50,58944.000000,0,27,0.0,0.0,13024.000000,0,0.0,0.0,0.0,1.0
146412,0,1,3400,-58,58,698,12,23,0.50,32546.185547,0,27,0.0,0.0,0.0,0.0,0.0,0.0,0.0,1.0
146661,0,1,3400,-58,58,698,17,24,0.53,21248.000000,0,27,0.0,0.0,0.0,0.0,0.0,0.0,0.0,1.0
146910,0,1,3400,-58,58,696,12,23,0.50,43008.000000,0,27,0.0,186,0.0,0.0,0.0,0.0,0.0,1.0
147159,0,1,3400,-58,58,700,9.8,24,0.50,27136.000000,0,27,0.0,0.0,13184.000000,0,0.0,0.0,0.0,1.0
147408,0,1,3400,-58,58,700,12,23,0.50,29536.000000,0,27,0.0,0.0,0.0,0.0,0.0,0.0,0.0,1.0
147657,0,1,3400,-58,58,694,15,23,0.55,53504.000000,0,27,0.0,0.0,0.0,0.0,0.0,0.0,0.0,1.0
147906,0,1,3400,-58,58,698,12,23,0.50,54592.000000,0,27,0.0,0.0,11616.000000,0,0.0,0.0,0.0,1.0
148155,0,1,3400,-58,58,694,17,23,0.51,58656.000000,0,27,0.0,0.0,0.0,0.0,0.0,0.0,0.0,1.0
148404,0,1,3400,-58,58,697,12,23,0.50,42752.000000,0,27,0.0,0.0,0.0,0.0,0.0,0.0,0.0,1.0
148653,0,1,3400,-58,58,702,12,24,0.50,29536.000000,0,27,0.0,0.0,0.0,0.0,0.0,0.0,0.0,1.0
148902,0,1,3400,-58,58,701,16,24,0.55,42752.000000,0,27,0.0,0.0,13024.000000,0,0.0,0.0,0.0,1.0
149151,0,1,3400,-58,58,700,17,23,0.68,21376.000000,0,27,0.0,0.0,0.0,0.0,0.0,0.0,0.0,1.0
149400,0,1,3400,-58,58,696,16,24,0.52,59264.000000,0,27,0.0,0.0,0.0,0.0,0.0,0.0,0.0,1.0
149649,0,1,3400,-58,58,692,13,23,0.59,21408.000000,0,27,0.0,0.0,0.0,0.0,0.0,0.0,0.0,1.0
149898,0,1,3400,-58,58,698,14,23,0.50,49696.000000,0,27,0.0,0.0,12544.000000,0,0.0,0.0,0.0,1.0
150147,0,1,3400,-58,58,699,17,23,0.50,48544.000000,0,27,0.0,0.0,0.0,0.0,0.0,0.0,0.0,1.0
150396,0,1,3400,-58,58,694,16,24,0.51,21472.000000,0,27,0.0,0.0,0.0,0.0,0.0,0.0,0.0,1.0
150645,0,1,3400,-58,58,691,15,23,0.66,43520.000000,0,27,0.0,0.0,0.0,0.0,0.0,0.0,0.0,1.0
150894,0,1,3400,-58,58,698,13,23,0.74,36480.000000,6,27,0.032,0.0,11456.000000,0,0.0,0.0,0.0,1.0
151143,0,1,3400,-58,58,697,16,23,0.50,31872.000000,0,27,0.0,0.0,0.0,0.0,0.0,0.0,0.0,1.0
151392,0,1,3400,-58,58,700,13,24,0.50,70624.000000,0,27,0.0,0.0,0.0,0.0,0.0,0.0,0.0,1.0
151641,0,1,3400,-58,58,701,14,23,0.50,49466.136719,0,27,0.0,0.0,0.0,0.0,0.0,0.0,0.0,1.0
151890,0,1,3400,-58,58,697,14,24,0.58,48672.000000,0,27,0.0,0.0,13024.000000,0,0.0,0.0,0.0,1.0
152139,0,1,3400,-58,58,700,16,23,0.56,69280.000000,0,27,0.0,0.0,0.0,0.0,0.0,0.0,0.0,1.0
152388,0,1,3400,-58,58,699,16,23,0.67,26688.000000,0,27,0.0,0.0,0.0,0.0,0.0,0.0,0.0,1.0
152637,0,1,3400,-58,58,694,15,24,0.72,37622.488281,0,27,0.0,0.0,0.0,0.0,0.0,0.0,0.0,1.0
152886,0,1,3400,-58,58,694,14,23,0.50,37632.000000,0,27,0.0,0.0,0.0,0.0,0.0,0.0,0.0,1.0
153135,0,1,3400,-58,58,698,13,24,0.51,37408.000000,0,27,0.0,0.0,14592.000000,0,0.0,0.0,0.0,1.0
153384,0,1,3400,-58,58,699,15,24,0.50,37856.000000,0,27,0.0,0.0,0.0,0.0,0.0,0.0,0.0,1.0
153633,0,1,3400,-58,58,700,16,23,0.50,48256.000000,0,27,0.0,0.0,0.0,0.0,0.0,0.0,0.0,1.0
153882,0,1,3400,-58,58,699,9.0,23,0.62,52000.000000,2,27,0.0,0.0,14592.000000,0,0.0,0.0,0.0,1.0
154131,0,1,3400,-58,58,701,14,23,0.52,48384.000000,0,27,0.0,0.0,0.0,0.0,0.0,0.0,0.0,1.0
154380,0,1,3400,-58,58,697,14,23,0.50,32000.000000,0,27,0.0,0.0,0.0,0.0,0.0,0.0,0.0,1.0
154629,0,1,3400,-58,58,694,16,24,0.59,37280.000000,0,27,0.0,0.0,0.0,0.0,0.0,0.0,0.0,1.0
154878,0,1,3400,-58,58,699,15,24,0.50,36128.000000,0,27,0.0,186,0.0,0.0,0.0,0.0,0.0,1.0
155127,0,1,3400,-58,58,697,15,24,0.52,59616.000000,0,27,0.0,0.0,13184.000000,0,0.0,0.0,0.0,1.0
155376,0,1,3400,-58,58,696,17,23,0.50,21248.000000,0,27,0.0,0.0,0.0,0.0,0.0,0.0,0.0,1.0
155625,0,1,3400,-58,58,697,17,24,0.55,69472.000000,0,27,0.0,0.0,0.0,0.0,0.0,0.0,0.0,1.0
155874,0,1,3400,-58,58,695,13,24,0.67,16896.000000,12,27,0.0,0.0,0.0,0.0,0.0,0.0,0.0,1.0
156123,0,1,3400,-58,58,695,15,23,0.60,37632.000000,0,27,0.0,0.0,18368.000000,0,0.0,0.0,0.0,1.0
156372,0,1,3400,-58,58,693,16,24,0.52,32000.000000,0,27,0.0,0.0,0.0,0.0,0.0,0.0,0.0,1.0
156621,0,1,3400,-58,58,695,13,23,0.76,60352.000000,3,27,0.0,0.0,0.0,0.0,0.0,0.0,0.0,1.0
156870,0,1,3400,-58,58,694,12,24,0.54,37248.000000,0,27,0.0,186,0.0,0.0,0.0,0.0,0.0,1.0
157119,0,1,3400,-58,58,696,11,23,0.53,52448.000000,0,27,0.0,0.0,13184.000000,0,0.0,0.0,0.0,1.0
157368,0,1,3400,-58,58,700,15,23,0.55,90656.000000,0,27,0.0,0.0,0.0,0.0,0.0,0.0,0.0,1.0
157617,0,1,3400,-58,58,698,15,23,0.98,20640.000000,12,27,0.0,0.0,0.0,0.0,0.0,0.0,0.0,1.0
157866,0,1,3400,-58,58,693,17,24,0.54,47776.000000,0,27,0.0,186,0.0,0.0,0.0,0.0,0.0,1.0
158115,0,1,3400,-58,58,698,15,24,0.53,53131.472656,0,27,0.90,0.0,17402.390625,0,0.0,0.0,0.0,1.0
158364,0,1,3400,-58,58,696,17,23,0.54,47904.000000,0,27,1.0,0.0,0.0,0.0,0.0,0.0,0.0,1.0
158613,0,1,3400,-58,58,695,11,24,0.54,30368.000000,0,27,1.0,0.0,0.0,0.0,0.0,0.0,0.0,1.0
158862,0,1,3400,-58,58,696,13,24,0.75,28832.000000,0,27,0.90,0.0,13184.000000,0,0.0,0.0,0.0,1.0
159111,0,1,3400,-58,58,695,9.8,24,0.52,55040.000000,0,27,0.0,0.0,0.0,0.0,0.0,0.0,0.0,1.0
159360,0,1,3400,-58,58,692,15,24,0.50,37312.000000,0,27,0.0,0.0,0.0,0.0,0.0,0.0,0.0,1.0
159609,0,1,3400,-58,58,690,18,23,0.50,37333.332031,0,27,0.0,0.0,0.0,0.0,0.0,0.0,0.0,1.0
159858,0,1,3400,-58,58,694,18,23,0.52,37184.000000,0,27,0.0,0.0,0.0,0.0,0.0,0.0,0.0,1.0
160107,0,1,3400,-58,58,697,17,23,0.50,42624.000000,0,27,0.0,0.0,14592.000000,0,0.0,0.0,0.0,1.0
160356,0,1,3400,-58,58,696,14,23,0.50,51040.000000,0,27,0.0,0.0,0.0,0.0,0.0,0.0,0.0,1.0
160605,0,1,3400,-58,58,691,18,23,0.76,25664.000000,0,27,0.0,0.0,0.0,0.0,0.0,0.0,0.0,1.0
160854,0,1,3400,-58,58,694,8.9,24,0.50,13504.000000,0,27,0.0,186,0.0,0.0,0.0,0.0,0.0,1.0
161103,0,1,3400,-58,58,699,14,24,0.56,53632.000000,0,27,0.0,0.0,13184.000000,0,0.0,0.0,0.0,1.0
161352,0,1,3400,-58,58,697,16,23,0.75,53920.000000,3,27,0.0,0.0,0.0,0.0,0.0,0.0,0.0,1.0
161601,0,1,3400,-58,58,693,15,24,0.50,28000.000000,0,27,0.0,0.0,0.0,0.0,0.0,0.0,0.0,1.0
161850,0,1,3400,-58,58,695,14,24,0.77,16032.000000,0,27,0.0,0.0,0.0,0.0,0.0,0.0,0.0,1.0
162099,0,1,3400,-58,58,696,14,23,0.50,21440.000000,0,27,0.0,0.0,13184.000000,0,0.0,0.0,0.0,1.0
162348,0,1,3400,-58,58,696,14,24,0.51,47904.000000,0,27,0.0,0.0,0.0,0.0,0.0,0.0,0.0,1.0
162597,0,1,3400,-58,58,694,14,24,0.50,5440.000000,0,27,0.0,0.0,0.0,0.0,0.0,0.0,0.0,1.0
162846,0,1,3400,-58,58,694,15,24,0.53,42528.000000,0,27,0.0,0.0,14592.000000,0,0.0,0.0,0.0,1.0
163095,0,1,3400,-58,58,699,17,24,0.59,37376.000000,0,27,0.0,0.0,0.0,0.0,0.0,0.0,0.0,1.0
163344,0,1,3400,-58,58,698,17,24,0.55,42720.000000,0,27,0.0,0.0,0.0,0.0,0.0,0.0,0.0,1.0
163593,0,1,3400,-58,58,697,14,23,0.50,38656.000000,0,27,0.0,0.0,0.0,0.0,0.0,0.0,0.0,1.0
163842,0,1,3400,-58,58,696,17,23,0.50,42688.000000,0,27,0.0,0.0,13024.000000,0,0.0,0.0,0.0,1.0
164091,0,1,3400,-58,58,694,17,24,0.50,53504.000000,0,27,0.0,0.0,0.0,0.0,0.0,0.0,0.0,1.0
164340,0,1,3400,-58,58,694,9.8,24,0.50,56384.000000,0,27,0.0,0.0,0.0,0.0,0.0,0.0,0.0,1.0
164589,0,1,3400,-58,58,693,14,23,0.50,64478.085938,0,27,0.0,0.0,0.0,0.0,0.0,0.0,0.0,1.0
164838,0,1,3400,-58,58,693,15,24,0.76,22144.000000,0,27,0.0,0.0,0.0,0.0,0.0,0.0,0.0,1.0
165087,0,1,3400,-58,58,697,15,23,0.52,26368.000000,0,27,0.0,0.0,13024.000000,0,0.0,0.0,0.0,1.0
165336,0,1,3400,-58,58,701,11,23,0.77,25984.000000,0,27,0.0,0.0,0.0,0.0,0.0,0.0,0.0,1.0
165585,0,1,3400,-58,58,700,14,24,0.57,53493.976562,0,27,0.0,0.0,0.0,0.0,0.0,0.0,0.0,1.0
165834,0,1,3400,-58,58,694,8.8,24,0.50,27040.000000,0,27,0.0,186,0.0,0.0,0.0,0.0,0.0,1.0
166083,0,1,3400,-58,58,697,17,23,0.50,37376.000000,0,27,0.0,0.0,13024.000000,0,0.0,0.0,0.0,1.0
166332,0,1,3400,-58,58,694,10,24,0.55,37792.000000,0,27,0.0,0.0,0.0,0.0,0.0,0.0,0.0,1.0
166581,0,1,3400,-58,58,687,17,23,0.56,21312.000000,0,27,0.0,0.0,0.0,0.0,0.0,0.0,0.0,1.0
166830,0,1,3400,-58,58,692,16,23,0.69,33792.000000,7,27,0.0,0.0,14592.000000,0,0.0,0.0,0.0,1.0
167079,0,1,3400,-58,58,698,17,24,0.76,32000.000000,7,27,0.0,0.0,0.0,0.0,0.0,0.0,0.0,1.0
167328,0,1,3400,-58,58,697,13,23,0.52,37440.000000,0,27,0.0,0.0,0.0,0.0,0.0,0.0,0.0,1.0
167577,0,1,3400,-58,58,697,17,23,0.52,58560.000000,0,27,0.0,0.0,0.0,0.0,0.0,0.0,0.0,1.0
167826,0,1,3400,-58,58,695,16,24,0.59,19072.000000,0,27,0.0,186,0.0,0.0,0.0,0.0,0.0,1.0
168075,0,1,3400,-58,58,692,13,23,0.53,66272.000000,0,27,0.0,0.0,10976.000000,0,0.0,0.0,0.0,1.0
168324,0,1,3400,-58,58,698,14,24,0.54,41280.000000,0,27,0.0,0.0,0.0,0.0,0.0,0.0,0.0,1.0
168573,0,1,3400,-58,58,698,15,24,0.50,44480.000000,0,27,0.0,0.0,0.0,0.0,0.0,0.0,0.0,1.0
168822,0,1,3400,-58,58,692,16,23,0.52,62528.000000,0,27,0.0,0.0,13024.000000,0,0.0,0.0,0.0,1.0
169071,0,1,3400,-58,58,694,13,23,0.50,27200.000000,0,27,0.0,0.0,0.0,0.0,0.0,0.0,0.0,1.0
169320,0,1,3400,-58,58,694,17,24,0.51,58592.000000,0,27,0.0,0.0,0.0,0.0,0.0,0.0,0.0,1.0
169569,0,1,3400,-58,58,694,18,23,0.71,71008.000000,4,27,0.0,0.0,0.0,0.0,0.0,0.0,0.0,1.0
169818,0,1,3400,-58,58,698,11,23,0.55,46592.000000,0,27,0.0,0.0,14592.000000,0,0.0,0.0,0.0,1.0
170067,0,1,3400,-58,58,699,17,24,0.51,47840.000000,0,27,0.0,0.0,0.0,0.0,0.0,0.0,0.0,1.0
170316,0,1,3400,-58,58,696,13,23,0.52,32192.000000,0,27,0.0,0.0,0.0,0.0,0.0,0.0,0.0,1.0
170565,0,1,3400,-58,58,694,15,24,0.56,37056.000000,0,27,0.0,0.0,0.0,0.0,0.0,0.0,0.0,1.0
170814,0,1,3400,-58,58,700,17,24,0.59,31936.000000,0,27,0.0,0.0,0.0,0.0,0.0,0.0,0.0,1.0
171063,0,1,3400,-58,58,701,13,24,0.57,27123.505859,0,27,0.0,0.0,13131.473633,0,0.0,0.0,0.0,1.0
171312,0,1,3400,-58,58,697,14,23,0.56,37696.000000,0,27,0.0,0.0,0.0,0.0,0.0,0.0,0.0,1.0
171561,0,1,3400,-58,58,693,18,24,0.71,53312.000000,5,27,0.0,0.0,0.0,0.0,0.0,0.0,0.0,1.0
171810,0,1,3400,-58,58,695,18,24,0.50,10506.024414,0,27,0.0,186,0.0,0.0,0.0,0.0,0.0,1.0
172059,0,1,3400,-58,58,693,17,24,0.54,42560.000000,0,27,0.0,0.0,13184.000000,0,0.0,0.0,0.0,1.0
172308,0,1,3400,-58,58,690,15,24,0.50,42784.000000,0,27,0.0,0.0,0.0,0.0,0.0,0.0,0.0,1.0
172557,0,1,3400,-58,58,692,8.7,24,0.50,13344.000000,0,27,0.0,0.0,0.0,0.0,0.0,0.0,0.0,1.0
172806,0,1,3400,-58,58,697,8.2,23,0.50,29664.000000,0,27,0.0,186,0.0,0.0,0.0,0.0,0.0,1.0
173055,0,1,3400,-58,58,698,12,24,0.50,75616.000000,0,27,0.0,0.0,13184.000000,0,0.0,0.0,0.0,1.0
173304,0,1,3400,-58,58,691,14,24,0.55,16064.000000,0,27,0.0,0.0,0.0,0.0,0.0,0.0,0.0,1.0
173553,0,1,3400,-58,58,691,18,24,0.50,31872.000000,0,27,0.0,0.0,0.0,0.0,0.0,0.0,0.0,1.0
173802,0,1,3400,-58,58,696,14,24,0.50,27008.000000,0,27,0.0,0.0,14592.000000,0,0.0,0.0,0.0,1.0
174051,0,1,3400,-58,58,694,15,23,0.50,42976.000000,0,27,0.0,0.0,0.0,0.0,0.0,0.0,0.0,1.0
174300,0,1,3400,-58,58,693,13,23,0.50,53760.000000,0,27,0.0,0.0,0.0,0.0,0.0,0.0,0.0,1.0
174549,0,1,3400,-58,58,693,17,24,0.52,42528.000000,0,27,0.0,0.0,0.0,0.0,0.0,0.0,0.0,1.0
174798,0,1,3400,-58,58,695,12,24,0.50,48384.000000,0,27,0.0,0.0,13024.000000,0,0.0,0.0,0.0,1.0
175047,0,1,3400,-58,58,697,15,23,0.67,26848.000000,8,27,0.0,0.0,0.0,0.0,0.0,0.0,0.0,1.0
175296,0,1,3400,-58,58,696,17,24,0.58,37472.000000,0,27,0.0,0.0,0.0,0.0,0.0,0.0,0.0,1.0
175545,0,1,3400,-58,58,693,17,24,0.72,23584.000000,17,27,0.0,0.0,0.0,0.0,0.0,0.0,0.0,1.0
175794,0,1,3400,-58,58,691,14,23,0.96,48384.000000,0,27,0.0,186,0.0,0.0,0.0,0.0,0.0,1.0
176043,0,1,3400,-58,58,688,13,24,0.53,53632.000000,0,27,0.0,0.0,13184.000000,0,0.0,0.0,0.0,1.0
176292,0,1,3400,-58,58,692,10,24,0.50,35104.000000,0,27,0.0,0.0,0.0,0.0,0.0,0.0,0.0,1.0
176541,0,1,3400,-58,58,695,9.5,23,0.50,44416.000000,0,27,0.0,0.0,0.0,0.0,0.0,0.0,0.0,1.0
176790,0,1,3400,-58,58,697,18,24,0.50,31552.000000,0,27,0.0,186,0.0,0.0,0.0,0.0,0.0,1.0
177039,0,1,3400,-58,58,697,15,23,0.50,43424.000000,0,27,0.0,0.0,13184.000000,0,0.0,0.0,0.0,1.0
177288,0,1,3400,-58,58,692,15,23,0.79,30816.000000,8,27,0.0,0.0,0.0,0.0,0.0,0.0,0.0,1.0
177537,0,1,3400,-58,58,692,17,24,0.76,40573.707031,0,27,0.0,0.0,0.0,0.0,0.0,0.0,0.0,1.0
177786,0,1,3400,-58,58,696,9.9,23,0.50,52928.000000,0,27,0.0,0.0,13024.000000,0,0.0,0.0,0.0,1.0
178035,0,1,3400,-58,58,695,7.2,24,0.50,13504.000000,0,27,0.0,0.0,0.0,0.0,0.0,0.0,0.0,1.0
178284,0,1,3400,-58,58,694,16,24,0.59,37248.000000,0,27,0.0,0.0,0.0,0.0,0.0,0.0,0.0,1.0
178533,0,1,3400,-58,58,694,14,23,0.61,26763.052734,0,27,0.0,0.0,0.0,0.0,0.0,0.0,0.0,1.0
178782,0,1,3400,-58,58,692,14,23,0.60,37408.000000,0,27,0.0,186,0.0,0.0,0.0,0.0,0.0,1.0
179031,0,1,3400,-58,58,696,10,24,0.51,52096.000000,0,27,0.0,0.0,11616.000000,0,0.0,0.0,0.0,1.0
179280,0,1,3400,-58,58,693,14,23,0.53,77344.000000,0,27,0.0,0.0,0.0,0.0,0.0,0.0,0.0,1.0
179529,0,1,3400,-58,58,696,13,24,0.54,33056.000000,0,27,0.0,0.0,0.0,0.0,0.0,0.0,0.0,1.0
179778,0,1,3400,-58,58,699,18,24,0.51,53312.000000,0,27,0.0,186,0.0,0.0,0.0,0.0,0.0,1.0
180027,0,1,3400,-58,58,693,18,24,0.53,37120.000000,0,27,0.0,0.0,13184.000000,0,0.0,0.0,0.0,1.0
180276,0,1,3400,-58,58,690,14,24,0.50,32960.000000,0,27,0.0,0.0,0.0,0.0,0.0,0.0,0.0,1.0
180525,0,1,3400,-58,58,692,13,24,0.52,43104.000000,0,27,0.0,0.0,0.0,0.0,0.0,0.0,0.0,1.0
180774,0,1,3400,-58,58,691,12,23,0.92,37376.000000,6,27,0.0,186,0.0,0.0,0.0,0.0,0.0,1.0
181023,0,1,3400,-58,58,695,15,23,0.58,69312.000000,0,27,0.0,0.0,13184.000000,0,0.0,0.0,0.0,1.0
181272,0,1,3400,-58,58,695,17,24,0.51,26720.000000,0,27,0.0,0.0,0.0,0.0,0.0,0.0,0.0,1.0
181521,0,1,3400,-58,58,696,11,23,0.53,43744.000000,0,27,0.0,0.0,0.0,0.0,0.0,0.0,0.0,1.0
181770,0,1,3400,-58,58,695,17,24,0.50,26560.000000,0,27,0.0,186,0.0,0.0,0.0,0.0,0.0,1.0
182019,0,1,3400,-58,58,696,11,24,0.50,16128.000000,0,27,0.0,0.0,13184.000000,0,0.0,0.0,0.0,1.0
182268,0,1,3400,-58,58,696,10,24,0.50,10624.000000,0,27,0.0,0.0,0.0,0.0,0.0,0.0,0.0,1.0
182517,0,1,3400,-58,58,695,17,23,0.79,85056.000000,0,27,0.0,0.0,0.0,0.0,0.0,0.0,0.0,1.0
182766,0,1,3400,-58,58,693,18,23,0.75,55456.000000,5,27,0.0,0.0,13024.000000,0,0.0,0.0,0.0,1.0
183015,0,1,3400,-58,58,690,16,23,0.56,48320.000000,0,27,0.0,0.0,0.0,0.0,0.0,0.0,0.0,1.0
183264,0,1,3400,-58,58,692,11,24,0.50,33696.000000,0,27,0.0,0.0,0.0,0.0,0.0,0.0,0.0,1.0
183513,0,1,3400,-58,58,695,18,24,0.50,20352.000000,0,27,0.0,0.0,0.0,0.0,0.0,0.0,0.0,1.0
183762,0,1,3400,-58,58,690,13,24,0.54,76416.000000,0,27,0.0,186,0.0,0.0,0.0,0.0,0.0,1.0
184011,0,1,3400,-58,58,694,12,23,0.50,32382.470703,0,27,0.0,0.0,12972.111328,0,0.0,0.0,0.0,1.0
184260,0,1,3400,-58,58,696,12,23,0.55,51566.265625,0,27,0.0,0.0,0.0,0.0,0.0,0.0,0.0,1.0
184509,0,1,3400,-58,58,693,16,24,0.56,21824.000000,0,27,0.0,0.0,0.0,0.0,0.0,0.0,0.0,1.0
184758,0,1,3400,-58,58,689,17,23,0.53,47872.511719,0,27,0.0,0.0,14533.864258,0,0.0,0.0,0.0,1.0
185007,0,1,3400,-58,58,688,18,23,0.53,21461.847656,0,27,0.0,0.0,0.0,0.0,0.0,0.0,0.0,1.0
185256,0,1,3400,-58,58,693,18,24,0.65,21248.000000,0,27,0.0,0.0,0.0,0.0,0.0,0.0,0.0,1.0
185505,0,1,3400,-58,58,693,16,23,0.51,48928.000000,0,27,0.0,0.0,0.0,0.0,0.0,0.0,0.0,1.0
185754,0,1,3400,-58,58,695,13,24,0.50,31936.000000,0,27,0.0,186,0.0,0.0,0.0,0.0,0.0,1.0
186003,0,1,3400,-58,58,696,14,24,0.50,35328.000000,0,27,0.0,0.0,13184.000000,0,0.0,0.0,0.0,1.0
186252,0,1,3400,-58,58,691,17,23,0.51,39584.000000,0,27,0.0,0.0,0.0,0.0,0.0,0.0,0.0,1.0
186501,0,1,3400,-58,58,692,17,23,0.56,39008.000000,6,27,0.0,0.0,0.0,0.0,0.0,0.0,0.0,1.0
186750,0,1,3400,-58,58,694,17,24,0.51,16000.000000,0,27,0.0,186,0.0,0.0,0.0,0.0,0.0,1.0
186999,0,1,3400,-58,58,690,11,23,0.54,24352.000000,0,27,0.0,0.0,13184.000000,0,0.0,0.0,0.0,1.0
187248,0,1,3400,-58,58,689,9.8,23,0.50,39808.000000,0,27,0.0,0.0,0.0,0.0,0.0,0.0,0.0,1.0
187497,0,1,3400,-58,58,692,15,24,0.54,58656.000000,0,27,0.0,0.0,0.0,0.0,0.0,0.0,0.0,1.0
187746,0,1,3400,-58,58,692,16,23,0.55,74848.000000,0,27,0.0,186,0.0,0.0,0.0,0.0,0.0,1.0
187995,0,1,3400,-58,58,692,14,23,0.52,60000.000000,0,27,0.0,0.0,13024.000000,0,0.0,0.0,0.0,1.0
188244,0,1,3400,-58,58,692,16,24,1.0,31808.000000,8,27,0.0,0.0,0.0,0.0,0.0,0.0,0.0,1.0
188493,0,1,3400,-58,58,691,17,23,0.75,37376.000000,0,27,0.0,0.0,0.0,0.0,0.0,0.0,0.0,1.0
188742,0,1,3400,-58,58,689,12,23,0.54,27616.000000,0,27,0.0,186,0.0,0.0,0.0,0.0,0.0,1.0
188991,0,1,3400,-58,58,687,17,24,0.50,53504.000000,0,27,0.0,0.0,13184.000000,0,0.0,0.0,0.0,1.0
189240,0,1,3400,-58,58,687,14,23,0.50,32320.000000,0,27,0.0,0.0,0.0,0.0,0.0,0.0,0.0,1.0
189489,0,1,3400,-58,58,690,12,23,0.50,54592.000000,0,27,0.0,0.0,0.0,0.0,0.0,0.0,0.0,1.0
189738,0,1,3400,-58,58,691,15,24,0.51,37568.000000,0,27,0.0,186,0.0,0.0,0.0,0.0,0.0,1.0
189987,0,1,3400,-58,58,688,15,24,0.69,33440.000000,8,27,0.0,0.0,13024.000000,0,0.0,0.0,0.0,1.0
190236,0,1,3400,-58,58,691,15,23,0.64,69632.000000,0,27,0.0,0.0,0.0,0.0,0.0,0.0,0.0,1.0
190485,0,1,3400,-58,58,691,16,23,1.2,60876.492188,4,27,0.0,0.0,0.0,0.0,0.0,0.0,0.0,1.0
190734,0,1,3400,-58,58,690,14,23,1.1,42976.000000,0,27,0.0,0.0,13024.000000,0,0.0,0.0,0.0,1.0
190983,0,1,3400,-58,58,691,14,23,0.50,33120.000000,0,27,0.0,0.0,0.0,0.0,0.0,0.0,0.0,1.0
191232,0,1,3400,-58,58,688,16,24,0.64,21558.232422,0,27,0.0,0.0,0.0,0.0,0.0,0.0,0.0,1.0
191481,0,1,3400,-58,58,696,11,23,0.54,39392.000000,0,27,0.0,0.0,0.0,0.0,0.0,0.0,0.0,1.0
191730,0,1,3400,-58,58,699,16,24,0.50,32448.000000,0,27,0.0,0.0,13024.000000,0,0.0,0.0,0.0,1.0
191979,0,1,3400,-58,58,692,13,24,0.56,64608.000000,0,27,0.0,0.0,0.0,0.0,0.0,0.0,0.0,1.0
192228,0,1,3400,-58,58,689,9.7,23,0.50,60032.000000,0,27,0.0,0.0,0.0,0.0,0.0,0.0,0.0,1.0
192477,0,1,3400,-58,58,691,7.0,24,0.50,17952.000000,0,27,0.0,0.0,0.0,0.0,0.0,0.0,0.0,1.0
192726,0,1,3400,-58,58,691,15,24,0.50,37600.000000,0,27,0.0,186,0.0,0.0,0.0,0.0,0.0,1.0
192975,0,1,3400,-58,58,692,17,24,0.50,21440.000000,0,27,0.0,0.0,13024.000000,0,0.0,0.0,0.0,1.0
193224,0,1,3400,-58,58,687,16,23,0.58,31840.000000,0,27,0.0,0.0,0.0,0.0,0.0,0.0,0.0,1.0
193473,0,1,3400,-58,58,688,16,24,0.51,53696.000000,0,27,0.0,0.0,0.0,0.0,0.0,0.0,0.0,1.0
193722,0,1,3400,-58,58,694,17,23,0.50,33632.000000,0,27,0.0,0.0,0.0,0.0,0.0,0.0,0.0,1.0
193971,0,1,3400,-58,58,692,9.9,23,0.50,38912.000000,0,27,0.0,0.0,11616.000000,0,0.0,0.0,0.0,1.0
194220,0,1,3400,-58,58,690,17,24,0.50,26624.000000,0,27,0.0,0.0,0.0,0.0,0.0,0.0,0.0,1.0
194469,0,1,3400,-58,58,693,11,23,0.50,26720.000000,0,27,0.0,0.0,0.0,0.0,0.0,0.0,0.0,1.0
194718,0,1,3400,-58,58,694,11,23,0.50,21760.000000,0,27,0.0,0.0,13024.000000,0,0.0,0.0,0.0,1.0
194967,0,1,3400,-58,58,694,9.6,24,0.50,25600.000000,0,27,0.0,0.0,0.0,0.0,0.0,0.0,0.0,1.0
195216,0,1,3400,-58,58,690,16,24,0.52,38240.000000,0,27,0.0,0.0,0.0,0.0,0.0,0.0,0.0,1.0
195465,0,1,3400,-58,58,688,17,23,0.60,10688.000000,20,27,0.0,0.0,0.0,0.0,0.0,0.0,0.0,1.0
195714,0,1,3400,-58,58,689,17,23,0.59,74560.000000,0,27,0.0,0.0,14592.000000,0,0.0,0.0,0.0,1.0
195963,0,1,3400,-58,58,687,16,23,0.56,48160.000000,0,27,1.1,0.0,10400.000000,33,0.0,0.0,0.0,1.0
196212,0,1,3400,-58,58,694,14,23,0.50,43392.000000,0,27,10,0.0,0.0,0.0,0.0,0.0,0.0,1.0
196461,0,1,3400,-58,58,694,16,24,0.52,42624.000000,0,27,10,0.0,0.0,0.0,0.0,0.0,0.0,1.0
196710,0,1,3400,-58,58,694,18,24,0.52,37312.000000,0,27,8.9,0.0,14592.000000,0,0.0,0.0,0.0,1.0
196959,0,1,3400,-58,58,696,9.4,23,0.54,55585.656250,0,27,0.0,0.0,0.0,0.0,0.0,0.0,0.0,1.0
197208,0,1,3400,-58,58,691,14,24,0.62,32449.798828,0,27,0.0,0.0,0.0,0.0,0.0,0.0,0.0,1.0
197457,0,1,3400,-58,58,687,15,23,0.58,56256.000000,0,27,0.0,0.0,0.0,0.0,0.0,0.0,0.0,1.0
197706,0,1,3400,-58,58,688,14,23,0.53,43104.000000,0,27,0.0,0.0,0.0,0.0,0.0,0.0,0.0,1.0
197955,0,1,3400,-58,58,696,16,24,0.69,37664.000000,0,27,0.0,0.0,13184.000000,0,0.0,0.0,0.0,1.0
198204,0,1,3400,-58,58,698,16,24,0.50,10624.000000,0,27,0.0,0.0,0.0,0.0,0.0,0.0,0.0,1.0
198453,0,1,3400,-58,58,695,14,23,0.50,10976.000000,0,27,0.0,0.0,0.0,0.0,0.0,0.0,0.0,1.0
198702,0,1,3400,-58,58,686,14,24,0.62,13472.000000,0,27,0.0,186,0.0,0.0,0.0,0.0,0.0,1.0
198951,0,1,3400,-58,58,686,7.6,23,0.50,32736.000000,0,27,0.0,0.0,14592.000000,0,0.0,0.0,0.0,1.0
199200,0,1,3400,-58,58,688,11,23,0.50,39488.000000,0,27,0.0,0.0,0.0,0.0,0.0,0.0,0.0,1.0
199449,0,1,3400,-58,58,688,15,24,0.57,42944.000000,0,27,0.0,0.0,0.0,0.0,0.0,0.0,0.0,1.0
199698,0,1,3400,-58,58,683,14,23,0.50,48128.000000,0,27,0.0,186,0.0,0.0,0.0,0.0,0.0,1.0
199947,0,1,3400,-58,58,689,16,23,1.1,37184.000000,12,27,0.0,0.0,13024.000000,0,0.0,0.0,0.0,1.0
200196,0,1,3400,-58,58,687,18,23,0.66,53280.000000,10,27,0.0,0.0,0.0,0.0,0.0,0.0,0.0,1.0
200445,0,1,3400,-58,58,691,16,23,1.0,49056.000000,7,27,0.0,0.0,0.0,0.0,0.0,0.0,0.0,1.0
200694,0,1,3400,-58,58,693,12,24,1.1,32544.000000,10,27,0.0,0.0,14592.000000,0,0.0,0.0,0.0,1.0
200943,0,1,3400,-58,58,690,13,23,0.50,40128.000000,0,27,0.0,0.0,0.0,0.0,0.0,0.0,0.0,1.0
201192,0,1,3400,-58,58,685,12,23,0.50,54944.000000,0,27,0.0,0.0,0.0,0.0,0.0,0.0,0.0,1.0
201441,0,1,3400,-58,58,689,15,23,0.54,48096.000000,0,27,0.0,0.0,0.0,0.0,0.0,0.0,0.0,1.0
201690,0,1,3400,-58,58,690,17,24,0.65,32000.000000,0,27,0.0,186,0.0,0.0,0.0,0.0,0.0,1.0
201939,0,1,3400,-58,58,692,13,23,0.57,43200.000000,0,27,0.0,0.0,13024.000000,0,0.0,0.0,0.0,1.0
202188,0,1,3400,-58,58,689,13,23,0.57,26688.000000,0,27,0.0,0.0,0.0,0.0,0.0,0.0,0.0,1.0
202437,0,1,3400,-58,58,691,12,24,0.59,28896.000000,0,27,0.0,0.0,0.0,0.0,0.0,0.0,0.0,1.0
202686,0,1,3400,-58,58,691,16,23,0.71,32160.000000,7,27,0.0,0.0,14592.000000,0,0.0,0.0,0.0,1.0
202935,0,1,3400,-58,58,689,17,23,0.59,57696.000000,4,27,0.0,0.0,0.0,0.0,0.0,0.0,0.0,1.0
203184,0,1,3400,-58,58,692,12,24,0.50,39136.000000,0,27,0.0,0.0,0.0,0.0,0.0,0.0,0.0,1.0
203433,0,1,3400,-58,58,690,12,23,0.50,64573.707031,0,27,0.0,0.0,0.0,0.0,0.0,0.0,0.0,1.0
203682,0,1,3400,-58,58,689,17,24,0.50,10688.000000,0,27,0.0,186,0.0,0.0,0.0,0.0,0.0,1.0
203931,0,1,3400,-58,58,689,15,23,0.75,78425.703125,0,27,0.0,0.0,13236.948242,0,0.0,0.0,0.0,1.0
204180,0,1,3400,-58,58,691,17,24,1.1,14944.000000,17,27,0.0,0.0,0.0,0.0,0.0,0.0,0.0,1.0
204429,0,1,3400,-58,58,691,10,24,0.62,38624.000000,4,27,0.0,0.0,0.0,0.0,0.0,0.0,0.0,1.0
204678,0,1,3400,-58,58,693,17,24,0.60,15936.000000,0,27,0.0,0.0,0.0,0.0,0.0,0.0,0.0,1.0
204927,0,1,3400,-58,58,693,13,24,0.51,16096.000000,0,27,0.0,0.0,11616.000000,0,0.0,0.0,0.0,1.0
205176,0,1,3400,-58,58,696,13,23,0.51,48064.000000,0,27,0.0,0.0,0.0,0.0,0.0,0.0,0.0,1.0
205425,0,1,3400,-58,58,697,16,23,0.50,21440.000000,0,27,0.0,0.0,0.0,0.0,0.0,0.0,0.0,1.0
205674,0,1,3400,-58,58,694,15,24,0.50,21504.000000,0,27,0.0,0.0,13024.000000,0,0.0,0.0,0.0,1.0
205923,0,1,3400,-58,58,692,15,23,0.64,53984.000000,0,27,0.0,0.0,0.0,0.0,0.0,0.0,0.0,1.0
206172,0,1,3400,-58,58,687,13,24,0.50,49376.000000,0,27,0.67,0.0,10400.000000,0,0.0,0.0,0.0,1.0
206421,0,1,3400,-58,58,693,12,23,0.60,54368.000000,0,27,10,0.0,0.0,0.0,0.0,0.0,0.0,1.0
206670,0,1,3400,-58,58,694,16,23,0.57,48192.000000,0,27,10,186,0.0,0.0,0.0,0.0,0.0,1.0
206919,0,1,3400,-58,58,691,15,24,0.74,37312.000000,0,27,0.59,0.0,13184.000000,0,0.0,0.0,0.0,1.0
207168,0,1,3400,-58,58,689,16,24,0.51,23168.000000,0,27,0.0,0.0,0.0,0.0,0.0,0.0,0.0,1.0
207417,0,1,3400,-58,58,687,11,23,0.53,38048.000000,0,27,0.0,0.0,0.0,0.0,0.0,0.0,0.0,1.0
207666,0,1,3400,-58,58,685,15,24,0.59,37504.000000,0,27,0.0,186,0.0,0.0,0.0,0.0,0.0,1.0
207915,0,1,3400,-58,58,686,17,23,0.57,34688.000000,0,27,0.0,0.0,14592.000000,0,0.0,0.0,0.0,1.0
208164,0,1,3400,-58,58,692,17,23,0.70,55616.000000,0,27,0.0,0.0,0.0,0.0,0.0,0.0,0.0,1.0
208413,0,1,3400,-58,58,697,17,24,0.50,42816.000000,0,27,0.0,0.0,0.0,0.0,0.0,0.0,0.0,1.0
208662,0,1,3400,-58,58,693,15,23,0.56,37504.000000,0,27,6.6,186,10400.000000,33,0.0,0.0,0.0,1.0
208911,0,1,3400,-58,58,692,17,23,0.50,16128.000000,0,27,0.67,0.0,19040.000000,0,0.0,0.0,0.0,1.0
209160,0,1,3400,-58,58,690,13,24,0.61,46976.000000,2,27,0.0,0.0,0.0,0.0,0.0,0.0,0.0,1.0
209409,0,1,3400,-58,58,688,14,23,0.57,32096.000000,0,27,0.0,0.0,0.0,0.0,0.0,0.0,0.0,1.0
209658,0,1,3400,-58,58,688,17,23,0.50,37216.000000,0,27,0.0,186,0.0,0.0,0.0,0.0,0.0,1.0
209907,0,1,3400,-58,58,682,17,24,0.64,25434.263672,10,27,0.0,0.0,12972.111328,0,0.0,0.0,0.0,1.0
210156,0,1,3400,-58,58,686,16,23,0.52,58944.000000,0,27,0.0,0.0,0.0,0.0,0.0,0.0,0.0,1.0
210405,0,1,3400,-58,58,682,17,23,0.50,48257.027344,0,27,0.0,0.0,0.0,0.0,0.0,0.0,0.0,1.0
210654,0,1,3400,-58,58,688,17,24,0.73,42496.000000,6,27,0.0,186,0.0,0.0,0.0,0.0,0.0,1.0
210903,0,1,3400,-58,58,693,13,23,0.56,53568.000000,0,27,0.0,0.0,11456.000000,0,0.0,0.0,0.0,1.0
211152,0,1,3400,-58,58,692,16,23,0.53,42816.000000,0,27,0.0,0.0,0.0,0.0,0.0,0.0,0.0,1.0
211401,0,1,3400,-58,58,688,15,24,0.54,21280.000000,0,27,0.0,0.0,0.0,0.0,0.0,0.0,0.0,1.0
211650,0,1,3400,-58,58,684,18,23,0.50,16000.000000,0,27,0.0,186,0.0,0.0,0.0,0.0,0.0,1.0
211899,0,1,3400,-58,58,685,15,23,0.50,32064.000000,0,27,0.0,0.0,13024.000000,0,0.0,0.0,0.0,1.0
212148,0,1,3400,-58,58,688,14,23,0.50,64096.000000,0,27,0.0,0.0,0.0,0.0,0.0,0.0,0.0,1.0
212397,0,1,3400,-58,58,684,8.5,23,0.50,16768.000000,0,27,0.0,0.0,0.0,0.0,0.0,0.0,0.0,1.0
212646,0,1,3400,-58,58,689,16,23,0.60,48256.000000,0,27,0.0,0.0,13024.000000,0,0.0,0.0,0.0,1.0
212895,0,1,3400,-58,58,684,14,23,0.51,26688.000000,8,27,0.0,0.0,0.0,0.0,0.0,0.0,0.0,1.0
213144,0,1,3400,-58,58,683,14,23,0.63,25344.000000,0,27,0.0,0.0,0.0,0.0,0.0,0.0,0.0,1.0
213393,0,1,3400,-58,58,689,14,23,0.62,43616.000000,0,27,0.0,0.0,0.0,0.0,0.0,0.0,0.0,1.0
213642,0,1,3400,-58,58,694,14,24,0.52,42816.000000,0,27,0.0,186,0.0,0.0,0.0,0.0,0.0,1.0
213891,0,1,3400,-58,58,689,10,23,0.50,37696.000000,0,27,0.0,0.0,13184.000000,0,0.0,0.0,0.0,1.0
214140,0,1,3400,-58,58,682,16,23,0.92,37504.000000,11,27,0.0,0.0,0.0,0.0,0.0,0.0,0.0,1.0
214389,0,1,3400,-58,58,686,16,24,0.70,42368.000000,0,27,0.0,0.0,0.0,0.0,0.0,0.0,0.0,1.0
214638,0,1,3400,-58,58,686,14,23,0.50,33152.000000,0,27,0.0,186,0.0,0.0,0.0,0.0,0.0,1.0
214887,0,1,3400,-58,58,690,16,23,0.63,32256.000000,7,27,0.0,0.0,13184.000000,0,0.0,0.0,0.0,1.0
215136,0,1,3400,-58,58,690,13,24,0.53,59232.000000,0,27,0.0,0.0,0.0,0.0,0.0,0.0,0.0,1.0
215385,0,1,3400,-58,58,687,14,23,0.60,37888.000000,0,27,0.0,0.0,0.0,0.0,0.0,0.0,0.0,1.0
215634,0,1,3400,-58,58,689,14,23,0.52,26880.000000,0,27,0.0,186,0.0,0.0,0.0,0.0,0.0,1.0
215883,0,1,3400,-58,58,688,18,23,0.50,21248.000000,0,27,0.0,0.0,19040.000000,0,0.0,0.0,0.0,1.0
216132,0,1,3400,-58,58,683,17,23,0.50,69088.000000,0,27,0.0,0.0,0.0,0.0,0.0,0.0,0.0,1.0
216381,0,1,3400,-58,58,691,17,24,0.55,36940.238281,0,27,0.0,0.0,0.0,0.0,0.0,0.0,0.0,1.0
216630,0,1,3400,-58,58,691,16,24,0.56,43008.000000,0,27,0.0,186,0.0,0.0,0.0,0.0,0.0,1.0
216879,0,1,3400,-58,58,689,11,23,0.50,50859.437500,0,27,0.0,0.0,13236.948242,0,0.0,0.0,0.0,1.0
217128,0,1,3400,-58,58,685,17,24,0.50,52960.000000,0,27,0.0,0.0,0.0,0.0,0.0,0.0,0.0,1.0
217377,0,1,3400,-58,58,684,16,24,0.65,21408.000000,0,27,0.0,0.0,0.0,0.0,0.0,0.0,0.0,1.0
217626,0,1,3400,-58,58,685,14,23,0.73,64128.000000,3,27,0.0,186,0.0,0.0,0.0,0.0,0.0,1.0
217875,0,1,3400,-58,58,686,14,23,0.50,53792.000000,0,27,0.0,0.0,13024.000000,0,0.0,0.0,0.0,1.0
218124,0,1,3400,-58,58,688,9.5,23,0.50,40768.000000,0,27,0.0,0.0,0.0,0.0,0.0,0.0,0.0,1.0
218373,0,1,3400,-58,58,691,11,23,0.56,62208.000000,0,27,0.0,0.0,0.0,0.0,0.0,0.0,0.0,1.0
218622,0,1,3400,-58,58,694,15,23,0.68,21568.000000,0,27,0.0,0.0,13024.000000,0,0.0,0.0,0.0,1.0
218871,0,1,3400,-58,58,688,18,24,0.54,63744.000000,0,27,0.0,0.0,0.0,0.0,0.0,0.0,0.0,1.0
219120,0,1,3400,-58,58,682,11,23,0.53,44192.000000,0,27,0.0,0.0,0.0,0.0,0.0,0.0,0.0,1.0
219369,0,1,3400,-58,58,683,17,24,0.79,31936.000000,0,27,0.0,0.0,0.0,0.0,0.0,0.0,0.0,1.0
219618,0,1,3400,-58,58,684,13,24,0.50,32640.000000,0,27,0.0,0.0,13184.000000,0,0.0,0.0,0.0,1.0
219867,0,1,3400,-58,58,689,12,23,0.81,23872.000000,0,27,0.0,0.0,0.0,0.0,0.0,0.0,0.0,1.0
220116,0,1,3400,-58,58,687,14,23,0.54,63392.000000,0,27,0.0,0.0,0.0,0.0,0.0,0.0,0.0,1.0
220365,0,1,3400,-58,58,683,15,23,0.52,42816.000000,0,27,0.0,0.0,0.0,0.0,0.0,0.0,0.0,1.0
220614,0,1,3400,-58,58,689,19,23,0.85,41216.000000,12,27,0.0,0.0,11456.000000,0,0.0,0.0,0.0,1.0
220863,0,1,3400,-58,58,687,17,24,0.52,37664.000000,0,27,0.0,0.0,0.0,0.0,0.0,0.0,0.0,1.0
221112,0,1,3400,-58,58,685,16,24,0.50,42976.000000,0,27,0.0,0.0,0.0,0.0,0.0,0.0,0.0,1.0
221361,0,1,3400,-58,58,690,14,23,0.50,53120.000000,0,27,0.0,0.0,0.0,0.0,0.0,0.0,0.0,1.0
221610,0,1,3400,-58,58,688,14,23,0.50,31808.000000,0,27,0.0,0.0,13184.000000,0,0.0,0.0,0.0,1.0
221859,0,1,3400,-58,58,685,12,24,0.50,18720.000000,0,27,0.0,0.0,0.0,0.0,0.0,0.0,0.0,1.0
222108,0,1,3400,-58,58,685,12,23,0.60,50304.000000,3,27,0.0,0.0,0.0,0.0,0.0,0.0,0.0,1.0
222357,0,1,3400,-58,58,683,17,24,0.53,16000.000000,0,27,0.0,0.0,0.0,0.0,0.0,0.0,0.0,1.0
222606,0,1,3400,-58,58,688,14,24,0.80,10816.000000,17,27,0.0,0.0,0.0,0.0,0.0,0.0,0.0,1.0
222855,0,1,3400,-58,58,681,15,23,0.60,32160.000000,0,27,0.0,0.0,13024.000000,0,0.0,0.0,0.0,1.0
223104,0,1,3400,-58,58,683,15,24,0.51,53099.601562,0,27,0.0,0.0,0.0,0.0,0.0,0.0,0.0,1.0
223353,0,1,3400,-58,58,687,11,24,0.50,32771.085938,0,27,0.0,0.0,0.0,0.0,0.0,0.0,0.0,1.0
223602,0,1,3400,-58,58,690,18,23,0.52,53024.000000,0,27,0.0,0.0,14592.000000,0,0.0,0.0,0.0,1.0
223851,0,1,3400,-58,58,682,18,24,0.50,21216.000000,0,27,0.0,0.0,0.0,0.0,0.0,0.0,0.0,1.0
224100,0,1,3400,-58,58,682,9.3,24,0.50,43520.000000,0,27,0.0,0.0,0.0,0.0,0.0,0.0,0.0,1.0
224349,0,1,3400,-58,58,685,16,23,0.65,62976.000000,4,27,0.0,0.0,0.0,0.0,0.0,0.0,0.0,1.0
224598,0,1,3400,-58,58,686,17,23,0.62,47904.000000,0,27,0.0,0.0,13024.000000,0,0.0,0.0,0.0,1.0
224847,0,1,3400,-58,58,684,18,24,0.55,31552.000000,0,27,0.0,0.0,0.0,0.0,0.0,0.0,0.0,1.0
225096,0,1,3400,-58,58,688,16,23,0.60,32096.000000,0,27,0.0,0.0,0.0,0.0,0.0,0.0,0.0,1.0
225345,0,1,3400,-58,58,687,14,24,0.51,15968.000000,0,27,0.0,0.0,0.0,0.0,0.0,0.0,0.0,1.0
225594,0,1,3400,-58,58,682,12,24,0.59,37952.000000,0,27,0.0,186,0.0,0.0,0.0,0.0,0.0,1.0
225843,0,1,3400,-58,58,685,12,23,0.51,43104.000000,0,27,0.0,0.0,13184.000000,0,0.0,0.0,0.0,1.0
226092,0,1,3400,-58,58,689,18,24,0.54,26528.000000,0,27,0.0,0.0,0.0,0.0,0.0,0.0,0.0,1.0
226341,0,1,3400,-58,58,689,14,23,0.50,75392.000000,0,27,0.0,0.0,0.0,0.0,0.0,0.0,0.0,1.0
226590,0,1,3400,-58,58,683,13,23,0.55,64448.000000,0,27,0.0,186,0.0,0.0,0.0,0.0,0.0,1.0
226839,0,1,3400,-58,58,684,17,24,0.60,26560.000000,0,27,0.0,0.0,13184.000000,0,0.0,0.0,0.0,1.0
227088,0,1,3400,-58,58,689,14,23,0.53,55808.000000,0,27,0.0,0.0,0.0,0.0,0.0,0.0,0.0,1.0
227337,0,1,3400,-58,58,686,16,23,0.50,65312.000000,0,27,0.0,0.0,0.0,0.0,0.0,0.0,0.0,1.0
227586,0,1,3400,-58,58,686,16,24,0.52,37440.000000,0,27,0.0,0.0,0.0,0.0,0.0,0.0,0.0,1.0
227835,0,1,3400,-58,58,688,16,23,0.56,55680.000000,4,27,0.0,0.0,13024.000000,0,0.0,0.0,0.0,1.0
228084,0,1,3400,-58,58,685,15,23,0.65,55360.000000,0,27,0.0,0.0,0.0,0.0,0.0,0.0,0.0,1.0
228333,0,1,3400,-58,58,685,13,24,0.52,32000.000000,0,27,0.0,0.0,0.0,0.0,0.0,0.0,0.0,1.0
228582,0,1,3400,-58,58,686,16,23,0.69,36192.000000,7,27,0.0,186,0.0,0.0,0.0,0.0,0.0,1.0
228831,0,1,3400,-58,58,685,14,23,0.62,38464.000000,0,27,0.0,0.0,13184.000000,0,0.0,0.0,0.0,1.0
229080,0,1,3400,-58,58,684,16,23,0.53,53888.000000,0,27,0.0,0.0,0.0,0.0,0.0,0.0,0.0,1.0
229329,0,1,3400,-58,58,678,17,24,0.50,26688.000000,0,27,0.0,0.0,0.0,0.0,0.0,0.0,0.0,1.0
229578,0,1,3400,-58,58,682,18,23,0.58,31872.000000,0,27,0.0,0.0,13184.000000,0,0.0,0.0,0.0,1.0
229827,0,1,3400,-58,58,685,18,24,0.50,26454.183594,0,27,0.0,0.0,0.0,0.0,0.0,0.0,0.0,1.0
230076,0,1,3400,-58,58,686,15,23,0.58,37461.847656,0,27,0.0,0.0,0.0,0.0,0.0,0.0,0.0,1.0
230325,0,1,3400,-58,58,687,17,23,0.50,42496.000000,0,27,0.0,0.0,0.0,0.0,0.0,0.0,0.0,1.0
230574,0,1,3400,-58,58,685,18,24,0.66,28320.000000,8,27,0.0,186,0.0,0.0,0.0,0.0,0.0,1.0
230823,0,1,3400,-58,58,681,16,23,0.70,21216.000000,11,27,0.0,0.0,14592.000000,0,0.0,0.0,0.0,1.0
231072,0,1,3400,-58,58,684,18,23,0.57,26560.000000,0,27,0.0,0.0,0.0,0.0,0.0,0.0,0.0,1.0
231321,0,1,3400,-58,58,688,17,24,0.55,21376.000000,0,27,0.0,0.0,0.0,0.0,0.0,0.0,0.0,1.0
231570,0,1,3400,-58,58,680,15,23,0.50,47872.000000,0,27,0.0,186,0.0,0.0,0.0,0.0,0.0,1.0
231819,0,1,3400,-58,58,682,17,23,0.56,26688.000000,0,27,0.0,0.0,14112.000000,0,0.0,0.0,0.0,1.0
232068,0,1,3400,-58,58,683,17,24,0.52,31936.000000,0,27,0.0,0.0,0.0,0.0,0.0,0.0,0.0,1.0
232317,0,1,3400,-58,58,686,16,24,0.57,17792.000000,0,27,0.0,0.0,0.0,0.0,0.0,0.0,0.0,1.0
232566,0,1,3400,-58,58,680,15,23,0.50,53600.000000,0,27,0.0,0.0,13024.000000,0,0.0,0.0,0.0,1.0
232815,0,1,3400,-58,58,682,15,23,0.54,37696.000000,0,27,0.0,0.0,0.0,0.0,0.0,0.0,0.0,1.0
233064,0,1,3400,-58,58,686,15,24,0.50,26624.000000,0,27,0.0,0.0,0.0,0.0,0.0,0.0,0.0,1.0
233313,0,1,3400,-58,58,682,16,23,0.64,37696.000000,0,27,0.0,0.0,0.0,0.0,0.0,0.0,0.0,1.0
233562,0,1,3400,-58,58,686,13,24,0.51,42880.000000,0,27,0.0,186,0.0,0.0,0.0,0.0,0.0,1.0
233811,0,1,3400,-58,58,685,13,23,0.50,28832.000000,0,27,0.0,0.0,13184.000000,0,0.0,0.0,0.0,1.0
234060,0,1,3400,-58,58,678,11,23,0.50,37888.000000,0,27,0.0,0.0,0.0,0.0,0.0,0.0,0.0,1.0
234309,0,1,3400,-58,58,682,15,23,0.50,27296.000000,0,27,0.0,0.0,0.0,0.0,0.0,0.0,0.0,1.0
234558,0,1,3400,-58,58,686,11,23,0.50,43488.000000,0,27,0.0,0.0,13184.000000,0,0.0,0.0,0.0,1.0
234807,0,1,3400,-58,58,684,16,23,0.61,33888.000000,0,27,0.0,0.0,0.0,0.0,0.0,0.0,0.0,1.0
235056,0,1,3400,-58,58,685,12,24,0.50,16064.000000,0,27,0.0,0.0,0.0,0.0,0.0,0.0,0.0,1.0
235305,0,1,3400,-58,58,684,15,23,0.54,45088.000000,0,27,0.0,0.0,0.0,0.0,0.0,0.0,0.0,1.0
235554,0,1,3400,-58,58,684,14,23,0.51,48352.000000,0,27,0.0,0.0,13024.000000,0,0.0,0.0,0.0,1.0
235803,0,1,3400,-58,58,685,16,23,0.60,72000.000000,2,27,0.0,0.0,0.0,0.0,0.0,0.0,0.0,1.0
236052,0,1,3400,-58,58,683,11,23,0.50,33152.000000,0,27,0.0,0.0,0.0,0.0,0.0,0.0,0.0,1.0
236301,0,1,3400,-58,58,687,15,23,0.51,52512.000000,0,27,0.0,0.0,0.0,0.0,0.0,0.0,0.0,1.0
236550,0,1,3400,-58,58,687,15,23,0.60,44128.000000,0,27,0.0,0.0,13024.000000,0,0.0,0.0,0.0,1.0
236799,0,1,3400,-58,58,680,13,23,0.58,86272.000000,0,27,0.0,0.0,0.0,0.0,0.0,0.0,0.0,1.0
237048,0,1,3400,-58,58,678,16,23,0.51,47648.000000,0,27,0.0,0.0,0.0,0.0,0.0,0.0,0.0,1.0
237297,0,1,3400,-58,58,684,18,24,0.51,26464.000000,0,27,0.0,0.0,0.0,0.0,0.0,0.0,0.0,1.0
237546,0,1,3400,-58,58,685,9.0,24,0.50,33728.000000,0,27,0.0,0.0,0.0,0.0,0.0,0.0,0.0,1.0
237795,0,1,3400,-58,58,681,18,24,0.50,21248.000000,0,27,0.25,0.0,13024.000000,0,0.0,0.0,0.0,1.0
238044,0,1,3400,-58,58,684,18,23,0.52,26560.000000,0,27,10,0.0,10400.000000,75,0.0,0.0,0.0,1.0
238293,0,1,3400,-58,58,686,15,23,0.51,43104.000000,0,27,10,0.0,0.0,0.0,0.0,0.0,0.0,1.0
238542,0,1,3400,-58,58,685,14,23,0.50,50592.000000,0,27,9.2,0.0,14592.000000,0,0.0,0.0,0.0,1.0
238791,0,1,3400,-58,58,686,15,23,0.50,55968.000000,0,27,0.0,0.0,0.0,0.0,0.0,0.0,0.0,1.0
239040,0,1,3400,-58,58,687,15,23,0.50,69696.000000,0,27,0.0,0.0,0.0,0.0,0.0,0.0,0.0,1.0
239289,0,1,3400,-58,58,685,14,24,0.51,32704.000000,0,27,0.0,0.0,0.0,0.0,0.0,0.0,0.0,1.0
239538,0,1,3400,-58,58,683,17,24,0.52,32064.000000,0,27,0.0,0.0,0.0,0.0,0.0,0.0,0.0,1.0
239787,0,1,3400,-58,58,683,16,23,0.50,47936.000000,0,27,0.0,0.0,14592.000000,0,0.0,0.0,0.0,1.0
240036,0,1,3400,-58,58,681,15,24,0.56,48448.000000,0,27,0.0,0.0,0.0,0.0,0.0,0.0,0.0,1.0
240285,0,1,3400,-58,58,680,16,23,0.51,42752.000000,0,27,0.0,0.0,0.0,0.0,0.0,0.0,0.0,1.0
240534,0,1,3400,-58,58,679,14,23,0.50,32192.000000,0,27,0.0,186,0.0,0.0,0.0,0.0,0.0,1.0
240783,0,1,3400,-58,58,684,13,23,0.56,54272.000000,0,27,0.0,0.0,11616.000000,0,0.0,0.0,0.0,1.0
241032,0,1,3400,-58,58,687,16,24,0.55,31680.000000,0,27,0.0,0.0,0.0,0.0,0.0,0.0,0.0,1.0
241281,0,1,3400,-58,58,683,17,23,0.50,37184.000000,0,27,0.0,0.0,0.0,0.0,0.0,0.0,0.0,1.0
241530,0,1,3400,-58,58,687,12,24,0.50,32416.000000,0,27,0.0,186,0.0,0.0,0.0,0.0,0.0,1.0
241779,0,1,3400,-58,58,684,14,23,0.59,51936.000000,0,27,0.0,0.0,13184.000000,0,0.0,0.0,0.0,1.0
242028,0,1,3400,-58,58,688,14,23,0.56,58976.000000,0,27,0.0,0.0,0.0,0.0,0.0,0.0,0.0,1.0
242277,0,1,3400,-58,58,685,15,24,0.50,48128.000000,0,27,0.0,0.0,0.0,0.0,0.0,0.0,0.0,1.0
242526,0,1,3400,-58,58,685,17,23,0.55,42581.671875,0,27,0.0,186,0.0,0.0,0.0,0.0,0.0,1.0
242775,0,1,3400,-58,58,685,15,23,0.65,34024.097656,7,27,0.0,0.0,11502.007812,0,0.0,0.0,0.0,1.0
243024,0,1,3400,-58,58,686,18,24,0.67,26528.000000,0,27,0.25,0.0,0.0,0,0.0,0.0,0.0,1.0
243273,0,1,3400,-58,58,683,17,24,0.54,32000.000000,0,27,10,0.0,10400.000000,0,0.0,0.0,0.0,1.0
243522,0,1,3400,-58,58,684,17,23,0.50,37600.000000,0,27,10,186,0.0,0.0,0.0,0.0,0.0,1.0
243771,0,1,3400,-58,58,685,12,23,0.50,48256.000000,0,27,0.59,0.0,13184.000000,0,0.0,0.0,0.0,1.0
244020,0,1,3400,-58,58,681,17,24,0.50,17184.000000,0,27,0.0,0.0,0.0,0.0,0.0,0.0,0.0,1.0
244269,0,1,3400,-58,58,683,15,24,0.50,10688.000000,0,27,0.0,0.0,0.0,0.0,0.0,0.0,0.0,1.0
244518,0,1,3400,-58,58,685,12,24,0.50,43296.000000,0,27,0.0,0.0,11456.000000,0,0.0,0.0,0.0,1.0
244767,0,1,3400,-58,58,686,17,23,0.59,32256.000000,0,27,0.0,0.0,0.0,0.0,0.0,0.0,0.0,1.0
245016,0,1,3400,-58,58,685,18,23,0.60,53248.000000,0,27,0.0,0.0,0.0,0.0,0.0,0.0,0.0,1.0
245265,0,1,3400,-58,58,689,17,24,0.63,32128.000000,0,27,0.0,0.0,0.0,0.0,0.0,0.0,0.0,1.0
245514,0,1,3400,-58,58,687,18,23,0.50,21248.000000,0,27,0.0,186,0.0,0.0,0.0,0.0,0.0,1.0
245763,0,1,3400,-58,58,684,17,23,0.97,43104.000000,11,27,0.0,0.0,13184.000000,0,0.0,0.0,0.0,1.0
246012,0,1,3400,-58,58,686,11,24,0.50,44160.000000,0,27,0.0,0.0,0.0,0.0,0.0,0.0,0.0,1.0
246261,0,1,3400,-58,58,687,15,23,0.51,64128.000000,0,27,0.0,0.0,0.0,0.0,0.0,0.0,0.0,1.0
246510,0,1,3400,-58,58,687,13,23,0.58,22016.000000,0,27,0.0,186,0.0,0.0,0.0,0.0,0.0,1.0
246759,0,1,3400,-58,58,685,16,23,0.53,58752.000000,0,27,0.89,0.0,17472.000000,0,0.0,0.0,0.0,1.0
247008,0,1,3400,-58,58,682,13,23,0.50,48864.000000,0,27,0.99,0.0,0.0,0.0,0.0,0.0,0.0,1.0
247257,0,1,3400,-58,58,679,16,23,0.60,45568.000000,5,27,0.98,0.0,0.0,0.0,0.0,0.0,0.0,1.0
247506,0,1,3400,-58,58,679,8.3,23,0.50,36352.000000,0,27,0.85,0.0,13024.000000,0,0.0,0.0,0.0,1.0
247755,0,1,3400,-58,58,677,15,23,0.50,26848.000000,0,27,0.0,0.0,0.0,0.0,0.0,0.0,0.0,1.0
248004,0,1,3400,-58,58,678,15,23,0.50,33184.000000,0,27,0.0,0.0,0.0,0.0,0.0,0.0,0.0,1.0
248253,0,1,3400,-58,58,686,14,23,0.61,37408.000000,0,27,0.0,0.0,0.0,0.0,0.0,0.0,0.0,1.0
248502,0,1,3400,-58,58,686,18,23,0.50,31872.000000,0,27,0.0,0.0,13024.000000,0,0.0,0.0,0.0,1.0
248751,0,1,3400,-58,58,680,16,23,0.51,59104.000000,0,27,0.0,0.0,0.0,0.0,0.0,0.0,0.0,1.0
249000,0,1,3400,-58,58,678,14,23,0.51,64480.000000,0,27,0.0,0.0,0.0,0.0,0.0,0.0,0.0,1.0
249249,0,1,3400,-58,58,681,18,24,0.59,42496.000000,0,27,0.0,0.0,0.0,0.0,0.0,0.0,0.0,1.0
249498,0,1,3400,-58,58,684,11,24,0.56,26880.000000,0,27,0.0,186,0.0,0.0,0.0,0.0,0.0,1.0
249747,0,1,3400,-58,58,682,17,23,0.53,37024.000000,0,27,0.0,0.0,13024.000000,0,0.0,0.0,0.0,1.0
249996,0,1,3400,-58,58,685,15,23,0.52,63456.000000,0,27,0.0,0.0,0.0,0.0,0.0,0.0,0.0,1.0
250245,0,1,3400,-58,58,686,13,23,0.59,49792.000000,0,27,0.0,0.0,0.0,0.0,0.0,0.0,0.0,1.0
250494,0,1,3400,-58,58,683,18,24,0.61,33696.000000,7,27,0.0,186,0.0,0.0,0.0,0.0,0.0,1.0
250743,0,1,3400,-58,58,677,9.6,23,0.50,43744.000000,0,27,0.0,0.0,11616.000000,0,0.0,0.0,0.0,1.0
250992,0,1,3400,-58,58,681,11,23,0.50,15904.000000,0,27,0.0,0.0,0.0,0.0,0.0,0.0,0.0,1.0
251241,0,1,3400,-58,58,681,12,23,0.50,37856.000000,0,27,0.0,0.0,0.0,0.0,0.0,0.0,0.0,1.0
251490,0,1,3400,-58,58,682,13,23,0.50,21376.000000,0,27,0.0,0.0,13024.000000,0,0.0,0.0,0.0,1.0
251739,0,1,3400,-58,58,684,13,23,0.50,39232.000000,0,27,0.0,0.0,0.0,0.0,0.0,0.0,0.0,1.0
251988,0,1,3400,-58,58,682,18,23,0.60,21440.000000,0,27,0.0,0.0,0.0,0.0,0.0,0.0,0.0,1.0
252237,0,1,3400,-58,58,677,16,23,0.50,21376.000000,0,27,0.0,0.0,0.0,0.0,0.0,0.0,0.0,1.0
252486,0,1,3400,-58,58,675,15,24,0.50,37504.000000,0,27,0.0,0.0,0.0,0.0,0.0,0.0,0.0,1.0
252735,0,1,3400,-58,58,680,17,23,0.61,26592.000000,0,27,0.0,0.0,13184.000000,0,0.0,0.0,0.0,1.0
252984,0,1,3400,-58,58,681,16,23,0.50,42624.000000,0,27,0.0,0.0,0.0,0.0,0.0,0.0,0.0,1.0
253233,0,1,3400,-58,58,684,13,24,0.60,44192.000000,0,27,0.0,0.0,0.0,0.0,0.0,0.0,0.0,1.0
253482,0,1,3400,-58,58,684,17,23,0.59,48000.000000,0,27,2.4,186,10400.000000,0,0.0,0.0,0.0,1.0
253731,0,1,3400,-58,58,679,16,23,0.51,64288.000000,0,27,1.1,0.0,15072.000000,0,0.0,0.0,0.0,1.0
253980,0,1,3400,-58,58,682,18,24,0.85,58560.000000,4,27,0.99,0.0,0.0,0.0,0.0,0.0,0.0,1.0
254229,0,1,3400,-58,58,683,17,23,0.50,31808.000000,0,27,1.0,0.0,0.0,0.0,0.0,0.0,0.0,1.0
254478,0,1,3400,-58,58,683,15,23,0.68,20384.000000,10,27,0.98,186,0.0,0.0,0.0,0.0,0.0,1.0
254727,0,1,3400,-58,58,677,10,23,0.56,41568.000000,0,27,1.0,0.0,14112.000000,0,0.0,0.0,0.0,1.0
254976,0,1,3400,-58,58,677,16,23,0.50,69312.000000,0,27,0.99,0.0,0.0,0.0,0.0,0.0,0.0,1.0
255225,0,1,3400,-58,58,682,16,23,0.56,74656.000000,0,27,0.99,0.0,0.0,0.0,0.0,0.0,0.0,1.0
255474,0,1,3400,-58,58,685,7.9,24,0.50,12064.000000,0,27,1.0,0.0,0.0,0.0,0.0,0.0,0.0,1.0
255723,0,1,3400,-58,58,679,16,23,0.50,48064.000000,0,27,0.22,0.0,13184.000000,0,0.0,0.0,0.0,1.0
255972,0,1,3400,-58,58,682,7.6,23,0.50,29280.000000,0,27,0.0,0.0,0.0,0.0,0.0,0.0,0.0,1.0
256221,0,1,3400,-58,58,680,12,23,0.50,45280.000000,0,27,0.0,0.0,0.0,0.0,0.0,0.0,0.0,1.0
256470,0,1,3400,-58,58,676,15,23,0.52,49504.000000,0,27,0.0,186,0.0,0.0,0.0,0.0,0.0,1.0
256719,0,1,3400,-58,58,677,17,23,0.52,46208.000000,5,27,0.0,0.0,11616.000000,0,0.0,0.0,0.0,1.0
256968,0,1,3400,-58,58,681,15,23,0.58,43360.000000,0,27,0.0,0.0,0.0,0.0,0.0,0.0,0.0,1.0
257217,0,1,3400,-58,58,682,12,23,0.50,43040.000000,0,27,0.0,0.0,0.0,0.0,0.0,0.0,0.0,1.0
257466,0,1,3400,-58,58,679,18,23,0.56,31872.000000,0,27,0.0,0.0,13024.000000,0,0.0,0.0,0.0,1.0
257715,0,1,3400,-58,58,681,18,23,0.71,23456.000000,10,27,0.0,0.0,0.0,0.0,0.0,0.0,0.0,1.0
257964,0,1,3400,-58,58,679,15,23,0.56,53984.000000,0,27,0.0,0.0,0.0,0.0,0.0,0.0,0.0,1.0
258213,0,1,3400,-58,58,677,15,23,0.50,37184.000000,0,27,0.0,0.0,0.0,0.0,0.0,0.0,0.0,1.0
258462,0,1,3400,-58,58,678,17,24,0.61,26400.000000,0,27,0.0,0.0,19040.000000,0,0.0,0.0,0.0,1.0
258711,0,1,3400,-58,58,682,16,23,0.55,49696.000000,0,27,0.0,0.0,0.0,0.0,0.0,0.0,0.0,1.0
258960,0,1,3400,-58,58,684,15,23,0.50,32416.000000,0,27,0.0,0.0,0.0,0.0,0.0,0.0,0.0,1.0
259209,0,1,3400,-58,58,678,16,24,0.76,10624.000000,0,27,0.0,0.0,0.0,0.0,0.0,0.0,0.0,1.0
259458,0,1,3400,-58,58,679,14,23,0.50,49152.000000,0,27,0.0,0.0,0.0,0.0,0.0,0.0,0.0,1.0
259707,0,1,3400,-58,58,681,11,23,0.54,27328.000000,0,27,0.0,0.0,13024.000000,0,0.0,0.0,0.0,1.0
259956,0,1,3400,-58,58,681,4.4,23,0.51,23360.000000,0,27,0.0,0.0,0.0,0.0,0.0,0.0,0.0,1.0
260205,0,1,3400,-58,58,683,17,23,0.74,58624.000000,4,27,0.0,0.0,0.0,0.0,0.0,0.0,0.0,1.0
260454,0,1,3400,-58,58,678,14,23,0.50,70176.000000,0,27,0.0,186,0.0,0.0,0.0,0.0,0.0,1.0
260703,0,1,3400,-58,58,683,17,24,0.53,53632.000000,0,27,0.0,0.0,13184.000000,0,0.0,0.0,0.0,1.0
260952,0,1,3400,-58,58,680,16,23,0.50,37344.000000,0,27,0.0,0.0,0.0,0.0,0.0,0.0,0.0,1.0
261201,0,1,3400,-58,58,678,15,24,0.53,49344.000000,0,27,0.0,0.0,0.0,0.0,0.0,0.0,0.0,1.0
261450,0,1,3400,-58,58,681,18,23,0.53,31936.000000,0,27,0.0,186,0.0,0.0,0.0,0.0,0.0,1.0
261699,0,1,3400,-58,58,678,14,23,0.55,32096.000000,0,27,0.0,0.0,13024.000000,0,0.0,0.0,0.0,1.0
261948,0,1,3400,-58,58,680,15,23,0.63,48384.000000,0,27,0.0,0.0,0.0,0.0,0.0,0.0,0.0,1.0
262197,0,1,3400,-58,58,680,16,23,0.62,48128.000000,0,27,0.0,0.0,0.0,0.0,0.0,0.0,0.0,1.0
262446,0,1,3400,-58,58,680,14,23,0.50,32192.000000,0,27,0.0,0.0,13024.000000,0,0.0,0.0,0.0,1.0
262695,0,1,3400,-58,58,678,16,24,0.79,50400.000000,5,27,0.0,0.0,0.0,0.0,0.0,0.0,0.0,1.0
262944,0,1,3400,-58,58,681,15,23,0.50,15872.000000,0,27,0.0,0.0,0.0,0.0,0.0,0.0,0.0,1.0
263193,0,1,3400,-58,58,680,17,23,0.66,31712.000000,0,27,0.0,0.0,0.0,0.0,0.0,0.0,0.0,1.0
263442,0,1,3400,-58,58,682,9.8,23,0.54,54560.000000,0,27,0.0,0.0,0.0,0.0,0.0,0.0,0.0,1.0
263691,0,1,3400,-58,58,683,9.3,23,0.64,34688.000000,0,27,0.75,0.0,15232.000000,0,0.0,0.0,0.0,1.0
263940,0,1,3400,-58,58,683,15,23,0.58,47936.000000,0,27,0.98,0.0,0.0,0.0,0.0,0.0,0.0,1.0
264189,0,1,3400,-58,58,683,12,24,0.50,22272.000000,0,27,1.0,0.0,0.0,0.0,0.0,0.0,0.0,1.0
264438,0,1,3400,-58,58,681,14,23,0.64,48160.000000,0,27,1.0,186,0.0,0.0,0.0,0.0,0.0,1.0
264687,0,1,3400,-58,58,682,10,23,0.57,35360.000000,0,27,0.016,0.0,13024.000000,0,0.0,0.0,0.0,1.0
264936,0,1,3400,-58,58,679,16,23,0.53,48064.000000,0,27,0.0,0.0,0.0,0.0,0.0,0.0,0.0,1.0
265185,0,1,3400,-58,58,682,12,23,0.51,53472.000000,0,27,0.0,0.0,0.0,0.0,0.0,0.0,0.0,1.0
265434,0,1,3400,-58,58,680,17,23,0.59,42688.000000,0,27,0.0,0.0,14592.000000,0,0.0,0.0,0.0,1.0
265683,0,1,3400,-58,58,679,15,24,0.51,64480.000000,0,27,0.0,0.0,0.0,0.0,0.0,0.0,0.0,1.0
265932,0,1,3400,-58,58,678,15,23,0.54,37376.000000,0,27,0.0,0.0,0.0,0.0,0.0,0.0,0.0,1.0
266181,0,1,3400,-58,58,675,14,23,0.50,17856.000000,0,27,0.0,0.0,0.0,0.0,0.0,0.0,0.0,1.0
266430,0,1,3400,-58,58,679,13,23,0.50,26848.000000,0,27,0.0,0.0,13024.000000,0,0.0,0.0,0.0,1.0
266679,0,1,3400,-58,58,678,12,23,0.50,31904.000000,0,27,0.0,0.0,0.0,0.0,0.0,0.0,0.0,1.0
266928,0,1,3400,-58,58,681,11,23,0.50,41568.000000,0,27,0.0,0.0,0.0,0.0,0.0,0.0,0.0,1.0
267177,0,1,3400,-58,58,684,11,24,0.50,21504.000000,0,27,0.0,0.0,0.0,0.0,0.0,0.0,0.0,1.0
267426,0,1,3400,-58,58,681,15,23,0.50,26976.000000,0,27,0.0,0.0,0.0,0.0,0.0,0.0,0.0,1.0
267675,0,1,3400,-58,58,676,17,24,0.59,26560.000000,0,27,0.0,0.0,14592.000000,0,0.0,0.0,0.0,1.0
267924,0,1,3400,-58,58,682,15,23,0.56,29344.000000,0,27,0.0,0.0,0.0,0.0,0.0,0.0,0.0,1.0
268173,0,1,3400,-58,58,681,16,23,0.53,37408.000000,0,27,0.0,0.0,0.0,0.0,0.0,0.0,0.0,1.0
268422,0,1,3400,-58,58,678,14,23,0.50,42848.000000,0,27,0.0,186,0.0,0.0,0.0,0.0,0.0,1.0
268671,0,1,3400,-58,58,679,12,23,0.58,22720.000000,7,27,0.0,0.0,13024.000000,0,0.0,0.0,0.0,1.0
268920,0,1,3400,-58,58,677,17,23,0.77,23008.000000,10,27,0.0,0.0,0.0,0.0,0.0,0.0,0.0,1.0
269169,0,1,3400,-58,58,677,18,23,0.57,42464.000000,0,27,0.0,0.0,0.0,0.0,0.0,0.0,0.0,1.0
269418,0,1,3400,-58,58,680,15,23,0.50,26720.000000,0,27,0.0,186,0.0,0.0,0.0,0.0,0.0,1.0
269667,0,1,3400,-58,58,680,15,23,0.54,54144.000000,0,27,0.0,0.0,13184.000000,0,0.0,0.0,0.0,1.0
269916,0,1,3400,-58,58,678,15,23,0.63,26912.000000,0,27,0.0,0.0,0.0,0.0,0.0,0.0,0.0,1.0
270165,0,1,3400,-58,58,677,17,23,0.60,37312.000000,0,27,0.0,0.0,0.0,0.0,0.0,0.0,0.0,1.0
270414,0,1,3400,-58,58,675,17,23,0.59,31776.000000,0,27,0.0,0.0,0.0,0.0,0.0,0.0,0.0,1.0
270663,0,1,3400,-58,58,678,17,23,0.64,26560.000000,0,27,0.0,0.0,13184.000000,0,0.0,0.0,0.0,1.0
270912,0,1,3400,-58,58,682,16,23,0.57,69344.000000,0,27,0.0,0.0,0.0,0.0,0.0,0.0,0.0,1.0
271161,0,1,3400,-58,58,680,17,23,0.57,26816.000000,0,27,0.0,0.0,0.0,0.0,0.0,0.0,0.0,1.0
271410,0,1,3400,-58,58,676,11,23,0.50,77568.000000,0,27,0.0,0.0,13024.000000,0,0.0,0.0,0.0,1.0
271659,0,1,3400,-58,58,675,11,23,0.51,56064.000000,0,27,0.0,0.0,0.0,0.0,0.0,0.0,0.0,1.0
271908,0,1,3400,-58,58,673,17,23,0.57,37312.000000,0,27,0.0,0.0,0.0,0.0,0.0,0.0,0.0,1.0
272157,0,1,3400,-58,58,680,17,23,0.52,42496.000000,0,27,0.0,0.0,0.0,0.0,0.0,0.0,0.0,1.0
272406,0,1,3400,-58,58,680,18,23,0.51,26560.000000,0,27,0.0,0.0,0.0,0.0,0.0,0.0,0.0,1.0
272655,0,1,3400,-58,58,674,17,23,0.50,16192.000000,0,27,0.0,0.0,13184.000000,0,0.0,0.0,0.0,1.0
272904,0,1,3400,-58,58,678,14,23,0.61,21504.000000,0,27,0.0,0.0,0.0,0.0,0.0,0.0,0.0,1.0
273153,0,1,3400,-58,58,680,15,23,0.83,10752.000000,0,27,0.0,0.0,0.0,0.0,0.0,0.0,0.0,1.0
273402,0,1,3400,-58,58,676,13,23,0.55,42944.000000,0,27,0.0,0.0,13024.000000,0,0.0,0.0,0.0,1.0
273651,0,1,3400,-58,58,675,15,24,0.67,50880.000000,0,27,0.0,0.0,0.0,0.0,0.0,0.0,0.0,1.0
273900,0,1,3400,-58,58,675,12,23,0.56,64448.000000,0,27,0.0,0.0,0.0,0.0,0.0,0.0,0.0,1.0
274149,0,1,3400,-58,58,678,16,23,0.50,26624.000000,0,27,0.0,0.0,0.0,0.0,0.0,0.0,0.0,1.0
274398,0,1,3400,-58,58,678,15,23,0.70,32256.000000,0,27,0.0,0.0,13024.000000,0,0.0,0.0,0.0,1.0
274647,0,1,3400,-58,58,684,19,23,1.3,10624.000000,20,27,0.0,0.0,0.0,0.0,0.0,0.0,0.0,1.0
274896,0,1,3400,-58,58,682,17,23,0.50,21088.000000,0,27,0.0,0.0,0.0,0.0,0.0,0.0,0.0,1.0
275145,0,1,3400,-58,58,678,15,23,0.58,56256.000000,0,27,0.0,0.0,0.0,0.0,0.0,0.0,0.0,1.0
275394,0,1,3400,-58,58,673,17,23,0.50,58528.000000,0,27,1.5,186,10400.000000,0,0.0,0.0,0.0,1.0
275643,0,1,3400,-58,58,675,15,23,0.58,53632.000000,0,27,2.2,0.0,11456.000000,0,0.0,0.0,0.0,1.0
275892,0,1,3400,-58,58,678,13,23,0.50,21568.000000,0,27,0.0,0.0,0.0,0.0,0.0,0.0,0.0,1.0
276141,0,1,3400,-58,58,674,16,23,0.75,25504.000000,10,27,0.0,0.0,0.0,0.0,0.0,0.0,0.0,1.0
276390,0,1,3400,-58,58,672,15,23,0.50,10880.000000,0,27,0.0,0.0,0.0,0.0,0.0,0.0,0.0,1.0
276639,0,1,3400,-58,58,677,16,23,0.55,59680.000000,0,27,0.0,0.0,13184.000000,0,0.0,0.0,0.0,1.0
276888,0,1,3400,-58,58,678,8.0,23,0.56,22816.000000,0,27,0.0,0.0,0.0,0.0,0.0,0.0,0.0,1.0
277137,0,1,3400,-58,58,680,14,23,0.55,48064.000000,0,27,0.0,0.0,0.0,0.0,0.0,0.0,0.0,1.0
277386,0,1,3400,-58,58,683,16,23,0.51,31936.000000,0,27,0.0,186,0.0,0.0,0.0,0.0,0.0,1.0
277635,0,1,3400,-58,58,680,12,23,0.50,43776.000000,0,27,0.0,0.0,13024.000000,0,0.0,0.0,0.0,1.0
277884,0,1,3400,-58,58,676,16,23,0.52,32256.000000,0,27,0.0,0.0,0.0,0.0,0.0,0.0,0.0,1.0
278133,0,1,3400,-58,58,677,13,23,0.50,42848.000000,0,27,0.0,0.0,0.0,0.0,0.0,0.0,0.0,1.0
278382,0,1,3400,-58,58,674,18,23,0.53,58432.000000,0,27,0.0,186,0.0,0.0,0.0,0.0,0.0,1.0
278631,0,1,3400,-58,58,675,16,23,0.50,26656.000000,0,27,0.0,0.0,13024.000000,0,0.0,0.0,0.0,1.0
278880,0,1,3400,-58,58,681,15,23,0.59,75104.000000,0,27,0.0,0.0,0.0,0.0,0.0,0.0,0.0,1.0
279129,0,1,3400,-58,58,683,13,23,0.53,43584.000000,0,27,0.0,0.0,0.0,0.0,0.0,0.0,0.0,1.0
279378,0,1,3400,-58,58,685,17,23,0.56,58368.000000,0,27,0.0,0.0,13024.000000,0,0.0,0.0,0.0,1.0
279627,0,1,3400,-58,58,679,16,23,0.52,53312.000000,0,27,0.0,0.0,0.0,0.0,0.0,0.0,0.0,1.0
279876,0,1,3400,-58,58,683,14,23,0.53,43968.000000,0,27,0.0,0.0,0.0,0.0,0.0,0.0,0.0,1.0
280125,0,1,3400,-58,58,677,14,23,0.51,48064.000000,0,27,0.0,0.0,0.0,0.0,0.0,0.0,0.0,1.0
280374,0,1,3400,-58,58,677,17,23,0.53,53184.000000,0,27,0.0,0.0,13024.000000,0,0.0,0.0,0.0,1.0
280623,0,1,3400,-58,58,680,14,23,0.62,48800.000000,4,27,0.0,0.0,0.0,0.0,0.0,0.0,0.0,1.0
280872,0,1,3400,-58,58,678,16,24,0.60,64704.000000,0,27,0.0,0.0,0.0,0.0,0.0,0.0,0.0,1.0
281121,0,1,3400,-58,58,678,14,23,0.50,32480.000000,0,27,0.0,0.0,0.0,0.0,0.0,0.0,0.0,1.0
281370,0,1,3400,-58,58,673,15,23,0.50,44608.000000,0,27,0.0,0.0,0.0,0.0,0.0,0.0,0.0,1.0
281619,0,1,3400,-58,58,678,13,23,0.50,37472.000000,0,27,0.0,0.0,14752.000000,0,0.0,0.0,0.0,1.0
281868,0,1,3400,-58,58,681,14,23,0.51,53632.000000,0,27,0.0,0.0,0.0,0.0,0.0,0.0,0.0,1.0
282117,0,1,3400,-58,58,681,16,23,0.50,38720.000000,0,27,0.0,0.0,0.0,0.0,0.0,0.0,0.0,1.0
282366,0,1,3400,-58,58,674,11,23,0.51,54560.000000,0,27,0.0,186,0.0,0.0,0.0,0.0,0.0,1.0
282615,0,1,3400,-58,58,675,14,23,0.55,53728.000000,0,27,0.0,0.0,13184.000000,0,0.0,0.0,0.0,1.0
282864,0,1,3400,-58,58,677,15,23,0.56,51072.000000,0,27,0.0,0.0,0.0,0.0,0.0,0.0,0.0,1.0
283113,0,1,3400,-58,58,677,13,23,0.64,21248.000000,0,27,0.0,0.0,0.0,0.0,0.0,0.0,0.0,1.0
283362,0,1,3400,-58,58,678,17,23,0.56,63872.000000,0,27,0.0,186,0.0,0.0,0.0,0.0,0.0,1.0
283611,0,1,3400,-58,58,676,18,23,0.58,53440.000000,0,27,0.0,0.0,13184.000000,0,0.0,0.0,0.0,1.0
283860,0,1,3400,-58,58,675,14,23,0.58,26816.000000,0,27,0.0,0.0,0.0,0.0,0.0,0.0,0.0,1.0
284109,0,1,3400,-58,58,673,17,23,0.65,58592.000000,0,27,0.0,0.0,0.0,0.0,0.0,0.0,0.0,1.0
284358,0,1,3400,-58,58,671,16,23,0.58,32096.000000,0,27,0.0,0.0,13024.000000,0,0.0,0.0,0.0,1.0
284607,0,1,3400,-58,58,675,14,23,0.50,37984.000000,0,27,0.0,0.0,0.0,0.0,0.0,0.0,0.0,1.0
284856,0,1,3400,-58,58,682,16,23,0.50,42592.000000,0,27,0.0,0.0,0.0,0.0,0.0,0.0,0.0,1.0
285105,0,1,3400,-58,58,685,14,23,0.50,22112.000000,0,27,0.0,0.0,0.0,0.0,0.0,0.0,0.0,1.0
285354,0,1,3400,-58,58,680,8.9,23,0.50,48384.000000,0,27,0.0,0.0,13184.000000,0,0.0,0.0,0.0,1.0
285603,0,1,3400,-58,58,677,13,23,1.0,41376.000000,6,27,0.0,0.0,0.0,0.0,0.0,0.0,0.0,1.0
285852,0,1,3400,-58,58,673,10.0,23,0.77,44672.000000,2,27,0.0,0.0,0.0,0.0,0.0,0.0,0.0,1.0
286101,0,1,3400,-58,58,675,17,23,0.51,37248.000000,0,27,0.0,0.0,0.0,0.0,0.0,0.0,0.0,1.0
286350,0,1,3400,-58,58,673,16,23,0.51,48224.000000,0,27,0.0,0.0,13024.000000,0,0.0,0.0,0.0,1.0
286599,0,1,3400,-58,58,673,12,23,0.50,65280.000000,0,27,0.0,0.0,0.0,0.0,0.0,0.0,0.0,1.0
286848,0,1,3400,-58,58,672,13,23,0.50,34720.000000,0,27,0.0,0.0,0.0,0.0,0.0,0.0,0.0,1.0
287097,0,1,3400,-58,58,673,13,23,0.51,45760.000000,0,27,0.0,0.0,0.0,0.0,0.0,0.0,0.0,1.0
287346,0,1,3400,-58,58,673,11,24,0.50,59168.000000,0,27,0.0,186,0.0,0.0,0.0,0.0,0.0,1.0
287595,0,1,3400,-58,58,673,16,23,0.53,49472.000000,0,27,0.0,0.0,14592.000000,0,0.0,0.0,0.0,1.0
287844,0,1,3400,-58,58,677,15,23,0.50,60320.000000,0,27,0.0,0.0,0.0,0.0,0.0,0.0,0.0,1.0
288093,0,1,3400,-58,58,682,15,23,0.66,53728.000000,0,27,0.0,0.0,0.0,0.0,0.0,0.0,0.0,1.0
288342,0,1,3400,-58,58,677,15,23,0.50,32320.000000,0,27,0.0,186,0.0,0.0,0.0,0.0,0.0,1.0
288591,0,1,3400,-58,58,672,16,23,0.53,48064.000000,0,27,0.0,0.0,16384.000000,0,0.0,0.0,0.0,1.0
288840,0,1,3400,-58,58,675,13,23,0.50,46592.000000,0,27,0.0,0.0,0.0,0.0,0.0,0.0,0.0,1.0
289089,0,1,3400,-58,58,677,17,23,0.50,36064.000000,0,27,0.0,0.0,0.0,0.0,0.0,0.0,0.0,1.0
289338,0,1,3400,-58,58,675,16,23,0.50,37344.000000,0,27,0.0,0.0,13024.000000,0,0.0,0.0,0.0,1.0
289587,0,1,3400,-58,58,682,18,23,0.58,26688.000000,0,27,0.0,0.0,0.0,0.0,0.0,0.0,0.0,1.0
289836,0,1,3400,-58,58,678,16,23,0.55,26720.000000,0,27,0.0,0.0,0.0,0.0,0.0,0.0,0.0,1.0
290085,0,1,3400,-58,58,676,13,23,0.50,32064.000000,0,27,0.0,0.0,0.0,0.0,0.0,0.0,0.0,1.0
290334,0,1,3400,-58,58,680,14,23,0.51,44544.000000,0,27,0.0,186,0.0,0.0,0.0,0.0,0.0,1.0
290583,0,1,3400,-58,58,675,11,23,0.57,16064.000000,0,27,0.0,0.0,13024.000000,0,0.0,0.0,0.0,1.0
290832,0,1,3400,-58,58,668,16,23,0.72,32416.000000,7,27,0.0,0.0,0.0,0.0,0.0,0.0,0.0,1.0
291081,0,1,3400,-58,58,671,17,23,0.55,42688.000000,0,27,0.0,0.0,0.0,0.0,0.0,0.0,0.0,1.0
291330,0,1,3400,-58,58,669,12,23,0.50,38016.000000,0,27,0.0,186,0.0,0.0,0.0,0.0,0.0,1.0
291579,0,1,3400,-58,58,674,9.3,23,0.50,10880.000000,0,27,0.0,0.0,14592.000000,0,0.0,0.0,0.0,1.0
291828,0,1,3400,-58,58,678,16,23,0.53,48256.000000,0,27,0.0,0.0,0.0,0.0,0.0,0.0,0.0,1.0
292077,0,1,3400,-58,58,682,13,23,0.54,37216.000000,0,27,0.0,0.0,0.0,0.0,0.0,0.0,0.0,1.0
292326,0,1,3400,-58,58,678,14,23,0.52,26752.000000,0,27,0.0,186,0.0,0.0,0.0,0.0,0.0,1.0
292575,0,1,3400,-58,58,676,12,23,0.52,38432.000000,0,27,0.0,0.0,13184.000000,0,0.0,0.0,0.0,1.0
292824,0,1,3400,-58,58,675,13,23,0.56,42624.000000,0,27,0.0,0.0,0.0,0.0,0.0,0.0,0.0,1.0
293073,0,1,3400,-58,58,674,15,23,0.81,37952.000000,0,27,0.0,0.0,0.0,0.0,0.0,0.0,0.0,1.0
293322,0,1,3400,-58,58,671,15,23,0.81,21696.000000,8,27,0.0,186,0.0,0.0,0.0,0.0,0.0,1.0
293571,0,1,3400,-58,58,671,16,23,0.93,32128.000000,7,27,0.0,0.0,13184.000000,0,0.0,0.0,0.0,1.0
293820,0,1,3400,-58,58,674,16,23,0.84,26784.000000,0,27,0.0,0.0,0.0,0.0,0.0,0.0,0.0,1.0
294069,0,1,3400,-58,58,677,17,23,0.54,58688.000000,0,27,0.0,0.0,0.0,0.0,0.0,0.0,0.0,1.0
294318,0,1,3400,-58,58,679,17,23,0.55,32416.000000,0,27,0.0,0.0,13024.000000,0,0.0,0.0,0.0,1.0
294567,0,1,3400,-58,58,676,8.2,24,0.50,5440.000000,0,27,0.0,0.0,0.0,0.0,0.0,0.0,0.0,1.0
294816,0,1,3400,-58,58,679,11,23,0.50,21696.000000,0,27,0.0,0.0,0.0,0.0,0.0,0.0,0.0,1.0
295065,0,1,3400,-58,58,678,11,24,0.51,45792.000000,0,27,0.0,0.0,0.0,0.0,0.0,0.0,0.0,1.0
295314,0,1,3400,-58,58,674,16,23,0.50,31840.000000,0,27,0.0,186,0.0,0.0,0.0,0.0,0.0,1.0
295563,0,1,3400,-58,58,674,17,23,0.50,53440.000000,0,27,0.0,0.0,13024.000000,0,0.0,0.0,0.0,1.0
295812,0,1,3400,-58,58,679,17,23,0.53,47904.000000,0,27,0.0,0.0,0.0,0.0,0.0,0.0,0.0,1.0
296061,0,1,3400,-58,58,672,16,23,0.53,26336.000000,0,27,0.0,0.0,0.0,0.0,0.0,0.0,0.0,1.0
296310,0,1,3400,-58,58,674,16,23,0.65,43008.000000,0,27,0.0,0.0,13024.000000,0,0.0,0.0,0.0,1.0
296559,0,1,3400,-58,58,681,11,23,0.51,37920.000000,0,27,0.0,0.0,0.0,0.0,0.0,0.0,0.0,1.0
296808,0,1,3400,-58,58,678,16,23,0.50,21504.000000,0,27,0.0,0.0,0.0,0.0,0.0,0.0,0.0,1.0
297057,0,1,3400,-58,58,679,12,23,0.51,60000.000000,0,27,0.0,0.0,0.0,0.0,0.0,0.0,0.0,1.0
297306,0,1,3400,-58,58,678,13,23,0.54,43168.000000,0,27,0.0,0.0,0.0,0.0,0.0,0.0,0.0,1.0
297555,0,1,3400,-58,58,678,17,23,0.56,31872.000000,0,27,0.0,0.0,13184.000000,0,0.0,0.0,0.0,1.0
297804,0,1,3400,-58,58,679,18,23,0.52,31872.000000,0,27,0.0,0.0,0.0,0.0,0.0,0.0,0.0,1.0
298053,0,1,3400,-58,58,678,16,23,0.54,37728.000000,0,27,0.0,0.0,0.0,0.0,0.0,0.0,0.0,1.0
298302,0,1,3400,-58,58,679,11,23,0.50,49472.000000,0,27,0.0,0.0,13024.000000,0,0.0,0.0,0.0,1.0
298551,0,1,3400,-58,58,675,17,23,0.50,64000.000000,0,27,0.0,0.0,0.0,0.0,0.0,0.0,0.0,1.0
298800,0,1,3400,-58,58,675,14,23,0.50,26592.000000,0,27,0.0,0.0,0.0,0.0,0.0,0.0,0.0,1.0
299049,0,1,3400,-58,58,681,13,24,0.64,34624.000000,6,27,0.0,0.0,0.0,0.0,0.0,0.0,0.0,1.0
299298,0,1,3400,-58,58,679,13,23,0.50,28448.000000,0,27,0.0,0.0,13024.000000,0,0.0,0.0,0.0,1.0
299547,0,1,3400,-58,58,681,13,23,0.53,48160.000000,0,27,0.0,0.0,0.0,0.0,0.0,0.0,0.0,1.0
299796,0,1,3400,-58,58,677,14,23,0.50,48256.000000,0,27,0.0,0.0,0.0,0.0,0.0,0.0,0.0,1.0
300045,0,1,3400,-58,58,676,16,23,0.53,80800.000000,0,27,0.0,0.0,0.0,0.0,0.0,0.0,0.0,1.0
300294,0,1,3400,-58,58,674,15,23,0.63,37376.000000,0,27,0.0,0.0,13024.000000,0,0.0,0.0,0.0,1.0
300543,0,1,3400,-58,58,678,13,23,0.50,32192.000000,0,27,0.0,0.0,0.0,0.0,0.0,0.0,0.0,1.0
300792,0,1,3400,-58,58,679,17,23,0.73,37312.000000,0,27,0.0,0.0,0.0,0.0,0.0,0.0,0.0,1.0
301041,0,1,3400,-58,58,676,16,23,0.50,27136.000000,0,27,0.0,0.0,0.0,0.0,0.0,0.0,0.0,1.0
301290,0,1,3400,-58,58,677,15,23,0.50,48672.000000,0,27,0.0,0.0,11936.000000,0,0.0,0.0,0.0,1.0
301539,0,1,3400,-58,58,681,15,23,0.52,74912.000000,3,27,0.0,0.0,0.0,0.0,0.0,0.0,0.0,1.0
301788,0,1,3400,-58,58,678,17,23,0.54,37440.000000,0,27,0.0,0.0,0.0,0.0,0.0,0.0,0.0,1.0
302037,0,1,3400,-58,58,674,17,23,0.69,46464.000000,5,27,0.0,0.0,0.0,0.0,0.0,0.0,0.0,1.0
302286,0,1,3400,-58,58,682,15,23,0.65,58784.000000,0,27,0.0,0.0,11616.000000,0,0.0,0.0,0.0,1.0
302535,0,1,3400,-58,58,679,16,23,0.50,32096.000000,0,27,0.0,0.0,0.0,0.0,0.0,0.0,0.0,1.0
302784,0,1,3400,-58,58,671,13,23,0.51,69792.000000,0,27,0.0,0.0,0.0,0.0,0.0,0.0,0.0,1.0
303033,0,1,3400,-58,58,673,16,24,0.50,22560.000000,0,27,0.0,0.0,0.0,0.0,0.0,0.0,0.0,1.0
303282,0,1,3400,-58,58,679,16,23,0.53,53440.000000,0,27,0.0,0.0,17056.000000,0,0.0,0.0,0.0,1.0
303531,0,1,3400,-58,58,677,18,23,0.58,21248.000000,0,27,0.0,0.0,0.0,0.0,0.0,0.0,0.0,1.0
303780,0,1,3400,-58,58,680,13,23,0.53,65760.000000,0,27,0.0,0.0,0.0,0.0,0.0,0.0,0.0,1.0
304029,0,1,3400,-58,58,678,14,23,0.73,58560.000000,4,27,0.0,0.0,0.0,0.0,0.0,0.0,0.0,1.0
304278,0,1,3400,-58,58,685,7.5,23,0.50,58144.000000,0,27,0.0,0.0,13024.000000,0,0.0,0.0,0.0,1.0
304527,0,1,3400,-58,58,678,17,23,0.51,58688.000000,0,27,0.0,0.0,0.0,0.0,0.0,0.0,0.0,1.0
304776,0,1,3400,-58,58,669,17,23,0.50,58752.000000,0,27,0.0,0.0,0.0,0.0,0.0,0.0,0.0,1.0
305025,0,1,3400,-58,58,669,16,23,0.50,42912.000000,0,27,0.0,0.0,0.0,0.0,0.0,0.0,0.0,1.0
305274,0,1,3400,-58,58,675,16,23,0.50,53440.000000,0,27,0.0,0.0,13024.000000,0,0.0,0.0,0.0,1.0
305523,0,1,3400,-58,58,673,12,23,0.50,44544.000000,0,27,0.0,0.0,0.0,0.0,0.0,0.0,0.0,1.0
305772,0,1,3400,-58,58,674,14,23,0.50,33248.000000,0,27,0.0,0.0,0.0,0.0,0.0,0.0,0.0,1.0
306021,0,1,3400,-58,58,678,16,23,0.50,36256.000000,0,27,0.0,0.0,0.0,0.0,0.0,0.0,0.0,1.0
306270,0,1,3400,-58,58,678,13,23,0.51,43104.000000,0,27,0.0,186,0.0,0.0,0.0,0.0,0.0,1.0
306519,0,1,3400,-58,58,682,17,23,0.54,21280.000000,0,27,0.0,0.0,13024.000000,0,0.0,0.0,0.0,1.0
306768,0,1,3400,-58,58,684,17,23,0.51,40384.000000,0,27,0.0,0.0,0.0,0.0,0.0,0.0,0.0,1.0
307017,0,1,3400,-58,58,681,14,23,0.52,23552.000000,0,27,0.0,0.0,0.0,0.0,0.0,0.0,0.0,1.0
307266,0,1,3400,-58,58,675,12,23,0.55,49504.000000,0,27,0.0,186,0.0,0.0,0.0,0.0,0.0,1.0
307515,0,1,3400,-58,58,673,15,23,0.53,30784.000000,0,27,0.0,0.0,13184.000000,0,0.0,0.0,0.0,1.0
307764,0,1,3400,-58,58,672,15,23,0.50,32096.000000,0,27,0.0,0.0,0.0,0.0,0.0,0.0,0.0,1.0
308013,0,1,3400,-58,58,680,15,23,0.50,52032.000000,0,27,0.0,0.0,0.0,0.0,0.0,0.0,0.0,1.0
308262,0,1,3400,-58,58,683,18,23,0.50,31872.000000,0,27,0.0,0.0,0.0,0.0,0.0,0.0,0.0,1.0
308511,0,1,3400,-58,58,677,17,23,0.50,32672.000000,0,27,0.0,0.0,13184.000000,0,0.0,0.0,0.0,1.0
308760,0,1,3400,-58,58,674,17,23,0.50,63616.000000,0,27,0.0,0.0,0.0,0.0,0.0,0.0,0.0,1.0
309009,0,1,3400,-58,58,678,15,23,0.50,26880.000000,0,27,0.0,0.0,0.0,0.0,0.0,0.0,0.0,1.0
309258,0,1,3400,-58,58,672,17,23,0.86,34400.000000,7,27,0.0,0.0,13024.000000,0,0.0,0.0,0.0,1.0
309507,0,1,3400,-58,58,674,17,23,0.53,31712.000000,0,27,0.0,0.0,0.0,0.0,0.0,0.0,0.0,1.0
309756,0,1,3400,-58,58,673,16,23,0.51,32352.000000,7,27,0.0,0.0,0.0,0.0,0.0,0.0,0.0,1.0
310005,0,1,3400,-58,58,673,17,23,0.50,37408.000000,0,27,0.0,0.0,0.0,0.0,0.0,0.0,0.0,1.0
310254,0,1,3400,-58,58,673,13,23,0.50,70912.000000,0,27,0.0,186,0.0,0.0,0.0,0.0,0.0,1.0
310503,0,1,3400,-58,58,673,9.4,23,0.50,5504.000000,0,27,0.0,0.0,13024.000000,0,0.0,0.0,0.0,1.0
310752,0,1,3400,-58,58,676,9.3,23,0.50,5312.000000,0,27,0.0,0.0,0.0,0.0,0.0,0.0,0.0,1.0
311001,0,1,3400,-58,58,675,14,23,0.63,26688.000000,0,27,0.0,0.0,0.0,0.0,0.0,0.0,0.0,1.0
311250,0,1,3400,-58,58,674,13,23,0.52,64064.000000,0,27,0.0,0.0,13024.000000,0,0.0,0.0,0.0,1.0
311499,0,1,3400,-58,58,676,18,23,0.50,58368.000000,0,27,0.0,0.0,0.0,0.0,0.0,0.0,0.0,1.0
311748,0,1,3400,-58,58,674,11,23,0.50,61184.000000,0,27,0.0,0.0,0.0,0.0,0.0,0.0,0.0,1.0
311997,0,1,3400,-58,58,670,12,23,0.53,52352.000000,0,27,0.0,0.0,0.0,0.0,0.0,0.0,0.0,1.0
312246,0,1,3400,-58,58,673,9.9,23,0.56,56320.000000,0,27,0.0,186,0.0,0.0,0.0,0.0,0.0,1.0
312495,0,1,3400,-58,58,675,15,23,0.50,50304.000000,0,27,0.0,0.0,15008.000000,0,0.0,0.0,0.0,1.0
312744,0,1,3400,-58,58,672,16,23,0.52,58688.000000,0,27,0.0,0.0,0.0,0.0,0.0,0.0,0.0,1.0
312993,0,1,3400,-58,58,666,17,23,0.52,47872.000000,0,27,0.0,0.0,0.0,0.0,0.0,0.0,0.0,1.0
313242,0,1,3400,-58,58,668,15,23,0.52,69056.000000,0,27,0.0,186,0.0,0.0,0.0,0.0,0.0,1.0
313491,0,1,3400,-58,58,674,11,23,0.62,35424.000000,0,27,0.032,0.0,11456.000000,0,0.0,0.0,0.0,1.0
313740,0,1,3400,-58,58,672,17,23,0.60,47776.000000,0,27,0.0,0.0,0.0,0.0,0.0,0.0,0.0,1.0
313989,0,1,3400,-58,58,671,14,23,0.54,53824.000000,0,27,0.0,0.0,0.0,0.0,0.0,0.0,0.0,1.0
314238,0,1,3400,-58,58,670,12,23,0.52,38624.000000,0,27,0.0,0.0,13024.000000,0,0.0,0.0,0.0,1.0
314487,0,1,3400,-58,58,665,16,23,0.50,58368.000000,0,27,0.0,0.0,0.0,0.0,0.0,0.0,0.0,1.0
314736,0,1,3400,-58,58,668,15,23,0.55,63808.000000,0,27,0.0,0.0,0.0,0.0,0.0,0.0,0.0,1.0
314985,0,1,3400,-58,58,671,15,23,0.56,32416.000000,0,27,0.0,0.0,0.0,0.0,0.0,0.0,0.0,1.0
315234,0,1,3400,-58,58,672,15,23,0.53,48608.000000,0,27,0.0,0.0,16160.000000,0,0.0,0.0,0.0,1.0
315483,0,1,3400,-58,58,672,13,23,0.81,37504.000000,5,27,0.0,0.0,0.0,0.0,0.0,0.0,0.0,1.0
315732,0,1,3400,-58,58,670,15,23,0.53,42816.000000,0,27,0.0,0.0,0.0,0.0,0.0,0.0,0.0,1.0
315981,0,1,3400,-58,58,674,14,23,0.52,69632.000000,0,27,0.0,0.0,0.0,0.0,0.0,0.0,0.0,1.0
316230,0,1,3400,-58,58,678,13,23,0.67,32576.000000,5,27,0.072,0.0,15232.000000,0,0.0,0.0,0.0,1.0
316479,0,1,3400,-58,58,675,15,23,0.52,69824.000000,0,27,1.0,0.0,0.0,0.0,0.0,0.0,0.0,1.0
316728,0,1,3400,-58,58,670,16,23,0.50,15936.000000,0,27,0.99,0.0,0.0,0.0,0.0,0.0,0.0,1.0
316977,0,1,3400,-58,58,668,12,23,0.50,38528.000000,0,27,1.0,0.0,0.0,0.0,0.0,0.0,0.0,1.0
317226,0,1,3400,-58,58,671,17,23,0.89,37280.000000,12,27,1.0,186,0.0,0.0,0.0,0.0,0.0,1.0
317475,0,1,3400,-58,58,676,17,23,0.53,26624.000000,0,27,0.048,0.0,13024.000000,0,0.0,0.0,0.0,1.0
317724,0,1,3400,-58,58,677,17,23,0.50,37344.000000,0,27,0.0,0.0,0.0,0.0,0.0,0.0,0.0,1.0
317973,0,1,3400,-58,58,673,17,23,0.50,63872.000000,0,27,0.0,0.0,0.0,0.0,0.0,0.0,0.0,1.0
318222,0,1,3400,-58,58,673,11,23,0.50,10976.000000,0,27,0.0,0.0,0.0,0.0,0.0,0.0,0.0,1.0
318471,0,1,3400,-58,58,670,18,23,0.54,47808.000000,0,27,0.0,0.0,14592.000000,0,0.0,0.0,0.0,1.0
318720,0,1,3400,-58,58,673,14,23,0.57,26880.000000,0,27,0.0,0.0,0.0,0.0,0.0,0.0,0.0,1.0
318969,0,1,3400,-58,58,677,11,23,0.50,39136.000000,0,27,0.0,0.0,0.0,0.0,0.0,0.0,0.0,1.0
319218,0,1,3400,-58,58,674,17,23,0.75,37312.000000,0,27,0.0,186,0.0,0.0,0.0,0.0,0.0,1.0
319467,0,1,3400,-58,58,670,14,23,0.50,56576.000000,0,27,0.0,0.0,13024.000000,0,0.0,0.0,0.0,1.0
319716,0,1,3400,-58,58,672,14,23,0.50,38112.000000,0,27,0.0,0.0,0.0,0.0,0.0,0.0,0.0,1.0
319965,0,1,3400,-58,58,676,14,23,0.75,27008.000000,7,27,0.0,0.0,0.0,0.0,0.0,0.0,0.0,1.0
320214,0,1,3400,-58,58,676,13,23,0.56,59104.000000,0,27,0.0,186,0.0,0.0,0.0,0.0,0.0,1.0
320463,0,1,3400,-58,58,672,9.4,23,0.54,38560.000000,0,27,0.0,0.0,13184.000000,0,0.0,0.0,0.0,1.0
320712,0,1,3400,-58,58,670,14,23,0.66,27232.000000,0,27,0.0,0.0,0.0,0.0,0.0,0.0,0.0,1.0
320961,0,1,3400,-58,58,668,16,23,0.54,48352.000000,0,27,0.0,0.0,0.0,0.0,0.0,0.0,0.0,1.0
321210,0,1,3400,-58,58,666,16,23,0.56,58816.000000,0,27,0.0,0.0,13024.000000,0,0.0,0.0,0.0,1.0
321459,0,1,3400,-58,58,671,16,23,0.57,53536.000000,0,27,0.0,0.0,0.0,0.0,0.0,0.0,0.0,1.0
321708,0,1,3400,-58,58,667,13,23,0.50,32416.000000,0,27,0.0,0.0,0.0,0.0,0.0,0.0,0.0,1.0
321957,0,1,3400,-58,58,669,3.8,23,0.50,18912.000000,0,27,0.0,0.0,0.0,0.0,0.0,0.0,0.0,1.0
322206,0,1,3400,-58,58,676,13,23,0.68,32224.000000,0,27,0.0,186,0.0,0.0,0.0,0.0,0.0,1.0
322455,0,1,3400,-58,58,675,16,23,0.50,26720.000000,0,27,0.0,0.0,16160.000000,0,0.0,0.0,0.0,1.0
322704,0,1,3400,-58,58,669,15,23,0.55,32000.000000,0,27,0.0,0.0,0.0,0.0,0.0,0.0,0.0,1.0
322953,0,1,3400,-58,58,672,17,23,0.59,53248.000000,0,27,0.0,0.0,0.0,0.0,0.0,0.0,0.0,1.0
323202,0,1,3400,-58,58,671,15,23,0.56,31936.000000,7,27,0.0,0.0,0.0,0.0,0.0,0.0,0.0,1.0
323451,0,1,3400,-58,58,674,16,23,0.50,32544.000000,0,27,0.0,0.0,13184.000000,0,0.0,0.0,0.0,1.0
323700,0,1,3400,-58,58,676,16,23,0.65,37536.000000,6,27,0.0,0.0,0.0,0.0,0.0,0.0,0.0,1.0
323949,0,1,3400,-58,58,673,16,23,0.51,53216.000000,0,27,0.0,0.0,0.0,0.0,0.0,0.0,0.0,1.0
324198,0,1,3400,-58,58,672,14,23,0.56,37696.000000,0,27,0.0,0.0,11616.000000,0,0.0,0.0,0.0,1.0
324447,0,1,3400,-58,58,672,15,23,0.56,55648.000000,0,27,0.0,0.0,0.0,0.0,0.0,0.0,0.0,1.0
324696,0,1,3400,-58,58,673,14,23,0.50,32064.000000,0,27,0.0,0.0,0.0,0.0,0.0,0.0,0.0,1.0
324945,0,1,3400,-58,58,673,16,23,0.50,37504.000000,0,27,0.0,0.0,0.0,0.0,0.0,0.0,0.0,1.0
325194,0,1,3400,-58,58,671,15,23,0.55,53504.000000,0,27,0.0,0.0,11456.000000,0,0.0,0.0,0.0,1.0
325443,0,1,3400,-58,58,676,14,23,0.51,37984.000000,0,27,0.0,0.0,0.0,0.0,0.0,0.0,0.0,1.0
325692,0,1,3400,-58,58,675,17,23,0.59,85216.000000,0,27,5.7,0.0,1312.000000,0,0.0,0.0,0.0,1.0
325941,0,1,3400,-58,58,669,14,23,0.51,26784.000000,0,27,8.4,0.0,0.0,0.0,0.0,0.0,0.0,1.0
326190,0,1,3400,-58,58,665,5.7,23,0.50,37376.000000,0,27,8.5,186,0.0,0.0,0.0,0.0,0.0,1.0
326439,0,1,3400,-58,58,668,14,23,0.52,53408.000000,0,27,0.14,0.0,13184.000000,0,0.0,0.0,0.0,1.0
326688,0,1,3400,-58,58,672,13,23,0.60,46432.000000,0,27,0.0,0.0,0.0,0.0,0.0,0.0,0.0,1.0
326937,0,1,3400,-58,58,675,14,23,0.50,16192.000000,0,27,0.0,0.0,0.0,0.0,0.0,0.0,0.0,1.0
327186,0,1,3400,-58,58,671,17,23,0.50,53248.000000,0,27,0.0,0.0,13024.000000,0,0.0,0.0,0.0,1.0
327435,0,1,3400,-58,58,674,17,23,0.51,40992.000000,0,27,0.0,0.0,0.0,0.0,0.0,0.0,0.0,1.0
327684,0,1,3400,-58,58,673,10,23,0.50,37312.000000,0,27,0.0,0.0,0.0,0.0,0.0,0.0,0.0,1.0
327933,0,1,3400,-58,58,667,18,23,0.50,42496.000000,0,27,7.8,0.0,10400.000000,0,0.0,0.0,0.0,1.0
328182,0,1,3400,-58,58,669,11,23,0.64,28320.000000,4,27,9.3,0.0,13024.000000,0,0.0,0.0,0.0,1.0
328431,0,1,3400,-58,58,674,18,23,0.75,37152.000000,0,27,0.0,0.0,0.0,0.0,0.0,0.0,0.0,1.0
328680,0,1,3400,-58,58,671,17,23,0.50,21088.000000,0,27,0.0,0.0,0.0,0.0,0.0,0.0,0.0,1.0
328929,0,1,3400,-58,58,671,17,23,0.50,31968.000000,0,27,0.0,0.0,0.0,0.0,0.0,0.0,0.0,1.0
329178,0,1,3400,-58,58,672,16,23,0.50,6112.000000,0,27,0.0,186,0.0,0.0,0.0,0.0,0.0,1.0
329427,0,1,3400,-58,58,674,17,23,0.50,15936.000000,0,27,0.0,0.0,13024.000000,0,0.0,0.0,0.0,1.0
329676,0,1,3400,-58,58,673,18,23,0.51,37024.000000,0,27,0.0,0.0,0.0,0.0,0.0,0.0,0.0,1.0
329925,0,1,3400,-58,58,673,17,23,0.50,31968.000000,0,27,5.5,0.0,1312.000000,60,0.0,0.0,0.0,1.0
330174,0,1,3400,-58,58,673,11,23,0.50,44064.000000,0,27,7.3,0.0,13024.000000,0,0.0,0.0,0.0,1.0
330423,0,1,3400,-58,58,675,13,23,0.50,54688.000000,0,27,0.0,0.0,0.0,0.0,0.0,0.0,0.0,1.0
330672,0,1,3400,-58,58,673,16,23,0.50,26688.000000,0,27,0.0,0.0,0.0,0.0,0.0,0.0,0.0,1.0
330921,0,1,3400,-58,58,671,11,23,0.69,5472.000000,0,27,0.0,0.0,0.0,0.0,0.0,0.0,0.0,1.0
331170,0,1,3400,-58,58,671,12,23,0.61,55200.000000,0,27,0.0,0.0,13024.000000,0,0.0,0.0,0.0,1.0
331419,0,1,3400,-58,58,668,18,23,0.50,31936.000000,0,27,0.0,0.0,0.0,0.0,0.0,0.0,0.0,1.0
331668,0,1,3400,-58,58,671,14,23,0.50,43104.000000,0,27,0.0,0.0,0.0,0.0,0.0,0.0,0.0,1.0
331917,0,1,3400,-58,58,674,14,23,0.50,47904.000000,0,27,0.0,0.0,0.0,0.0,0.0,0.0,0.0,1.0
332166,0,1,3400,-58,58,677,18,23,0.51,17600.000000,14,27,0.0,0.0,0.0,0.0,0.0,0.0,0.0,1.0
332415,0,1,3400,-58,58,680,17,23,0.53,37312.000000,0,27,0.0,0.0,13184.000000,0,0.0,0.0,0.0,1.0
332664,0,1,3400,-58,58,680,16,23,0.50,42912.000000,0,27,0.0,0.0,0.0,0.0,0.0,0.0,0.0,1.0
332913,0,1,3400,-58,58,674,18,23,0.50,47808.000000,0,27,0.0,0.0,0.0,0.0,0.0,0.0,0.0,1.0
333162,0,1,3400,-58,58,667,17,23,0.50,37312.000000,0,27,0.0,0.0,0.0,0.0,0.0,0.0,0.0,1.0
333411,0,1,3400,-58,58,673,16,23,0.57,63840.000000,0,27,0.0,0.0,14592.000000,0,0.0,0.0,0.0,1.0
333660,0,1,3400,-58,58,679,11,23,0.51,57440.000000,0,27,0.0,0.0,0.0,0.0,0.0,0.0,0.0,1.0
333909,0,1,3400,-58,58,672,17,23,0.50,26688.000000,0,27,0.0,0.0,0.0,0.0,0.0,0.0,0.0,1.0
334158,0,1,3400,-58,58,667,16,23,0.56,26624.000000,0,27,0.0,186,0.0,0.0,0.0,0.0,0.0,1.0
334407,0,1,3400,-58,58,670,18,23,0.50,37184.000000,0,27,0.0,0.0,13024.000000,0,0.0,0.0,0.0,1.0
334656,0,1,3400,-58,58,669,14,23,0.58,32256.000000,0,27,0.0,0.0,0.0,0.0,0.0,0.0,0.0,1.0
334905,0,1,3400,-58,58,672,16,23,0.52,80192.000000,0,27,0.0,0.0,0.0,0.0,0.0,0.0,0.0,1.0
335154,0,1,3400,-58,58,675,17,23,0.58,60256.000000,0,27,0.0,0.0,13024.000000,0,0.0,0.0,0.0,1.0
335403,0,1,3400,-58,58,674,11,23,0.53,52320.000000,0,27,0.0,0.0,0.0,0.0,0.0,0.0,0.0,1.0
335652,0,1,3400,-58,58,671,16,23,0.57,37184.000000,0,27,0.0,0.0,0.0,0.0,0.0,0.0,0.0,1.0
335901,0,1,3400,-58,58,669,12,23,0.63,44896.000000,0,27,0.0,0.0,0.0,0.0,0.0,0.0,0.0,1.0
336150,0,1,3400,-58,58,670,16,23,0.50,53408.000000,0,27,0.0,0.0,13024.000000,0,0.0,0.0,0.0,1.0
336399,0,1,3400,-58,58,673,13,23,0.53,66880.000000,0,27,0.0,0.0,0.0,0.0,0.0,0.0,0.0,1.0
336648,0,1,3400,-58,58,667,16,23,0.50,26656.000000,0,27,0.0,0.0,0.0,0.0,0.0,0.0,0.0,1.0
336897,0,1,3400,-58,58,670,18,23,0.74,26560.000000,9,27,0.0,0.0,0.0,0.0,0.0,0.0,0.0,1.0
337146,0,1,3400,-58,58,676,14,23,0.50,43296.000000,0,27,0.0,0.0,13024.000000,0,0.0,0.0,0.0,1.0
337395,0,1,3400,-58,58,672,11,23,0.59,37504.000000,0,27,0.0,0.0,0.0,0.0,0.0,0.0,0.0,1.0
337644,0,1,3400,-58,58,673,13,23,0.50,26688.000000,0,27,0.0,0.0,0.0,0.0,0.0,0.0,0.0,1.0
337893,0,1,3400,-58,58,669,16,23,0.50,35104.000000,0,27,0.0,0.0,0.0,0.0,0.0,0.0,0.0,1.0
338142,0,1,3400,-58,58,668,15,23,0.61,57312.000000,0,27,0.0,0.0,13024.000000,0,0.0,0.0,0.0,1.0
338391,0,1,3400,-58,58,667,12,23,0.54,41056.000000,0,27,0.0,0.0,0.0,0.0,0.0,0.0,0.0,1.0
338640,0,1,3400,-58,58,668,15,23,0.53,42272.000000,0,27,0.0,0.0,0.0,0.0,0.0,0.0,0.0,1.0
338889,0,1,3400,-58,58,665,18,23,0.63,10624.000000,0,27,0.0,0.0,0.0,0.0,0.0,0.0,0.0,1.0
339138,0,1,3400,-58,58,670,11,23,0.51,42944.000000,0,27,0.0,186,0.0,0.0,0.0,0.0,0.0,1.0
339387,0,1,3400,-58,58,674,13,23,0.50,32032.000000,0,27,0.0,0.0,13024.000000,0,0.0,0.0,0.0,1.0
339636,0,1,3400,-58,58,670,14,23,0.56,59232.000000,0,27,0.0,0.0,0.0,0.0,0.0,0.0,0.0,1.0
339885,0,1,3400,-58,58,669,11,23,0.50,43936.000000,0,27,0.0,0.0,0.0,0.0,0.0,0.0,0.0,1.0
340134,0,1,3400,-58,58,670,15,23,0.50,58688.000000,0,27,0.0,186,0.0,0.0,0.0,0.0,0.0,1.0
340383,0,1,3400,-58,58,671,15,23,0.51,53888.000000,0,27,1.8,0.0,20800.000000,0,0.0,0.0,0.0,1.0
340632,0,1,3400,-58,58,670,14,23,0.50,16064.000000,0,27,2.0,0.0,0.0,0.0,0.0,0.0,0.0,1.0
340881,0,1,3400,-58,58,665,17,23,0.56,37440.000000,0,27,2.0,0.0,0.0,0.0,0.0,0.0,0.0,1.0
341130,0,1,3400,-58,58,666,14,23,0.58,37568.000000,0,27,1.7,0.0,13024.000000,0,0.0,0.0,0.0,1.0
341379,0,1,3400,-58,58,666,7.9,23,0.50,41152.000000,0,27,0.0,0.0,0.0,0.0,0.0,0.0,0.0,1.0
341628,0,1,3400,-58,58,670,13,23,0.57,25440.000000,8,27,0.0,0.0,0.0,0.0,0.0,0.0,0.0,1.0
341877,0,1,3400,-58,58,668,15,23,0.50,10624.000000,0,27,0.0,0.0,0.0,0.0,0.0,0.0,0.0,1.0
342126,0,1,3400,-58,58,676,18,23,0.50,31872.000000,0,27,0.0,0.0,0.0,0.0,0.0,0.0,0.0,1.0
342375,0,1,3400,-58,58,670,14,23,0.50,58112.000000,0,27,0.0,0.0,14592.000000,0,0.0,0.0,0.0,1.0
342624,0,1,3400,-58,58,667,17,23,0.50,32288.000000,0,27,0.0,0.0,0.0,0.0,0.0,0.0,0.0,1.0
342873,0,1,3400,-58,58,670,15,23,0.50,53312.000000,0,27,0.0,0.0,0.0,0.0,0.0,0.0,0.0,1.0
343122,0,1,3400,-58,58,670,14,23,0.50,33472.000000,0,27,0.0,0.0,0.0,0.0,0.0,0.0,0.0,1.0
343371,0,1,3400,-58,58,671,15,23,0.51,25536.000000,0,27,0.0,0.0,13184.000000,0,0.0,0.0,0.0,1.0
343620,0,1,3400,-58,58,666,16,23,1.5,32160.000000,7,27,0.0,0.0,0.0,0.0,0.0,0.0,0.0,1.0
343869,0,1,3400,-58,58,668,18,23,0.50,15936.000000,0,27,0.0,0.0,0.0,0.0,0.0,0.0,0.0,1.0
344118,0,1,3400,-58,58,673,17,23,1.1,31872.000000,14,27,0.0,0.0,14592.000000,0,0.0,0.0,0.0,1.0
344367,0,1,3400,-58,58,671,14,23,0.78,37344.000000,0,27,0.0,0.0,0.0,0.0,0.0,0.0,0.0,1.0
344616,0,1,3400,-58,58,670,17,23,0.51,31872.000000,0,27,0.0,0.0,0.0,0.0,0.0,0.0,0.0,1.0
344865,0,1,3400,-58,58,669,16,23,0.50,38048.000000,0,27,0.0,0.0,0.0,0.0,0.0,0.0,0.0,1.0
345114,0,1,3400,-58,58,670,16,23,0.50,16736.000000,0,27,0.0,186,0.0,0.0,0.0,0.0,0.0,1.0
345363,0,1,3400,-58,58,665,14,23,0.53,42976.000000,0,27,0.0,0.0,13184.000000,0,0.0,0.0,0.0,1.0
345612,0,1,3400,-58,58,662,16,23,0.53,53184.000000,0,27,0.0,0.0,0.0,0.0,0.0,0.0,0.0,1.0
345861,0,1,3400,-58,58,667,18,23,0.51,26400.000000,0,27,0.0,0.0,0.0,0.0,0.0,0.0,0.0,1.0
346110,0,1,3400,-58,58,665,17,23,0.51,53216.000000,0,27,0.0,0.0,13184.000000,0,0.0,0.0,0.0,1.0
346359,0,1,3400,-58,58,661,14,23,0.70,26976.000000,8,27,0.0,0.0,0.0,0.0,0.0,0.0,0.0,1.0
346608,0,1,3400,-58,58,664,15,23,0.63,55328.000000,0,27,0.0,0.0,0.0,0.0,0.0,0.0,0.0,1.0
346857,0,1,3400,-58,58,664,17,23,0.50,26560.000000,0,27,0.0,0.0,0.0,0.0,0.0,0.0,0.0,1.0
347106,0,1,3400,-58,58,665,18,23,0.53,31936.000000,0,27,0.0,0.0,17472.000000,0,0.0,0.0,0.0,1.0
347355,0,1,3400,-58,58,669,11,23,0.50,37920.000000,0,27,0.0,0.0,0.0,0.0,0.0,0.0,0.0,1.0
347604,0,1,3400,-58,58,671,13,22,0.50,64224.000000,0,27,0.0,0.0,0.0,0.0,0.0,0.0,0.0,1.0
347853,0,1,3400,-58,58,672,15,23,0.54,42528.000000,0,27,0.0,0.0,0.0,0.0,0.0,0.0,0.0,1.0
348102,0,1,3400,-58,58,669,14,23,0.64,23200.000000,0,27,0.0,186,0.0,0.0,0.0,0.0,0.0,1.0
348351,0,1,3400,-58,58,669,16,23,0.50,33088.000000,0,27,0.0,0.0,13184.000000,0,0.0,0.0,0.0,1.0
348600,0,1,3400,-58,58,667,13,23,0.59,42336.000000,0,27,0.0,0.0,0.0,0.0,0.0,0.0,0.0,1.0
348849,0,1,3400,-58,58,666,7.7,23,0.50,30560.000000,0,27,0.0,0.0,0.0,0.0,0.0,0.0,0.0,1.0
349098,0,1,3400,-58,58,673,12,23,0.54,43008.000000,0,27,0.0,186,0.0,0.0,0.0,0.0,0.0,1.0
349347,0,1,3400,-58,58,673,18,23,1.2,0.0,0.0,27,0.0,0.0,13184.000000,0,0.0,0.0,0.0,1.0
349596,0,1,3400,-58,58,673,14,22,0.51,27936.000000,0,27,0.0,0.0,0.0,0.0,0.0,0.0,0.0,1.0
349845,0,1,3400,-58,58,670,17,23,0.50,21472.000000,0,27,0.0,0.0,0.0,0.0,0.0,0.0,0.0,1.0
350094,0,1,3400,-58,58,667,13,23,0.55,32128.000000,0,27,0.0,186,0.0,0.0,0.0,0.0,0.0,1.0
350343,0,1,3400,-58,58,664,15,23,0.53,37408.000000,0,27,0.0,0.0,11616.000000,0,0.0,0.0,0.0,1.0
350592,0,1,3400,-58,58,667,16,23,0.50,43936.000000,0,27,0.0,0.0,0.0,0.0,0.0,0.0,0.0,1.0
350841,0,1,3400,-58,58,673,15,23,0.56,65152.000000,0,27,0.0,0.0,0.0,0.0,0.0,0.0,0.0,1.0
351090,0,1,3400,-58,58,677,15,23,0.53,48224.000000,0,27,0.0,186,0.0,0.0,0.0,0.0,0.0,1.0
351339,0,1,3400,-58,58,668,14,23,0.50,42944.000000,0,27,0.0,0.0,11616.000000,0,0.0,0.0,0.0,1.0
351588,0,1,3400,-58,58,667,8.9,23,0.50,33056.000000,0,27,0.0,0.0,0.0,0.0,0.0,0.0,0.0,1.0
351837,0,1,3400,-58,58,672,14,23,0.50,26656.000000,0,27,0.0,0.0,0.0,0.0,0.0,0.0,0.0,1.0
352086,0,1,3400,-58,58,674,11,23,0.50,45440.000000,0,27,0.0,0.0,13024.000000,0,0.0,0.0,0.0,1.0
352335,0,1,3400,-58,58,668,15,23,0.50,63840.000000,0,27,0.0,0.0,0.0,0.0,0.0,0.0,0.0,1.0
352584,0,1,3400,-58,58,669,15,23,0.50,37408.000000,0,27,0.0,0.0,0.0,0.0,0.0,0.0,0.0,1.0
352833,0,1,3400,-58,58,673,18,23,0.50,42496.000000,0,27,0.0,0.0,0.0,0.0,0.0,0.0,0.0,1.0
353082,0,1,3400,-58,58,674,16,22,0.51,53920.000000,0,27,0.0,0.0,13024.000000,0,0.0,0.0,0.0,1.0
353331,0,1,3400,-58,58,674,14,23,0.51,42624.000000,0,27,0.0,0.0,0.0,0.0,0.0,0.0,0.0,1.0
353580,0,1,3400,-58,58,671,16,23,0.50,26560.000000,0,27,0.0,0.0,0.0,0.0,0.0,0.0,0.0,1.0
353829,0,1,3400,-58,58,667,18,23,0.50,47712.000000,0,27,0.0,0.0,0.0,0.0,0.0,0.0,0.0,1.0
354078,0,1,3400,-58,58,669,17,23,0.50,32064.000000,0,27,0.0,186,0.0,0.0,0.0,0.0,0.0,1.0
354327,0,1,3400,-58,58,667,11,23,0.50,40128.000000,0,27,0.0,0.0,13024.000000,0,0.0,0.0,0.0,1.0
354576,0,1,3400,-58,58,669,17,23,0.60,21696.000000,9,27,0.0,0.0,0.0,0.0,0.0,0.0,0.0,1.0
354825,0,1,3400,-58,58,674,18,23,0.60,32000.000000,0,27,0.0,0.0,0.0,0.0,0.0,0.0,0.0,1.0
355074,0,1,3400,-58,58,675,15,23,0.50,26752.000000,0,27,0.0,186,0.0,0.0,0.0,0.0,0.0,1.0
355323,0,1,3400,-58,58,669,18,23,0.52,31872.000000,0,27,0.91,0.0,15232.000000,0,0.0,0.0,0.0,1.0
355572,0,1,3400,-58,58,671,14,23,0.50,64352.000000,0,27,0.99,0.0,0.0,0.0,0.0,0.0,0.0,1.0
355821,0,1,3400,-58,58,670,11,22,0.56,32864.000000,0,27,1.0,0.0,0.0,0.0,0.0,0.0,0.0,1.0
356070,0,1,3400,-58,58,665,16,23,0.55,49440.000000,0,27,0.89,0.0,13024.000000,0,0.0,0.0,0.0,1.0
356319,0,1,3400,-58,58,669,18,23,0.50,21248.000000,0,27,0.0,0.0,0.0,0.0,0.0,0.0,0.0,1.0
356568,0,1,3400,-58,58,668,15,23,0.50,32256.000000,0,27,0.0,0.0,0.0,0.0,0.0,0.0,0.0,1.0
356817,0,1,3400,-58,58,669,16,22,0.61,31904.000000,0,27,0.0,0.0,0.0,0.0,0.0,0.0,0.0,1.0
357066,0,1,3400,-58,58,670,13,23,0.50,32288.000000,0,27,0.0,0.0,13184.000000,0,0.0,0.0,0.0,1.0
357315,0,1,3400,-58,58,665,12,22,0.72,10720.000000,0,27,0.0,0.0,0.0,0.0,0.0,0.0,0.0,1.0
357564,0,1,3400,-58,58,662,15,23,0.51,29184.000000,0,27,0.0,0.0,0.0,0.0,0.0,0.0,0.0,1.0
357813,0,1,3400,-58,58,671,9.5,22,0.53,40928.000000,0,27,0.0,0.0,0.0,0.0,0.0,0.0,0.0,1.0
358062,0,1,3400,-58,58,670,13,22,0.53,28736.000000,0,27,0.0,0.0,13024.000000,0,0.0,0.0,0.0,1.0
358311,0,1,3400,-58,58,667,14,23,0.50,42496.000000,0,27,0.0,0.0,0.0,0.0,0.0,0.0,0.0,1.0
358560,0,1,3400,-58,58,669,15,22,0.50,48256.000000,0,27,0.0,0.0,0.0,0.0,0.0,0.0,0.0,1.0
358809,0,1,3400,-58,58,670,15,22,0.56,48384.000000,0,27,0.0,0.0,0.0,0.0,0.0,0.0,0.0,1.0
359058,0,1,3400,-58,58,671,15,22,0.60,49344.000000,0,27,0.0,186,0.0,0.0,0.0,0.0,0.0,1.0
359307,0,1,3400,-58,58,672,14,22,1.0,62944.000000,4,27,0.0,0.0,13184.000000,0,0.0,0.0,0.0,1.0
359556,0,1,3400,-58,58,668,14,22,0.52,38048.000000,0,27,0.0,0.0,0.0,0.0,0.0,0.0,0.0,1.0
359805,0,1,3400,-58,58,664,9.9,22,0.50,35936.000000,0,27,0.0,0.0,0.0,0.0,0.0,0.0,0.0,1.0
360054,0,1,3400,-58,58,660,16,22,0.50,15936.000000,0,27,0.0,0.0,0.0,0.0,0.0,0.0,0.0,1.0
360303,0,1,3400,-58,58,662,12,22,0.51,61856.000000,0,27,0.0,0.0,13184.000000,0,0.0,0.0,0.0,1.0
360552,0,1,3400,-58,58,665,13,22,0.50,43456.000000,0,27,0.0,0.0,0.0,0.0,0.0,0.0,0.0,1.0
360801,0,1,3400,-58,58,666,17,22,0.56,21216.000000,0,27,0.0,0.0,0.0,0.0,0.0,0.0,0.0,1.0
361050,0,1,3400,-58,58,669,16,22,0.51,23040.000000,0,27,0.0,0.0,0.0,0.0,0.0,0.0,0.0,1.0
361299,0,1,3400,-58,58,670,12,22,0.53,50400.000000,0,27,0.0,0.0,13024.000000,0,0.0,0.0,0.0,1.0
361548,0,1,3400,-58,58,665,15,22,0.52,43072.000000,0,27,0.0,0.0,0.0,0.0,0.0,0.0,0.0,1.0
361797,0,1,3400,-58,58,669,16,22,0.57,58496.000000,0,27,0.0,0.0,0.0,0.0,0.0,0.0,0.0,1.0
362046,0,1,3400,-58,58,670,13,22,0.50,49280.000000,0,27,0.0,186,0.0,0.0,0.0,0.0,0.0,1.0
362295,0,1,3400,-58,58,666,13,22,0.50,26624.000000,0,27,0.0,0.0,13184.000000,0,0.0,0.0,0.0,1.0
362544,0,1,3400,-58,58,664,16,22,0.52,58496.000000,0,27,0.0,0.0,0.0,0.0,0.0,0.0,0.0,1.0
362793,0,1,3400,-58,58,666,12,22,0.70,40960.000000,2,27,0.0,0.0,0.0,0.0,0.0,0.0,0.0,1.0
363042,0,1,3400,-58,58,671,8.9,22,0.50,27840.000000,0,27,0.0,0.0,14592.000000,0,0.0,0.0,0.0,1.0
363291,0,1,3400,-58,58,664,6.0,23,0.50,16256.000000,0,27,0.0,0.0,1568.000000,0,0.0,0.0,0.0,1.0
363540,0,1,3400,-58,58,663,9.8,22,0.50,50400.000000,0,27,0.0,0.0,0.0,0.0,0.0,0.0,0.0,1.0
363789,0,1,3400,-58,58,671,17,22,0.50,79680.000000,0,27,0.0,0.0,0.0,0.0,0.0,0.0,0.0,1.0
364038,0,1,3400,-58,58,669,16,22,0.53,53696.000000,0,27,0.0,0.0,13024.000000,0,0.0,0.0,0.0,1.0
364287,0,1,3400,-58,58,672,11,22,0.57,21632.000000,0,27,0.0,0.0,0.0,0.0,0.0,0.0,0.0,1.0
364536,0,1,3400,-58,58,670,15,22,0.56,47648.000000,0,27,0.0,0.0,0.0,0.0,0.0,0.0,0.0,1.0
364785,0,1,3400,-58,58,665,15,23,0.52,42816.000000,0,27,0.0,0.0,0.0,0.0,0.0,0.0,0.0,1.0
365034,0,1,3400,-58,58,663,11,22,0.53,43392.000000,0,27,0.0,0.0,13024.000000,0,0.0,0.0,0.0,1.0
365283,0,1,3400,-58,58,662,15,22,0.50,51200.000000,0,27,0.0,0.0,0.0,0.0,0.0,0.0,0.0,1.0
365532,0,1,3400,-58,58,664,11,22,0.50,34368.000000,0,27,0.0,0.0,0.0,0.0,0.0,0.0,0.0,1.0
365781,0,1,3400,-58,58,667,12,22,0.50,48736.000000,0,27,0.0,0.0,0.0,0.0,0.0,0.0,0.0,1.0
366030,0,1,3400,-58,58,666,12,23,0.64,50880.000000,2,27,0.0,0.0,13024.000000,0,0.0,0.0,0.0,1.0
366279,0,1,3400,-58,58,660,15,22,0.58,26784.000000,0,27,0.0,0.0,0.0,0.0,0.0,0.0,0.0,1.0
366528,0,1,3400,-58,58,663,15,22,0.59,37408.000000,0,27,0.0,0.0,0.0,0.0,0.0,0.0,0.0,1.0
366777,0,1,3400,-58,58,664,16,23,0.56,64352.000000,0,27,0.0,0.0,0.0,0.0,0.0,0.0,0.0,1.0
367026,0,1,3400,-58,58,670,14,23,0.50,26976.000000,0,27,0.0,0.0,13024.000000,0,0.0,0.0,0.0,1.0
367275,0,1,3400,-58,58,671,11,22,0.50,53120.000000,0,27,0.0,0.0,0.0,0.0,0.0,0.0,0.0,1.0
367524,0,1,3400,-58,58,667,11,23,0.61,58784.000000,0,27,0.0,0.0,0.0,0.0,0.0,0.0,0.0,1.0
367773,0,1,3400,-58,58,662,8.1,22,0.50,44544.000000,0,27,0.0,0.0,0.0,0.0,0.0,0.0,0.0,1.0
368022,0,1,3400,-58,58,665,11,23,0.50,16032.000000,0,27,0.0,0.0,13024.000000,0,0.0,0.0,0.0,1.0
368271,0,1,3400,-58,58,664,16,23,0.50,74752.000000,0,27,0.0,0.0,0.0,0.0,0.0,0.0,0.0,1.0
368520,0,1,3400,-58,58,665,16,22,0.50,32352.000000,0,27,0.0,0.0,0.0,0.0,0.0,0.0,0.0,1.0
368769,0,1,3400,-58,58,668,14,23,0.62,42944.000000,0,27,0.0,0.0,0.0,0.0,0.0,0.0,0.0,1.0
369018,0,1,3400,-58,58,664,16,23,0.73,31968.000000,0,27,0.0,186,0.0,0.0,0.0,0.0,0.0,1.0
369267,0,1,3400,-58,58,664,16,22,0.52,59744.000000,0,27,0.0,0.0,11456.000000,0,0.0,0.0,0.0,1.0
369516,0,1,3400,-58,58,665,11,23,0.53,50720.000000,0,27,0.0,0.0,0.0,0.0,0.0,0.0,0.0,1.0
369765,0,1,3400,-58,58,660,12,23,0.50,32160.000000,0,27,0.0,0.0,0.0,0.0,0.0,0.0,0.0,1.0
370014,0,1,3400,-58,58,663,13,23,0.61,34400.000000,0,27,0.0,186,0.0,0.0,0.0,0.0,0.0,1.0
370263,0,1,3400,-58,58,661,11,23,0.54,43200.000000,0,27,0.0,0.0,13024.000000,0,0.0,0.0,0.0,1.0
370512,0,1,3400,-58,58,664,10,23,0.50,38400.000000,0,27,0.0,0.0,0.0,0.0,0.0,0.0,0.0,1.0
370761,0,1,3400,-58,58,668,17,23,0.54,37536.000000,0,27,0.0,0.0,0.0,0.0,0.0,0.0,0.0,1.0
371010,0,1,3400,-58,58,665,14,23,0.50,53472.000000,0,27,0.0,186,0.0,0.0,0.0,0.0,0.0,1.0
371259,0,1,3400,-58,58,666,12,23,0.52,64512.000000,0,27,0.0,0.0,13024.000000,0,0.0,0.0,0.0,1.0
371508,0,1,3400,-58,58,664,13,23,0.52,48416.000000,0,27,0.0,0.0,0.0,0.0,0.0,0.0,0.0,1.0
371757,0,1,3400,-58,58,664,18,23,0.50,26560.000000,0,27,0.0,0.0,0.0,0.0,0.0,0.0,0.0,1.0
372006,0,1,3400,-58,58,666,15,23,0.50,59104.000000,0,27,0.0,186,0.0,0.0,0.0,0.0,0.0,1.0
372255,0,1,3400,-58,58,667,16,23,0.53,53280.000000,0,27,1.8,0.0,17280.000000,0,0.0,0.0,0.0,1.0
372504,0,1,3400,-58,58,667,15,23,0.52,64096.000000,0,27,2.0,0.0,0.0,0.0,0.0,0.0,0.0,1.0
372753,0,1,3400,-58,58,664,16,22,0.53,48256.000000,0,27,2.0,0.0,0.0,0.0,0.0,0.0,0.0,1.0
373002,0,1,3400,-58,58,664,13,23,0.61,26880.000000,0,27,1.7,0.0,13024.000000,0,0.0,0.0,0.0,1.0
373251,0,1,3400,-58,58,663,14,23,0.61,44416.000000,0,27,0.0,0.0,0.0,0.0,0.0,0.0,0.0,1.0
373500,0,1,3400,-58,58,662,13,23,0.58,64224.000000,0,27,0.0,0.0,0.0,0.0,0.0,0.0,0.0,1.0
373749,0,1,3400,-58,58,662,14,23,0.50,43424.000000,0,27,0.0,0.0,0.0,0.0,0.0,0.0,0.0,1.0
373998,0,1,3400,-58,58,662,13,23,0.50,46944.000000,0,27,0.0,186,0.0,0.0,0.0,0.0,0.0,1.0
374247,0,1,3400,-58,58,660,15,23,0.50,42720.000000,0,27,0.0,0.0,13184.000000,0,0.0,0.0,0.0,1.0
374496,0,1,3400,-58,58,660,17,23,0.50,42496.000000,0,27,0.0,0.0,0.0,0.0,0.0,0.0,0.0,1.0
374745,0,1,3400,-58,58,666,17,23,0.72,31872.000000,8,27,0.0,0.0,0.0,0.0,0.0,0.0,0.0,1.0
374994,0,1,3400,-58,58,662,14,23,0.50,53248.000000,0,27,0.0,0.0,13024.000000,0,0.0,0.0,0.0,1.0
375243,0,1,3400,-58,58,664,15,23,0.50,31872.000000,0,27,0.0,0.0,0.0,0.0,0.0,0.0,0.0,1.0
375492,0,1,3400,-58,58,667,17,23,0.66,37088.000000,0,27,0.0,0.0,0.0,0.0,0.0,0.0,0.0,1.0
375741,0,1,3400,-58,58,661,16,23,0.53,42720.000000,0,27,0.0,0.0,0.0,0.0,0.0,0.0,0.0,1.0
375990,0,1,3400,-58,58,657,17,23,0.57,37184.000000,0,27,0.0,0.0,13024.000000,0,0.0,0.0,0.0,1.0
376239,0,1,3400,-58,58,660,14,23,0.50,16160.000000,0,27,0.0,0.0,0.0,0.0,0.0,0.0,0.0,1.0
376488,0,1,3400,-58,58,665,14,23,0.72,16032.000000,12,27,0.0,0.0,0.0,0.0,0.0,0.0,0.0,1.0
376737,0,1,3400,-58,58,666,17,23,0.62,32224.000000,0,27,0.0,0.0,0.0,0.0,0.0,0.0,0.0,1.0
376986,0,1,3400,-58,58,664,15,23,0.50,49952.000000,0,27,0.0,0.0,13184.000000,0,0.0,0.0,0.0,1.0
377235,0,1,3400,-58,58,664,16,23,0.62,42112.000000,0,27,0.0,0.0,0.0,0.0,0.0,0.0,0.0,1.0
377484,0,1,3400,-58,58,664,17,23,0.50,16128.000000,0,27,0.0,0.0,0.0,0.0,0.0,0.0,0.0,1.0
377733,0,1,3400,-58,58,663,13,23,0.61,46240.000000,4,27,0.0,0.0,0.0,0.0,0.0,0.0,0.0,1.0
377982,0,1,3400,-58,58,660,16,23,0.50,26496.000000,0,27,0.0,0.0,0.0,0.0,0.0,0.0,0.0,1.0
378231,0,1,3400,-58,58,658,13,23,0.50,53280.000000,0,27,0.74,0.0,17472.000000,0,0.0,0.0,0.0,1.0
378480,0,1,3400,-58,58,658,16,23,0.62,37600.000000,6,27,1.0,0.0,0.0,0.0,0.0,0.0,0.0,1.0
378729,0,1,3400,-58,58,664,16,23,0.58,58688.000000,0,27,1.0,0.0,0.0,0.0,0.0,0.0,0.0,1.0
378978,0,1,3400,-58,58,667,17,23,0.50,16288.000000,0,27,1.0,186,0.0,0.0,0.0,0.0,0.0,1.0
379227,0,1,3400,-58,58,664,14,23,0.53,32544.000000,0,27,0.016,0.0,14592.000000,0,0.0,0.0,0.0,1.0
379476,0,1,3400,-58,58,664,16,23,0.61,58400.000000,0,27,0.0,0.0,0.0,0.0,0.0,0.0,0.0,1.0
379725,0,1,3400,-58,58,668,13,23,0.53,48992.000000,0,27,0.0,0.0,0.0,0.0,0.0,0.0,0.0,1.0
379974,0,1,3400,-58,58,661,18,23,0.50,15936.000000,0,27,0.0,0.0,0.0,0.0,0.0,0.0,0.0,1.0
380223,0,1,3400,-58,58,657,15,23,0.51,37728.000000,0,27,0.0,0.0,13184.000000,0,0.0,0.0,0.0,1.0
380472,0,1,3400,-58,58,662,12,23,0.50,32704.000000,0,27,0.0,0.0,0.0,0.0,0.0,0.0,0.0,1.0
380721,0,1,3400,-58,58,663,13,23,1.7,22304.000000,7,27,0.0,0.0,0.0,0.0,0.0,0.0,0.0,1.0
380970,0,1,3400,-58,58,669,15,23,0.56,21440.000000,0,27,0.0,186,0.0,0.0,0.0,0.0,0.0,1.0
381219,0,1,3400,-58,58,663,17,23,0.50,37152.000000,0,27,0.0,0.0,13024.000000,0,0.0,0.0,0.0,1.0
381468,0,1,3400,-58,58,664,17,23,0.54,37120.000000,0,27,0.0,0.0,0.0,0.0,0.0,0.0,0.0,1.0
381717,0,1,3400,-58,58,660,12,23,0.51,56704.000000,0,27,0.0,0.0,0.0,0.0,0.0,0.0,0.0,1.0
381966,0,1,3400,-58,58,664,15,23,0.50,47968.000000,0,27,0.0,0.0,0.0,0.0,0.0,0.0,0.0,1.0
382215,0,1,3400,-58,58,668,16,23,0.51,54944.000000,0,27,0.0,0.0,13184.000000,0,0.0,0.0,0.0,1.0
382464,0,1,3400,-58,58,667,12,23,0.50,77056.000000,0,27,0.0,0.0,0.0,0.0,0.0,0.0,0.0,1.0
382713,0,1,3400,-58,58,661,15,23,0.59,64128.000000,0,27,0.0,0.0,0.0,0.0,0.0,0.0,0.0,1.0
382962,0,1,3400,-58,58,659,10,23,1.0,28928.000000,3,27,0.0,0.0,13184.000000,0,0.0,0.0,0.0,1.0
383211,0,1,3400,-58,58,662,18,23,0.56,26624.000000,0,27,0.0,0.0,0.0,0.0,0.0,0.0,0.0,1.0
383460,0,1,3400,-58,58,659,15,23,0.50,50880.000000,0,27,0.0,0.0,0.0,0.0,0.0,0.0,0.0,1.0
383709,0,1,3400,-58,58,664,13,23,0.59,48320.000000,0,27,0.0,0.0,0.0,0.0,0.0,0.0,0.0,1.0
383958,0,1,3400,-58,58,660,14,23,0.55,32352.000000,0,27,0.0,0.0,13024.000000,0,0.0,0.0,0.0,1.0
384207,0,1,3400,-58,58,664,17,23,0.50,42752.000000,0,27,0.0,0.0,0.0,0.0,0.0,0.0,0.0,1.0
384456,0,1,3400,-58,58,668,15,23,0.54,61856.000000,0,27,0.0,0.0,0.0,0.0,0.0,0.0,0.0,1.0
384705,0,1,3400,-58,58,663,15,23,0.50,42112.000000,0,27,0.0,0.0,0.0,0.0,0.0,0.0,0.0,1.0
384954,0,1,3400,-58,58,661,16,23,0.50,26752.000000,0,27,0.0,0.0,0.0,0.0,0.0,0.0,0.0,1.0
385203,0,1,3400,-58,58,660,15,23,0.62,42976.000000,0,27,0.0,0.0,13184.000000,0,0.0,0.0,0.0,1.0
385452,0,1,3400,-58,58,665,17,23,0.58,53184.000000,0,27,0.0,0.0,0.0,0.0,0.0,0.0,0.0,1.0
385701,0,1,3400,-58,58,661,17,23,0.53,48672.000000,0,27,0.0,0.0,0.0,0.0,0.0,0.0,0.0,1.0
385950,0,1,3400,-58,58,658,17,23,0.57,63808.000000,0,27,0.0,0.0,13024.000000,0,0.0,0.0,0.0,1.0
386199,0,1,3400,-58,58,661,18,23,0.50,21216.000000,0,27,0.0,0.0,0.0,0.0,0.0,0.0,0.0,1.0
386448,0,1,3400,-58,58,667,15,23,0.54,53664.000000,0,27,0.0,0.0,0.0,0.0,0.0,0.0,0.0,1.0
386697,0,1,3400,-58,58,668,14,23,0.50,38016.000000,0,27,0.0,0.0,0.0,0.0,0.0,0.0,0.0,1.0
386946,0,1,3400,-58,58,666,11,23,0.50,28128.000000,0,27,0.0,0.0,14592.000000,0,0.0,0.0,0.0,1.0
387195,0,1,3400,-58,58,663,13,23,0.58,21440.000000,0,27,0.0,0.0,0.0,0.0,0.0,0.0,0.0,1.0
387444,0,1,3400,-58,58,660,18,23,0.50,0.0,0.0,27,0.0,0.0,0.0,0.0,0.0,0.0,0.0,1.0
387693,0,1,3400,-58,58,657,15,23,0.59,48128.000000,0,27,0.0,0.0,0.0,0.0,0.0,0.0,0.0,1.0
387942,0,1,3400,-58,58,656,17,23,0.52,26688.000000,0,27,0.0,0.0,0.0,0.0,0.0,0.0,0.0,1.0
388191,0,1,3400,-58,58,660,18,23,0.54,15936.000000,0,27,0.10,0.0,17472.000000,0,0.0,0.0,0.0,1.0
388440,0,1,3400,-58,58,659,17,23,0.59,64032.000000,0,27,0.99,0.0,0.0,0.0,0.0,0.0,0.0,1.0
388689,0,1,3400,-58,58,664,17,23,0.57,47808.000000,0,27,0.98,0.0,0.0,0.0,0.0,0.0,0.0,1.0
388938,0,1,3400,-58,58,662,17,23,0.55,53216.000000,0,27,0.98,186,0.0,0.0,0.0,0.0,0.0,1.0
389187,0,1,3400,-58,58,661,18,23,0.85,42432.000000,11,27,0.96,0.0,17472.000000,0,0.0,0.0,0.0,1.0
389436,0,1,3400,-58,58,662,11,23,0.55,21600.000000,0,27,1.0,0.0,0.0,0.0,0.0,0.0,0.0,1.0
389685,0,1,3400,-58,58,658,14,23,0.86,37760.000000,6,27,1.0,0.0,0.0,0.0,0.0,0.0,0.0,1.0
389934,0,1,3400,-58,58,664,12,23,0.50,23232.000000,0,27,0.86,0.0,13024.000000,0,0.0,0.0,0.0,1.0
390183,0,1,3400,-58,58,661,12,23,0.50,62272.000000,0,27,0.0,0.0,0.0,0.0,0.0,0.0,0.0,1.0
390432,0,1,3400,-58,58,659,15,23,0.93,21408.000000,0,27,0.0,0.0,0.0,0.0,0.0,0.0,0.0,1.0
390681,0,1,3400,-58,58,660,7.2,23,0.50,10720.000000,0,27,0.0,0.0,0.0,0.0,0.0,0.0,0.0,1.0
390930,0,1,3400,-58,58,659,13,23,0.51,60032.000000,0,27,0.0,186,0.0,0.0,0.0,0.0,0.0,1.0
391179,0,1,3400,-58,58,660,16,23,0.50,43168.000000,0,27,0.90,0.0,17472.000000,0,0.0,0.0,0.0,1.0
391428,0,1,3400,-58,58,659,11,23,0.53,33152.000000,0,27,1.0,0.0,0.0,0.0,0.0,0.0,0.0,1.0
391677,0,1,3400,-58,58,661,11,23,0.50,35456.000000,0,27,0.99,0.0,0.0,0.0,0.0,0.0,0.0,1.0
391926,0,1,3400,-58,58,664,12,23,0.60,62304.000000,0,27,0.89,0.0,13024.000000,0,0.0,0.0,0.0,1.0
392175,0,1,3400,-58,58,665,8.9,23,0.53,34656.000000,0,27,0.0,0.0,0.0,0.0,0.0,0.0,0.0,1.0
392424,0,1,3400,-58,58,663,14,23,0.50,42912.000000,0,27,0.0,0.0,0.0,0.0,0.0,0.0,0.0,1.0
392673,0,1,3400,-58,58,658,15,23,0.50,64480.000000,0,27,0.0,0.0,0.0,0.0,0.0,0.0,0.0,1.0
392922,0,1,3400,-58,58,660,15,23,0.50,42880.000000,0,27,0.0,0.0,1568.000000,0,0.0,0.0,0.0,1.0
393171,0,1,3400,-58,58,661,13,23,0.50,37760.000000,0,27,0.0,0.0,13184.000000,0,0.0,0.0,0.0,1.0
393420,0,1,3400,-58,58,661,14,23,0.50,32000.000000,0,27,0.0,0.0,0.0,0.0,0.0,0.0,0.0,1.0
393669,0,1,3400,-58,58,660,16,23,0.50,37376.000000,0,27,0.0,0.0,0.0,0.0,0.0,0.0,0.0,1.0
393918,0,1,3400,-58,58,664,16,23,0.50,48192.000000,0,27,0.0,186,0.0,0.0,0.0,0.0,0.0,1.0
394167,0,1,3400,-58,58,665,17,23,0.50,21504.000000,0,27,0.0,0.0,13024.000000,0,0.0,0.0,0.0,1.0
394416,0,1,3400,-58,58,669,14,23,0.50,26784.000000,0,27,0.0,0.0,0.0,0.0,0.0,0.0,0.0,1.0
394665,0,1,3400,-58,58,667,7.1,23,0.52,64704.000000,0,27,0.0,0.0,0.0,0.0,0.0,0.0,0.0,1.0
394914,0,1,3400,-58,58,660,13,23,0.50,29184.000000,0,27,0.0,0.0,13024.000000,0,0.0,0.0,0.0,1.0
395163,0,1,3400,-58,58,660,13,23,0.62,37728.000000,0,27,0.0,0.0,0.0,0.0,0.0,0.0,0.0,1.0
395412,0,1,3400,-58,58,663,17,23,0.55,42624.000000,0,27,0.0,0.0,0.0,0.0,0.0,0.0,0.0,1.0
395661,0,1,3400,-58,58,667,18,23,0.50,26624.000000,0,27,0.0,0.0,0.0,0.0,0.0,0.0,0.0,1.0
395910,0,1,3400,-58,58,663,15,23,0.59,29120.000000,0,27,0.0,186,0.0,0.0,0.0,0.0,0.0,1.0
396159,0,1,3400,-58,58,665,11,23,0.67,67136.000000,0,27,0.0,0.0,13184.000000,0,0.0,0.0,0.0,1.0
396408,0,1,3400,-58,58,668,12,23,0.51,47872.000000,0,27,0.0,0.0,0.0,0.0,0.0,0.0,0.0,1.0
396657,0,1,3400,-58,58,660,16,23,0.77,58720.000000,4,27,0.0,0.0,0.0,0.0,0.0,0.0,0.0,1.0
396906,0,1,3400,-58,58,657,11,23,0.50,32192.000000,0,27,0.0,0.0,0.0,0.0,0.0,0.0,0.0,1.0
397155,0,1,3400,-58,58,663,9.0,23,0.50,46656.000000,0,27,0.0,0.0,11936.000000,0,0.0,0.0,0.0,1.0
397404,0,1,3400,-58,58,663,17,23,0.50,31712.000000,0,27,0.0,0.0,0.0,0.0,0.0,0.0,0.0,1.0
397653,0,1,3400,-58,58,661,12,23,0.50,38016.000000,0,27,0.0,0.0,0.0,0.0,0.0,0.0,0.0,1.0
397902,0,1,3400,-58,58,663,12,23,0.50,37280.000000,0,27,0.0,0.0,9888.000000,0,0.0,0.0,0.0,1.0
398151,0,1,3400,-58,58,659,14,23,0.52,42848.000000,0,27,0.0,0.0,0.0,0.0,0.0,0.0,0.0,1.0
398400,0,1,3400,-58,58,666,11,23,0.50,11328.000000,0,27,0.0,0.0,0.0,0.0,0.0,0.0,0.0,1.0
398649,0,1,3400,-58,58,667,14,23,0.58,44704.000000,5,27,0.0,0.0,0.0,0.0,0.0,0.0,0.0,1.0
398898,0,1,3400,-58,58,664,14,23,0.55,43104.000000,0,27,0.0,0.0,13024.000000,0,0.0,0.0,0.0,1.0
399147,0,1,3400,-58,58,658,16,23,0.52,42816.000000,0,27,0.0,0.0,0.0,0.0,0.0,0.0,0.0,1.0
399396,0,1,3400,-58,58,660,14,24,0.55,33632.000000,0,27,0.0,0.0,0.0,0.0,0.0,0.0,0.0,1.0
399645,0,1,3400,-58,58,666,12,23,0.53,26784.000000,0,27,0.0,0.0,0.0,0.0,0.0,0.0,0.0,1.0
399894,0,1,3400,-58,58,662,12,23,0.53,39968.000000,0,27,0.0,0.0,13024.000000,0,0.0,0.0,0.0,1.0
400143,0,1,3400,-58,58,662,14,23,0.52,32000.000000,0,27,0.0,0.0,0.0,0.0,0.0,0.0,0.0,1.0
400392,0,1,3400,-58,58,660,12,23,0.50,40576.000000,0,27,0.0,0.0,0.0,0.0,0.0,0.0,0.0,1.0
400641,0,1,3400,-58,58,657,14,23,0.50,46080.000000,0,27,0.0,0.0,0.0,0.0,0.0,0.0,0.0,1.0
400890,0,1,3400,-58,58,661,17,23,0.51,53216.000000,0,27,0.0,186,0.0,0.0,0.0,0.0,0.0,1.0
401139,0,1,3400,-58,58,664,16,23,0.50,49344.000000,0,27,0.0,0.0,13184.000000,0,0.0,0.0,0.0,1.0
401388,0,1,3400,-58,58,663,18,24,0.50,37440.000000,0,27,0.0,0.0,0.0,0.0,0.0,0.0,0.0,1.0
401637,0,1,3400,-58,58,663,16,23,0.59,53696.000000,0,27,0.0,0.0,0.0,0.0,0.0,0.0,0.0,1.0
401886,0,1,3400,-58,58,661,17,23,0.78,64224.000000,4,27,0.0,0.0,13024.000000,0,0.0,0.0,0.0,1.0
402135,0,1,3400,-58,58,665,14,23,0.53,61504.000000,0,27,0.0,0.0,0.0,0.0,0.0,0.0,0.0,1.0
402384,0,1,3400,-58,58,670,16,23,0.50,48064.000000,0,27,0.0,0.0,0.0,0.0,0.0,0.0,0.0,1.0
402633,0,1,3400,-58,58,664,10,23,0.50,40064.000000,0,27,0.0,0.0,0.0,0.0,0.0,0.0,0.0,1.0
402882,0,1,3400,-58,58,663,16,24,0.51,37248.000000,0,27,0.0,186,0.0,0.0,0.0,0.0,0.0,1.0
403131,0,1,3400,-58,58,660,15,23,0.65,48032.000000,0,27,0.0,0.0,13024.000000,0,0.0,0.0,0.0,1.0
403380,0,1,3400,-58,58,662,17,23,0.55,74048.000000,0,27,0.0,0.0,0.0,0.0,0.0,0.0,0.0,1.0
403629,0,1,3400,-58,58,664,13,23,0.50,27200.000000,0,27,0.0,0.0,0.0,0.0,0.0,0.0,0.0,1.0
403878,0,1,3400,-58,58,659,13,23,0.65,38208.000000,5,27,0.0,0.0,13024.000000,0,0.0,0.0,0.0,1.0
404127,0,1,3400,-58,58,658,17,23,0.50,37088.000000,0,27,0.0,0.0,0.0,0.0,0.0,0.0,0.0,1.0
404376,0,1,3400,-58,58,661,13,23,0.50,43040.000000,0,27,0.0,0.0,0.0,0.0,0.0,0.0,0.0,1.0
404625,0,1,3400,-58,58,662,12,23,0.50,21376.000000,0,27,0.0,0.0,0.0,0.0,0.0,0.0,0.0,1.0
404874,0,1,3400,-58,58,661,12,24,0.53,65536.000000,0,27,0.0,0.0,11456.000000,0,0.0,0.0,0.0,1.0
405123,0,1,3400,-58,58,667,14,23,0.53,37184.000000,0,27,0.0,0.0,0.0,0.0,0.0,0.0,0.0,1.0
405372,0,1,3400,-58,58,669,18,23,0.50,16064.000000,0,27,0.0,0.0,0.0,0.0,0.0,0.0,0.0,1.0
405621,0,1,3400,-58,58,670,15,24,0.62,26848.000000,0,27,0.0,0.0,0.0,0.0,0.0,0.0,0.0,1.0
405870,0,1,3400,-58,58,663,16,23,0.50,37248.000000,0,27,0.0,0.0,13024.000000,0,0.0,0.0,0.0,1.0
406119,0,1,3400,-58,58,660,16,23,0.54,53312.000000,0,27,0.0,0.0,0.0,0.0,0.0,0.0,0.0,1.0
406368,0,1,3400,-58,58,660,14,23,0.56,37728.000000,0,27,0.0,0.0,0.0,0.0,0.0,0.0,0.0,1.0
406617,0,1,3400,-58,58,663,12,23,0.52,21440.000000,0,27,0.0,0.0,0.0,0.0,0.0,0.0,0.0,1.0
406866,0,1,3400,-58,58,665,17,24,0.53,53248.000000,0,27,0.0,0.0,0.0,0.0,0.0,0.0,0.0,1.0
407115,0,1,3400,-58,58,659,17,23,0.50,27136.000000,0,27,0.0,0.0,13024.000000,0,0.0,0.0,0.0,1.0
407364,0,1,3400,-58,58,660,12,24,0.64,53792.000000,0,27,0.0,0.0,0.0,0.0,0.0,0.0,0.0,1.0
407613,0,1,3400,-58,58,659,15,23,0.60,63872.000000,0,27,0.0,0.0,0.0,0.0,0.0,0.0,0.0,1.0
407862,0,1,3400,-58,58,658,17,23,0.54,58432.000000,0,27,0.0,0.0,13184.000000,0,0.0,0.0,0.0,1.0
408111,0,1,3400,-58,58,663,18,23,0.54,26560.000000,9,27,0.0,0.0,0.0,0.0,0.0,0.0,0.0,1.0
408360,0,1,3400,-58,58,663,14,23,0.50,17344.000000,0,27,0.0,0.0,0.0,0.0,0.0,0.0,0.0,1.0
408609,0,1,3400,-58,58,666,15,23,0.57,32384.000000,0,27,0.0,0.0,0.0,0.0,0.0,0.0,0.0,1.0
408858,0,1,3400,-58,58,669,17,23,0.50,37312.000000,0,27,0.0,186,0.0,0.0,0.0,0.0,0.0,1.0
409107,0,1,3400,-58,58,664,13,23,0.50,48800.000000,0,27,0.0,0.0,13184.000000,0,0.0,0.0,0.0,1.0
409356,0,1,3400,-58,58,660,13,23,0.50,60864.000000,0,27,0.0,0.0,0.0,0.0,0.0,0.0,0.0,1.0
409605,0,1,3400,-58,58,661,17,23,0.51,42560.000000,0,27,0.0,0.0,0.0,0.0,0.0,0.0,0.0,1.0
409854,0,1,3400,-58,58,666,14,23,0.50,59488.000000,0,27,0.0,0.0,13024.000000,0,0.0,0.0,0.0,1.0
410103,0,1,3400,-58,58,667,18,23,0.55,42496.000000,0,27,0.0,0.0,0.0,0.0,0.0,0.0,0.0,1.0
410352,0,1,3400,-58,58,661,16,23,0.60,31808.000000,0,27,0.0,0.0,0.0,0.0,0.0,0.0,0.0,1.0
410601,0,1,3400,-58,58,665,14,24,0.50,37696.000000,0,27,0.0,0.0,0.0,0.0,0.0,0.0,0.0,1.0
410850,0,1,3400,-58,58,664,15,23,0.57,54592.000000,4,27,0.0,0.0,13184.000000,0,0.0,0.0,0.0,1.0
411099,0,1,3400,-58,58,660,14,23,0.51,74368.000000,0,27,0.0,0.0,0.0,0.0,0.0,0.0,0.0,1.0
411348,0,1,3400,-58,58,664,12,23,0.50,48704.000000,0,27,0.0,0.0,0.0,0.0,0.0,0.0,0.0,1.0
411597,0,1,3400,-58,58,663,9.0,23,0.56,35552.000000,0,27,0.0,0.0,0.0,0.0,0.0,0.0,0.0,1.0
411846,0,1,3400,-58,58,666,16,24,0.50,27264.000000,0,27,0.0,0.0,0.0,0.0,0.0,0.0,0.0,1.0
412095,0,1,3400,-58,58,663,15,23,0.76,37600.000000,5,27,0.0,0.0,13024.000000,0,0.0,0.0,0.0,1.0
412344,0,1,3400,-58,58,661,13,24,0.53,56960.000000,0,27,0.0,0.0,0.0,0.0,0.0,0.0,0.0,1.0
412593,0,1,3400,-58,58,665,17,23,0.51,42272.000000,0,27,0.0,0.0,0.0,0.0,0.0,0.0,0.0,1.0
412842,0,1,3400,-58,58,663,16,23,0.51,27104.000000,0,27,0.0,0.0,13024.000000,0,0.0,0.0,0.0,1.0
413091,0,1,3400,-58,58,663,14,24,0.52,45216.000000,0,27,0.0,0.0,0.0,0.0,0.0,0.0,0.0,1.0
413340,0,1,3400,-58,58,664,12,23,0.50,45024.000000,0,27,0.0,0.0,0.0,0.0,0.0,0.0,0.0,1.0
413589,0,1,3400,-58,58,668,16,23,0.68,26464.000000,0,27,0.0,0.0,0.0,0.0,0.0,0.0,0.0,1.0
413838,0,1,3400,-58,58,660,17,24,0.58,53472.000000,0,27,0.0,186,0.0,0.0,0.0,0.0,0.0,1.0
414087,0,1,3400,-58,58,666,17,24,0.54,48288.000000,0,27,0.0,0.0,13184.000000,0,0.0,0.0,0.0,1.0
414336,0,1,3400,-58,58,664,12,23,0.50,21472.000000,0,27,0.0,0.0,0.0,0.0,0.0,0.0,0.0,1.0
414585,0,1,3400,-58,58,662,15,24,0.50,31648.000000,0,27,0.0,0.0,0.0,0.0,0.0,0.0,0.0,1.0
414834,0,1,3400,-58,58,661,16,23,0.50,37568.000000,0,27,0.0,0.0,13440.000000,0,0.0,0.0,0.0,1.0
415083,0,1,3400,-58,58,657,14,24,0.56,61440.000000,0,27,0.0,0.0,0.0,0.0,0.0,0.0,0.0,1.0
415332,0,1,3400,-58,58,661,14,23,0.59,37792.000000,0,27,0.0,0.0,0.0,0.0,0.0,0.0,0.0,1.0
415581,0,1,3400,-58,58,667,12,23,0.52,77920.000000,0,27,0.0,0.0,0.0,0.0,0.0,0.0,0.0,1.0
415830,0,1,3400,-58,58,670,17,24,0.63,42400.000000,0,27,0.0,186,0.0,0.0,0.0,0.0,0.0,1.0
416079,0,1,3400,-58,58,667,16,23,0.59,48192.000000,0,27,0.0,0.0,13184.000000,0,0.0,0.0,0.0,1.0
416328,0,1,3400,-58,58,667,15,23,0.51,54784.000000,0,27,0.0,0.0,0.0,0.0,0.0,0.0,0.0,1.0
416577,0,1,3400,-58,58,664,17,24,0.54,5312.000000,0,27,0.0,0.0,0.0,0.0,0.0,0.0,0.0,1.0
416826,0,1,3400,-58,58,658,15,24,0.50,21312.000000,0,27,0.0,186,0.0,0.0,0.0,0.0,0.0,1.0
417075,0,1,3400,-58,58,657,17,23,0.86,44416.000000,6,27,0.0,0.0,13184.000000,0,0.0,0.0,0.0,1.0
417324,0,1,3400,-58,58,664,16,24,0.55,47744.000000,0,27,0.0,0.0,0.0,0.0,0.0,0.0,0.0,1.0
417573,0,1,3400,-58,58,666,11,24,0.52,37344.000000,0,27,0.0,0.0,0.0,0.0,0.0,0.0,0.0,1.0
417822,0,1,3400,-58,58,656,13,23,0.70,36928.000000,0,27,0.0,0.0,13024.000000,0,0.0,0.0,0.0,1.0
418071,0,1,3400,-58,58,659,15,24,0.61,32064.000000,8,27,0.0,0.0,0.0,0.0,0.0,0.0,0.0,1.0
418320,0,1,3400,-58,58,657,15,23,0.66,25984.000000,8,27,0.0,0.0,0.0,0.0,0.0,0.0,0.0,1.0
418569,0,1,3400,-58,58,662,16,24,0.51,64896.000000,0,27,0.0,0.0,0.0,0.0,0.0,0.0,0.0,1.0
418818,0,1,3400,-58,58,658,13,23,1.0,32128.000000,0,27,0.0,0.0,0.0,0.0,0.0,0.0,0.0,1.0
419067,0,1,3400,-58,58,658,17,24,0.56,16704.000000,0,27,4.4,0.0,44224.000000,28,0.0,0.0,0.0,1.0
419316,0,1,3400,-58,58,663,15,23,0.54,38112.000000,0,27,6.0,0.0,0.0,0.0,0.0,0.0,0.0,1.0
419565,0,1,3400,-58,58,661,14,24,0.58,36992.000000,0,27,6.0,0.0,0.0,0.0,0.0,0.0,0.0,1.0
419814,0,1,3400,-58,58,657,17,23,0.54,69184.000000,0,27,5.3,0.0,13024.000000,0,0.0,0.0,0.0,1.0
420063,0,1,3400,-58,58,657,15,24,0.76,32896.000000,0,27,0.0,0.0,0.0,0.0,0.0,0.0,0.0,1.0
420312,0,1,3400,-58,58,654,17,23,0.65,37600.000000,0,27,0.0,0.0,0.0,0.0,0.0,0.0,0.0,1.0
420561,0,1,3400,-58,58,653,14,24,0.63,40320.000000,0,27,0.0,0.0,0.0,0.0,0.0,0.0,0.0,1.0
420810,0,1,3400,-58,58,658,15,24,0.62,32032.000000,0,27,0.0,0.0,13024.000000,0,0.0,0.0,0.0,1.0
421059,0,1,3400,-58,58,661,15,23,0.92,37824.000000,5,27,0.0,0.0,0.0,0.0,0.0,0.0,0.0,1.0
421308,0,1,3400,-58,58,659,15,24,0.60,53664.000000,0,27,0.0,0.0,0.0,0.0,0.0,0.0,0.0,1.0
421557,0,1,3400,-58,58,661,17,24,0.61,39072.000000,6,27,0.0,0.0,0.0,0.0,0.0,0.0,0.0,1.0
421806,0,1,3400,-58,58,660,9.4,23,0.50,38144.000000,0,27,0.0,186,0.0,0.0,0.0,0.0,0.0,1.0
422055,0,1,3400,-58,58,659,15,24,0.51,38240.000000,0,27,0.0,0.0,13184.000000,0,0.0,0.0,0.0,1.0
422304,0,1,3400,-58,58,655,18,23,0.70,42496.000000,0,27,0.0,0.0,0.0,0.0,0.0,0.0,0.0,1.0
422553,0,1,3400,-58,58,655,18,24,0.56,31872.000000,0,27,0.0,0.0,0.0,0.0,0.0,0.0,0.0,1.0
422802,0,1,3400,-58,58,655,13,24,0.53,10848.000000,0,27,0.0,0.0,0.0,0.0,0.0,0.0,0.0,1.0
423051,0,1,3400,-58,58,659,17,24,0.57,31904.000000,0,27,0.0,0.0,13024.000000,0,0.0,0.0,0.0,1.0
423300,0,1,3400,-58,58,657,18,24,0.52,36672.000000,0,27,0.0,0.0,0.0,0.0,0.0,0.0,0.0,1.0
423549,0,1,3400,-58,58,661,14,24,0.57,38592.000000,0,27,0.0,0.0,0.0,0.0,0.0,0.0,0.0,1.0
423798,0,1,3400,-58,58,663,18,24,0.50,42752.000000,0,27,0.0,0.0,0.0,0.0,0.0,0.0,0.0,1.0
424047,0,1,3400,-58,58,660,17,24,0.50,48128.000000,0,27,0.0,0.0,13024.000000,0,0.0,0.0,0.0,1.0
424296,0,1,3400,-58,58,659,14,24,0.54,31840.000000,0,27,0.0,0.0,0.0,0.0,0.0,0.0,0.0,1.0
424545,0,1,3400,-58,58,653,17,24,0.64,30784.000000,0,27,0.0,0.0,0.0,0.0,0.0,0.0,0.0,1.0
424794,0,1,3400,-58,58,659,10,24,0.51,30432.000000,0,27,0.0,0.0,13024.000000,0,0.0,0.0,0.0,1.0
425043,0,1,3400,-58,58,652,16,24,0.80,64448.000000,3,27,0.0,0.0,0.0,0.0,0.0,0.0,0.0,1.0
425292,0,1,3400,-58,58,653,18,24,0.69,31712.000000,0,27,0.0,0.0,0.0,0.0,0.0,0.0,0.0,1.0
425541,0,1,3400,-58,58,657,16,24,0.54,58624.000000,0,27,0.0,0.0,0.0,0.0,0.0,0.0,0.0,1.0
425790,0,1,3400,-58,58,662,18,24,0.56,26240.000000,0,27,0.0,186,0.0,0.0,0.0,0.0,0.0,1.0
426039,0,1,3400,-58,58,659,12,24,0.50,38048.000000,0,27,0.0,0.0,13184.000000,0,0.0,0.0,0.0,1.0
426288,0,1,3400,-58,58,654,16,24,0.63,52192.000000,5,27,0.0,0.0,0.0,0.0,0.0,0.0,0.0,1.0
426537,0,1,3400,-58,58,656,17,24,0.60,37504.000000,0,27,0.0,0.0,0.0,0.0,0.0,0.0,0.0,1.0
426786,0,1,3400,-58,58,657,17,24,0.66,53728.000000,0,27,0.0,186,0.0,0.0,0.0,0.0,0.0,1.0
427035,0,1,3400,-58,58,660,12,24,0.50,26592.000000,0,27,0.0,0.0,14592.000000,0,0.0,0.0,0.0,1.0
427284,0,1,3400,-58,58,653,16,24,0.50,21376.000000,0,27,0.0,0.0,0.0,0.0,0.0,0.0,0.0,1.0
427533,0,1,3400,-58,58,648,10,24,0.57,37920.000000,5,27,0.0,0.0,0.0,0.0,0.0,0.0,0.0,1.0
427782,0,1,3400,-58,58,648,17,24,1.0,26816.000000,8,27,0.0,0.0,13024.000000,0,0.0,0.0,0.0,1.0
428031,0,1,3400,-58,58,660,11,24,0.54,32640.000000,0,27,0.0,0.0,0.0,0.0,0.0,0.0,0.0,1.0
428280,0,1,3400,-58,58,662,9.1,24,0.50,24352.000000,0,27,0.0,0.0,0.0,0.0,0.0,0.0,0.0,1.0
428529,0,1,3400,-58,58,660,8.9,24,0.50,24128.000000,0,27,0.0,0.0,0.0,0.0,0.0,0.0,0.0,1.0
428778,0,1,3400,-58,58,655,12,24,0.50,34752.000000,0,27,9.9,186,10400.000000,0,0.0,0.0,0.0,1.0
429027,0,1,3400,-58,58,653,7.6,24,0.50,38400.000000,0,27,0.59,0.0,13184.000000,0,0.0,0.0,0.0,1.0
429276,0,1,3400,-58,58,648,13,23,0.50,54336.000000,0,27,0.0,0.0,0.0,0.0,0.0,0.0,0.0,1.0
429525,0,1,3400,-58,58,650,17,24,0.50,42464.000000,0,27,0.0,0.0,0.0,0.0,0.0,0.0,0.0,1.0
429774,0,1,3400,-58,58,653,18,24,0.53,26560.000000,0,27,0.0,186,0.0,0.0,0.0,0.0,0.0,1.0
430023,0,1,3400,-58,58,654,13,24,0.50,30368.000000,0,27,0.0,0.0,13024.000000,0,0.0,0.0,0.0,1.0
430272,0,1,3400,-58,58,658,14,24,0.56,42816.000000,0,27,0.0,0.0,0.0,0.0,0.0,0.0,0.0,1.0
430521,0,1,3400,-58,58,656,16,24,0.52,59648.000000,0,27,0.0,0.0,0.0,0.0,0.0,0.0,0.0,1.0
430770,0,1,3400,-58,58,655,13,24,0.56,43200.000000,0,27,0.0,186,0.0,0.0,0.0,0.0,0.0,1.0
431019,0,1,3400,-58,58,655,15,24,0.61,27200.000000,0,27,0.0,0.0,14112.000000,0,0.0,0.0,0.0,1.0
431268,0,1,3400,-58,58,654,15,24,0.55,42816.000000,0,27,0.0,0.0,0.0,0.0,0.0,0.0,0.0,1.0
431517,0,1,3400,-58,58,653,18,24,0.56,31872.000000,0,27,0.0,0.0,0.0,0.0,0.0,0.0,0.0,1.0
431766,0,1,3400,-58,58,654,15,24,0.51,64192.000000,0,27,0.0,0.0,13184.000000,0,0.0,0.0,0.0,1.0
432015,0,1,3400,-58,58,659,17,24,0.56,47776.000000,0,27,0.0,0.0,0.0,0.0,0.0,0.0,0.0,1.0
432264,0,1,3400,-58,58,658,13,24,0.50,65632.000000,0,27,0.0,0.0,0.0,0.0,0.0,0.0,0.0,1.0
432513,0,1,3400,-58,58,653,14,24,0.50,48736.000000,0,27,0.0,0.0,0.0,0.0,0.0,0.0,0.0,1.0
432762,0,1,3400,-58,58,652,17,24,0.53,53440.000000,0,27,0.0080,0.0,17472.000000,0,0.0,0.0,0.0,1.0
433011,0,1,3400,-58,58,659,13,24,0.50,17312.000000,0,27,0.0080,0.0,0.0,0.0,0.0,0.0,0.0,1.0
433260,0,1,3400,-58,58,659,17,24,0.86,36416.000000,7,27,0.0,0.0,0.0,0.0,0.0,0.0,0.0,1.0
433509,0,1,3400,-58,58,658,17,24,0.57,10592.000000,0,27,0.016,0.0,0.0,0.0,0.0,0.0,0.0,1.0
433758,0,1,3400,-58,58,659,17,24,0.52,32096.000000,0,27,0.0,186,0.0,0.0,0.0,0.0,0.0,1.0
434007,0,1,3400,-58,58,654,12,24,0.58,35904.000000,0,27,0.0,0.0,11936.000000,0,0.0,0.0,0.0,1.0
434256,0,1,3400,-58,58,659,16,24,0.99,36256.000000,3,27,0.0,0.0,0.0,0.0,0.0,0.0,0.0,1.0
434505,0,1,3400,-58,58,663,17,24,0.55,26624.000000,0,27,0.016,0.0,0.0,0.0,0.0,0.0,0.0,1.0
434754,0,1,3400,-58,58,656,15,24,0.56,21440.000000,0,27,0.016,0.0,14592.000000,0,0.0,0.0,0.0,1.0
435003,0,1,3400,-58,58,653,14,24,0.56,16512.000000,0,27,0.016,0.0,0.0,0.0,0.0,0.0,0.0,1.0
435252,0,1,3400,-58,58,656,12,24,0.58,60096.000000,0,27,0.016,0.0,0.0,0.0,0.0,0.0,0.0,1.0
435501,0,1,3400,-58,58,658,9.9,24,0.50,54688.000000,0,27,0.0,0.0,0.0,0.0,0.0,0.0,0.0,1.0
435750,0,1,3400,-58,58,657,13,24,0.50,16096.000000,0,27,0.0,186,0.0,0.0,0.0,0.0,0.0,1.0
435999,0,1,3400,-58,58,657,17,23,0.51,42880.000000,0,27,0.0,0.0,13184.000000,0,0.0,0.0,0.0,1.0
436248,0,1,3400,-58,58,662,14,24,0.56,55680.000000,0,27,0.0,0.0,0.0,0.0,0.0,0.0,0.0,1.0
436497,0,1,3400,-58,58,663,17,24,0.74,80128.000000,0,27,0.0080,0.0,0.0,0.0,0.0,0.0,0.0,1.0
436746,0,1,3400,-58,58,657,12,24,0.54,72544.000000,0,27,0.0,0.0,13024.000000,0,0.0,0.0,0.0,1.0
436995,0,1,3400,-58,58,652,17,24,0.52,49216.000000,5,27,0.0,0.0,0.0,0.0,0.0,0.0,0.0,1.0
437244,0,1,3400,-58,58,656,17,24,0.87,41280.000000,17,27,0.0080,0.0,0.0,0.0,0.0,0.0,0.0,1.0
437493,0,1,3400,-58,58,656,14,24,0.50,16224.000000,0,27,0.0,0.0,0.0,0.0,0.0,0.0,0.0,1.0
437742,0,1,3400,-58,58,655,12,24,0.50,43072.000000,0,27,0.0,186,0.0,0.0,0.0,0.0,0.0,1.0
437991,0,1,3400,-58,58,653,17,24,0.56,37792.000000,0,27,0.040,0.0,13184.000000,0,0.0,0.0,0.0,1.0
438240,0,1,3400,-58,58,653,11,24,0.53,38560.000000,0,27,0.040,0.0,0.0,0.0,0.0,0.0,0.0,1.0
438489,0,1,3400,-58,58,661,14,24,0.50,10816.000000,0,27,0.0080,0.0,0.0,0.0,0.0,0.0,0.0,1.0
438738,0,1,3400,-58,58,661,14,24,0.51,32128.000000,0,27,0.0080,0.0,14592.000000,0,0.0,0.0,0.0,1.0
438987,0,1,3400,-58,58,655,10,24,0.50,38944.000000,0,27,0.0,0.0,0.0,0.0,0.0,0.0,0.0,1.0
439236,0,1,3400,-58,58,655,12,24,0.60,26560.000000,0,27,0.0080,0.0,0.0,0.0,0.0,0.0,0.0,1.0
439485,0,1,3400,-58,58,655,15,24,0.50,40256.000000,0,27,0.0,0.0,0.0,0.0,0.0,0.0,0.0,1.0
439734,0,1,3400,-58,58,658,14,24,0.70,49344.000000,4,27,0.0080,0.0,0.0,0.0,0.0,0.0,0.0,1.0
439983,0,1,3400,-58,58,658,17,24,0.63,64960.000000,4,27,0.0,0.0,13024.000000,0,0.0,0.0,0.0,1.0
440232,0,1,3400,-58,58,660,16,24,0.58,48032.000000,0,27,0.0,0.0,0.0,0.0,0.0,0.0,0.0,1.0
440481,0,1,3400,-58,58,657,11,24,0.50,55072.000000,0,27,0.0,0.0,0.0,0.0,0.0,0.0,0.0,1.0
440730,0,1,3400,-58,58,658,15,24,0.57,58560.000000,0,27,0.0,186,0.0,0.0,0.0,0.0,0.0,1.0
440979,0,1,3400,-58,58,656,11,24,0.63,21792.000000,0,27,0.0,0.0,13184.000000,0,0.0,0.0,0.0,1.0
441228,0,1,3400,-58,58,654,5.5,24,0.60,59936.000000,1,27,0.0,0.0,0.0,0.0,0.0,0.0,0.0,1.0
441477,0,1,3400,-58,58,655,13,24,0.50,26880.000000,0,27,0.0,0.0,0.0,0.0,0.0,0.0,0.0,1.0
441726,0,1,3400,-58,58,653,18,24,0.50,31936.000000,0,27,0.0,0.0,13024.000000,0,0.0,0.0,0.0,1.0
441975,0,1,3400,-58,58,655,18,24,0.55,42688.000000,0,27,0.0,0.0,0.0,0.0,0.0,0.0,0.0,1.0
442224,0,1,3400,-58,58,661,13,24,0.50,34656.000000,0,27,0.0,0.0,0.0,0.0,0.0,0.0,0.0,1.0
442473,0,1,3400,-58,58,658,17,24,0.50,53504.000000,0,27,0.0,0.0,0.0,0.0,0.0,0.0,0.0,1.0
442722,0,1,3400,-58,58,654,11,24,0.54,61536.000000,0,27,0.0,0.0,13024.000000,0,0.0,0.0,0.0,1.0
442971,0,1,3400,-58,58,650,16,24,0.50,42560.000000,0,27,0.0,0.0,0.0,0.0,0.0,0.0,0.0,1.0
443220,0,1,3400,-58,58,651,17,24,0.50,26688.000000,0,27,0.0,0.0,0.0,0.0,0.0,0.0,0.0,1.0
443469,0,1,3400,-58,58,656,15,24,1.9,22784.000000,8,27,0.0,0.0,0.0,0.0,0.0,0.0,0.0,1.0
443718,0,1,3400,-58,58,654,12,24,0.51,26880.000000,0,27,0.0,186,0.0,0.0,0.0,0.0,0.0,1.0
443967,0,1,3400,-58,58,650,12,24,0.58,23072.000000,9,27,0.0,0.0,13184.000000,0,0.0,0.0,0.0,1.0
444216,0,1,3400,-58,58,652,17,24,0.54,26368.000000,0,27,0.0,0.0,0.0,0.0,0.0,0.0,0.0,1.0
444465,0,1,3400,-58,58,654,15,24,0.50,39648.000000,0,27,0.0,0.0,0.0,0.0,0.0,0.0,0.0,1.0
444714,0,1,3400,-58,58,654,18,24,0.50,42560.000000,0,27,0.0,186,0.0,0.0,0.0,0.0,0.0,1.0
444963,0,1,3400,-58,58,652,18,24,0.55,31936.000000,0,27,0.0,0.0,13024.000000,0,0.0,0.0,0.0,1.0
445212,0,1,3400,-58,58,658,16,24,0.50,38944.000000,0,27,0.0,0.0,0.0,0.0,0.0,0.0,0.0,1.0
445461,0,1,3400,-58,58,655,14,24,0.50,27296.000000,0,27,0.0,0.0,0.0,0.0,0.0,0.0,0.0,1.0
445710,0,1,3400,-58,58,653,13,24,0.50,32800.000000,0,27,0.0,186,0.0,0.0,0.0,0.0,0.0,1.0
445959,0,1,3400,-58,58,653,15,24,0.50,15872.000000,0,27,0.0,0.0,14592.000000,0,0.0,0.0,0.0,1.0
446208,0,1,3400,-58,58,650,17,24,0.59,74368.000000,0,27,0.0,0.0,0.0,0.0,0.0,0.0,0.0,1.0
446457,0,1,3400,-58,58,653,17,24,0.60,44288.000000,4,27,0.0,0.0,0.0,0.0,0.0,0.0,0.0,1.0
446706,0,1,3400,-58,58,658,16,24,0.56,21248.000000,0,27,0.0,0.0,13024.000000,0,0.0,0.0,0.0,1.0
446955,0,1,3400,-58,58,658,15,24,0.57,48896.000000,0,27,0.0,0.0,0.0,0.0,0.0,0.0,0.0,1.0
447204,0,1,3400,-58,58,658,10,24,0.50,27328.000000,0,27,0.0,0.0,0.0,0.0,0.0,0.0,0.0,1.0
447453,0,1,3400,-58,58,655,13,24,0.54,42272.000000,6,27,0.0,0.0,0.0,0.0,0.0,0.0,0.0,1.0
447702,0,1,3400,-58,58,650,17,24,0.50,42592.000000,0,27,0.0,0.0,13024.000000,0,0.0,0.0,0.0,1.0
447951,0,1,3400,-58,58,656,15,24,0.55,27136.000000,0,27,0.0,0.0,0.0,0.0,0.0,0.0,0.0,1.0
448200,0,1,3400,-58,58,658,18,24,0.75,0.0,0.0,27,0.0,0.0,0.0,0.0,0.0,0.0,0.0,1.0
448449,0,1,3400,-58,58,653,18,24,0.75,0.0,0.0,27,0.0,0.0,0.0,0.0,0.0,0.0,0.0,1.0
448698,0,1,3400,-58,58,660,18,25,0.75,0.0,0.0,27,0.0,0.0,0.0,0.0,0.0,0.0,0.0,1.0
448947,0,1,3400,-58,58,661,18,25,0.75,0.0,0.0,27,0.0,0.0,0.0,0.0,0.0,0.0,0.0,1.0
449196,0,1,3400,-58,58,654,18,25,0.75,0.0,0.0,27,0.0,0.0,0.0,0.0,0.0,0.0,0.0,1.0
449445,0,1,3400,-58,58,659,18,25,0.75,0.0,0.0,27,0.0,0.0,0.0,0.0,0.0,0.0,0.0,1.0
449694,0,1,3400,-58,58,661,18,25,0.75,0.0,0.0,27,0.0,0.0,0.0,0.0,0.0,0.0,0.0,1.0
449943,0,1,3400,-58,58,660,18,26,0.75,0.0,0.0,27,0.0,0.0,0.0,0.0,0.0,0.0,0.0,1.0
450192,0,1,3400,-58,58,654,18,26,0.75,0.0,0.0,27,0.0,0.0,0.0,0.0,0.0,0.0,0.0,1.0
450441,0,1,3400,-58,58,648,18,26,0.75,0.0,0.0,27,0.0,0.0,0.0,0.0,0.0,0.0,0.0,1.0
450690,0,1,3400,-58,58,648,18,26,0.75,0.0,0.0,27,0.0,0.0,0.0,0.0,0.0,0.0,0.0,1.0
450939,0,1,3400,-58,58,654,18,26,0.75,0.0,0.0,27,0.0,0.0,0.0,0.0,0.0,0.0,0.0,1.0
451188,0,1,3400,-58,58,657,18,26,0.75,0.0,0.0,27,0.0,0.0,0.0,0.0,0.0,0.0,0.0,1.0
451437,0,1,3400,-58,58,658,18,26,0.75,0.0,0.0,27,0.0,0.0,0.0,0.0,0.0,0.0,0.0,1.0
451686,0,1,3400,-58,58,653,18,26,0.75,0.0,0.0,27,0.0,0.0,0.0,0.0,0.0,0.0,0.0,1.0
451935,0,1,3400,-58,58,649,18,26,0.75,0.0,0.0,27,0.0,0.0,0.0,0.0,0.0,0.0,0.0,1.0
452184,0,1,3400,-58,58,653,18,26,0.75,0.0,0.0,27,0.0,0.0,0.0,0.0,0.0,0.0,0.0,1.0
452433,0,1,3400,-58,58,651,18,26,0.75,0.0,0.0,27,0.0,0.0,0.0,0.0,0.0,0.0,0.0,1.0
452682,0,1,3400,-58,58,652,18,26,0.75,0.0,0.0,27,0.0,0.0,0.0,0.0,0.0,0.0,0.0,1.0
452931,0,1,3400,-58,58,652,18,26,0.75,0.0,0.0,27,0.0,0.0,0.0,0.0,0.0,0.0,0.0,1.0
453180,0,1,3400,-58,58,651,18,26,0.75,0.0,0.0,27,0.0,0.0,0.0,0.0,0.0,0.0,0.0,1.0
453429,0,1,3400,-58,58,653,18,26,0.75,0.0,0.0,27,0.0,0.0,0.0,0.0,0.0,0.0,0.0,1.0
453678,0,1,3400,-71,71,788,18,16,0.75,0.0,0.0,27,0.0,0.0,0.0,0.0,0.0,0.0,0.0,1.0
453927,0,1,3400,-90,90,1520.310303,17,0.99,0.75,0.0,0.0,27,0.0,0.0,0.0,0.0,0.0,0.0,0.0,1.0
454176,0,1,3400,-90,90,1479.011475,17,0.91,0.75,0.0,0.0,27,0.0,0.0,0.0,0.0,0.0,0.0,0.0,1.0
454425,0,1,3400,-90,90,1735.431763,17,0.95,0.74,0.0,0.0,27,0.0,0.0,0.0,0.0,0.0,0.0,0.0,1.0
454674,0,1,3400,-90,90,2117.092773,