time,cc,pci,earfcn,rsrp,pl,cfo,dl_mcs,dl_snr,dl_turbo,dl_brate,dl_bler,ul_ta,ul_mcs,ul_buff,ul_brate,ul_bler,rf_o,rf_u,rf_l,is_attached
0,0,0,4294967295,0.0,0.0,0.0,0.0,0.0,0.0,0.0,0.0,0.0,0.0,0.0,0.0,0.0,0.0,0.0,0.0,0.0
249,0,0,3400,0.0,0.0,0.0,0.0,0.0,0.0,0.0,0.0,0.0,0.0,0.0,0.0,0.0,0.0,0.0,0.0,0.0
498,0,0,3400,0.0,0.0,0.0,0.0,0.0,0.0,0.0,0.0,0.0,0.0,0.0,0.0,0.0,0.0,0.0,0.0,0.0
747,0,1,3400,0.0,0.0,0.0,0.0,0.0,0.0,0.0,0.0,0.0,0.0,0.0,0.0,0.0,0.0,0.0,0.0,0.0
996,0,1,3400,-75,75,152,0.0,11,0.0,0.0,0.0,0.0,0.0,0.0,0.0,0.0,0.0,0.0,0.0,0.0
1245,0,1,3400,-74,74,79,1.3,9.6,0.28,2912.000000,25,0.0,0.0,33,224,0,0.0,0.0,0.0,1.0
1494,0,1,3400,-74,74,73,2.0,8.9,0.25,0.0,0.0,27,0.0,33,0.0,0.0,0.0,0.0,0.0,1.0
1743,0,1,3400,-72,72,76,2.0,5.0,0.24,0.0,0.0,27,0.0,33,0.0,0.0,0.0,0.0,0.0,1.0
1992,0,1,3400,-72,72,74,1.8,5.3,0.50,224,50,27,0.0,0.0,4160.000000,0,0.0,0.0,0.0,1.0
2241,0,1,3400,-72,72,74,6.6,3.9,2.8,0.0,100.000000,27,0.0,0.0,0.0,0.0,0.0,0.0,0.0,1.0
2490,0,1,3400,-72,72,78,15,3.7,4.0,0.0,0.0,27,3.6,0.0,11424.000000,0,0.0,0.0,0.0,1.0
2739,0,1,3400,-72,72,70,15,3.4,4.0,0.0,0.0,27,12,0.0,0.0,0.0,0.0,0.0,0.0,1.0
2988,0,1,3400,-72,72,71,15,4.0,4.0,0.0,0.0,27,13,0.0,0.0,0.0,0.0,0.0,0.0,1.0
3237,0,1,3400,-72,72,75,17,4.0,4.0,0.0,100.000000,27,12,0.0,0.0,0.0,0.0,0.0,0.0,1.0
3486,0,1,3400,-72,72,77,24,3.7,4.0,0.0,0.0,27,12,0.0,0.0,0.0,0.0,0.0,0.0,1.0
3735,0,1,3400,-72,72,82,24,3.7,4.0,0.0,0.0,27,12,0.0,0.0,0.0,0.0,0.0,0.0,1.0
3984,0,1,3400,-72,72,71,23,3.7,4.0,0.0,100.000000,27,12,0.0,0.0,0.0,0.0,0.0,0.0,1.0
4233,0,1,3400,-72,72,79,22,3.9,4.0,0.0,0.0,27,12,0.0,0.0,0.0,0.0,0.0,0.0,1.0
4482,0,1,3400,-72,72,83,22,3.9,4.0,0.0,0.0,27,12,0.0,0.0,0.0,0.0,0.0,0.0,1.0
4731,0,1,3400,-72,72,80,22,3.5,4.0,0.0,0.0,27,12,0.0,0.0,0.0,0.0,0.0,0.0,1.0
4980,0,1,3400,-72,72,72,22,3.9,4.0,0.0,0.0,27,12,0.0,0.0,0.0,0.0,0.0,0.0,1.0
5229,0,1,3400,-72,72,78,22,4.4,4.0,0.0,0.0,27,12,0.0,0.0,0.0,0.0,0.0,0.0,1.0
5478,0,1,3400,-72,72,75,22,4.5,4.0,0.0,0.0,27,12,0.0,0.0,0.0,0.0,0.0,0.0,1.0
5727,0,1,3400,-73,73,77,22,5.0,4.0,0.0,0.0,27,12,0.0,0.0,0.0,0.0,0.0,0.0,1.0
5976,0,1,3400,-72,72,79,21,4.7,3.7,2016.000000,50,27,12,24,0.0,0.0,0.0,0.0,0.0,1.0
6225,0,1,3400,-73,73,79,0.77,5.2,0.14,0.0,0.0,27,0.80,0.0,1580.645142,0,0.0,0.0,0.0,0.0
6474,0,1,3400,-72,72,81,0.0,4.1,0.0,0.0,0.0,0.0,0.0,0.0,0.0,0.0,0.0,0.0,0.0,0.0
6723,0,1,3400,-72,72,67,0.0,3.9,0.0,0.0,0.0,0.0,0.0,0.0,0.0,0.0,0.0,0.0,0.0,0.0
6972,0,1,3400,-71,71,79,0.0,3.8,0.0,0.0,0.0,0.0,0.0,0.0,0.0,0.0,0.0,0.0,0.0,0.0
7221,0,1,3400,-72,72,80,0.0,3.8,0.0,0.0,0.0,0.0,0.0,0.0,0.0,0.0,0.0,0.0,0.0,0.0
7470,0,1,3400,-72,72,84,0.0,4.0,0.0,0.0,0.0,0.0,0.0,0.0,0.0,0.0,0.0,0.0,0.0,0.0
7719,0,1,3400,-72,72,76,0.0,4.1,0.0,0.0,0.0,0.0,0.0,0.0,0.0,0.0,0.0,0.0,0.0,0.0
7968,0,1,3400,-72,72,81,0.0,3.7,0.0,0.0,0.0,0.0,0.0,0.0,0.0,0.0,0.0,0.0,0.0,0.0
8217,0,1,3400,-72,72,344,0.0,3.1,0.0,0.0,0.0,0.0,0.0,0.0,0.0,0.0,0.0,0.0,0.0,0.0
8466,0,1,3400,-72,72,92,1.0,4.0,1.1,576,80,0.0,0.0,0.0,0.0,0.0,0.0,0.0,0.0,0.0
8715,0,1,3400,-72,72,75,3.5,3.9,2.0,0.0,100.000000,0.0,0.0,0.0,0.0,0.0,0.0,0.0,0.0,0.0
8964,0,1,3400,-71,71,75,2.2,3.4,2.1,1312.000000,67,0.0,0.0,0.0,448,0,0.0,0.0,0.0,0.0
9213,0,1,3400,-72,72,76,1.2,4.0,3.7,0.0,0.0,27,0.0,0.0,0.0,0.0,0.0,0.0,0.0,0.0
9462,0,1,3400,-72,72,92,1.0,3.9,4.0,0.0,0.0,0.0,0.0,0.0,0.0,0.0,0.0,0.0,0.0,0.0
9711,0,1,3400,-72,72,77,1.0,4.1,4.0,0.0,0.0,0.0,0.0,0.0,0.0,0.0,0.0,0.0,0.0,0.0
9960,0,1,3400,-72,72,76,1.0,3.9,4.0,0.0,0.0,0.0,0.0,0.0,0.0,0.0,0.0,0.0,0.0,0.0
10209,0,1,3400,-72,72,79,1.0,4.0,4.0,0.0,0.0,0.0,0.0,0.0,0.0,0.0,0.0,0.0,0.0,0.0
10458,0,1,3400,-72,72,79,1.0,4.4,4.0,0.0,0.0,0.0,0.0,0.0,0.0,0.0,0.0,0.0,0.0,0.0
10707,0,1,3400,-72,72,74,1.0,3.8,4.0,0.0,0.0,0.0,0.0,0.0,0.0,0.0,0.0,0.0,0.0,0.0
10956,0,1,3400,-72,72,80,1.0,4.0,4.0,0.0,0.0,0.0,0.0,0.0,0.0,0.0,0.0,0.0,0.0,0.0
11205,0,1,3400,-72,72,84,1.0,4.0,4.0,0.0,0.0,0.0,0.0,0.0,0.0,0.0,0.0,0.0,0.0,0.0
11454,0,1,3400,-72,72,69,1.0,4.1,4.0,0.0,0.0,0.0,0.0,0.0,0.0,0.0,0.0,0.0,0.0,0.0
11703,0,1,3400,-71,71,74,1.0,3.6,4.0,0.0,0.0,0.0,0.0,0.0,0.0,0.0,0.0,0.0,0.0,0.0
11952,0,1,3400,-72,72,80,1.0,3.9,4.0,0.0,0.0,0.0,0.0,0.0,0.0,0.0,0.0,0.0,0.0,0.0
12201,0,1,3400,-72,72,79,1.0,4.3,4.0,0.0,0.0,0.0,0.0,0.0,0.0,0.0,0.0,0.0,0.0,0.0
12450,0,1,3400,-72,72,80,1.0,4.0,4.0,0.0,0.0,0.0,0.0,0.0,0.0,0.0,0.0,0.0,0.0,0.0
12699,0,1,3400,-72,72,83,1.0,4.2,4.0,0.0,0.0,0.0,0.0,0.0,0.0,0.0,0.0,0.0,0.0,0.0
12948,0,1,3400,-72,72,223,1.0,4.2,4.0,0.0,0.0,0.0,0.0,0.0,0.0,0.0,0.0,0.0,0.0,0.0
13197,0,1,3400,-72,72,140,2.7,3.7,3.7,576,75,0.0,0.0,0.0,0.0,0.0,0.0,0.0,0.0,0.0
13446,0,1,3400,-72,72,83,4.0,3.9,4.0,0.0,100.000000,0.0,0.0,0.0,0.0,0.0,0.0,0.0,0.0,0.0
13695,0,1,3400,-72,72,76,4.0,4.0,4.0,0.0,100.000000,0.0,0.0,0.0,0.0,0.0,0.0,0.0,0.0,0.0
13944,0,1,3400,-72,72,75,4.0,4.2,4.0,0.0,100.000000,0.0,0.0,0.0,0.0,0.0,0.0,0.0,0.0,0.0
14193,0,1,3400,-72,72,73,4.0,4.2,4.0,0.0,100.000000,0.0,0.0,0.0,0.0,0.0,0.0,0.0,0.0,0.0
14442,0,1,3400,-72,72,75,4.0,3.4,4.0,0.0,0.0,0.0,0.0,0.0,0.0,0.0,0.0,0.0,0.0,0.0
14691,0,1,3400,-72,72,87,4.0,4.0,4.0,0.0,0.0,0.0,0.0,0.0,0.0,0.0,0.0,0.0,0.0,0.0
14940,0,1,3400,-72,72,77,4.0,3.4,4.0,0.0,0.0,0.0,0.0,0.0,0.0,0.0,0.0,0.0,0.0,0.0
15189,0,1,3400,-71,71,77,4.0,2.9,4.0,0.0,0.0,0.0,0.0,0.0,0.0,0.0,0.0,0.0,0.0,0.0
15438,0,1,3400,-72,72,82,4.0,3.8,4.0,0.0,0.0,0.0,0.0,0.0,0.0,0.0,0.0,0.0,0.0,0.0
15687,0,1,3400,-72,72,82,4.0,4.0,4.0,0.0,0.0,0.0,0.0,0.0,0.0,0.0,0.0,0.0,0.0,0.0
15936,0,1,3400,-72,72,89,4.0,3.7,4.0,0.0,0.0,0.0,0.0,0.0,0.0,0.0,0.0,0.0,0.0,0.0
16185,0,1,3400,-72,72,114,4.0,3.9,4.0,0.0,0.0,0.0,0.0,0.0,0.0,0.0,0.0,0.0,0.0,0.0
16434,0,1,3400,-72,72,107,2.2,4.0,3.5,576,80,0.0,0.0,0.0,0.0,0.0,0.0,0.0,0.0,0.0
16683,0,1,3400,-72,72,88,4.0,4.0,4.0,0.0,100.000000,0.0,0.0,0.0,0.0,0.0,0.0,0.0,0.0,0.0
16932,0,1,3400,-72,72,83,4.0,4.1,4.0,0.0,100.000000,0.0,0.0,0.0,0.0,0.0,0.0,0.0,0.0,0.0
17181,0,1,3400,-72,72,84,4.0,4.1,4.0,0.0,100.000000,0.0,0.0,0.0,0.0,0.0,0.0,0.0,0.0,0.0
17430,0,1,3400,-72,72,81,4.0,4.0,4.0,0.0,100.000000,0.0,0.0,0.0,0.0,0.0,0.0,0.0,0.0,0.0
17679,0,1,3400,-72,72,77,4.0,3.9,4.0,0.0,0.0,0.0,0.0,0.0,0.0,0.0,0.0,0.0,0.0,0.0
17928,0,1,3400,-72,72,88,4.0,3.9,4.0,0.0,0.0,0.0,0.0,0.0,0.0,0.0,0.0,0.0,0.0,0.0
18177,0,1,3400,-72,72,85,4.0,3.9,4.0,0.0,0.0,0.0,0.0,0.0,0.0,0.0,0.0,0.0,0.0,0.0
18426,0,1,3400,-72,72,84,4.0,3.9,4.0,0.0,0.0,0.0,0.0,0.0,0.0,0.0,0.0,0.0,0.0,0.0
18675,0,1,3400,-71,71,81,4.0,3.6,4.0,0.0,0.0,0.0,0.0,0.0,0.0,0.0,0.0,0.0,0.0,0.0
18924,0,1,3400,-72,72,76,4.0,3.9,4.0,0.0,0.0,0.0,0.0,0.0,0.0,0.0,0.0,0.0,0.0,0.0
19173,0,1,3400,-72,72,88,4.0,3.8,4.0,0.0,0.0,0.0,0.0,0.0,0.0,0.0,0.0,0.0,0.0,0.0
19422,0,1,3400,-72,72,86,4.0,3.8,4.0,0.0,0.0,0.0,0.0,0.0,0.0,0.0,0.0,0.0,0.0,0.0
19671,0,1,3400,-72,72,77,2.9,3.9,3.6,574,75,0.0,0.0,0.0,0.0,0.0,0.0,0.0,0.0,0.0
19920,0,1,3400,-72,72,81,4.0,4.0,4.0,0.0,100.000000,0.0,0.0,0.0,0.0,0.0,0.0,0.0,0.0,0.0
20169,0,1,3400,-72,72,88,2.5,3.9,2.4,2336.000000,33,0.0,0.0,33,224,0,0.0,0.0,0.0,1.0
20418,0,1,3400,-72,72,77,2.8,3.9,2.2,0.0,100.000000,27,0.0,0.0,4160.000000,43,0.0,0.0,0.0,1.0
20667,0,1,3400,-72,72,81,7.2,3.8,2.2,3552.000000,25,27,4.8,0.0,22944.000000,20,0.0,0.0,0.0,1.0
20916,0,1,3400,-72,72,77,2.1,3.9,2.0,2816.000000,20,27,0.22,9.0,7040.000000,40,0.0,0.0,0.0,1.0
21165,0,1,3400,-72,72,79,0.84,4.2,3.6,608,92,27,0.0,0.0,12576.000000,27,0.0,0.0,0.0,1.0
21414,0,1,3400,-72,72,84,0.25,4.1,2.3,0.0,0.0,27,0.0,0.0,0.0,0.0,0.0,0.0,0.0,0.0
21663,0,1,3400,-72,72,89,0.0,4.0,0.0,0.0,0.0,0.0,0.0,0.0,0.0,0.0,0.0,0.0,0.0,0.0
21912,0,1,3400,-72,72,78,0.0,3.8,0.0,0.0,0.0,0.0,0.0,0.0,0.0,0.0,0.0,0.0,0.0,0.0
22161,0,1,3400,-72,72,81,0.0,4.0,0.0,0.0,0.0,0.0,0.0,0.0,0.0,0.0,0.0,0.0,0.0,0.0
22410,0,1,3400,-72,72,86,0.0,3.8,0.0,0.0,0.0,0.0,0.0,0.0,0.0,0.0,0.0,0.0,0.0,0.0
22659,0,1,3400,-72,72,84,0.0,3.9,0.0,0.0,0.0,0.0,0.0,0.0,0.0,0.0,0.0,0.0,0.0,0.0
22908,0,1,3400,-72,72,75,0.0,3.9,0.0,0.0,0.0,0.0,0.0,0.0,0.0,0.0,0.0,0.0,0.0,0.0
23157,0,1,3400,-72,72,76,0.0,3.7,0.0,0.0,0.0,0.0,0.0,0.0,0.0,0.0,0.0,0.0,0.0,0.0
23406,0,1,3400,-71,71,91,0.0,3.3,0.0,0.0,0.0,0.0,0.0,0.0,0.0,0.0,0.0,0.0,0.0,0.0
23655,0,1,3400,-71,71,88,0.77,3.4,1.4,560,67,0.0,0.0,0.0,0.0,0.0,0.0,0.0,0.0,0.0
23904,0,1,3400,-72,72,88,2.6,4.2,1.5,0.0,100.000000,0.0,0.0,0.0,0.0,0.0,0.0,0.0,0.0,0.0
24153,0,1,3400,-72,72,86,3.5,4.2,2.0,0.0,100.000000,0.0,0.0,0.0,0.0,0.0,0.0,0.0,0.0,0.0
24402,0,1,3400,-72,72,82,3.5,4.2,2.0,0.0,100.000000,0.0,0.0,0.0,0.0,0.0,0.0,0.0,0.0,0.0
24651,0,1,3400,-72,72,91,3.5,4.2,2.0,0.0,100.000000,0.0,0.0,0.0,0.0,0.0,0.0,0.0,0.0,0.0
24900,0,1,3400,-72,72,87,3.5,3.9,2.0,0.0,100.000000,0.0,0.0,0.0,0.0,0.0,0.0,0.0,0.0,0.0
25149,0,1,3400,-72,72,92,3.5,3.5,2.0,0.0,0.0,0.0,0.0,0.0,0.0,0.0,0.0,0.0,0.0,0.0
25398,0,1,3400,-72,72,84,3.5,4.0,2.0,0.0,0.0,0.0,0.0,0.0,0.0,0.0,0.0,0.0,0.0,0.0
25647,0,1,3400,-72,72,82,3.5,3.9,2.0,0.0,0.0,0.0,0.0,0.0,0.0,0.0,0.0,0.0,0.0,0.0
25896,0,1,3400,-72,72,77,3.5,4.0,2.0,0.0,0.0,0.0,0.0,0.0,0.0,0.0,0.0,0.0,0.0,0.0
26145,0,1,3400,-72,72,87,3.5,4.0,2.0,0.0,0.0,0.0,0.0,0.0,0.0,0.0,0.0,0.0,0.0,0.0
26394,0,1,3400,-72,72,80,3.5,4.0,2.0,0.0,0.0,0.0,0.0,0.0,0.0,0.0,0.0,0.0,0.0,0.0
26643,0,1,3400,-72,72,85,3.5,4.3,2.0,0.0,0.0,0.0,0.0,0.0,0.0,0.0,0.0,0.0,0.0,0.0
26892,0,1,3400,-69,69,27,2.0,11,0.76,1850.980347,0,0.0,0.0,0.0,0.0,0,0.0,0.0,0.0,0.0
27141,0,1,3400,-69,69,-6.4,2.5,11,0.48,5312.000000,0,27,0.60,0.0,15424.000000,5,0.0,0.0,0.0,1.0
27390,0,1,3400,-69,69,-8.8,5.3,12,0.75,1056.000000,33,27,3.1,0.0,6592.000000,25,0.0,0.0,0.0,1.0
27639,0,1,3400,-69,69,-11,13,12,2.2,0.0,0.0,27,0.0,0.0,0.0,0.0,0.0,0.0,0.0,1.0
27888,0,1,3400,-69,69,-11,13,11,2.2,0.0,0.0,27,0.0,0.0,1568.000000,0,0.0,0.0,0.0,1.0
28137,0,1,3400,-69,69,-6.2,13,11,2.2,0.0,0.0,27,0.0,0.0,0.0,0.0,0.0,0.0,0.0,1.0
28386,0,1,3400,-69,69,-10,13,11,2.2,0.0,0.0,27,0.0,0.0,0.0,0.0,0.0,0.0,0.0,1.0
28635,0,1,3400,-69,69,-11,13,12,2.2,0.0,0.0,27,0.0,0.0,0.0,0.0,0.0,0.0,0.0,1.0
28884,0,1,3400,-69,69,-11,13,11,2.2,0.0,0.0,27,0.0,0.0,1561.752930,0,0.0,0.0,0.0,1.0
29133,0,1,3400,-69,69,-11,13,12,2.2,0.0,0.0,27,0.0,0.0,1568.000000,0,0.0,0.0,0.0,1.0
29382,0,1,3400,-69,69,-13,13,11,2.2,0.0,0.0,27,0.0,0.0,0.0,0.0,0.0,0.0,0.0,1.0
29631,0,1,3400,-69,69,-11,13,11,2.2,0.0,0.0,27,0.0,0.0,1568.000000,0,0.0,1.0,0.0,1.0
29880,0,1,3400,-69,69,-9.3,13,11,2.2,0.0,0.0,27,0.0,0.0,0.0,0.0,0.0,0.0,0.0,1.0
30129,0,1,3400,-69,69,-9.0,13,12,2.2,0.0,0.0,27,0.0,0.0,0.0,0.0,0.0,0.0,0.0,1.0
30378,0,1,3400,-69,69,-8.8,13,12,2.2,0.0,0.0,27,0.0,0.0,0.0,0.0,0.0,0.0,0.0,1.0
30627,0,1,3400,-69,69,-8.5,13,12,2.2,0.0,0.0,27,0.0,0.0,0.0,0.0,0.0,0.0,0.0,1.0
30876,0,1,3400,-69,69,-9.0,13,11,2.2,0.0,0.0,27,0.0,0.0,0.0,0.0,0.0,0.0,0.0,1.0
31125,0,1,3400,-69,69,-8.1,13,11,2.2,0.0,0.0,27,0.0,0.0,0.0,0.0,0.0,0.0,0.0,1.0
31374,0,1,3400,-69,69,-11,13,11,2.2,0.0,0.0,27,0.0,0.0,0.0,0.0,0.0,0.0,0.0,1.0
31623,0,1,3400,-69,69,-12,13,12,2.2,0.0,0.0,27,1.4,0.0,4273.092285,0,0.0,0.0,0.0,1.0
31872,0,1,3400,-69,69,-13,13,12,2.2,0.0,0.0,27,2.0,0.0,0.0,0.0,0.0,0.0,0.0,1.0
32121,0,1,3400,-69,69,-9.5,13,12,2.2,0.0,0.0,27,2.0,0.0,0.0,0.0,0.0,0.0,0.0,1.0
32370,0,1,3400,-69,69,-8.5,13,11,2.2,0.0,0.0,27,3.6,0.0,4256.000000,60,0.0,0.0,0.0,1.0
32619,0,1,3400,-69,69,-7.4,13,11,2.2,0.0,0.0,27,4.0,0.0,0.0,0.0,0.0,0.0,0.0,1.0
32868,0,1,3400,-69,69,-13,13,12,2.2,0.0,0.0,27,3.5,0.0,1568.000000,33,0.0,0.0,0.0,1.0
33117,0,1,3400,-69,69,-10,13,11,2.2,0.0,0.0,27,2.0,0.0,0.0,0.0,0.0,0.0,0.0,1.0
33366,0,1,3400,-69,69,-6.1,13,11,2.2,0.0,0.0,27,2.0,0.0,1568.000000,0,0.0,0.0,0.0,1.0
33615,0,1,3400,-69,69,-9.5,13,11,2.2,0.0,0.0,27,2.0,0.0,0.0,0.0,0.0,0.0,0.0,1.0
33864,0,1,3400,-69,69,-11,13,12,2.2,0.0,0.0,27,2.7,0.0,2581.673340,0,0.0,0.0,0.0,1.0
34113,0,1,3400,-72,72,71,19,4.7,3.4,0.0,100.000000,27,3.0,0.0,0.0,0.0,0.0,0.0,0.0,1.0
34362,0,1,3400,-72,72,94,19,3.8,4.0,576,98,27,3.0,0.0,0.0,0.0,0.0,0.0,0.0,1.0
34611,0,1,3400,-72,72,88,22,3.9,4.0,0.0,100.000000,27,2.4,0.0,19776.000000,12,0.0,0.0,0.0,1.0
34860,0,1,3400,-72,72,91,20,3.3,4.0,0.0,100.000000,27,1.0,0.0,0.0,0.0,0.0,0.0,0.0,1.0
35109,0,1,3400,-72,72,86,22,4.1,4.0,0.0,100.000000,27,1.0,0.0,0.0,0.0,0.0,0.0,0.0,1.0
35358,0,1,3400,-72,72,82,19,3.9,4.0,0.0,100.000000,27,1.0,0.0,0.0,0.0,0.0,0.0,0.0,1.0
35607,0,1,3400,-72,72,96,20,3.6,4.0,0.0,100.000000,27,4.6,0.0,0.0,80,0.0,0.0,0.0,1.0
35856,0,1,3400,-72,72,83,19,3.5,4.0,0.0,100.000000,27,6.3,0.0,8768.000000,0,0.0,0.0,0.0,1.0
36105,0,1,3400,-72,72,90,20,3.8,4.0,0.0,100.000000,27,3.5,0.0,0.0,0.0,0.0,0.0,0.0,1.0
36354,0,1,3400,-71,71,94,19,3.6,4.0,0.0,100.000000,27,3.5,0.0,0.0,0.0,0.0,0.0,0.0,1.0
36603,0,1,3400,-72,72,86,19,4.3,4.0,0.0,100.000000,27,5.1,0.0,37600.000000,21,0.0,0.0,0.0,1.0
36852,0,1,3400,-72,72,80,20,3.9,4.0,0.0,100.000000,27,5.9,0.0,0.0,0.0,0.0,0.0,0.0,1.0
37101,0,1,3400,-72,72,85,27,3.7,4.0,0.0,100.000000,27,5.9,0.0,0.0,0.0,0.0,0.0,0.0,1.0
37350,0,1,3400,-72,72,88,20,4.3,4.0,0.0,100.000000,27,6.0,0.0,0.0,0.0,0.0,0.0,0.0,1.0
37599,0,1,3400,-72,72,92,19,4.1,4.0,0.0,100.000000,27,2.7,0.0,25280.000000,0,0.0,0.0,0.0,1.0
37848,0,1,3400,-72,72,93,20,4.1,4.0,0.0,100.000000,27,0.0,0.0,0.0,0.0,0.0,0.0,0.0,1.0
38097,0,1,3400,-72,72,98,19,3.4,4.0,0.0,100.000000,27,0.0,0.0,0.0,0.0,0.0,0.0,0.0,1.0
38346,0,1,3400,-72,72,123,18,3.3,4.0,0.0,100.000000,27,0.0,0.0,0.0,0.0,0.0,0.0,0.0,1.0
38595,0,1,3400,-72,72,140,19,3.2,4.0,0.0,100.000000,27,0.17,0.0,27392.000000,0,0.0,0.0,0.0,1.0
38844,0,1,3400,-72,72,83,19,3.9,4.0,0.0,100.000000,27,0.0,0.0,0.0,0.0,0.0,0.0,0.0,1.0
39093,0,1,3400,-72,72,88,19,4.2,4.0,0.0,100.000000,27,0.0,0.0,0.0,0.0,0.0,0.0,0.0,1.0
39342,0,1,3400,-72,72,95,22,3.8,4.0,0.0,100.000000,27,0.0,0.0,0.0,0.0,0.0,0.0,0.0,1.0
39591,0,1,3400,-72,72,88,19,4.1,4.0,0.0,100.000000,27,1.3,0.0,14592.000000,0,0.0,0.0,0.0,1.0
39840,0,1,3400,-72,72,92,19,4.4,4.0,0.0,100.000000,27,2.0,0.0,0.0,0.0,0.0,0.0,0.0,1.0
40089,0,1,3400,-72,72,91,22,4.4,4.0,0.0,100.000000,27,2.0,0.0,0.0,0.0,0.0,0.0,0.0,1.0
40338,0,1,3400,-72,72,79,18,3.6,4.0,0.0,100.000000,27,2.0,0.0,0.0,0.0,0.0,0.0,0.0,1.0
40587,0,1,3400,-71,71,89,21,3.0,4.0,0.0,100.000000,27,1.7,0.0,17088.000000,0,0.0,0.0,0.0,1.0
40836,0,1,3400,-72,72,90,20,3.8,4.0,0.0,100.000000,27,0.99,0.0,0.0,0.0,0.0,0.0,0.0,1.0
41085,0,1,3400,-72,72,96,13,3.7,3.9,1056.000000,95,27,1.0,0.0,0.0,0.0,0.0,0.0,0.0,1.0
41334,0,1,3400,-72,72,94,14,3.7,3.7,2816.000000,86,27,0.98,0.0,0.0,0.0,0.0,0.0,0.0,1.0
41583,0,1,3400,-72,72,93,24,3.5,4.0,0.0,100.000000,27,3.0,0.0,19328.000000,0,0.0,0.0,0.0,1.0
41832,0,1,3400,-72,72,85,20,3.9,4.0,0.0,100.000000,27,5.5,0.0,0.0,0.0,0.0,0.0,0.0,1.0
42081,0,1,3400,-72,72,85,21,4.1,4.0,0.0,100.000000,27,5.5,0.0,0.0,0.0,0.0,0.0,0.0,1.0
42330,0,1,3400,-72,72,78,20,4.0,4.0,0.0,100.000000,27,5.5,0.0,0.0,0.0,0.0,0.0,0.0,1.0
42579,0,1,3400,-72,72,89,18,3.6,4.0,0.0,100.000000,27,2.6,0.0,14560.000000,0,0.0,0.0,0.0,1.0
42828,0,1,3400,-72,72,87,20,4.1,4.0,0.0,100.000000,27,0.0,0.0,0.0,0.0,0.0,0.0,0.0,1.0
43077,0,1,3400,-71,71,99,19,2.8,4.0,0.0,100.000000,27,0.0,0.0,0.0,0.0,0.0,0.0,0.0,1.0
43326,0,1,3400,-72,72,101,19,3.6,4.0,0.0,100.000000,27,0.0,0.0,0.0,0.0,0.0,0.0,0.0,1.0
43575,0,1,3400,-72,72,89,21,3.6,4.0,0.0,100.000000,27,2.1,0.0,36672.000000,23,0.0,0.0,0.0,1.0
43824,0,1,3400,-71,71,94,12,3.2,3.6,5184.000000,85,27,4.5,0.0,0.0,0.0,0.0,0.0,0.0,1.0
44073,0,1,3400,-72,72,93,21,3.5,4.0,0.0,100.000000,27,4.5,0.0,0.0,0.0,0.0,0.0,0.0,1.0
44322,0,1,3400,-72,72,87,19,3.5,4.0,0.0,100.000000,27,4.5,0.0,0.0,0.0,0.0,0.0,0.0,1.0
44571,0,1,3400,-71,71,86,22,2.7,4.0,0.0,100.000000,27,2.2,0.0,30848.000000,0,0.0,0.0,0.0,1.0
44820,0,1,3400,-71,71,87,19,2.9,4.0,0.0,100.000000,27,0.0,0.0,0.0,0.0,0.0,0.0,0.0,1.0
45069,0,1,3400,-72,72,91,26,4.1,4.0,0.0,100.000000,27,0.0,0.0,0.0,0.0,0.0,0.0,0.0,1.0
45318,0,1,3400,-72,72,92,21,3.9,4.0,0.0,100.000000,27,0.30,0.0,2592.000000,0,0.0,0.0,0.0,1.0
45567,0,1,3400,-72,72,89,19,4.1,4.0,0.0,100.000000,27,3.8,0.0,25376.000000,17,0.0,0.0,0.0,1.0
45816,0,1,3400,-72,72,82,19,3.8,4.0,0.0,100.000000,27,2.7,0.0,128,0,0.0,0.0,0.0,1.0
46065,0,1,3400,-72,72,89,20,3.9,4.0,0.0,100.000000,27,2.0,0.0,0.0,0.0,0.0,0.0,0.0,1.0
46314,0,1,3400,-72,72,85,20,3.9,4.0,0.0,100.000000,27,2.0,0.0,0.0,0.0,0.0,0.0,0.0,1.0
46563,0,1,3400,-72,72,92,19,4.0,4.0,0.0,100.000000,27,1.3,0.0,20192.000000,0,0.0,0.0,0.0,1.0
46812,0,1,3400,-72,72,90,24,4.1,4.0,0.0,100.000000,27,0.0,0.0,0.0,0.0,0.0,0.0,0.0,1.0
47061,0,1,3400,-72,72,97,27,3.7,4.0,0.0,100.000000,27,0.0,0.0,0.0,0.0,0.0,0.0,0.0,1.0
47310,0,1,3400,-72,72,90,9.2,3.9,3.7,3168.000000,87,27,0.0,0.0,0.0,0.0,0.0,0.0,0.0,1.0
47559,0,1,3400,-72,72,87,19,3.9,4.0,0.0,100.000000,27,2.3,0.0,39968.000000,5,0.0,0.0,0.0,1.0
47808,0,1,3400,-72,72,83,19,3.9,4.0,0.0,100.000000,27,4.0,0.0,0.0,0.0,0.0,0.0,0.0,1.0
48057,0,1,3400,-72,72,76,20,3.6,4.0,0.0,100.000000,27,4.0,0.0,0.0,0.0,0.0,0.0,0.0,1.0
48306,0,1,3400,-72,72,88,21,3.7,4.0,0.0,100.000000,27,4.0,0.0,0.0,0.0,0.0,0.0,0.0,1.0
48555,0,1,3400,-71,71,89,24,3.3,4.0,0.0,100.000000,27,4.0,0.0,0.0,0.0,0.0,0.0,0.0,1.0
48804,0,1,3400,-72,72,87,27,3.8,4.0,0.0,100.000000,27,11,0.0,8256.000000,44,0.0,0.0,0.0,1.0
49053,0,1,3400,-72,72,89,17,4.3,4.0,0.0,100.000000,27,13,0.0,0.0,0.0,0.0,0.0,0.0,1.0
49302,0,1,3400,-72,72,98,19,3.9,4.0,0.0,100.000000,27,13,0.0,0.0,0.0,0.0,0.0,0.0,1.0
49551,0,1,3400,-72,72,84,18,3.9,4.0,0.0,100.000000,27,12,0.0,5280.000000,44,0.0,0.0,0.0,1.0
49800,0,1,3400,-72,72,90,22,3.8,4.0,0.0,100.000000,27,12,0.0,0.0,0.0,0.0,0.0,0.0,1.0
50049,0,1,3400,-72,72,95,19,3.8,4.0,0.0,100.000000,27,12,0.0,0.0,0.0,0.0,0.0,0.0,1.0
50298,0,1,3400,-72,72,93,24,4.1,4.0,0.0,100.000000,27,12,0.0,0.0,0.0,0.0,0.0,0.0,1.0
50547,0,1,3400,-72,72,89,25,4.0,4.0,0.0,100.000000,27,7.6,0.0,52672.000000,0,0.0,0.0,0.0,1.0
50796,0,1,3400,-71,71,102,19,3.4,4.0,0.0,100.000000,27,1.0,0.0,0.0,0.0,0.0,0.0,0.0,1.0
51045,0,1,3400,-72,72,94,18,3.9,4.0,0.0,100.000000,27,0.99,0.0,0.0,0.0,0.0,0.0,0.0,1.0
51294,0,1,3400,-72,72,91,23,3.9,4.0,0.0,100.000000,27,0.99,0.0,0.0,0.0,0.0,0.0,0.0,1.0
51543,0,1,3400,-72,72,98,21,4.2,4.0,0.0,100.000000,27,0.98,0.0,0.0,0.0,0.0,0.0,0.0,1.0
51792,0,1,3400,-72,72,109,19,3.7,4.0,0.0,100.000000,27,3.0,33,11520.000000,36,0.0,0.0,0.0,1.0
52041,0,1,3400,-72,72,134,20,3.8,4.0,0.0,100.000000,27,5.5,33,0.0,0.0,0.0,0.0,0.0,1.0
52290,0,1,3400,-72,72,114,17,3.5,3.9,1408.000000,91,27,5.5,33,0.0,0.0,0.0,0.0,0.0,1.0
52539,0,1,3400,-72,72,90,20,4.0,4.0,0.0,100.000000,27,3.5,32,1568.000000,0,0.0,0.0,0.0,1.0
52788,0,1,3400,-72,72,93,19,4.2,4.0,0.0,100.000000,27,1.0,32,0.0,0.0,0.0,0.0,0.0,1.0
53037,0,1,3400,-72,72,94,19,3.9,4.0,0.0,100.000000,27,0.99,32,0.0,0.0,0.0,0.0,0.0,1.0
53286,0,1,3400,-72,72,113,19,4.0,4.0,0.0,100.000000,27,0.99,32,0.0,0.0,0.0,0.0,0.0,1.0
53535,0,1,3400,-72,72,96,19,4.2,4.0,0.0,100.000000,27,3.9,32,34752.000000,20,0.0,0.0,0.0,1.0
53784,0,1,3400,-72,72,51,16,3.5,4.0,0.0,100.000000,27,9.0,32,0.0,0.0,0.0,0.0,0.0,1.0
54033,0,1,3400,-72,72,89,17,3.0,4.0,0.0,100.000000,27,8.9,32,0.0,0.0,0.0,0.0,0.0,1.0
54282,0,1,3400,-72,72,142,19,3.8,4.0,0.0,100.000000,27,9.0,32,0.0,0.0,0.0,0.0,0.0,1.0
54531,0,1,3400,-72,72,91,19,4.1,4.0,0.0,100.000000,27,8.3,32,1568.000000,57,0.0,0.0,0.0,1.0
54780,0,1,3400,-72,72,89,22,3.8,4.0,0.0,100.000000,27,7.9,32,0.0,0.0,0.0,0.0,0.0,1.0
55029,0,1,3400,-72,72,43,19,4.0,4.0,0.0,100.000000,27,8.0,32,0.0,0.0,0.0,0.0,0.0,1.0
55278,0,1,3400,-72,72,71,19,3.7,4.0,0.0,100.000000,27,8.0,32,0.0,0.0,0.0,0.0,0.0,1.0
55527,0,1,3400,-72,72,27,16,4.1,4.0,0.0,100.000000,27,7.3,32,54016.000000,5,0.0,0.0,0.0,1.0
55776,0,1,3400,-72,72,93,19,4.0,4.0,0.0,100.000000,27,6.5,32,0.0,0.0,0.0,0.0,0.0,1.0
56025,0,1,3400,-71,71,95,19,3.6,4.0,0.0,100.000000,27,6.5,32,0.0,0.0,0.0,0.0,0.0,1.0
56274,0,1,3400,-72,72,94,19,3.9,4.0,0.0,100.000000,27,6.5,32,0.0,0.0,0.0,0.0,0.0,1.0
56523,0,1,3400,-72,72,96,17,3.8,4.0,0.0,0.0,27,6.5,0.0,48727.273438,0,0.0,0.0,0.0,1.0
56772,0,1,3400,-72,72,96,14,4.2,4.0,0.0,100.000000,27,6.5,0.0,0.0,0.0,0.0,0.0,0.0,1.0
57021,0,1,3400,-72,72,102,13,3.6,4.0,0.0,100.000000,27,6.5,0.0,0.0,0.0,0.0,0.0,0.0,1.0
57270,0,1,3400,-72,72,94,13,3.7,4.0,1338.775513,75,27,6.5,0.0,0.0,0.0,0.0,0.0,0.0,1.0
57519,0,1,3400,-69,69,6.5,9.7,12,2.5,1843.750000,92,27,5.8,0.0,219,0,0.0,0.0,0.0,1.0
57768,0,1,3400,-69,69,-9.6,0.0,12,0.83,0.0,0.0,27,0.62,0.0,0.0,0.0,0.0,0.0,0.0,0.0
58017,0,1,3400,-69,69,-8.6,0.0,11,0.0,0.0,0.0,0.0,0.0,0.0,0.0,0.0,0.0,0.0,0.0,0.0
58266,0,1,3400,-69,69,-9.3,0.0,11,0.0,0.0,0.0,0.0,0.0,0.0,0.0,0.0,0.0,0.0,0.0,0.0
58515,0,1,3400,-69,69,-6.7,0.0,12,0.0,0.0,0.0,0.0,0.0,0.0,0.0,0.0,0.0,0.0,0.0,0.0
58764,0,1,3400,-69,69,-7.4,0.0,11,0.0,0.0,0.0,0.0,0.0,0.0,0.0,0.0,0.0,0.0,0.0,0.0
59013,0,1,3400,-69,69,-8.2,0.0,11,0.0,0.0,0.0,0.0,0.0,0.0,0.0,0.0,0.0,0.0,0.0,0.0
59262,0,1,3400,-69,69,-7.1,0.0,11,0.0,0.0,0.0,0.0,0.0,0.0,0.0,0.0,0.0,0.0,0.0,0.0
59511,0,1,3400,-69,69,-6.6,0.0,12,0.0,0.0,0.0,0.0,0.0,0.0,0.0,0.0,0.0,0.0,0.0,0.0
59760,0,1,3400,-69,69,-7.3,0.0,11,0.0,0.0,0.0,0.0,0.0,0.0,0.0,0.0,0.0,0.0,0.0,0.0
60009,0,1,3400,-69,69,-5.1,0.0,11,0.0,0.0,0.0,0.0,0.0,0.0,0.0,0.0,0.0,0.0,0.0,0.0
60258,0,1,3400,-69,69,-8.6,0.0,12,0.0,0.0,0.0,0.0,0.0,0.0,0.0,0.0,0.0,0.0,0.0,0.0
60507,0,1,3400,-69,69,-9.2,0.0,11,0.0,0.0,0.0,0.0,0.0,0.0,0.0,0.0,0.0,0.0,0.0,0.0
60756,0,1,3400,-69,69,-10,0.0,11,0.0,0.0,0.0,0.0,0.0,0.0,0.0,0.0,0.0,0.0,0.0,0.0
61005,0,1,3400,-69,69,-11,0.0,11,0.0,0.0,0.0,0.0,0.0,0.0,0.0,0.0,0.0,0.0,0.0,0.0
61254,0,1,3400,-69,69,-8.2,0.0,11,0.0,0.0,0.0,0.0,0.0,0.0,0.0,0.0,0.0,0.0,0.0,0.0
61503,0,1,3400,-69,69,-6.2,0.0,11,0.13,0.0,0.0,0.0,0.0,0.0,0.0,0.0,0.0,0.0,0.0,0.0
61752,0,1,3400,-69,69,-7.0,0.0,11,0.25,0.0,0.0,0.0,0.0,0.0,0.0,0.0,0.0,0.0,0.0,0.0
62001,0,1,3400,-69,69,-9.8,0.0,11,0.25,0.0,0.0,0.0,0.0,0.0,0.0,0.0,0.0,0.0,0.0,0.0
62250,0,1,3400,-69,69,-8.9,0.0,11,0.25,0.0,0.0,0.0,0.0,0.0,0.0,0.0,0.0,0.0,0.0,0.0
62499,0,1,3400,-69,69,-6.9,0.0,11,0.25,0.0,0.0,0.0,0.0,0.0,0.0,0.0,0.0,0.0,0.0,0.0
62748,0,1,3400,-69,69,-8.7,0.0,12,0.25,0.0,0.0,0.0,0.0,0.0,0.0,0.0,0.0,0.0,0.0,0.0
62997,0,1,3400,-69,69,-8.0,0.0,14,0.25,0.0,0.0,0.0,0.0,0.0,0.0,0.0,0.0,0.0,0.0,0.0
63246,0,1,3400,-70,70,-7.9,0.0,17,0.25,0.0,0.0,0.0,0.0,0.0,0.0,0.0,0.0,0.0,0.0,0.0
63495,0,1,3400,-70,70,-7.3,0.0,17,0.25,0.0,0.0,0.0,0.0,0.0,0.0,0.0,0.0,0.0,0.0,0.0
63744,0,1,3400,-70,70,-6.3,0.0,16,0.25,0.0,0.0,0.0,0.0,0.0,0.0,0.0,0.0,0.0,0.0,0.0
63993,0,1,3400,-70,70,-7.3,0.0,16,0.25,0.0,0.0,0.0,0.0,0.0,0.0,0.0,0.0,0.0,0.0,0.0
64242,0,1,3400,-70,70,-6.2,0.0,16,0.25,0.0,0.0,0.0,0.0,0.0,0.0,0.0,0.0,0.0,0.0,0.0
64491,0,1,3400,-70,70,-7.3,0.0,16,0.25,0.0,0.0,0.0,0.0,0.0,0.0,0.0,0.0,0.0,0.0,0.0
64740,0,1,3400,-70,70,-4.8,0.0,16,0.25,0.0,0.0,0.0,0.0,0.0,0.0,0.0,0.0,0.0,0.0,0.0
64989,0,1,3400,-70,70,-5.1,0.0,15,0.25,0.0,0.0,0.0,0.0,0.0,0.0,0.0,0.0,0.0,0.0,0.0
65238,0,1,3400,-70,70,-8.0,0.0,16,0.25,0.0,0.0,0.0,0.0,0.0,0.0,0.0,0.0,0.0,0.0,0.0
65487,0,1,3400,-70,70,-11,0.0,17,0.25,0.0,0.0,0.0,0.0,0.0,0.0,0.0,0.0,0.0,0.0,0.0
65736,0,1,3400,-70,70,-11,0.0,16,0.25,0.0,0.0,0.0,0.0,0.0,0.0,0.0,0.0,0.0,0.0,0.0
65985,0,1,3400,-70,70,-9.6,0.0,17,0.40,0.0,0.0,0.0,0.0,0.0,0.0,0.0,0.0,0.0,0.0,0.0
66234,0,1,3400,-70,70,-10,0.0,16,0.50,0.0,0.0,0.0,0.0,0.0,0.0,0.0,0.0,0.0,0.0,0.0
66483,0,1,3400,-70,70,-7.4,0.0,16,0.50,0.0,0.0,0.0,0.0,0.0,0.0,0.0,0.0,0.0,0.0,0.0
66732,0,1,3400,-70,70,-7.6,0.0,16,0.50,0.0,0.0,0.0,0.0,0.0,0.0,0.0,0.0,0.0,0.0,0.0
66981,0,1,3400,-70,70,-8.0,0.0,16,0.50,0.0,0.0,0.0,0.0,0.0,0.0,0.0,0.0,0.0,0.0,0.0
67230,0,1,3400,-70,70,-9.8,0.0,17,0.50,0.0,0.0,0.0,0.0,0.0,0.0,0.0,0.0,0.0,0.0,0.0
67479,0,1,3400,-70,70,-8.4,0.0,16,0.50,0.0,0.0,0.0,0.0,0.0,0.0,0.0,0.0,0.0,0.0,0.0
67728,0,1,3400,-70,70,-8.6,0.0,15,0.50,0.0,0.0,0.0,0.0,0.0,0.0,0.0,0.0,0.0,0.0,0.0
67977,0,1,3400,-70,70,-9.1,0.0,16,0.50,0.0,0.0,0.0,0.0,0.0,0.0,0.0,0.0,0.0,0.0,0.0
68226,0,1,3400,-70,70,-10,0.0,17,0.50,0.0,0.0,0.0,0.0,0.0,0.0,0.0,0.0,0.0,0.0,0.0
68475,0,1,3400,-70,70,-8.2,0.0,16,0.50,0.0,0.0,0.0,0.0,0.0,0.0,0.0,0.0,0.0,0.0,0.0
68724,0,1,3400,-70,70,-6.1,0.0,17,0.50,0.0,0.0,0.0,0.0,0.0,0.0,0.0,0.0,0.0,0.0,0.0
68973,0,1,3400,-70,70,-8.0,0.0,16,0.50,0.0,0.0,0.0,0.0,0.0,0.0,0.0,0.0,0.0,0.0,0.0
69222,0,1,3400,-70,70,-5.9,0.0,16,0.50,0.0,0.0,0.0,0.0,0.0,0.0,0.0,0.0,0.0,0.0,0.0
69471,0,1,3400,-70,70,-6.0,0.0,16,0.50,0.0,0.0,0.0,0.0,0.0,0.0,0.0,0.0,0.0,0.0,0.0
69720,0,1,3400,-70,70,-7.7,0.0,16,0.50,0.0,0.0,0.0,0.0,0.0,0.0,0.0,0.0,0.0,0.0,0.0
69969,0,1,3400,-70,70,-9.9,0.0,16,0.50,0.0,0.0,0.0,0.0,0.0,0.0,0.0,0.0,0.0,0.0,0.0
70218,0,1,3400,-70,70,-8.7,0.0,16,0.50,0.0,0.0,0.0,0.0,0.0,0.0,0.0,0.0,0.0,0.0,0.0
70467,0,1,3400,-70,70,-9.6,0.0,16,0.50,0.0,0.0,0.0,0.0,0.0,0.0,0.0,0.0,0.0,0.0,0.0
70716,0,1,3400,-70,70,-9.6,0.0,16,0.50,0.0,0.0,0.0,0.0,0.0,0.0,0.0,0.0,0.0,0.0,0.0
70965,0,1,3400,-70,70,-7.8,0.0,16,0.50,0.0,0.0,0.0,0.0,0.0,0.0,0.0,0.0,0.0,0.0,0.0
71214,0,1,3400,-70,70,-8.4,0.0,16,0.50,0.0,0.0,0.0,0.0,0.0,0.0,0.0,0.0,0.0,0.0,0.0
71463,0,1,3400,-70,70,-8.2,0.0,17,0.50,0.0,0.0,0.0,0.0,0.0,0.0,0.0,0.0,0.0,0.0,0.0
71712,0,1,3400,-70,70,-6.7,0.0,16,0.50,0.0,0.0,0.0,0.0,0.0,0.0,0.0,0.0,0.0,0.0,0.0
71961,0,1,3400,-70,70,-8.9,0.0,17,0.50,0.0,0.0,0.0,0.0,0.0,0.0,0.0,0.0,0.0,0.0,0.0
72210,0,1,3400,-70,70,-6.3,0.0,16,0.50,0.0,0.0,0.0,0.0,0.0,0.0,0.0,0.0,0.0,0.0,0.0
72459,0,1,3400,-70,70,-6.7,0.0,15,0.50,0.0,0.0,0.0,0.0,0.0,0.0,0.0,0.0,0.0,0.0,0.0
72708,0,1,3400,-70,70,-4.0,0.0,16,0.50,0.0,0.0,0.0,0.0,0.0,0.0,0.0,0.0,0.0,0.0,0.0
72957,0,1,3400,-70,70,-5.5,0.0,17,0.50,0.0,0.0,0.0,0.0,0.0,0.0,0.0,0.0,0.0,0.0,0.0
73206,0,1,3400,-70,70,-6.6,0.0,16,0.50,0.0,0.0,0.0,0.0,0.0,0.0,0.0,0.0,0.0,0.0,0.0
73455,0,1,3400,-70,70,-6.6,0.0,16,0.50,0.0,0.0,0.0,0.0,0.0,0.0,0.0,0.0,0.0,0.0,0.0
73704,0,1,3400,-70,70,-8.1,0.0,16,0.50,0.0,0.0,0.0,0.0,0.0,0.0,0.0,0.0,0.0,0.0,0.0
73953,0,1,3400,-70,70,-8.4,0.0,16,0.50,0.0,0.0,0.0,0.0,0.0,0.0,0.0,0.0,0.0,0.0,0.0
74202,0,1,3400,-70,70,-8.5,0.0,17,0.50,0.0,0.0,0.0,0.0,0.0,0.0,0.0,0.0,0.0,0.0,0.0
74451,0,1,3400,-70,70,-8.0,0.0,16,0.50,0.0,0.0,0.0,0.0,0.0,0.0,0.0,0.0,0.0,0.0,0.0
74700,0,1,3400,-70,70,-8.2,0.0,17,0.50,0.0,0.0,0.0,0.0,0.0,0.0,0.0,0.0,0.0,0.0,0.0
74949,0,1,3400,-70,70,-7.2,0.0,17,0.50,0.0,0.0,0.0,0.0,0.0,0.0,0.0,0.0,0.0,0.0,0.0
75198,0,1,3400,-70,70,-10,0.0,16,0.50,0.0,0.0,0.0,0.0,0.0,0.0,0.0,0.0,0.0,0.0,0.0
75447,0,1,3400,-70,70,-11,0.0,17,0.50,0.0,0.0,0.0,0.0,0.0,0.0,0.0,0.0,0.0,0.0,0.0
75696,0,1,3400,-70,70,-11,0.0,16,0.50,0.0,0.0,0.0,0.0,0.0,0.0,0.0,0.0,0.0,0.0,0.0
75945,0,1,3400,-70,70,-7.9,0.0,17,0.50,0.0,0.0,0.0,0.0,0.0,0.0,0.0,0.0,0.0,0.0,0.0
76194,0,1,3400,-70,70,-7.9,0.0,16,0.50,0.0,0.0,0.0,0.0,0.0,0.0,0.0,0.0,0.0,0.0,0.0
76443,0,1,3400,-70,70,-8.7,0.0,16,0.50,0.0,0.0,0.0,0.0,0.0,0.0,0.0,0.0,0.0,0.0,0.0
76692,0,1,3400,-70,70,-8.2,0.64,16,0.50,1024.000000,0,0.0,0.0,33,224,0,0.0,0.0,0.0,1.0
76941,0,1,3400,-70,70,-8.9,2.0,15,0.50,0.0,0.0,27,0.0,33,0.0,0.0,0.0,0.0,0.0,1.0
77190,0,1,3400,-70,70,-6.9,2.5,16,0.50,1920.000000,0,27,2.4,0.0,19840.000000,17,0.0,0.0,0.0,1.0
77439,0,1,3400,-70,70,-8.0,4.5,16,0.50,8796.812500,0,27,6.0,0.0,71585.656250,0,0.0,0.0,0.0,1.0
77688,0,1,3400,-70,70,-10,7.0,16,0.84,36096.000000,5,27,6.7,0.0,8224.000000,0,0.0,0.0,0.0,1.0
77937,0,1,3400,-70,70,-8.2,12,16,0.60,77344.000000,4,27,5.6,0.0,45632.000000,0,0.0,0.0,0.0,1.0
78186,0,1,3400,-70,70,-7.6,13,16,0.57,127520.000000,0,27,6.1,363,48128.000000,0,0.0,0.0,0.0,1.0
78435,0,1,3400,-70,70,-6.0,13,16,0.76,81408.000000,4,27,4.0,0.0,71680.000000,0,0.0,0.0,0.0,1.0
78684,0,1,3400,-70,70,-4.8,18,16,2.0,50592.000000,50,27,6.5,0.0,57344.000000,0,0.0,0.0,0.0,1.0
78933,0,1,3400,-70,70,-7.2,27,15,4.0,0.0,100.000000,27,7.0,0.0,0.0,0.0,0.0,0.0,0.0,1.0
79182,0,1,3400,-70,70,-6.1,27,17,4.0,0.0,100.000000,27,7.0,0.0,0.0,0.0,0.0,0.0,0.0,1.0
79431,0,1,3400,-70,70,-6.4,27,15,4.0,0.0,100.000000,27,6.9,0.0,0.0,0.0,0.0,0.0,0.0,1.0
79680,0,1,3400,-70,70,-11,26,16,3.8,27072.000000,93,27,7.0,0.0,0.0,0.0,0.0,0.0,0.0,1.0
79929,0,1,3400,-70,70,-12,12,15,0.93,235584.000000,6,27,6.6,0.0,25152.000000,0,0.0,0.0,0.0,1.0
80178,0,1,3400,-70,70,-9.9,8.8,15,0.66,184384.000000,1,27,5.6,0.0,149344.000000,0,0.0,0.0,0.0,1.0
80427,0,1,3400,-70,70,-9.0,11,16,0.64,239744.000000,0,27,5.5,0.0,0.0,0.0,0.0,0.0,0.0,1.0
80676,0,1,3400,-70,70,-7.4,12,16,0.87,245600.000000,5,27,5.5,0.0,0.0,0.0,0.0,0.0,0.0,1.0
80925,0,1,3400,-70,70,-8.4,13,16,0.78,260352.000000,5,27,5.5,581,0.0,0.0,0.0,0.0,0.0,1.0
81174,0,1,3400,-70,70,-9.5,13,16,0.57,86784.000000,0,27,5.3,0.0,65536.000000,0,0.0,0.0,0.0,1.0
81423,0,1,3400,-70,70,-7.0,9.9,16,0.70,96096.000000,5,27,5.5,0.0,0.0,0.0,0.0,0.0,0.0,1.0
81672,0,1,3400,-70,70,-5.7,15,15,1.4,256768.000000,11,27,5.5,0.0,0.0,0.0,0.0,0.0,0.0,1.0
81921,0,1,3400,-70,70,-8.0,20,16,2.8,327328.000000,32,27,5.5,0.0,0.0,0.0,0.0,0.0,0.0,1.0
82170,0,1,3400,-70,70,-8.6,13,16,0.86,216960.000000,2,27,5.5,0.0,34368.000000,0,0.0,0.0,0.0,1.0
82419,0,1,3400,-70,70,-5.9,9.4,16,0.58,197664.000000,1,27,5.5,0.0,0.0,0.0,0.0,0.0,0.0,1.0
82668,0,1,3400,-70,70,-8.0,4.0,15,0.50,82944.000000,0,27,5.5,0.0,0.0,0.0,0.0,0.0,0.0,1.0
82917,0,1,3400,-70,70,-8.0,10,16,0.58,120032.000000,0,27,5.5,581,0.0,0.0,0.0,0.0,0.0,1.0
83166,0,1,3400,-70,70,-5.5,13,15,0.75,73216.000000,0,27,3.8,0.0,70528.000000,0,0.0,0.0,0.0,1.0
83415,0,1,3400,-70,70,-6.3,11,16,0.56,51840.000000,0,27,3.5,0.0,0.0,0.0,0.0,0.0,0.0,1.0
83664,0,1,3400,-70,70,-5.3,4.1,15,0.50,25600.000000,0,27,3.5,0.0,0.0,0.0,0.0,0.0,0.0,1.0
83913,0,1,3400,-70,70,-7.9,5.1,16,0.50,33760.000000,0,27,3.5,0.0,0.0,0.0,0.0,0.0,0.0,1.0
84162,0,1,3400,-70,70,-4.1,8.6,16,0.52,37227.089844,0,27,3.9,0.0,50836.652344,0,0.0,0.0,0.0,1.0
84411,0,1,3400,-70,70,-4.5,13,16,0.64,105632.000000,0,27,5.5,0.0,0.0,0.0,0.0,0.0,0.0,1.0
84660,0,1,3400,-70,70,-7.6,13,16,0.86,198880.000000,5,27,5.5,0.0,0.0,0.0,0.0,0.0,0.0,1.0
84909,0,1,3400,-70,70,-8.1,14,15,1.1,113728.000000,7,27,5.4,0.0,60224.000000,0,0.0,0.0,0.0,1.0
85158,0,1,3400,-70,70,-9.1,15,16,1.4,105344.000000,4,27,5.4,0.0,0.0,0.0,0.0,0.0,0.0,1.0
85407,0,1,3400,-70,70,-10.0,6.3,16,0.52,54880.000000,0,27,5.5,0.0,0.0,0.0,0.0,0.0,0.0,1.0
85656,0,1,3400,-70,70,-8.8,21,16,2.8,16706.828125,76,27,5.5,0.0,0.0,0.0,0.0,0.0,0.0,1.0
85905,0,1,3400,-70,70,-9.6,27,16,4.0,0.0,100.000000,27,5.5,0.0,0.0,0.0,0.0,0.0,0.0,1.0
86154,0,1,3400,-70,70,-8.1,27,16,4.0,0.0,100.000000,27,5.5,0.0,0.0,0.0,0.0,0.0,0.0,1.0
86403,0,1,3400,-70,70,-7.7,8.8,16,1.1,196128.000000,11,27,5.5,0.0,4256.000000,0,0.0,0.0,0.0,1.0
86652,0,1,3400,-70,70,-7.4,12,16,0.74,259168.000000,1,27,5.5,0.0,27872.000000,0,0.0,0.0,0.0,1.0
86901,0,1,3400,-70,70,-8.0,8.4,16,0.72,212512.000000,1.0,27,5.3,0.0,68160.000000,0,0.0,0.0,0.0,1.0
87150,0,1,3400,-70,70,-10,13,16,0.74,294720.000000,3,27,4.0,0.0,0.0,0.0,0.0,0.0,0.0,1.0
87399,0,1,3400,-70,70,-8.9,12,16,0.64,259136.000000,1,27,4.0,0.0,0.0,0.0,0.0,0.0,0.0,1.0
87648,0,1,3400,-70,70,-6.6,8.3,15,0.60,189504.000000,1,27,4.0,0.0,0.0,0.0,0.0,0.0,0.0,1.0
87897,0,1,3400,-70,70,-6.5,11,15,0.66,176800.000000,0,27,4.0,581,0.0,0.0,0.0,0.0,0.0,1.0
88146,0,1,3400,-70,70,-5.5,11,16,0.63,228320.000000,0,27,7.6,0.0,65888.000000,0,0.0,0.0,0.0,1.0
88395,0,1,3400,-70,70,-5.8,11,15,0.61,229536.000000,1,27,7.9,0.0,0.0,0.0,0.0,0.0,0.0,1.0
88644,0,1,3400,-70,70,-5.6,14,16,1.1,209728.000000,19,27,8.0,0.0,0.0,0.0,0.0,0.0,0.0,1.0
88893,0,1,3400,-70,70,-1.0,25,16,3.9,14912.000000,97,27,8.0,0.0,0.0,0.0,0.0,0.0,0.0,1.0
89142,0,1,3400,-70,70,-5.8,27,15,3.9,3072.000000,96,27,7.9,0.0,0.0,0.0,0.0,0.0,0.0,1.0
89391,0,1,3400,-70,70,-4.3,2.2,16,0.51,51840.000000,0,27,8.0,0.0,0.0,0.0,0.0,0.0,0.0,1.0
89640,0,1,3400,-70,70,-7.3,7.7,15,0.66,161920.000000,1,27,7.3,0.0,41152.000000,0,0.0,0.0,0.0,1.0
89889,0,1,3400,-70,70,-9.3,13,16,1.0,266752.000000,10,27,5.5,581,0.0,0.0,0.0,0.0,0.0,1.0
90138,0,1,3400,-70,70,-7.7,13,16,0.76,329664.000000,6,27,5.4,0.0,59488.000000,0,0.0,0.0,0.0,1.0
90387,0,1,3400,-70,70,-7.2,14,15,1.2,249888.000000,12,27,5.5,0.0,0.0,0.0,0.0,0.0,0.0,1.0
90636,0,1,3400,-70,70,-7.5,15,16,2.0,108621.515625,33,27,5.5,0.0,0.0,0.0,0.0,0.0,0.0,1.0
90885,0,1,3400,-70,70,-5.1,12,16,0.73,239104.000000,5,27,5.5,581,0.0,0.0,0.0,0.0,0.0,1.0
91134,0,1,3400,-70,70,-5.3,13,16,0.68,298720.000000,5,27,6.8,0.0,70464.000000,0,0.0,0.0,0.0,1.0
91383,0,1,3400,-70,70,-9.2,27,16,3.9,0.0,100.000000,27,7.0,0.0,0.0,0.0,0.0,0.0,0.0,1.0
91632,0,1,3400,-70,70,-7.2,13,16,1.6,125258.960938,27,27,6.9,0.0,0.0,0.0,0.0,0.0,0.0,1.0
91881,0,1,3400,-70,70,-7.9,11,16,0.67,246522.093750,1,27,7.0,581,0.0,0.0,0.0,0.0,0.0,1.0
92130,0,1,3400,-70,70,-8.6,13,16,0.70,299232.000000,3,27,4.1,0.0,42176.000000,0,0.0,0.0,0.0,1.0
92379,0,1,3400,-70,70,-8.1,12,15,0.81,266848.000000,2,27,4.0,0.0,0.0,0.0,0.0,0.0,0.0,1.0
92628,0,1,3400,-70,70,-4.4,17,16,1.7,195264.000000,36,27,4.0,0.0,0.0,0.0,0.0,0.0,0.0,1.0
92877,0,1,3400,-70,70,-4.8,27,15,4.0,0.0,100.000000,27,4.0,0.0,0.0,0.0,0.0,0.0,0.0,1.0
93126,0,1,3400,-70,70,-4.9,13,16,1.9,44032.000000,39,27,4.0,0.0,0.0,0.0,0.0,0.0,0.0,1.0
93375,0,1,3400,-70,70,-5.7,3.5,15,0.53,65120.000000,0,27,6.0,0.0,39296.000000,0,0.0,0.0,0.0,1.0
93624,0,1,3400,-70,70,-5.9,11,15,0.81,230272.000000,3,27,6.5,0.0,0.0,0.0,0.0,0.0,0.0,1.0
93873,0,1,3400,-70,70,-6.3,12,16,0.64,243936.000000,2,27,6.5,581,0.0,0.0,0.0,0.0,0.0,1.0
94122,0,1,3400,-70,70,-8.0,12,16,0.77,277600.000000,4,27,5.4,0.0,49408.000000,0,0.0,0.0,0.0,1.0
94371,0,1,3400,-70,70,-6.8,13,16,0.78,189024.000000,11,27,5.5,0.0,0.0,0.0,0.0,0.0,0.0,1.0
94620,0,1,3400,-70,70,-7.3,13,16,0.69,273120.000000,4,27,5.5,0.0,0.0,0.0,0.0,0.0,0.0,1.0
94869,0,1,3400,-70,70,-6.0,12,16,0.88,232576.000000,5,27,5.4,0.0,63872.000000,0,0.0,0.0,0.0,1.0
95118,0,1,3400,-70,70,-5.1,13,16,0.80,181792.000000,7,27,4.5,0.0,0.0,0.0,0.0,0.0,0.0,1.0
95367,0,1,3400,-70,70,-8.3,9.7,16,0.56,190720.000000,0,27,4.5,0.0,0.0,0.0,0.0,0.0,0.0,1.0
95616,0,1,3400,-70,70,-9.7,13,16,0.76,289664.000000,5,27,4.5,0.0,0.0,0.0,0.0,0.0,0.0,1.0
95865,0,1,3400,-70,70,-6.9,15,16,1.2,317728.000000,11,27,4.5,0.0,0.0,0.0,0.0,0.0,0.0,1.0
96114,0,1,3400,-70,70,-4.3,15,16,1.0,382976.000000,3,27,4.1,0.0,32320.000000,0,0.0,0.0,0.0,1.0
96363,0,1,3400,-70,70,1.4,12,16,0.68,266944.000000,0,27,4.0,0.0,0.0,0.0,0.0,0.0,0.0,1.0
96612,0,1,3400,-70,70,-3.3,8.8,14,0.56,175616.000000,0,27,4.0,0.0,0.0,0.0,0.0,0.0,0.0,1.0
96861,0,1,3400,-70,70,-6.6,10,15,0.59,227840.000000,0,27,4.0,581,0.0,0.0,0.0,0.0,0.0,1.0
97110,0,1,3400,-70,70,-3.1,16,17,1.4,260525.890625,23,27,5.5,0.0,39904.382812,0,0.0,0.0,0.0,1.0
97359,0,1,3400,-70,70,-6.7,27,15,4.0,0.0,100.000000,27,5.5,0.0,0.0,0.0,0.0,0.0,0.0,1.0
97608,0,1,3400,-70,70,-7.6,27,16,4.0,0.0,100.000000,27,5.5,0.0,0.0,0.0,0.0,0.0,0.0,1.0
97857,0,1,3400,-70,70,-8.9,15,16,1.9,83823.296875,43,27,5.5,0.0,0.0,0.0,0.0,0.0,0.0,1.0
98106,0,1,3400,-70,70,-11,11,16,0.76,180047.812500,6,27,5.5,0.0,40733.066406,0,0.0,0.0,0.0,1.0
98355,0,1,3400,-70,70,-8.3,20,16,3.0,14522.087891,79,27,5.5,0.0,0.0,0.0,0.0,0.0,0.0,1.0
98604,0,1,3400,-70,70,-8.6,26,16,3.8,3136.000000,91,27,5.5,0.0,0.0,0.0,0.0,0.0,0.0,1.0
98853,0,1,3400,-70,70,-6.5,10,16,0.70,59520.000000,0,27,5.5,0.0,0.0,0.0,0.0,0.0,0.0,1.0
99102,0,1,3400,-70,70,-7.2,12,16,0.80,104832.000000,3,27,8.4,0.0,48224.000000,0,0.0,0.0,0.0,1.0
99351,0,1,3400,-70,70,-4.5,13,16,0.74,152800.000000,7,27,9.5,0.0,0.0,0.0,0.0,0.0,0.0,1.0
99600,0,1,3400,-70,70,-7.0,10,16,0.70,218944.000000,2,27,9.5,0.0,0.0,0.0,0.0,0.0,0.0,1.0
99849,0,1,3400,-70,70,-6.2,10,15,0.81,221152.000000,1,27,9.5,581,0.0,0.0,0.0,0.0,0.0,1.0
100098,0,1,3400,-70,70,-7.7,11,16,0.68,201280.000000,4,27,4.2,0.0,37440.000000,0,0.0,0.0,0.0,1.0
100347,0,1,3400,-70,70,-11,27,16,4.0,0.0,100.000000,27,4.0,0.0,0.0,0.0,0.0,0.0,0.0,1.0
100596,0,1,3400,-70,70,-4.0,27,16,4.0,0.0,100.000000,27,4.0,0.0,0.0,0.0,0.0,0.0,0.0,1.0
100845,0,1,3400,-70,70,-5.5,27,15,4.0,0.0,100.000000,27,4.0,0.0,0.0,0.0,0.0,0.0,0.0,1.0
101094,0,1,3400,-70,70,-8.6,12,15,1.2,211392.000000,9,27,4.4,0.0,78112.000000,0,0.0,0.0,0.0,1.0
101343,0,1,3400,-70,70,-8.5,10,16,0.62,193632.000000,0,27,5.5,0.0,0.0,0.0,0.0,0.0,0.0,1.0
101592,0,1,3400,-70,70,-7.4,11,16,0.58,136000.000000,0,27,5.5,0.0,0.0,0.0,0.0,0.0,0.0,1.0
101841,0,1,3400,-70,70,-9.8,12,15,0.75,86048.000000,3,27,5.5,0.0,0.0,0.0,0.0,0.0,0.0,1.0
102090,0,1,3400,-70,70,-9.4,8.8,16,0.54,45472.000000,0,27,5.5,0.0,0.0,0.0,0.0,0.0,0.0,1.0
102339,0,1,3400,-70,70,-8.1,11,17,0.80,65568.000000,9,27,4.2,0.0,62624.000000,0,0.0,0.0,0.0,1.0
102588,0,1,3400,-70,70,-6.5,6.7,16,1.2,25600.000000,13,27,4.0,0.0,0.0,0.0,0.0,0.0,0.0,1.0
102837,0,1,3400,-70,70,-3.4,13,16,0.75,270112.000000,5,27,4.0,581,0.0,0.0,0.0,0.0,0.0,1.0
103086,0,1,3400,-70,70,-5.5,15,15,1.4,235520.000000,15,27,4.6,0.0,33984.000000,0,0.0,0.0,0.0,1.0
103335,0,1,3400,-70,70,-5.7,15,16,1.2,148544.000000,11,27,4.5,0.0,0.0,0.0,0.0,0.0,0.0,1.0
103584,0,1,3400,-70,70,-6.0,10,16,0.68,88573.703125,6,27,4.5,0.0,0.0,0.0,0.0,0.0,0.0,1.0
103833,0,1,3400,-70,70,-6.7,13,16,0.75,88992.000000,0,27,4.5,0.0,0.0,0.0,0.0,0.0,0.0,1.0
104082,0,1,3400,-70,70,-7.1,19,16,2.2,43392.000000,48,27,8.3,0.0,58496.000000,0,0.0,0.0,0.0,1.0
104331,0,1,3400,-70,70,-6.8,27,16,4.0,0.0,100.000000,27,9.5,0.0,0.0,0.0,0.0,0.0,0.0,1.0
104580,0,1,3400,-70,70,-6.4,27,16,4.0,0.0,100.000000,27,9.5,0.0,0.0,0.0,0.0,0.0,0.0,1.0
104829,0,1,3400,-70,70,-7.2,12,16,1.4,38688.000000,12,27,9.5,0.0,0.0,0.0,0.0,0.0,0.0,1.0
105078,0,1,3400,-70,70,-4.1,10,16,0.62,71584.000000,4,27,9.5,0.0,0.0,0.0,0.0,0.0,0.0,1.0
105327,0,1,3400,-70,70,-8.0,6.5,15,0.83,27712.000000,5,27,8.7,0.0,75136.000000,0,0.0,0.0,0.0,1.0
105576,0,1,3400,-70,70,-3.0,18,15,2.0,125184.000000,8,27,7.0,0.0,0.0,0.0,0.0,0.0,0.0,1.0
105825,0,1,3400,-70,70,-4.2,18,16,1.5,137536.000000,4,27,7.0,581,0.0,0.0,0.0,0.0,0.0,1.0
106074,0,1,3400,-70,70,-7.4,18,15,2.6,87584.000000,26,27,7.7,0.0,70272.000000,0,0.0,0.0,0.0,1.0
106323,0,1,3400,-70,70,-6.3,11,16,0.88,69440.000000,7,27,8.0,0.0,0.0,0.0,0.0,0.0,0.0,1.0
106572,0,1,3400,-70,70,-6.1,6.0,16,0.50,28224.000000,0,27,8.0,0.0,0.0,0.0,0.0,0.0,0.0,1.0
106821,0,1,3400,-70,70,-7.1,12,16,0.60,95072.000000,0,27,8.0,0.0,0.0,0.0,0.0,0.0,0.0,1.0
107070,0,1,3400,-70,70,-9.1,18,16,2.2,116608.000000,26,27,6.3,0.0,74656.000000,0,0.0,0.0,0.0,1.0
107319,0,1,3400,-70,70,-7.9,20,15,2.7,98816.000000,36,27,5.5,0.0,0.0,0.0,0.0,0.0,0.0,1.0
107568,0,1,3400,-70,70,-7.7,18,16,1.7,95296.000000,10,27,5.5,0.0,0.0,0.0,0.0,0.0,0.0,1.0
107817,0,1,3400,-70,70,-7.3,13,16,1.0,77440.000000,4,27,5.5,0.0,0.0,0.0,0.0,0.0,0.0,1.0
108066,0,1,3400,-70,70,-7.3,11,16,0.58,89696.000000,3,27,6.5,0.0,37312.000000,0,0.0,0.0,0.0,1.0
108315,0,1,3400,-70,70,-8.8,9.8,16,0.77,75872.000000,4,27,7.0,0.0,0.0,0.0,0.0,0.0,0.0,1.0
108564,0,1,3400,-70,70,-9.3,4.5,16,0.50,34336.000000,0,27,7.0,0.0,0.0,0.0,0.0,0.0,0.0,1.0
108813,0,1,3400,-70,70,-7.9,1.0,16,0.50,32832.000000,0,27,7.0,0.0,0.0,0.0,0.0,0.0,0.0,1.0
109062,0,1,3400,-70,70,-6.1,6.9,16,0.57,122656.000000,0,27,5.3,0.0,34656.000000,0,0.0,0.0,0.0,1.0
109311,0,1,3400,-70,70,-5.4,11,15,0.59,214112.000000,0,27,3.5,0.0,0.0,0.0,0.0,0.0,0.0,1.0
109560,0,1,3400,-70,70,-6.3,11,15,0.74,222688.000000,6,27,3.5,0.0,0.0,0.0,0.0,0.0,0.0,1.0
109809,0,1,3400,-70,70,-5.2,7.4,14,0.53,122112.000000,0,27,3.5,0.0,0.0,0.0,0.0,0.0,0.0,1.0
110058,0,1,3400,-70,70,-6.0,9.5,15,0.78,185664.000000,3,27,4.7,0.0,38208.000000,0,0.0,0.0,0.0,1.0
110307,0,1,3400,-70,70,-3.6,11,15,0.65,214310.750000,1,27,5.5,0.0,0.0,0.0,0.0,0.0,0.0,1.0
110556,0,1,3400,-70,70,-5.0,13,16,0.83,260352.000000,5,27,5.5,0.0,0.0,0.0,0.0,0.0,0.0,1.0
110805,0,1,3400,-70,70,-5.5,15,16,1.2,232576.000000,20,27,5.5,0.0,0.0,0.0,0.0,0.0,0.0,1.0
111054,0,1,3400,-70,70,-7.1,27,16,4.0,0.0,100.000000,27,5.5,0.0,0.0,0.0,0.0,0.0,0.0,1.0
111303,0,1,3400,-70,70,-5.1,22,16,3.4,12096.000000,78,27,5.5,0.0,0.0,0.0,0.0,0.0,0.0,1.0
111552,0,1,3400,-70,70,-8.8,8.4,16,0.64,173920.000000,0,27,5.8,0.0,52928.000000,0,0.0,0.0,0.0,1.0
111801,0,1,3400,-70,70,-9.3,12,16,0.75,256064.000000,2,27,7.0,0.0,0.0,0.0,0.0,0.0,0.0,1.0
112050,0,1,3400,-70,70,-9.3,13,16,0.77,267584.000000,8,27,7.0,0.0,43200.000000,0,0.0,0.0,0.0,1.0
112299,0,1,3400,-70,70,-7.7,12,16,0.66,249984.000000,4,27,7.0,0.0,0.0,0.0,0.0,0.0,0.0,1.0
112548,0,1,3400,-70,70,-8.2,17,16,1.5,303904.000000,12,27,7.0,0.0,0.0,0.0,0.0,0.0,0.0,1.0
112797,0,1,3400,-70,70,-6.9,11,16,1.1,179296.000000,4,27,7.0,0.0,0.0,0.0,0.0,0.0,0.0,1.0
113046,0,1,3400,-70,70,-6.6,11,15,0.68,204352.000000,0,27,5.4,0.0,54144.000000,0,0.0,0.0,0.0,1.0
113295,0,1,3400,-70,70,-6.3,9.2,15,0.60,68096.000000,0,27,4.5,0.0,0.0,0.0,0.0,0.0,0.0,1.0
113544,0,1,3400,-70,70,-3.6,6.0,14,0.50,61152.000000,0,27,4.5,0.0,0.0,0.0,0.0,0.0,0.0,1.0
113793,0,1,3400,-70,70,-9.2,9.8,14,0.65,187488.000000,3,27,4.5,0.0,0.0,0.0,0.0,0.0,0.0,1.0
114042,0,1,3400,-70,70,-7.5,13,16,0.95,258976.000000,6,27,3.6,0.0,43296.000000,0,0.0,0.0,0.0,1.0
114291,0,1,3400,-70,70,-7.0,12,15,0.84,261312.000000,5,27,3.0,0.0,0.0,0.0,0.0,0.0,0.0,1.0
114540,0,1,3400,-70,70,-4.8,7.4,16,0.52,153408.000000,0,27,3.0,0.0,0.0,0.0,0.0,0.0,0.0,1.0
114789,0,1,3400,-70,70,-7.9,11,15,0.66,214880.000000,0,27,3.1,0.0,62496.000000,0,0.0,0.0,0.0,1.0
115038,0,1,3400,-70,70,-11,12,16,0.78,240832.000000,2,27,5.5,0.0,7200.000000,0,0.0,0.0,0.0,1.0
115287,0,1,3400,-70,70,-5.0,18,16,2.6,133792.000000,58,27,5.5,0.0,0.0,0.0,0.0,0.0,0.0,1.0
115536,0,1,3400,-70,70,-5.7,19,16,3.0,110912.000000,65,27,5.5,0.0,0.0,0.0,0.0,0.0,0.0,1.0
115785,0,1,3400,-70,70,-5.8,11,16,0.59,245920.000000,0,27,5.5,581,0.0,0.0,0.0,0.0,0.0,1.0
116034,0,1,3400,-70,70,-8.5,11,16,0.58,190400.000000,0,27,5.4,0.0,42592.000000,0,0.0,0.0,0.0,1.0
116283,0,1,3400,-70,70,-5.7,11,16,0.67,174752.000000,3,27,5.5,0.0,0.0,0.0,0.0,0.0,0.0,1.0
116532,0,1,3400,-70,70,-4.7,12,15,0.73,230432.000000,1,27,5.5,0.0,0.0,0.0,0.0,0.0,0.0,1.0
116781,0,1,3400,-70,70,-6.9,9.8,14,0.64,210613.546875,0,27,5.5,581,0.0,0.0,0.0,0.0,0.0,1.0
117030,0,1,3400,-70,70,-4.6,24,15,3.4,17728.000000,89,27,5.6,0.0,30048.000000,0,0.0,0.0,0.0,1.0
117279,0,1,3400,-70,70,-6.3,27,14,4.0,0.0,100.000000,27,5.5,0.0,0.0,0.0,0.0,0.0,0.0,1.0
117528,0,1,3400,-70,70,-8.6,22,14,3.1,77365.460938,71,27,5.5,0.0,0.0,0.0,0.0,0.0,0.0,1.0
117777,0,1,3400,-70,70,-6.6,12,15,0.63,630400.000000,0,27,5.4,0.0,43808.000000,0,0.0,0.0,0.0,1.0
118026,0,1,3400,-70,70,-7.4,13,16,0.72,829088.000000,0.4,27,4.5,0.0,0.0,0.0,0.0,0.0,0.0,1.0
118275,0,1,3400,-70,70,-9.8,12,16,0.65,767456.000000,0,27,4.5,0.0,0.0,0.0,0.0,0.0,0.0,1.0
118524,0,1,3400,-70,70,-6.9,13,16,0.75,872448.000000,0.4,27,4.5,0.0,0.0,0.0,0.0,0.0,0.0,1.0
118773,0,1,3400,-70,70,-4.7,12,15,0.68,729440.000000,0,27,4.5,581,0.0,0.0,0.0,0.0,0.0,1.0
119022,0,1,3400,-70,70,-4.3,14,17,0.69,879808.000000,0,27,9.5,0.0,58816.000000,9,0.0,0.0,0.0,1.0
119271,0,1,3400,-70,70,-5.7,13,16,0.66,882176.000000,0,27,10,0.0,0.0,0.0,0.0,0.0,0.0,1.0
119520,0,1,3400,-70,70,-8.1,13,16,0.71,794624.000000,0,27,10,0.0,0.0,0.0,0.0,0.0,0.0,1.0
119769,0,1,3400,-70,70,-6.5,13,16,0.71,845120.000000,0,27,9.7,0.0,75584.000000,0,0.0,0.0,0.0,1.0
120018,0,1,3400,-70,70,-4.6,12,16,0.66,757280.000000,0,27,9.5,0.0,0.0,0.0,0.0,0.0,0.0,1.0
120267,0,1,3400,-70,70,-6.7,13,16,0.66,841920.000000,0,27,9.5,0.0,0.0,0.0,0.0,0.0,0.0,1.0
120516,0,1,3400,-70,70,-6.2,13,16,0.69,871904.000000,0,27,9.5,0.0,0.0,0.0,0.0,0.0,0.0,1.0
120765,0,1,3400,-70,70,-3.5,12,16,0.66,717312.000000,0,27,8.9,0.0,45120.000000,0,0.0,0.0,0.0,1.0
121014,0,1,3400,-70,70,-5.6,13,16,0.69,827104.000000,0,27,5.5,0.0,0.0,0.0,0.0,0.0,0.0,1.0
121263,0,1,3400,-70,70,-7.1,11,15,0.64,682304.000000,0,27,5.5,0.0,0.0,0.0,0.0,0.0,0.0,1.0
121512,0,1,3400,-70,70,-8.4,12,15,0.69,761920.000000,0,27,5.5,0.0,0.0,0.0,0.0,0.0,0.0,1.0
121761,0,1,3400,-70,70,-10,13,16,0.68,840864.000000,0,27,5.8,0.0,49728.000000,0,0.0,0.0,0.0,1.0
122010,0,1,3400,-70,70,-11,13,16,0.67,816960.000000,0,27,8.0,0.0,0.0,0.0,0.0,0.0,0.0,1.0
122259,0,1,3400,-70,70,-9.3,13,16,0.74,856672.000000,0,27,8.0,0.0,0.0,0.0,0.0,0.0,0.0,1.0
122508,0,1,3400,-70,70,-3.5,11,13,0.65,625184.000000,0,27,8.0,0.0,0.0,0.0,0.0,0.0,0.0,1.0
122757,0,1,3400,-70,70,-6.5,11,14,0.74,633024.000000,1,27,7.4,0.0,71200.000000,0,0.0,0.0,0.0,1.0
123006,0,1,3400,-70,70,-6.8,13,16,0.72,792256.000000,0.9,27,2.0,0.0,0.0,0.0,0.0,0.0,0.0,1.0
123255,0,1,3400,-70,70,-5.1,13,16,0.74,840223.125000,0.8,27,2.0,0.0,0.0,0.0,0.0,0.0,0.0,1.0
123504,0,1,3400,-70,70,-5.0,13,16,0.76,843277.125000,2,27,2.0,0.0,0.0,0.0,0.0,0.0,0.0,1.0
123753,0,1,3400,-70,70,-6.2,14,16,0.80,908366.562500,3,27,2.0,581,0.0,0.0,0.0,0.0,0.0,1.0
124002,0,1,3400,-70,70,-4.6,13,16,0.79,811630.500000,2,27,6.3,0.0,38875.503906,0,0.0,0.0,0.0,1.0
124251,0,1,3400,-70,70,-3.5,13,16,0.69,784768.000000,0,27,6.5,0.0,0.0,0.0,0.0,0.0,0.0,1.0
124500,0,1,3400,-70,70,-4.5,13,16,0.77,863488.000000,1,27,6.5,0.0,0.0,0.0,0.0,0.0,0.0,1.0
124749,0,1,3400,-70,70,-4.7,14,16,0.87,880864.000000,0.9,27,6.4,0.0,64576.000000,0,0.0,0.0,0.0,1.0
124998,0,1,3400,-70,70,-4.5,12,15,0.69,730688.000000,0.4,27,7.0,0.0,0.0,0.0,0.0,0.0,0.0,1.0
125247,0,1,3400,-70,70,-6.0,13,16,0.75,785760.000000,0.9,27,7.0,0.0,0.0,0.0,0.0,0.0,0.0,1.0
125496,0,1,3400,-70,70,-9.0,13,16,0.72,865696.000000,0.4,27,7.0,0.0,0.0,0.0,0.0,0.0,0.0,1.0
125745,0,1,3400,-70,70,-8.1,11,15,0.76,697024.000000,0.9,27,6.7,0.0,28480.000000,0,0.0,0.0,0.0,1.0
125994,0,1,3400,-70,70,-5.3,12,15,0.73,702464.000000,0.9,27,4.0,0.0,0.0,0.0,0.0,0.0,0.0,1.0
126243,0,1,3400,-70,70,-2.4,13,16,0.79,839648.000000,0.9,27,4.0,0.0,0.0,0.0,0.0,0.0,0.0,1.0
126492,0,1,3400,-70,70,-5.1,13,15,0.73,778784.000000,1,27,4.0,0.0,0.0,0.0,0.0,0.0,0.0,1.0
126741,0,1,3400,-70,70,-8.2,12,15,0.70,741600.000000,0.4,27,4.0,581,0.0,0.0,0.0,0.0,0.0,1.0
126990,0,1,3400,-70,70,-7.3,13,16,0.74,775872.000000,1,27,2.3,0.0,52448.000000,0,0.0,0.0,0.0,1.0
127239,0,1,3400,-70,70,-6.4,13,15,0.80,837792.000000,0.9,27,2.0,0.0,0.0,0.0,0.0,0.0,0.0,1.0
127488,0,1,3400,-70,70,-9.7,12,16,0.67,766176.000000,0.4,27,2.0,0.0,0.0,0.0,0.0,0.0,0.0,1.0
127737,0,1,3400,-70,70,-6.7,13,16,0.78,831584.000000,1,27,2.5,0.0,82432.000000,0,0.0,0.0,0.0,1.0
127986,0,1,3400,-70,70,-4.5,12,16,0.72,755616.000000,0.9,27,6.5,0.0,0.0,0.0,0.0,0.0,0.0,1.0
128235,0,1,3400,-70,70,-3.5,13,16,0.74,862176.000000,1,27,6.5,0.0,0.0,0.0,0.0,0.0,0.0,1.0
128484,0,1,3400,-70,70,-1.1,13,16,0.76,858592.000000,0.9,27,6.5,0.0,0.0,0.0,0.0,0.0,0.0,1.0
128733,0,1,3400,-70,70,-4.3,13,16,0.76,855904.000000,1,27,6.5,581,0.0,0.0,0.0,0.0,0.0,1.0
128982,0,1,3400,-70,70,-4.6,13,16,0.76,853696.000000,2,27,5.5,0.0,53024.000000,0,0.0,0.0,0.0,1.0
129231,0,1,3400,-70,70,-5.4,13,16,0.68,816416.000000,0.4,27,5.5,0.0,0.0,0.0,0.0,0.0,0.0,1.0
129480,0,1,3400,-70,70,-7.0,12,16,0.66,760384.000000,0,27,5.5,0.0,0.0,0.0,0.0,0.0,0.0,1.0
129729,0,1,3400,-70,70,-7.7,13,16,0.80,819665.312500,3,27,5.5,581,0.0,0.0,0.0,0.0,0.0,1.0
129978,0,1,3400,-70,70,-6.1,13,16,0.75,854592.000000,1,27,6.3,0.0,52800.000000,0,0.0,0.0,0.0,1.0
130227,0,1,3400,-70,70,-6.0,13,15,0.77,824546.187500,0.9,27,6.5,0.0,0.0,0.0,0.0,0.0,0.0,1.0
130476,0,1,3400,-70,70,-5.5,12,15,0.80,752192.000000,3,27,6.5,0.0,0.0,0.0,0.0,0.0,0.0,1.0
130725,0,1,3400,-70,70,-5.0,12,14,0.77,727520.000000,0.4,27,6.8,0.0,63040.000000,9,0.0,0.0,0.0,1.0
130974,0,1,3400,-70,70,-4.4,11,14,0.61,661760.000000,0.4,27,12,0.0,0.0,0.0,0.0,0.0,0.0,1.0
131223,0,1,3400,-70,70,-5.7,13,16,0.80,839584.000000,1,27,12,0.0,0.0,0.0,0.0,0.0,0.0,1.0
131472,0,1,3400,-70,70,-7.1,13,15,0.74,788256.000000,1,27,12,0.0,0.0,0.0,0.0,0.0,0.0,1.0
131721,0,1,3400,-70,70,-5.0,12,16,0.67,763712.000000,0,27,12,581,0.0,0.0,0.0,0.0,0.0,1.0
131970,0,1,3400,-70,70,-5.0,14,16,0.83,872160.000000,2,27,6.5,0.0,38720.000000,0,0.0,0.0,0.0,1.0
132219,0,1,3400,-70,70,-6.0,13,15,0.81,789824.000000,1,27,6.5,0.0,0.0,0.0,0.0,0.0,0.0,1.0
132468,0,1,3400,-70,70,-4.7,13,16,0.74,797056.000000,0.9,27,6.5,0.0,0.0,0.0,0.0,0.0,0.0,1.0
132717,0,1,3400,-70,70,-7.7,13,15,0.86,823520.000000,3,27,6.5,581,0.0,0.0,0.0,0.0,0.0,1.0
132966,0,1,3400,-70,70,-7.7,12,15,0.72,708864.000000,0.4,27,3.8,0.0,74912.000000,0,0.0,0.0,0.0,1.0
133215,0,1,3400,-70,70,-5.4,10,13,0.58,576576.000000,0,27,3.5,0.0,0.0,0.0,0.0,0.0,0.0,1.0
133464,0,1,3400,-70,70,-8.6,13,16,0.70,797099.625000,0.4,27,3.5,0.0,0.0,0.0,0.0,0.0,0.0,1.0
133713,0,1,3400,-70,70,-7.8,13,16,0.76,845696.000000,1,27,3.8,0.0,31040.000000,0,0.0,0.0,0.0,1.0
133962,0,1,3400,-70,70,-4.8,14,16,0.84,878528.000000,2,27,4.5,0.0,0.0,0.0,0.0,0.0,0.0,1.0
134211,0,1,3400,-70,70,-3.5,13,15,0.74,804320.000000,1,27,4.5,0.0,0.0,0.0,0.0,0.0,0.0,1.0
134460,0,1,3400,-70,70,-1.6,12,16,0.71,744256.000000,0.4,27,4.5,0.0,0.0,0.0,0.0,0.0,0.0,1.0
134709,0,1,3400,-70,70,-5.4,12,15,0.76,781216.000000,0.9,27,4.4,0.0,45120.000000,0,0.0,0.0,0.0,1.0
134958,0,1,3400,-70,70,-4.2,13,16,0.74,833376.000000,0.9,27,4.0,0.0,0.0,0.0,0.0,0.0,0.0,1.0
135207,0,1,3400,-70,70,-3.5,13,15,0.81,812160.000000,2,27,4.0,0.0,0.0,0.0,0.0,0.0,0.0,1.0
135456,0,1,3400,-70,70,-4.5,12,16,0.69,741824.000000,0.9,27,4.0,0.0,0.0,0.0,0.0,0.0,0.0,1.0
135705,0,1,3400,-70,70,-5.8,14,16,0.81,916000.000000,2,27,4.0,581,0.0,0.0,0.0,0.0,0.0,1.0
135954,0,1,3400,-70,70,-3.6,13,16,0.82,837632.000000,3,27,5.4,0.0,58688.000000,0,0.0,0.0,0.0,1.0
136203,0,1,3400,-70,70,-3.2,13,16,0.73,807328.000000,0.4,27,5.5,0.0,0.0,0.0,0.0,0.0,0.0,1.0
136452,0,1,3400,-70,70,-4.1,12,15,0.77,752956.187500,1,27,5.5,0.0,0.0,0.0,0.0,0.0,0.0,1.0
136701,0,1,3400,-70,70,-4.6,12,15,0.71,765824.000000,1,27,5.5,581,0.0,0.0,0.0,0.0,0.0,1.0
136950,0,1,3400,-70,70,-5.9,13,16,0.76,810281.125000,0.4,27,3.2,0.0,54714.859375,0,0.0,0.0,0.0,1.0
137199,0,1,3400,-70,70,-2.3,12,16,0.66,769824.000000,0.4,27,3.0,0.0,0.0,0.0,0.0,0.0,0.0,1.0
137449,0,1,3400,-70,70,-5.6,13,16,0.81,867904.000000,0.4,27,3.0,0.0,0.0,0.0,0.0,0.0,0.0,1.0
137698,0,1,3400,-70,70,-6.7,13,16,0.74,788608.000000,1,27,3.0,581,0.0,0.0,0.0,0.0,0.0,1.0
137947,0,1,3400,-70,70,-7.5,14,16,0.76,881952.000000,2,27,6.2,0.0,43200.000000,0,0.0,0.0,0.0,1.0
138196,0,1,3400,-70,70,-6.0,13,16,0.72,827648.000000,0.9,27,7.0,0.0,0.0,0.0,0.0,0.0,0.0,1.0
138445,0,1,3400,-70,70,-5.5,13,16,0.74,815296.000000,3,27,7.0,0.0,0.0,0.0,0.0,0.0,0.0,1.0
138694,0,1,3400,-70,70,-5.3,13,16,0.81,842944.000000,2,27,7.0,581,0.0,0.0,0.0,0.0,0.0,1.0
138943,0,1,3400,-70,70,-4.7,13,16,0.77,768608.000000,2,27,7.7,0.0,64576.000000,11,0.0,0.0,0.0,1.0
139192,0,1,3400,-70,70,-6.8,14,16,0.79,878720.000000,2,27,8.0,0.0,0.0,0.0,0.0,0.0,0.0,1.0
139441,0,1,3400,-70,70,-3.8,13,16,0.66,781792.000000,0.4,27,8.0,0.0,0.0,0.0,0.0,0.0,0.0,1.0
139690,0,1,3400,-70,70,-5.1,13,16,0.71,799392.000000,1,27,8.0,581,0.0,0.0,0.0,0.0,0.0,1.0
139939,0,1,3400,-70,70,-7.0,13,16,0.80,842912.000000,3,27,6.0,0.0,54048.000000,0,0.0,0.0,0.0,1.0
140188,0,1,3400,-70,70,-6.0,12,15,0.75,750944.000000,0.9,27,5.5,0.0,0.0,0.0,0.0,0.0,0.0,1.0
140437,0,1,3400,-70,70,-6.1,12,15,0.71,740000.000000,0.4,27,5.5,0.0,0.0,0.0,0.0,0.0,0.0,1.0
140686,0,1,3400,-70,70,-5.9,11,13,0.66,624480.000000,0.9,27,5.4,0.0,72288.000000,0,0.0,0.0,0.0,1.0
140935,0,1,3400,-70,70,-4.7,11,14,0.71,686848.000000,0.4,27,5.5,0.0,0.0,0.0,0.0,0.0,0.0,1.0
141184,0,1,3400,-70,70,-3.4,12,15,0.73,765600.000000,2,27,5.5,0.0,0.0,0.0,0.0,0.0,0.0,1.0
141433,0,1,3400,-70,70,-2.4,13,16,0.71,813728.000000,0.4,27,5.5,0.0,0.0,0.0,0.0,0.0,0.0,1.0
141682,0,1,3400,-70,70,-4.9,13,16,0.74,806208.000000,0.9,27,5.5,0.0,48512.000000,0,0.0,0.0,0.0,1.0
141931,0,1,3400,-70,70,-6.0,13,16,0.76,850112.000000,2,27,4.5,0.0,0.0,0.0,0.0,0.0,0.0,1.0
142180,0,1,3400,-70,70,-8.7,13,16,0.76,821120.000000,3,27,4.5,0.0,0.0,0.0,0.0,0.0,0.0,1.0
142429,0,1,3400,-70,70,-9.2,12,15,0.72,766176.000000,0.4,27,4.5,0.0,0.0,0.0,0.0,0.0,0.0,1.0
142678,0,1,3400,-70,70,-5.8,13,16,0.72,821440.000000,1,27,4.5,581,0.0,0.0,0.0,0.0,0.0,1.0
142927,0,1,3400,-70,70,-4.4,12,16,0.71,782406.375000,2,27,11,0.0,61513.945312,9,0.0,0.0,0.0,1.0
143176,0,1,3400,-70,70,-5.3,13,16,0.78,820352.000000,2,27,11,0.0,0.0,0.0,0.0,0.0,0.0,1.0
143425,0,1,3400,-70,70,-5.1,13,16,0.74,783646.562500,0.9,27,12,0.0,0.0,0.0,0.0,0.0,0.0,1.0
143674,0,1,3400,-70,70,-6.3,14,16,0.78,920000.000000,2,27,12,581,0.0,0.0,0.0,0.0,0.0,1.0
143923,0,1,3400,-70,70,-4.7,14,17,0.78,900000.000000,3,27,5.6,0.0,47136.000000,0,0.0,0.0,0.0,1.0
144172,0,1,3400,-70,70,-2.7,13,15,0.81,866912.000000,1,27,5.5,0.0,0.0,0.0,0.0,0.0,0.0,1.0
144421,0,1,3400,-70,70,-3.1,10,12,0.58,579040.000000,0,27,5.5,0.0,0.0,0.0,0.0,0.0,0.0,1.0
144670,0,1,3400,-69,69,-5.0,9.4,12,0.57,536032.000000,0,27,5.5,581,0.0,0.0,0.0,0.0,0.0,1.0
144919,0,1,3400,-70,70,-3.8,12,15,0.86,717248.000000,2,27,7.0,0.0,43200.000000,9,0.0,0.0,0.0,1.0
145168,0,1,3400,-70,70,-4.4,13,16,0.73,818016.000000,1,27,7.0,0.0,0.0,0.0,0.0,0.0,0.0,1.0
145417,0,1,3400,-70,70,-4.8,11,15,0.61,691680.000000,0,27,7.0,0.0,0.0,0.0,0.0,0.0,0.0,1.0
145666,0,1,3400,-70,70,-5.9,13,16,0.73,837632.000000,2,27,7.0,581,0.0,0.0,0.0,0.0,0.0,1.0
145915,0,1,3400,-70,70,-8.4,13,16,0.71,793056.000000,0.9,27,5.5,0.0,69920.000000,0,0.0,0.0,0.0,1.0
146164,0,1,3400,-70,70,-6.0,12,15,0.69,704512.000000,0.9,27,5.5,0.0,0.0,0.0,0.0,0.0,0.0,1.0
146413,0,1,3400,-70,70,-6.0,12,16,0.67,737024.000000,0.4,27,5.5,0.0,0.0,0.0,0.0,0.0,0.0,1.0
146662,0,1,3400,-70,70,-4.8,12,16,0.74,735168.000000,0.9,27,5.5,0.0,37312.000000,0,0.0,0.0,0.0,1.0
146911,0,1,3400,-70,70,-3.2,13,16,0.75,835520.000000,2,27,5.5,0.0,0.0,0.0,0.0,0.0,0.0,1.0
147160,0,1,3400,-70,70,-6.0,13,15,0.72,792096.000000,1,27,5.5,0.0,0.0,0.0,0.0,0.0,0.0,1.0
147409,0,1,3400,-70,70,-5.1,13,16,0.73,845632.000000,0.9,27,5.5,0.0,0.0,0.0,0.0,0.0,0.0,1.0
147658,0,1,3400,-70,70,-3.7,13,15,0.79,820832.000000,2,27,5.9,0.0,63040.000000,0,0.0,0.0,0.0,1.0
147907,0,1,3400,-70,70,-4.5,14,16,0.75,861888.000000,2,27,12,0.0,0.0,0.0,0.0,0.0,0.0,1.0
148156,0,1,3400,-70,70,-6.2,12,16,0.66,771488.000000,0,27,12,0.0,0.0,0.0,0.0,0.0,0.0,1.0
148405,0,1,3400,-70,70,-5.8,14,16,0.75,869888.000000,3,27,12,0.0,0.0,0.0,0.0,0.0,0.0,1.0
148654,0,1,3400,-70,70,-4.1,13,16,0.74,841152.000000,2,27,11,0.0,64576.000000,0,0.0,0.0,0.0,1.0
148903,0,1,3400,-70,70,-4.5,11,14,0.72,675296.000000,1,27,7.9,0.0,0.0,0.0,0.0,0.0,0.0,1.0
149152,0,1,3400,-70,70,-7.5,11,14,0.74,680416.000000,2,27,8.0,0.0,0.0,0.0,0.0,0.0,0.0,1.0
149401,0,1,3400,-70,70,-8.4,10,13,0.61,598502.000000,0,27,8.0,0.0,0.0,0.0,0.0,0.0,0.0,1.0
149650,0,1,3400,-70,70,-6.0,11,14,0.68,671168.000000,0,27,7.9,0.0,44608.000000,0,0.0,0.0,0.0,1.0
149899,0,1,3400,-70,70,-3.4,12,15,0.75,751935.750000,3,27,8.0,0.0,0.0,0.0,0.0,0.0,0.0,1.0
150148,0,1,3400,-70,70,-5.4,12,15,0.80,753024.000000,0.9,27,8.0,0.0,0.0,0.0,0.0,0.0,0.0,1.0
150397,0,1,3400,-70,70,-5.5,13,16,0.71,801664.000000,2,27,8.0,0.0,0.0,0.0,0.0,0.0,0.0,1.0
150646,0,1,3400,-70,70,-5.8,13,16,0.76,859904.000000,2,27,8.0,581,0.0,0.0,0.0,0.0,0.0,1.0
150895,0,1,3400,-70,70,-3.5,13,16,0.71,782752.000000,0.4,27,2.4,0.0,52448.000000,0,0.0,0.0,0.0,1.0
151144,0,1,3400,-70,70,-6.5,13,16,0.78,825376.000000,2,27,2.0,0.0,0.0,0.0,0.0,0.0,0.0,1.0
151393,0,1,3400,-70,70,-6.2,14,16,0.80,883744.000000,2,27,2.0,0.0,0.0,0.0,0.0,0.0,0.0,1.0
151642,0,1,3400,-70,70,-8.1,13,16,0.75,795872.000000,3,27,2.4,0.0,45120.000000,0,0.0,0.0,0.0,1.0
151891,0,1,3400,-70,70,-8.3,13,16,0.74,817856.000000,0.9,27,5.5,0.0,0.0,0.0,0.0,0.0,0.0,1.0
152140,0,1,3400,-70,70,-7.8,13,15,0.84,804544.000000,2,27,5.5,0.0,0.0,0.0,0.0,0.0,0.0,1.0
152389,0,1,3400,-70,70,-9.1,13,16,0.74,824544.000000,1,27,5.5,0.0,0.0,0.0,0.0,0.0,0.0,1.0
152638,0,1,3400,-70,70,-7.2,13,16,0.70,790080.000000,2,27,5.5,581,0.0,0.0,0.0,0.0,0.0,1.0
152887,0,1,3400,-70,70,-6.3,13,16,0.74,814688.000000,1,27,5.5,0.0,37312.000000,0,0.0,0.0,0.0,1.0
153136,0,1,3400,-70,70,-7.4,12,15,0.73,697664.000000,0.9,27,5.5,0.0,0.0,0.0,0.0,0.0,0.0,1.0
153385,0,1,3400,-70,70,-6.5,10,13,0.59,590016.000000,0,27,5.5,0.0,0.0,0.0,0.0,0.0,0.0,1.0
153634,0,1,3400,-70,70,-3.9,13,15,0.77,787072.000000,0.4,27,5.5,581,0.0,0.0,0.0,0.0,0.0,1.0
153883,0,1,3400,-70,70,-5.9,13,16,0.74,814208.000000,2,27,5.5,0.0,34368.000000,0,0.0,0.0,0.0,1.0
154132,0,1,3400,-70,70,-2.6,12,16,0.66,771616.000000,0.4,27,5.5,0.0,0.0,0.0,0.0,0.0,0.0,1.0
154381,0,1,3400,-70,70,-4.8,13,16,0.76,847904.000000,2,27,5.5,0.0,0.0,0.0,0.0,0.0,0.0,1.0
154630,0,1,3400,-70,70,-8.6,13,16,0.76,809792.000000,1,27,5.4,0.0,72288.000000,0,0.0,0.0,0.0,1.0
154879,0,1,3400,-70,70,-6.7,12,16,0.68,736512.000000,0.4,27,5.5,0.0,0.0,0.0,0.0,0.0,0.0,1.0
155128,0,1,3400,-70,70,-5.6,13,16,0.74,837568.000000,2,27,5.5,0.0,0.0,0.0,0.0,0.0,0.0,1.0
155377,0,1,3400,-70,70,-5.9,12,16,0.68,738720.000000,0.9,27,5.5,0.0,0.0,0.0,0.0,0.0,0.0,1.0
155626,0,1,3400,-70,70,-4.3,13,16,0.72,777856.000000,1,27,5.5,581,0.0,0.0,0.0,0.0,0.0,1.0
155875,0,1,3400,-70,70,-5.3,12,16,0.65,710048.000000,0,27,2.3,0.0,35232.000000,7,0.0,0.0,0.0,1.0
156124,0,1,3400,-70,70,-7.0,13,16,0.72,820844.625000,1,27,1.5,0.0,0.0,0.0,0.0,0.0,0.0,1.0
156373,0,1,3400,-70,70,-5.4,14,16,0.82,896289.187500,2,27,1.5,0.0,0.0,0.0,0.0,0.0,0.0,1.0
156622,0,1,3400,-70,70,-3.1,13,16,0.69,804896.000000,2,27,1.5,581,0.0,0.0,0.0,0.0,0.0,1.0
156871,0,1,3400,-70,70,-2.9,14,16,0.81,861280.000000,3,27,4.0,0.0,48448.000000,0,0.0,0.0,0.0,1.0
157120,0,1,3400,-70,70,-3.4,14,16,0.84,916000.000000,2,27,4.0,0.0,0.0,0.0,0.0,0.0,0.0,1.0
157369,0,1,3400,-70,70,-4.9,14,15,1.0,892000.000000,5,27,4.0,0.0,0.0,0.0,0.0,0.0,0.0,1.0
157618,0,1,3400,-70,70,-6.9,14,16,0.90,892000.000000,3,27,4.0,0.0,0.0,0.0,0.0,0.0,0.0,1.0
157867,0,1,3400,-70,70,-6.0,12,16,0.71,760000.000000,1,27,7.1,0.0,59552.000000,0,0.0,0.0,0.0,1.0
158116,0,1,3400,-70,70,-7.9,10,16,0.57,576576.000000,0,27,8.0,0.0,0.0,0.0,0.0,0.0,0.0,1.0
158365,0,1,3400,-70,70,-7.1,12,16,0.66,717248.000000,0.9,27,8.0,0.0,0.0,0.0,0.0,0.0,0.0,1.0
158614,0,1,3400,-70,70,-6.6,13,15,0.83,845696.000000,3,27,8.0,581,0.0,0.0,0.0,0.0,0.0,1.0
158863,0,1,3400,-70,70,-5.9,12,16,0.61,706560.000000,0,27,6.4,0.0,52800.000000,0,0.0,0.0,0.0,1.0
159112,0,1,3400,-70,70,-5.6,13,16,0.76,836128.000000,1,27,6.5,0.0,0.0,0.0,0.0,0.0,0.0,1.0
159361,0,1,3400,-70,70,-2.9,13,16,0.81,847904.000000,2,27,6.5,0.0,0.0,0.0,0.0,0.0,0.0,1.0
159610,0,1,3400,-70,70,-7.5,14,15,0.89,884000.000000,3,27,6.5,581,0.0,0.0,0.0,0.0,0.0,1.0
159859,0,1,3400,-70,70,-4.6,12,16,0.75,788640.000000,2,27,7.8,0.0,44608.000000,0,0.0,0.0,0.0,1.0
160108,0,1,3400,-70,70,-1.9,13,16,0.74,828128.000000,1,27,8.0,0.0,0.0,0.0,0.0,0.0,0.0,1.0
160357,0,1,3400,-70,70,-6.0,12,16,0.73,745248.000000,0.4,27,8.0,0.0,0.0,0.0,0.0,0.0,0.0,1.0
160606,0,1,3400,-70,70,-6.1,13,16,0.66,781376.000000,0,27,7.4,0.0,52448.000000,0,0.0,0.0,0.0,1.0
160855,0,1,3400,-70,70,-4.9,13,15,0.79,813376.000000,2,27,2.0,0.0,0.0,0.0,0.0,0.0,0.0,1.0
161104,0,1,3400,-70,70,-5.5,12,15,0.69,725120.000000,0.9,27,2.0,0.0,0.0,0.0,0.0,0.0,0.0,1.0
161353,0,1,3400,-70,70,-3.5,12,15,0.74,788288.000000,0.4,27,2.0,0.0,0.0,0.0,0.0,0.0,0.0,1.0
161602,0,1,3400,-70,70,-4.8,13,16,0.73,811232.000000,2,27,2.0,581,0.0,0.0,0.0,0.0,0.0,1.0
161851,0,1,3400,-70,70,-7.2,13,16,0.80,835840.000000,3,27,5.5,0.0,39488.000000,0,0.0,0.0,0.0,1.0
162100,0,1,3400,-70,70,-9.5,13,16,0.77,838400.000000,3,27,5.5,0.0,0.0,0.0,0.0,0.0,0.0,1.0
162349,0,1,3400,-70,70,-8.2,13,16,0.80,825088.000000,2,27,5.5,0.0,0.0,0.0,0.0,0.0,0.0,1.0
162598,0,1,3400,-70,70,-5.2,12,15,0.72,732032.000000,0,27,5.3,0.0,63008.000000,0,0.0,0.0,0.0,1.0
162847,0,1,3400,-70,70,-3.4,13,16,0.75,823584.000000,2,27,3.0,0.0,0.0,0.0,0.0,0.0,0.0,1.0
163096,0,1,3400,-70,70,-3.8,13,16,0.80,823584.000000,3,27,3.0,0.0,0.0,0.0,0.0,0.0,0.0,1.0
163345,0,1,3400,-70,70,-5.6,13,16,0.70,817440.000000,1,27,3.0,0.0,0.0,0.0,0.0,0.0,0.0,1.0
163594,0,1,3400,-70,70,-7.3,13,16,0.79,817568.000000,2,27,3.5,0.0,43200.000000,0,0.0,0.0,0.0,1.0
163843,0,1,3400,-70,70,-7.4,13,16,0.82,839904.000000,1,27,7.0,0.0,0.0,0.0,0.0,0.0,0.0,1.0
164092,0,1,3400,-70,70,-7.1,13,16,0.77,842592.000000,2,27,7.0,0.0,0.0,0.0,0.0,0.0,0.0,1.0
164341,0,1,3400,-70,70,-9.6,13,16,0.83,842912.000000,2,27,7.0,0.0,0.0,0.0,0.0,0.0,0.0,1.0
164590,0,1,3400,-70,70,-5.5,12,16,0.70,754368.000000,2,27,7.0,581,0.0,0.0,0.0,0.0,0.0,1.0
164839,0,1,3400,-70,70,-1.0,14,16,0.80,877888.000000,2,27,6.8,0.0,76064.000000,0,0.0,0.0,0.0,1.0
165088,0,1,3400,-70,70,-2.9,13,16,0.80,832928.000000,2,27,7.0,0.0,0.0,0.0,0.0,0.0,0.0,1.0
165337,0,1,3400,-70,70,-4.6,13,16,0.81,823584.000000,3,27,7.0,0.0,0.0,0.0,0.0,0.0,0.0,1.0
165586,0,1,3400,-70,70,-4.2,13,16,0.86,842240.000000,3,27,7.0,581,0.0,0.0,0.0,0.0,0.0,1.0
165835,0,1,3400,-70,70,-7.1,12,15,0.77,761728.000000,0.9,27,6.8,0.0,54336.000000,0,0.0,0.0,0.0,1.0
166084,0,1,3400,-70,70,-3.0,13,16,0.75,857760.000000,0.4,27,7.0,0.0,0.0,0.0,0.0,0.0,0.0,1.0
166333,0,1,3400,-70,70,-5.3,13,16,0.74,844800.000000,2,27,7.0,0.0,0.0,0.0,0.0,0.0,0.0,1.0
166582,0,1,3400,-70,70,-5.4,14,17,0.78,893952.000000,2,27,7.0,581,0.0,0.0,0.0,0.0,0.0,1.0
166831,0,1,3400,-70,70,-4.8,12,15,0.69,740960.000000,0.9,27,5.5,0.0,54048.000000,0,0.0,0.0,0.0,1.0
167080,0,1,3400,-70,70,-6.3,14,17,0.80,878720.000000,2,27,5.5,0.0,0.0,0.0,0.0,0.0,0.0,1.0
167329,0,1,3400,-70,70,-6.1,13,17,0.73,864928.000000,2,27,5.5,0.0,0.0,0.0,0.0,0.0,0.0,1.0
167578,0,1,3400,-70,70,-5.6,13,16,0.83,857696.000000,2,27,5.5,581,0.0,0.0,0.0,0.0,0.0,1.0
167827,0,1,3400,-70,70,-4.4,13,17,0.73,834112.000000,1,27,6.4,0.0,48160.000000,0,0.0,0.0,0.0,1.0
168076,0,1,3400,-70,70,-4.4,14,17,0.83,900000.000000,3,27,6.5,0.0,0.0,0.0,0.0,0.0,0.0,1.0
168325,0,1,3400,-70,70,-5.5,13,15,0.74,793440.000000,1,27,6.5,0.0,0.0,0.0,0.0,0.0,0.0,1.0
168574,0,1,3400,-70,70,-6.9,12,16,0.67,747744.000000,0.9,27,6.5,581,0.0,0.0,0.0,0.0,0.0,1.0
168823,0,1,3400,-70,70,-0.17,13,16,0.82,813632.000000,2,27,4.8,0.0,51008.000000,0,0.0,0.0,0.0,1.0
169072,0,1,3400,-70,70,-3.0,13,17,0.80,833274.875000,3,27,4.5,0.0,0.0,0.0,0.0,0.0,0.0,1.0
169321,0,1,3400,-70,70,-3.1,13,16,0.81,862104.437500,3,27,4.5,0.0,0.0,0.0,0.0,0.0,0.0,1.0
169570,0,1,3400,-70,70,-3.3,12,16,0.68,726528.000000,0.9,27,4.9,0.0,43200.000000,0,0.0,0.0,0.0,1.0
169819,0,1,3400,-70,70,-3.3,13,16,0.75,773280.000000,2,27,7.0,0.0,0.0,0.0,0.0,0.0,0.0,1.0
170068,0,1,3400,-70,70,0.76,13,16,0.82,841696.000000,3,27,7.0,0.0,0.0,0.0,0.0,0.0,0.0,1.0
170317,0,1,3400,-70,70,-3.6,13,16,0.74,845696.000000,2,27,7.0,0.0,0.0,0.0,0.0,0.0,0.0,1.0
170566,0,1,3400,-70,70,-7.2,13,15,0.80,798432.000000,2,27,7.0,581,0.0,0.0,0.0,0.0,0.0,1.0
170815,0,1,3400,-70,70,-5.5,13,16,0.71,787392.000000,1,27,2.4,0.0,54624.000000,0,0.0,0.0,0.0,1.0
171064,0,1,3400,-70,70,-1.1,13,16,0.84,832672.000000,3,27,2.0,0.0,0.0,0.0,0.0,0.0,0.0,1.0
171313,0,1,3400,-70,70,-2.1,13,16,0.70,778432.000000,0.9,27,2.0,0.0,0.0,0.0,0.0,0.0,0.0,1.0
171562,0,1,3400,-70,70,-4.7,13,16,0.76,815104.000000,2,27,2.2,0.0,67296.000000,0,0.0,0.0,0.0,1.0
171811,0,1,3400,-70,70,-6.1,13,16,0.76,854592.000000,0.9,27,4.0,0.0,0.0,0.0,0.0,0.0,0.0,1.0
172060,0,1,3400,-70,70,-6.8,14,17,0.86,884000.000000,4,27,4.0,0.0,0.0,0.0,0.0,0.0,0.0,1.0
172309,0,1,3400,-70,70,-3.7,14,16,0.81,888704.000000,3,27,4.0,0.0,0.0,0.0,0.0,0.0,0.0,1.0
172558,0,1,3400,-70,70,-5.7,12,15,0.78,758464.000000,2,27,4.2,0.0,34368.000000,0,0.0,0.0,0.0,1.0
172807,0,1,3400,-70,70,-3.2,14,16,0.83,901728.000000,3,27,5.5,0.0,0.0,0.0,0.0,0.0,0.0,1.0
173056,0,1,3400,-70,70,-3.4,13,17,0.75,827712.000000,2,27,5.5,0.0,0.0,0.0,0.0,0.0,0.0,1.0
173305,0,1,3400,-70,70,-1.9,14,17,0.80,920000.000000,2,27,5.5,0.0,0.0,0.0,0.0,0.0,0.0,1.0
173554,0,1,3400,-70,70,-4.2,14,17,0.81,896000.000000,3,27,5.5,0.0,77728.000000,0,0.0,0.0,0.0,1.0
173803,0,1,3400,-70,70,-6.3,13,16,0.80,834656.000000,1,27,6.5,0.0,0.0,0.0,0.0,0.0,0.0,1.0
174052,0,1,3400,-70,70,-6.4,14,17,0.77,877952.000000,3,27,6.5,0.0,0.0,0.0,0.0,0.0,0.0,1.0
174301,0,1,3400,-70,70,-5.3,13,15,0.80,786944.000000,2,27,6.5,0.0,0.0,0.0,0.0,0.0,0.0,1.0
174550,0,1,3400,-70,70,-5.3,13,16,0.78,846880.000000,3,27,6.5,581,0.0,0.0,0.0,0.0,0.0,1.0
174799,0,1,3400,-70,70,-5.0,13,16,0.78,839904.000000,3,27,5.5,0.0,47136.000000,0,0.0,0.0,0.0,1.0
175048,0,1,3400,-70,70,-8.5,13,15,0.87,831520.000000,3,27,5.5,0.0,0.0,0.0,0.0,0.0,0.0,1.0
175297,0,1,3400,-70,70,-5.9,13,16,0.76,811552.000000,2,27,5.5,0.0,0.0,0.0,0.0,0.0,0.0,1.0
175546,0,1,3400,-70,70,-6.5,13,16,0.78,800864.000000,2,27,5.5,0.0,37312.000000,0,0.0,0.0,0.0,1.0
175795,0,1,3400,-70,70,-5.4,14,16,0.78,867200.000000,2,27,5.5,0.0,0.0,0.0,0.0,0.0,0.0,1.0
176044,0,1,3400,-70,70,-5.9,13,16,0.78,814080.000000,0.9,27,5.5,0.0,0.0,0.0,0.0,0.0,0.0,1.0
176293,0,1,3400,-70,70,-6.9,13,16,0.82,790336.000000,2,27,5.5,0.0,0.0,0.0,0.0,0.0,0.0,1.0
176542,0,1,3400,-70,70,-5.9,14,17,0.82,912000.000000,2,27,5.5,581,0.0,0.0,0.0,0.0,0.0,1.0
176791,0,1,3400,-70,70,-5.7,13,16,0.78,831584.000000,2,27,6.9,0.0,40256.000000,0,0.0,0.0,0.0,1.0
177040,0,1,3400,-70,70,-4.0,13,16,0.71,777056.000000,1,27,7.0,0.0,0.0,0.0,0.0,0.0,0.0,1.0
177289,0,1,3400,-70,70,-3.1,13,16,0.77,879136.000000,0.9,27,7.0,0.0,0.0,0.0,0.0,0.0,0.0,1.0
177538,0,1,3400,-70,70,-4.8,14,16,0.83,865952.000000,3,27,7.0,581,0.0,0.0,0.0,0.0,0.0,1.0
177787,0,1,3400,-70,70,-6.5,14,17,0.75,879264.000000,2,27,8.7,0.0,51520.000000,9,0.0,0.0,0.0,1.0
178036,0,1,3400,-70,70,-7.5,13,16,0.77,820160.000000,2,27,9.0,0.0,0.0,0.0,0.0,0.0,0.0,1.0
178285,0,1,3400,-70,70,-5.1,13,16,0.77,793632.000000,3,27,9.0,0.0,0.0,0.0,0.0,0.0,0.0,1.0
178534,0,1,3400,-70,70,-4.3,14,17,0.86,864640.000000,3,27,9.0,581,0.0,0.0,0.0,0.0,0.0,1.0
178783,0,1,3400,-70,70,-3.9,13,16,0.79,853696.000000,1,27,5.7,0.0,55200.000000,0,0.0,0.0,0.0,1.0
179032,0,1,3400,-70,70,-3.2,14,16,0.79,893952.000000,2,27,5.5,0.0,0.0,0.0,0.0,0.0,0.0,1.0
179281,0,1,3400,-70,70,-4.1,14,17,0.81,904000.000000,3,27,5.5,0.0,0.0,0.0,0.0,0.0,0.0,1.0
179530,0,1,3400,-70,70,-4.3,11,15,0.79,684320.000000,2,27,5.7,0.0,68928.000000,0,0.0,0.0,0.0,1.0
179779,0,1,3400,-70,70,-2.5,14,16,0.89,894656.000000,3,27,9.0,0.0,0.0,0.0,0.0,0.0,0.0,1.0
180028,0,1,3400,-70,70,-1.9,13,16,0.77,804480.000000,2,27,9.0,0.0,0.0,0.0,0.0,0.0,0.0,1.0
180277,0,1,3400,-70,70,-4.5,12,15,0.76,766592.000000,2,27,9.0,0.0,0.0,0.0,0.0,0.0,0.0,1.0
180526,0,1,3400,-70,70,-2.1,14,17,0.81,895104.000000,2,27,9.0,581,0.0,0.0,0.0,0.0,0.0,1.0
180775,0,1,3400,-70,70,-5.0,14,16,0.79,877952.000000,3,27,6.6,0.0,41664.000000,0,0.0,0.0,0.0,1.0
181024,0,1,3400,-70,70,-2.7,14,17,0.82,916000.000000,2,27,6.5,0.0,0.0,0.0,0.0,0.0,0.0,1.0
181273,0,1,3400,-70,70,-4.4,13,16,0.75,781312.000000,1,27,6.5,0.0,0.0,0.0,0.0,0.0,0.0,1.0
181522,0,1,3400,-70,70,2.0,13,16,0.81,805440.000000,3,27,6.4,0.0,35392.000000,0,0.0,0.0,0.0,1.0
181771,0,1,3400,-70,70,-1.5,13,16,0.77,841376.000000,0.4,27,5.5,0.0,0.0,0.0,0.0,0.0,0.0,1.0
182020,0,1,3400,-70,70,-6.8,13,16,0.75,823648.000000,2,27,5.5,0.0,0.0,0.0,0.0,0.0,0.0,1.0
182269,0,1,3400,-70,70,-7.6,13,16,0.76,752896.000000,2,27,5.5,0.0,0.0,0.0,0.0,0.0,0.0,1.0
182518,0,1,3400,-70,70,-6.4,14,17,0.79,876992.000000,2,27,5.6,0.0,54336.000000,0,0.0,0.0,0.0,1.0
182767,0,1,3400,-70,70,-3.0,13,16,0.79,811168.000000,2,27,7.0,0.0,0.0,0.0,0.0,0.0,0.0,1.0
183016,0,1,3400,-70,70,-2.7,13,16,0.81,844064.000000,1,27,7.0,0.0,0.0,0.0,0.0,0.0,0.0,1.0
183265,0,1,3400,-70,70,-3.7,13,16,0.79,796192.000000,2,27,7.0,0.0,0.0,0.0,0.0,0.0,0.0,1.0
183514,0,1,3400,-70,70,-5.0,14,17,0.80,883744.000000,3,27,7.0,0.0,0.0,0.0,0.0,0.0,0.0,1.0
183763,0,1,3400,-70,70,-5.5,13,16,0.73,821280.000000,2,27,5.8,0.0,34368.000000,0,0.0,0.0,0.0,1.0
184012,0,1,3400,-70,70,-6.8,11,13,0.67,627872.000000,0.4,27,5.5,0.0,0.0,0.0,0.0,0.0,0.0,1.0
184261,0,1,3400,-70,70,-6.0,11,14,0.64,650048.000000,0.4,27,5.5,0.0,0.0,0.0,0.0,0.0,0.0,1.0
184510,0,1,3400,-70,70,-8.0,14,16,0.78,852992.000000,2,27,5.5,581,0.0,0.0,0.0,0.0,0.0,1.0
184759,0,1,3400,-70,70,-5.7,14,17,0.89,908000.000000,3,27,2.3,0.0,49504.000000,0,0.0,0.0,0.0,1.0
185008,0,1,3400,-70,70,-0.90,12,16,0.73,765248.000000,2,27,2.0,0.0,0.0,0.0,0.0,0.0,0.0,1.0
185257,0,1,3400,-70,70,-2.0,13,16,0.81,846016.000000,2,27,2.0,0.0,0.0,0.0,0.0,0.0,0.0,1.0
185506,0,1,3400,-70,70,-3.6,13,16,0.78,789216.000000,3,27,2.0,581,0.0,0.0,0.0,0.0,0.0,1.0
185755,0,1,3400,-70,70,-4.8,12,15,0.70,744064.000000,0.4,27,5.5,0.0,37312.000000,0,0.0,0.0,0.0,1.0
186004,0,1,3400,-70,70,-2.8,13,16,0.76,839360.000000,2,27,5.5,0.0,0.0,0.0,0.0,0.0,0.0,1.0
186253,0,1,3400,-70,70,-2.2,14,17,0.77,897184.000000,2,27,5.5,0.0,0.0,0.0,0.0,0.0,0.0,1.0
186502,0,1,3400,-70,70,-5.2,12,15,0.76,724544.000000,0.9,27,5.4,0.0,93152.000000,8,0.0,0.0,0.0,1.0
186751,0,1,3400,-70,70,-3.2,13,15,0.84,769115.562500,1,27,7.0,0.0,7171.314941,0,0.0,0.0,0.0,1.0
187000,0,1,3400,-70,70,-1.9,12,16,0.74,761920.000000,0.8,27,7.0,0.0,0.0,0.0,0.0,0.0,0.0,1.0
187249,0,1,3400,-70,70,-5.5,14,16,0.88,896000.000000,4,27,7.0,0.0,0.0,0.0,0.0,0.0,0.0,1.0
187498,0,1,3400,-70,70,-6.7,12,16,0.81,773280.000000,1,27,7.0,581,0.0,0.0,0.0,0.0,0.0,1.0
187747,0,1,3400,-70,70,-6.6,12,15,0.76,745376.000000,1,27,5.6,0.0,37312.000000,0,0.0,0.0,0.0,1.0
187996,0,1,3400,-70,70,-2.5,13,16,0.76,859904.000000,0.9,27,5.5,0.0,0.0,0.0,0.0,0.0,0.0,1.0
188245,0,1,3400,-70,70,-3.7,13,16,0.78,851904.000000,2,27,5.5,0.0,0.0,0.0,0.0,0.0,0.0,1.0
188494,0,1,3400,-70,70,-6.1,14,17,0.81,916000.000000,2,27,5.5,581,0.0,0.0,0.0,0.0,0.0,1.0
188743,0,1,3400,-70,70,-4.9,13,16,0.79,821376.000000,1,27,3.2,0.0,54496.000000,0,0.0,0.0,0.0,1.0
188992,0,1,3400,-70,70,0.34,12,16,0.75,765216.000000,2,27,3.0,0.0,0.0,0.0,0.0,0.0,0.0,1.0
189241,0,1,3400,-70,70,-4.5,13,16,0.76,802432.000000,0.9,27,3.0,0.0,0.0,0.0,0.0,0.0,0.0,1.0
189490,0,1,3400,-70,70,-3.0,13,16,0.80,850592.000000,2,27,3.0,581,0.0,0.0,0.0,0.0,0.0,1.0
189739,0,1,3400,-70,70,-6.0,13,16,0.81,838112.000000,3,27,6.9,0.0,43200.000000,0,0.0,0.0,0.0,1.0
189988,0,1,3400,-70,70,-4.4,14,16,0.79,866720.000000,2,27,7.0,0.0,0.0,0.0,0.0,0.0,0.0,1.0
190237,0,1,3400,-70,70,-5.1,13,16,0.79,833088.000000,1,27,7.0,0.0,0.0,0.0,0.0,0.0,0.0,1.0
190486,0,1,3400,-70,70,-8.6,13,15,0.83,789120.000000,1,27,7.0,581,0.0,0.0,0.0,0.0,0.0,1.0
190735,0,1,3400,-70,70,-5.9,13,16,0.75,786528.000000,0.9,27,5.6,0.0,34368.000000,0,0.0,0.0,0.0,1.0
190984,0,1,3400,-70,70,-2.8,14,16,0.84,885952.000000,3,27,5.5,0.0,0.0,0.0,0.0,0.0,0.0,1.0
191233,0,1,3400,-70,70,-4.8,14,17,0.80,889952.000000,0.9,27,5.5,0.0,0.0,0.0,0.0,0.0,0.0,1.0
191482,0,1,3400,-70,70,-7.8,11,14,0.72,691840.000000,1,27,5.5,581,0.0,0.0,0.0,0.0,0.0,1.0
191731,0,1,3400,-70,70,-1.9,10,13,0.61,576800.000000,0,27,3.0,0.0,74112.000000,0,0.0,0.0,0.0,1.0
191980,0,1,3400,-70,70,-0.39,13,16,0.76,827296.000000,0.4,27,3.0,0.0,0.0,0.0,0.0,0.0,0.0,1.0
192229,0,1,3400,-70,70,-1.7,12,16,0.66,773344.000000,0,27,3.0,0.0,0.0,0.0,0.0,0.0,0.0,1.0
192478,0,1,3400,-70,70,-1.1,14,17,0.84,900000.000000,3,27,3.0,581,0.0,0.0,0.0,0.0,0.0,1.0
192727,0,1,3400,-70,70,-0.74,14,16,0.86,865952.000000,2,27,5.3,0.0,54336.000000,0,0.0,0.0,0.0,1.0
192976,0,1,3400,-70,70,-3.1,13,16,0.82,857696.000000,1,27,5.5,0.0,0.0,0.0,0.0,0.0,0.0,1.0
193225,0,1,3400,-70,70,-7.0,14,17,0.76,897952.000000,0.9,27,5.5,0.0,0.0,0.0,0.0,0.0,0.0,1.0
193474,0,1,3400,-70,70,-5.1,14,16,0.82,866176.000000,2,27,5.5,0.0,49312.000000,0,0.0,0.0,0.0,1.0
193723,0,1,3400,-70,70,-5.3,10,14,0.55,579232.000000,0,27,5.5,0.0,0.0,0.0,0.0,0.0,0.0,1.0
193972,0,1,3400,-70,70,-2.0,13,16,0.76,812704.000000,0.9,27,5.5,0.0,0.0,0.0,0.0,0.0,0.0,1.0
194221,0,1,3400,-70,70,-5.1,13,16,0.82,822400.000000,2,27,5.5,0.0,0.0,0.0,0.0,0.0,0.0,1.0
194470,0,1,3400,-70,70,-5.2,12,15,0.81,751136.000000,1,27,5.4,0.0,31424.000000,0,0.0,0.0,0.0,1.0
194719,0,1,3400,-70,70,-5.0,13,15,0.88,750784.000000,3,27,4.0,0.0,0.0,0.0,0.0,0.0,0.0,1.0
194968,0,1,3400,-70,70,-4.9,12,14,0.76,708352.000000,1,27,4.0,0.0,0.0,0.0,0.0,0.0,0.0,1.0
195217,0,1,3400,-70,70,-3.1,12,15,0.81,745312.000000,0.9,27,4.0,0.0,0.0,0.0,0.0,0.0,0.0,1.0
195466,0,1,3400,-70,70,-3.5,14,17,0.87,920000.000000,3,27,4.0,0.0,0.0,0.0,0.0,0.0,0.0,1.0
195715,0,1,3400,-70,70,-4.6,13,16,0.85,824640.000000,1,27,3.8,0.0,71968.000000,0,0.0,0.0,0.0,1.0
195964,0,1,3400,-70,70,-4.9,13,16,0.80,819648.000000,2,27,3.5,0.0,0.0,0.0,0.0,0.0,0.0,1.0
196213,0,1,3400,-70,70,-5.7,13,16,0.85,861632.000000,2,27,3.5,0.0,0.0,0.0,0.0,0.0,0.0,1.0
196462,0,1,3400,-70,70,-2.4,11,15,0.70,691872.000000,0.4,27,3.9,0.0,54592.000000,0,0.0,0.0,0.0,1.0
196711,0,1,3400,-70,70,-4.0,14,17,0.85,916000.000000,2,27,8.0,0.0,0.0,0.0,0.0,0.0,0.0,1.0
196960,0,1,3400,-70,70,-4.1,12,15,0.78,742208.000000,2,27,8.0,0.0,0.0,0.0,0.0,0.0,0.0,1.0
197209,0,1,3400,-70,70,-4.3,12,15,0.67,763744.000000,0,27,8.0,0.0,0.0,0.0,0.0,0.0,0.0,1.0
197458,0,1,3400,-70,70,-4.9,13,16,0.81,828192.000000,2,27,8.0,581,0.0,0.0,0.0,0.0,0.0,1.0
197707,0,1,3400,-70,70,-2.8,13,16,0.73,816704.000000,0.4,27,7.8,0.0,44608.000000,0,0.0,0.0,0.0,1.0
197956,0,1,3400,-70,70,-4.9,13,16,0.81,855904.000000,1,27,8.0,0.0,0.0,0.0,0.0,0.0,0.0,1.0
198205,0,1,3400,-70,70,-6.2,13,16,0.74,832192.000000,1,27,8.0,0.0,0.0,0.0,0.0,0.0,0.0,1.0
198454,0,1,3400,-70,70,-6.4,13,16,0.74,816000.000000,1,27,8.0,581,0.0,0.0,0.0,0.0,0.0,1.0
198703,0,1,3400,-70,70,-5.6,11,15,0.66,627616.000000,0,27,2.5,0.0,69024.000000,4,0.0,0.0,0.0,1.0
198952,0,1,3400,-70,70,-5.3,13,16,0.74,796768.000000,0.9,27,2.0,0.0,0.0,0.0,0.0,0.0,0.0,1.0
199201,0,1,3400,-70,70,-3.6,14,17,0.83,908000.000000,2,27,2.0,0.0,0.0,0.0,0.0,0.0,0.0,1.0
199450,0,1,3400,-70,70,-5.2,14,17,0.82,928000.000000,1,27,2.2,0.0,66848.000000,0,0.0,0.0,0.0,1.0
199699,0,1,3400,-70,70,-4.6,14,17,0.81,908000.000000,2,27,2.0,0.0,0.0,0.0,0.0,0.0,0.0,1.0
199948,0,1,3400,-70,70,-6.6,14,17,0.82,864512.000000,3,27,2.0,0.0,0.0,0.0,0.0,0.0,0.0,1.0
200197,0,1,3400,-70,70,-6.2,13,16,0.86,812768.000000,2,27,2.0,0.0,0.0,0.0,0.0,0.0,0.0,1.0
200446,0,1,3400,-70,70,-4.1,11,15,0.68,646272.000000,0,27,2.4,0.0,56896.000000,0,0.0,0.0,0.0,1.0
200695,0,1,3400,-70,70,-2.9,13,16,0.77,855008.000000,1,27,4.5,0.0,0.0,0.0,0.0,0.0,0.0,1.0
200944,0,1,3400,-70,70,-2.2,11,15,0.66,687200.000000,0,27,4.5,0.0,0.0,0.0,0.0,0.0,0.0,1.0
201193,0,1,3400,-70,70,-2.2,13,16,0.85,842016.000000,2,27,4.5,0.0,0.0,0.0,0.0,0.0,0.0,1.0
201442,0,1,3400,-70,70,-4.7,13,16,0.75,782176.000000,0.9,27,4.5,581,0.0,0.0,0.0,0.0,0.0,1.0
201691,0,1,3400,-70,70,-3.6,13,16,0.78,853216.000000,0.9,27,5.6,0.0,37312.000000,0,0.0,0.0,0.0,1.0
201940,0,1,3400,-70,70,-1.9,13,16,0.82,859840.000000,0.4,27,5.5,0.0,0.0,0.0,0.0,0.0,0.0,1.0
202189,0,1,3400,-70,70,-2.5,12,15,0.71,733152.000000,0.9,27,5.5,0.0,0.0,0.0,0.0,0.0,0.0,1.0
202438,0,1,3400,-70,70,-5.7,13,16,0.79,863904.000000,0.9,27,5.4,0.0,74912.000000,0,0.0,0.0,0.0,1.0
202687,0,1,3400,-70,70,-3.5,12,15,0.75,731488.000000,0.9,27,3.5,0.0,0.0,0.0,0.0,0.0,0.0,1.0
202936,0,1,3400,-70,70,-0.74,13,16,0.83,806080.000000,2,27,3.5,0.0,0.0,0.0,0.0,0.0,0.0,1.0
203185,0,1,3400,-70,70,-0.61,13,16,0.77,803872.000000,0.9,27,3.5,0.0,0.0,0.0,0.0,0.0,0.0,1.0
203434,0,1,3400,-70,70,-5.1,13,16,0.81,788576.000000,1,27,3.8,0.0,64576.000000,0,0.0,0.0,0.0,1.0
203683,0,1,3400,-70,70,-6.4,13,15,0.79,774784.000000,2,27,8.0,0.0,0.0,0.0,0.0,0.0,0.0,1.0
203932,0,1,3400,-70,70,-5.6,10,13,0.59,574112.000000,0,27,8.0,0.0,0.0,0.0,0.0,0.0,0.0,1.0
204181,0,1,3400,-70,70,-4.0,10,13,0.60,579040.000000,0,27,8.0,0.0,0.0,0.0,0.0,0.0,0.0,1.0
204430,0,1,3400,-70,70,-2.2,10.0,13,0.57,565760.000000,0,27,7.6,0.0,47136.000000,0,0.0,0.0,0.0,1.0
204679,0,1,3400,-70,70,-3.4,10,13,0.59,576576.000000,0,27,5.5,0.0,0.0,0.0,0.0,0.0,0.0,1.0
204928,0,1,3400,-70,70,-2.1,10,13,0.60,574112.000000,0,27,5.5,0.0,0.0,0.0,0.0,0.0,0.0,1.0
205177,0,1,3400,-70,70,-2.7,10,13,0.57,576576.000000,0,27,5.5,0.0,0.0,0.0,0.0,0.0,0.0,1.0
205426,0,1,3400,-70,70,-5.5,10,13,0.60,571648.000000,0,27,5.5,581,0.0,0.0,0.0,0.0,0.0,1.0
205675,0,1,3400,-70,70,-3.7,10.0,13,0.57,566080.000000,0,27,3.2,0.0,28096.000000,0,0.0,0.0,0.0,1.0
205924,0,1,3400,-70,70,-2.0,10,13,0.58,574112.000000,0,27,3.0,0.0,0.0,0.0,0.0,0.0,0.0,1.0
206173,0,1,3400,-70,70,-5.1,10,13,0.56,574112.000000,0,27,3.0,0.0,0.0,0.0,0.0,0.0,0.0,1.0
206422,0,1,3400,-70,70,-5.9,12,17,0.75,756384.000000,3,27,3.0,581,0.0,0.0,0.0,0.0,0.0,1.0
206671,0,1,3400,-70,70,-7.3,14,17,0.82,880000.000000,1,27,5.4,0.0,34368.000000,0,0.0,0.0,0.0,1.0
206920,0,1,3400,-70,70,-4.8,13,16,0.80,856672.000000,0.4,27,5.5,0.0,0.0,0.0,0.0,0.0,0.0,1.0
207169,0,1,3400,-70,70,-3.3,12,15,0.82,753184.000000,1,27,5.5,0.0,0.0,0.0,0.0,0.0,0.0,1.0
207418,0,1,3400,-70,70,-2.6,11,14,0.67,638400.000000,0.4,27,5.6,0.0,27904.000000,9,0.0,0.0,0.0,1.0
207667,0,1,3400,-70,70,-5.4,14,16,0.79,867680.000000,2,27,4.5,0.0,0.0,0.0,0.0,0.0,0.0,1.0
207916,0,1,3400,-70,70,-4.4,13,16,0.76,813088.000000,0.4,27,4.5,0.0,0.0,0.0,0.0,0.0,0.0,1.0
208165,0,1,3400,-70,70,-3.6,10,14,0.61,618976.000000,0,27,4.5,0.0,0.0,0.0,0.0,0.0,0.0,1.0
208414,0,1,3400,-70,70,-6.7,13,16,0.80,834656.000000,1,27,4.8,0.0,44224.000000,0,0.0,0.0,0.0,1.0
208663,0,1,3400,-70,70,-5.0,13,16,0.78,805056.000000,0,27,5.5,0.0,0.0,0.0,0.0,0.0,0.0,1.0
208912,0,1,3400,-70,70,-2.4,13,16,0.78,832928.000000,2,27,5.5,0.0,0.0,0.0,0.0,0.0,0.0,1.0
209161,0,1,3400,-70,70,-2.2,14,17,0.87,924000.000000,2,27,5.5,0.0,0.0,0.0,0.0,0.0,0.0,1.0
209410,0,1,3400,-70,70,-0.76,13,16,0.88,805280.000000,2,27,5.3,0.0,61984.000000,0,0.0,0.0,0.0,1.0
209659,0,1,3400,-70,70,-3.7,10,14,0.57,592416.000000,0,27,3.0,0.0,0.0,0.0,0.0,0.0,0.0,1.0
209908,0,1,3400,-70,70,-3.8,13,16,0.78,855840.000000,0.9,27,3.0,0.0,0.0,0.0,0.0,0.0,0.0,1.0
210157,0,1,3400,-70,70,-3.7,13,17,0.73,829088.000000,2,27,3.0,0.0,0.0,0.0,0.0,0.0,0.0,1.0
210406,0,1,3400,-70,70,-2.8,14,16,0.93,867712.000000,2,27,3.3,0.0,78432.000000,0,0.0,0.0,0.0,1.0
210655,0,1,3400,-70,70,-2.7,13,16,0.76,794272.000000,1,27,7.0,0.0,0.0,0.0,0.0,0.0,0.0,1.0
210904,0,1,3400,-70,70,-6.1,11,16,0.78,757600.000000,2,27,7.0,0.0,0.0,0.0,0.0,0.0,0.0,1.0
211153,0,1,3400,-70,70,-4.3,13,16,0.79,813696.000000,2,27,7.0,0.0,0.0,0.0,0.0,0.0,0.0,1.0
211402,0,1,3400,-70,70,-4.1,13,16,0.88,850272.000000,2,27,7.0,0.0,0.0,0.0,0.0,0.0,0.0,1.0
211651,0,1,3400,-70,70,-4.3,11,14,0.70,656128.000000,0,27,6.4,0.0,77728.000000,0,0.0,0.0,0.0,1.0
211900,0,1,3400,-70,70,-2.2,13,16,0.79,827168.000000,0.9,27,6.5,0.0,0.0,0.0,0.0,0.0,0.0,1.0
212149,0,1,3400,-70,70,-4.7,14,16,0.82,897952.000000,0.9,27,6.5,0.0,0.0,0.0,0.0,0.0,0.0,1.0
212398,0,1,3400,-70,70,-8.5,13,16,0.72,837728.000000,1,27,6.5,581,0.0,0.0,0.0,0.0,0.0,1.0
212647,0,1,3400,-70,70,-5.7,13,16,0.73,784224.000000,2,27,10,0.0,62016.000000,17,0.0,0.0,0.0,1.0
212896,0,1,3400,-70,70,-4.8,14,17,0.84,916000.000000,2,27,10,0.0,0.0,0.0,0.0,0.0,0.0,1.0
213145,0,1,3400,-70,70,-2.3,13,16,0.75,813184.000000,0.9,27,10,0.0,0.0,0.0,0.0,0.0,0.0,1.0
213394,0,1,3400,-70,70,-1.6,12,15,0.78,691392.000000,1,27,9.9,0.0,65568.000000,0,0.0,0.0,0.0,1.0
213643,0,1,3400,-70,70,-2.3,12,16,0.73,774144.000000,0.9,27,5.5,0.0,0.0,0.0,0.0,0.0,0.0,1.0
213892,0,1,3400,-70,70,-3.2,13,16,0.78,809440.000000,1,27,5.5,0.0,0.0,0.0,0.0,0.0,0.0,1.0
214141,0,1,3400,-70,70,-4.4,13,16,0.82,860704.000000,2,27,5.5,0.0,0.0,0.0,0.0,0.0,0.0,1.0
214390,0,1,3400,-70,70,-3.8,14,17,0.85,932000.000000,1,27,5.5,581,0.0,0.0,0.0,0.0,0.0,1.0
214639,0,1,3400,-70,70,-2.7,13,17,0.69,823648.000000,0.9,27,7.4,0.0,44608.000000,0,0.0,0.0,0.0,1.0
214888,0,1,3400,-70,70,-1.3,13,17,0.77,867904.000000,0.4,27,8.0,0.0,0.0,0.0,0.0,0.0,0.0,1.0
215137,0,1,3400,-70,70,-1.4,15,16,1.0,933248.000000,5,27,8.0,0.0,0.0,0.0,0.0,0.0,0.0,1.0
215386,0,1,3400,-70,70,-5.2,14,16,0.86,882560.000000,2,27,7.8,0.0,44608.000000,0,0.0,0.0,0.0,1.0
215635,0,1,3400,-70,70,-0.74,10,14,0.59,579680.000000,0.4,27,8.0,0.0,0.0,0.0,0.0,0.0,0.0,1.0
215884,0,1,3400,-70,70,-2.1,13,16,0.76,838656.000000,0.9,27,8.0,0.0,0.0,0.0,0.0,0.0,0.0,1.0
216133,0,1,3400,-70,70,-3.0,14,16,0.97,904000.000000,2,27,8.0,0.0,0.0,0.0,0.0,0.0,0.0,1.0
216382,0,1,3400,-70,70,-2.5,13,16,0.80,827200.000000,0.4,27,7.5,0.0,65696.000000,4,0.0,0.0,0.0,1.0
216631,0,1,3400,-70,70,-1.9,10,14,0.61,587328.000000,0,27,1.0,0.0,0.0,0.0,0.0,0.0,0.0,1.0
216880,0,1,3400,-70,70,-6.1,13,16,0.82,827584.000000,1,27,1.0,0.0,0.0,0.0,0.0,0.0,0.0,1.0
217129,0,1,3400,-70,70,-2.9,12,16,0.70,789824.000000,0,27,1.0,0.0,0.0,0.0,0.0,0.0,0.0,1.0
217378,0,1,3400,-70,70,-3.8,14,15,0.95,928000.000000,0.9,27,1.0,581,0.0,0.0,0.0,0.0,0.0,1.0
217627,0,1,3400,-70,70,-2.6,13,16,0.79,853600.000000,0.9,27,4.6,0.0,36160.000000,0,0.0,0.0,0.0,1.0
217876,0,1,3400,-70,70,-2.6,14,17,0.84,912000.000000,2,27,4.5,0.0,0.0,0.0,0.0,0.0,0.0,1.0
218125,0,1,3400,-70,70,-4.4,13,16,0.81,833088.000000,3,27,4.5,0.0,0.0,0.0,0.0,0.0,0.0,1.0
218374,0,1,3400,-70,70,-4.1,13,16,0.80,757312.000000,1,27,4.5,0.0,72288.000000,0,0.0,0.0,0.0,1.0
218623,0,1,3400,-70,70,-4.9,14,17,0.87,906208.000000,3,27,5.5,0.0,0.0,0.0,0.0,0.0,0.0,1.0
218872,0,1,3400,-70,70,-1.8,13,17,0.77,865696.000000,0.9,27,5.5,0.0,0.0,0.0,0.0,0.0,0.0,1.0
219121,0,1,3400,-70,70,-2.0,17,15,1.5,1054848.000000,7,27,5.5,0.0,0.0,0.0,0.0,0.0,0.0,1.0
219370,0,1,3400,-70,70,-2.9,13,16,0.77,818816.000000,0.4,27,5.5,0.0,35232.000000,7,0.0,0.0,0.0,1.0
219619,0,1,3400,-70,70,-3.2,12,17,0.61,720128.000000,0,27,1.5,0.0,0.0,0.0,0.0,0.0,0.0,1.0
219868,0,1,3400,-70,70,-5.0,13,17,0.71,793664.000000,0.9,27,1.5,0.0,0.0,0.0,0.0,0.0,0.0,1.0
220117,0,1,3400,-70,70,-8.1,14,17,0.89,916000.000000,2,27,1.5,0.0,0.0,0.0,0.0,0.0,0.0,1.0
220366,0,1,3400,-70,70,-8.7,14,16,0.94,908000.000000,3,27,1.5,581,0.0,0.0,0.0,0.0,0.0,1.0
220615,0,1,3400,-70,70,-6.2,14,16,0.98,916000.000000,3,27,4.1,0.0,33984.000000,0,0.0,0.0,0.0,1.0
220864,0,1,3400,-70,70,-5.7,14,16,0.90,920000.000000,1,27,4.5,0.0,0.0,0.0,0.0,0.0,0.0,1.0
221113,0,1,3400,-70,70,-3.7,14,17,0.87,928000.000000,0.9,27,4.5,0.0,0.0,0.0,0.0,0.0,0.0,1.0
221362,0,1,3400,-70,70,-0.29,14,17,0.84,908000.000000,3,27,4.5,581,0.0,0.0,0.0,0.0,0.0,1.0
221611,0,1,3400,-70,70,-1.7,14,17,0.82,912000.000000,3,27,6.0,0.0,58688.000000,0,0.0,0.0,0.0,1.0
221860,0,1,3400,-70,70,-3.1,14,17,0.86,916000.000000,2,27,6.5,0.0,0.0,0.0,0.0,0.0,0.0,1.0
222109,0,1,3400,-70,70,-7.5,14,16,0.96,884000.000000,3,27,6.5,0.0,0.0,0.0,0.0,0.0,0.0,1.0
222358,0,1,3400,-70,70,-3.7,13,17,0.78,871904.000000,0.4,27,6.3,0.0,34368.000000,0,0.0,0.0,0.0,1.0
222607,0,1,3400,-70,70,-3.3,13,16,0.76,833376.000000,0.9,27,5.5,0.0,0.0,0.0,0.0,0.0,0.0,1.0
222856,0,1,3400,-70,70,-1.3,14,17,0.90,924000.000000,2,27,5.5,0.0,0.0,0.0,0.0,0.0,0.0,1.0
223105,0,1,3400,-70,70,-3.2,14,17,0.85,908000.000000,3,27,5.5,0.0,0.0,0.0,0.0,0.0,0.0,1.0
223354,0,1,3400,-70,70,-2.9,14,17,0.85,891744.000000,2,27,5.5,581,0.0,0.0,0.0,0.0,0.0,1.0
223603,0,1,3400,-70,70,-3.6,14,17,0.82,897728.000000,2,27,3.7,0.0,74912.000000,0,0.0,0.0,0.0,1.0
223852,0,1,3400,-70,70,-3.2,14,17,0.78,900224.000000,0.9,27,3.5,0.0,0.0,0.0,0.0,0.0,0.0,1.0
224101,0,1,3400,-70,70,-4.1,13,17,0.77,857696.000000,2,27,3.5,0.0,0.0,0.0,0.0,0.0,0.0,1.0
224350,0,1,3400,-70,70,-5.2,14,16,0.88,869536.000000,2,27,3.5,581,0.0,0.0,0.0,0.0,0.0,1.0
224599,0,1,3400,-70,70,-1.8,14,17,0.83,896160.000000,0.9,27,4.1,0.0,47136.000000,0,0.0,0.0,0.0,1.0
224848,0,1,3400,-70,70,-3.0,14,17,0.83,904000.000000,3,27,4.0,0.0,0.0,0.0,0.0,0.0,0.0,1.0
225097,0,1,3400,-70,70,-3.7,12,16,0.78,769216.000000,2,27,4.0,0.0,0.0,0.0,0.0,0.0,0.0,1.0
225346,0,1,3400,-70,70,-2.8,14,17,0.81,891744.000000,0.9,27,4.0,581,0.0,0.0,0.0,0.0,0.0,1.0
225595,0,1,3400,-70,70,-3.5,14,16,0.80,874944.000000,1,27,6.9,0.0,45376.000000,0,0.0,0.0,0.0,1.0
225844,0,1,3400,-70,70,-2.5,13,17,0.78,819552.000000,1,27,7.0,0.0,0.0,0.0,0.0,0.0,0.0,1.0
226093,0,1,3400,-70,70,-1.5,14,17,0.81,924000.000000,0.9,27,7.0,0.0,0.0,0.0,0.0,0.0,0.0,1.0
226342,0,1,3400,-70,70,-3.0,13,17,0.78,841376.000000,1,27,7.0,581,0.0,0.0,0.0,0.0,0.0,1.0
226591,0,1,3400,-70,70,-5.0,14,17,0.75,867552.000000,0.9,27,5.9,0.0,82048.000000,0,0.0,0.0,0.0,1.0
226840,0,1,3400,-70,70,-2.6,15,16,1.2,917216.000000,5,27,6.0,0.0,0.0,0.0,0.0,0.0,0.0,1.0
227089,0,1,3400,-70,70,1.4,13,16,0.75,795328.000000,0.9,27,6.0,0.0,0.0,0.0,0.0,0.0,0.0,1.0
227338,0,1,3400,-70,70,1.5,11,13,0.72,629920.000000,1,27,5.9,0.0,77728.000000,0,0.0,0.0,0.0,1.0
227587,0,1,3400,-70,70,-2.5,11,15,0.64,692064.000000,0.4,27,6.5,0.0,0.0,0.0,0.0,0.0,0.0,1.0
227836,0,1,3400,-70,70,-2.8,14,17,0.81,916000.000000,2,27,6.5,0.0,0.0,0.0,0.0,0.0,0.0,1.0
228085,0,1,3400,-70,70,-2.1,13,17,0.81,827584.000000,2,27,6.5,0.0,0.0,0.0,0.0,0.0,0.0,1.0
228334,0,1,3400,-70,70,-3.7,13,17,0.77,859904.000000,0.9,27,6.5,581,0.0,0.0,0.0,0.0,0.0,1.0
228583,0,1,3400,-70,70,-2.8,14,16,0.90,912000.000000,3,27,7.9,0.0,47552.000000,0,0.0,0.0,0.0,1.0
228832,0,1,3400,-70,70,-1.6,14,17,0.80,883744.000000,2,27,8.0,0.0,0.0,0.0,0.0,0.0,0.0,1.0
229081,0,1,3400,-70,70,-2.3,14,16,0.90,863744.000000,3,27,8.0,0.0,0.0,0.0,0.0,0.0,0.0,1.0
229330,0,1,3400,-70,70,-1.0,14,17,0.84,908000.000000,2,27,8.0,0.0,58816.000000,9,0.0,0.0,0.0,1.0
229579,0,1,3400,-70,70,0.042,14,17,0.80,893952.000000,0.9,27,10,0.0,0.0,0.0,0.0,0.0,0.0,1.0
229828,0,1,3400,-70,70,-0.24,13,17,0.80,847904.000000,2,27,10,0.0,0.0,0.0,0.0,0.0,0.0,1.0
230077,0,1,3400,-70,70,-1.2,13,17,0.80,855904.000000,0.9,27,10,0.0,0.0,0.0,0.0,0.0,0.0,1.0
230326,0,1,3400,-70,70,-1.5,14,17,0.84,916000.000000,3,27,9.5,0.0,33984.000000,0,0.0,0.0,0.0,1.0
230575,0,1,3400,-70,70,-3.7,12,17,0.80,802912.000000,2,27,4.5,0.0,0.0,0.0,0.0,0.0,0.0,1.0
230824,0,1,3400,-70,70,-6.4,13,16,0.79,807328.000000,1,27,4.5,0.0,0.0,0.0,0.0,0.0,0.0,1.0
231073,0,1,3400,-70,70,-4.4,14,17,1.0,888992.000000,5,27,4.5,0.0,0.0,0.0,0.0,0.0,0.0,1.0
231322,0,1,3400,-70,70,-2.6,13,17,0.78,853696.000000,2,27,4.5,0.0,0.0,0.0,0.0,0.0,0.0,1.0
231571,0,1,3400,-70,70,0.57,14,17,0.84,895936.000000,2,27,6.4,0.0,66112.000000,0,0.0,0.0,0.0,1.0
231820,0,1,3400,-70,70,-2.3,13,16,0.75,809600.000000,0.9,27,7.0,0.0,0.0,0.0,0.0,0.0,0.0,1.0
232069,0,1,3400,-70,70,-2.5,14,17,0.82,903744.000000,0.4,27,7.0,0.0,0.0,0.0,0.0,0.0,0.0,1.0
232318,0,1,3400,-70,70,-3.3,14,17,0.79,887456.000000,0.9,27,6.9,0.0,38720.000000,0,0.0,0.0,0.0,1.0
232567,0,1,3400,-70,70,-4.9,14,17,0.85,910208.000000,3,27,6.5,0.0,0.0,0.0,0.0,0.0,0.0,1.0
232816,0,1,3400,-70,70,-4.5,14,17,0.85,883744.000000,2,27,6.5,0.0,0.0,0.0,0.0,0.0,0.0,1.0
233065,0,1,3400,-70,70,0.48,14,17,0.87,920000.000000,1,27,6.5,0.0,0.0,0.0,0.0,0.0,0.0,1.0
233314,0,1,3400,-70,70,-4.0,14,17,0.88,896000.000000,3,27,6.4,0.0,70464.000000,0,0.0,0.0,0.0,1.0
233563,0,1,3400,-70,70,-0.20,14,17,0.80,912000.000000,2,27,8.0,0.0,0.0,0.0,0.0,0.0,0.0,1.0
233812,0,1,3400,-70,70,0.079,13,16,0.76,847360.000000,0.9,27,8.0,0.0,0.0,0.0,0.0,0.0,0.0,1.0
234061,0,1,3400,-70,70,-1.3,13,16,0.71,787264.000000,1,27,8.0,0.0,0.0,0.0,0.0,0.0,0.0,1.0
234310,0,1,3400,-70,70,-3.7,13,17,0.78,828832.000000,1,27,7.9,0.0,67616.000000,0,0.0,0.0,0.0,1.0
234559,0,1,3400,-70,70,-3.3,13,17,0.79,851488.000000,2,27,9.0,0.0,0.0,0.0,0.0,0.0,0.0,1.0
234808,0,1,3400,-70,70,-3.5,14,17,0.84,903744.000000,0.4,27,9.0,0.0,0.0,0.0,0.0,0.0,0.0,1.0
235057,0,1,3400,-70,70,-3.9,14,17,0.85,873952.000000,2,27,9.0,0.0,0.0,0.0,0.0,0.0,0.0,1.0
235306,0,1,3400,-70,70,-1.2,14,17,0.90,904000.000000,3,27,9.0,0.0,0.0,0.0,0.0,0.0,0.0,1.0
235555,0,1,3400,-70,70,-5.8,13,17,0.79,824416.000000,0.4,27,6.2,0.0,34368.000000,0,0.0,0.0,0.0,1.0
235804,0,1,3400,-70,70,-3.8,13,16,0.80,837152.000000,2,27,5.5,0.0,0.0,0.0,0.0,0.0,0.0,1.0
236053,0,1,3400,-70,70,-4.1,14,17,0.85,901184.000000,2,27,5.5,0.0,0.0,0.0,0.0,0.0,0.0,1.0
236302,0,1,3400,-70,70,-2.7,14,17,0.88,912000.000000,3,27,5.5,581,0.0,0.0,0.0,0.0,0.0,1.0
236551,0,1,3400,-70,70,-2.2,13,16,0.80,773056.000000,1,27,2.3,0.0,49504.000000,0,0.0,0.0,0.0,1.0
236800,0,1,3400,-70,70,-0.47,14,16,0.94,873888.000000,4,27,2.0,0.0,0.0,0.0,0.0,0.0,0.0,1.0
237049,0,1,3400,-70,70,-3.1,12,15,0.88,743072.000000,3,27,2.0,0.0,0.0,0.0,0.0,0.0,0.0,1.0
237298,0,1,3400,-70,70,-4.2,12,15,0.74,716608.000000,0.9,27,2.0,581,0.0,0.0,0.0,0.0,0.0,1.0
237547,0,1,3400,-70,70,-3.4,13,16,0.75,793536.000000,2,27,3.6,0.0,45120.000000,0,0.0,0.0,0.0,1.0
237796,0,1,3400,-70,70,-4.0,11,13,0.65,610656.000000,0.9,27,4.0,0.0,0.0,0.0,0.0,0.0,0.0,1.0
238045,0,1,3400,-70,70,-3.9,10,13,0.56,574112.000000,0,27,4.0,0.0,0.0,0.0,0.0,0.0,0.0,1.0
238294,0,1,3400,-70,70,-3.1,12,15,0.69,732736.000000,0.8,27,4.0,581,0.0,0.0,0.0,0.0,0.0,1.0
238543,0,1,3400,-70,70,-2.2,14,17,0.77,877472.000000,2,27,3.7,0.0,77088.000000,0,0.0,0.0,0.0,1.0
238792,0,1,3400,-70,70,-3.7,15,17,0.93,937472.000000,3,27,3.5,0.0,0.0,0.0,0.0,0.0,0.0,1.0
239041,0,1,3400,-70,70,-2.8,14,17,0.87,908000.000000,2,27,3.5,0.0,0.0,0.0,0.0,0.0,0.0,1.0
239290,0,1,3400,-70,70,-1.0,14,17,0.91,908000.000000,2,27,3.5,581,0.0,0.0,0.0,0.0,0.0,1.0
239539,0,1,3400,-70,70,-3.0,14,17,0.83,861664.000000,2,27,7.9,0.0,47552.000000,0,0.0,0.0,0.0,1.0
239788,0,1,3400,-70,70,-5.6,13,16,0.84,824864.000000,2,27,8.0,0.0,0.0,0.0,0.0,0.0,0.0,1.0
240037,0,1,3400,-70,70,-4.8,12,15,0.80,716736.000000,2,27,8.0,0.0,0.0,0.0,0.0,0.0,0.0,1.0
240286,0,1,3400,-70,70,-3.7,13,16,0.77,814688.000000,1,27,8.0,581,0.0,0.0,0.0,0.0,0.0,1.0
240535,0,1,3400,-70,70,-2.0,12,15,0.81,748288.000000,1,27,5.2,0.0,74016.000000,0,0.0,0.0,0.0,1.0
240784,0,1,3400,-70,70,-2.4,12,16,0.82,745504.000000,2,27,4.5,0.0,0.0,0.0,0.0,0.0,0.0,1.0
241033,0,1,3400,-70,70,-1.0,12,15,0.78,759712.000000,0.9,27,4.5,0.0,0.0,0.0,0.0,0.0,0.0,1.0
241282,0,1,3400,-70,70,-6.2,12,15,0.83,743296.000000,2,27,4.5,581,0.0,0.0,0.0,0.0,0.0,1.0
241531,0,1,3400,-70,70,-5.4,12,15,0.76,707904.000000,0.4,27,5.4,0.0,58688.000000,0,0.0,0.0,0.0,1.0
241780,0,1,3400,-70,70,-2.7,13,16,0.89,851072.000000,3,27,5.5,0.0,0.0,0.0,0.0,0.0,0.0,1.0
242029,0,1,3400,-70,70,-2.4,14,17,0.83,920000.000000,1,27,5.5,0.0,0.0,0.0,0.0,0.0,0.0,1.0
242278,0,1,3400,-70,70,-3.4,12,17,0.79,805536.000000,1,27,5.5,0.0,34368.000000,0,0.0,0.0,0.0,1.0
242527,0,1,3400,-70,70,-1.2,13,16,0.84,826944.000000,3,27,5.5,0.0,0.0,0.0,0.0,0.0,0.0,1.0
242776,0,1,3400,-70,70,1.1,13,17,0.79,814592.000000,2,27,5.5,0.0,0.0,0.0,0.0,0.0,0.0,1.0
243025,0,1,3400,-70,70,-2.3,14,17,0.90,905568.000000,3,27,5.5,0.0,0.0,0.0,0.0,0.0,0.0,1.0
243274,0,1,3400,-70,70,-2.2,14,16,0.93,861952.000000,5,27,5.5,581,0.0,0.0,0.0,0.0,0.0,1.0
243523,0,1,3400,-70,70,-1.9,14,16,0.86,826016.000000,3,27,5.5,0.0,34368.000000,0,0.0,0.0,0.0,1.0
243772,0,1,3400,-70,70,-4.9,14,17,0.92,918880.000000,3,27,5.5,0.0,0.0,0.0,0.0,0.0,0.0,1.0
244021,0,1,3400,-70,70,-5.3,14,17,0.90,908000.000000,3,27,5.5,0.0,0.0,0.0,0.0,0.0,0.0,1.0
244270,0,1,3400,-70,70,-3.6,13,17,0.83,843904.000000,3,27,5.9,0.0,46368.000000,18,0.0,0.0,0.0,1.0
244519,0,1,3400,-70,70,0.45,13,16,0.81,813376.000000,2,27,12,0.0,18336.000000,0,0.0,0.0,0.0,1.0
244768,0,1,3400,-70,70,-4.1,12,16,0.81,771552.000000,1,27,12,0.0,0.0,0.0,0.0,0.0,0.0,1.0
245017,0,1,3400,-70,70,-3.4,13,17,0.77,861696.000000,0.9,27,12,0.0,0.0,0.0,0.0,0.0,0.0,1.0
245266,0,1,3400,-70,70,-3.1,14,17,0.83,889952.000000,1,27,11,0.0,43200.000000,0,0.0,0.0,0.0,1.0
245515,0,1,3400,-70,70,-5.8,28,17,4.0,8000.000000,99,27,7.0,0.0,0.0,0.0,0.0,0.0,0.0,1.0
245764,0,1,3400,-70,70,-3.8,28,16,4.0,0.0,100.000000,27,7.0,0.0,0.0,0.0,0.0,0.0,0.0,1.0
246013,0,1,3400,-70,70,-2.9,22,17,3.1,117888.000000,73,27,7.0,0.0,0.0,0.0,0.0,0.0,0.0,1.0
246262,0,1,3400,-70,70,-0.99,13,16,0.82,837376.000000,1,27,7.0,0.0,0.0,0.0,0.0,0.0,0.0,1.0
246511,0,1,3400,-70,70,-5.5,15,17,0.95,959104.000000,4,27,6.4,0.0,52448.000000,0,0.0,0.0,0.0,1.0
246760,0,1,3400,-70,70,-3.4,15,17,1.0,960128.000000,5,27,2.0,0.0,0.0,0.0,0.0,0.0,0.0,1.0
247009,0,1,3400,-70,70,-4.5,14,17,0.80,883744.000000,2,27,2.0,0.0,0.0,0.0,0.0,0.0,0.0,1.0
247258,0,1,3400,-70,70,-2.6,14,17,0.87,920000.000000,2,27,2.5,0.0,31424.000000,0,0.0,0.0,0.0,1.0
247507,0,1,3400,-70,70,-1.2,14,17,0.84,900000.000000,2,27,4.0,0.0,0.0,0.0,0.0,0.0,0.0,1.0
247756,0,1,3400,-70,70,-1.3,13,17,0.85,854912.000000,2,27,4.0,0.0,0.0,0.0,0.0,0.0,0.0,1.0
248005,0,1,3400,-70,70,-3.6,12,15,0.88,715488.000000,2,27,4.0,0.0,0.0,0.0,0.0,0.0,0.0,1.0
248254,0,1,3400,-70,70,-3.5,13,17,0.79,871520.000000,1,27,4.0,581,0.0,0.0,0.0,0.0,0.0,1.0
248503,0,1,3400,-70,70,-1.9,13,16,0.92,841952.000000,3,27,7.8,0.0,44608.000000,0,0.0,0.0,0.0,1.0
248752,0,1,3400,-70,70,-3.4,10,13,0.59,587456.000000,0,27,8.0,0.0,0.0,0.0,0.0,0.0,0.0,1.0
249001,0,1,3400,-70,70,0.28,10,13,0.60,592480.000000,0,27,8.0,0.0,0.0,0.0,0.0,0.0,0.0,1.0
249250,0,1,3400,-70,70,-1.9,9.9,13,0.59,554944.000000,0,27,7.4,0.0,61984.000000,0,0.0,0.0,0.0,1.0
249499,0,1,3400,-70,70,-1.7,10,13,0.58,574112.000000,0,27,2.0,0.0,0.0,0.0,0.0,0.0,0.0,1.0
249748,0,1,3400,-70,70,-3.5,11,15,0.68,634592.000000,1,27,2.0,0.0,0.0,0.0,0.0,0.0,0.0,1.0
249997,0,1,3400,-70,70,-4.0,14,17,0.86,900000.000000,3,27,2.0,0.0,0.0,0.0,0.0,0.0,0.0,1.0
250246,0,1,3400,-70,70,-3.7,14,17,0.89,916000.000000,3,27,2.0,581,0.0,0.0,0.0,0.0,0.0,1.0
250495,0,1,3400,-70,70,-3.3,14,17,0.84,913728.000000,1,27,6.9,0.0,43200.000000,0,0.0,0.0,0.0,1.0
250744,0,1,3400,-70,70,-1.2,12,16,0.72,728192.000000,2,27,7.0,0.0,0.0,0.0,0.0,0.0,0.0,1.0
250993,0,1,3400,-70,70,-0.76,14,17,0.83,920000.000000,1,27,7.0,0.0,0.0,0.0,0.0,0.0,0.0,1.0
251242,0,1,3400,-70,70,-1.5,14,16,0.85,889952.000000,2,27,6.6,0.0,51552.000000,0,0.0,0.0,0.0,1.0
251491,0,1,3400,-70,70,-2.6,13,16,0.84,817120.000000,2,27,3.0,0.0,0.0,0.0,0.0,0.0,0.0,1.0
251740,0,1,3400,-70,70,-1.8,14,17,0.86,876640.000000,2,27,3.0,0.0,0.0,0.0,0.0,0.0,0.0,1.0
251989,0,1,3400,-70,70,-2.8,13,16,0.84,844448.000000,1,27,3.0,0.0,0.0,0.0,0.0,0.0,0.0,1.0
252238,0,1,3400,-70,70,-5.6,10.0,13,0.56,565760.000000,0,27,3.3,0.0,53024.000000,0,0.0,0.0,0.0,1.0
252487,0,1,3400,-70,70,-1.6,10,13,0.59,579040.000000,0,27,5.5,0.0,0.0,0.0,0.0,0.0,0.0,1.0
252736,0,1,3400,-70,70,-1.9,10,13,0.59,576576.000000,0,27,5.5,0.0,0.0,0.0,0.0,0.0,0.0,1.0
252985,0,1,3400,-70,70,-2.6,10,13,0.57,579040.000000,0,27,5.5,0.0,0.0,0.0,0.0,0.0,0.0,1.0
253234,0,1,3400,-70,70,-3.2,12,16,0.64,709280.000000,0,27,5.5,0.0,37312.000000,0,0.0,0.0,0.0,1.0
253483,0,1,3400,-70,70,0.87,14,17,0.90,872224.000000,2,27,5.5,0.0,0.0,0.0,0.0,0.0,0.0,1.0
253732,0,1,3400,-70,70,-3.0,12,16,0.81,757280.000000,1,27,5.5,0.0,0.0,0.0,0.0,0.0,0.0,1.0
253981,0,1,3400,-70,70,-0.35,13,17,0.82,849344.000000,1,27,5.5,0.0,0.0,0.0,0.0,0.0,0.0,1.0
254230,0,1,3400,-70,70,0.38,13,17,0.74,785472.000000,0.9,27,5.4,0.0,76960.000000,0,0.0,0.0,0.0,1.0
254479,0,1,3400,-70,70,-4.9,11,15,0.70,690528.000000,0.9,27,4.5,0.0,0.0,0.0,0.0,0.0,0.0,1.0
254728,0,1,3400,-70,70,-3.1,12,15,0.77,756896.000000,1,27,4.5,0.0,0.0,0.0,0.0,0.0,0.0,1.0
254977,0,1,3400,-70,70,-4.9,10,13,0.59,574112.000000,0,27,4.5,0.0,0.0,0.0,0.0,0.0,0.0,1.0
255226,0,1,3400,-70,70,-3.4,10,13,0.59,579040.000000,0,27,4.5,581,0.0,0.0,0.0,0.0,0.0,1.0
255475,0,1,3400,-70,70,-2.4,10.0,14,0.58,555264.000000,0,27,4.6,0.0,76960.000000,0,0.0,0.0,0.0,1.0
255724,0,1,3400,-70,70,0.35,10,13,0.58,576576.000000,0,27,4.5,0.0,0.0,0.0,0.0,0.0,0.0,1.0
255973,0,1,3400,-70,70,-1.6,10,13,0.58,574112.000000,0,27,4.5,0.0,0.0,0.0,0.0,0.0,0.0,1.0
256222,0,1,3400,-70,70,1.5,10.0,13,0.59,558688.000000,0,27,5.2,0.0,67648.000000,9,0.0,0.0,0.0,1.0
256471,0,1,3400,-70,70,-1.2,10,14,0.57,583520.000000,0,27,12,0.0,0.0,0.0,0.0,0.0,0.0,1.0
256720,0,1,3400,-70,70,-0.12,11,14,0.67,643712.000000,0.9,27,12,0.0,0.0,0.0,0.0,0.0,0.0,1.0
256969,0,1,3400,-70,70,-1.4,12,16,0.68,710816.000000,0.9,27,12,0.0,0.0,0.0,0.0,0.0,0.0,1.0
257218,0,1,3400,-70,70,-2.6,13,17,0.75,842368.000000,0.4,27,11,0.0,38720.000000,0,0.0,0.0,0.0,1.0
257467,0,1,3400,-70,70,-1.2,14,17,0.86,914624.000000,1,27,6.5,0.0,0.0,0.0,0.0,0.0,0.0,1.0
257716,0,1,3400,-70,70,-0.65,13,16,0.78,794368.000000,0.4,27,6.5,0.0,0.0,0.0,0.0,0.0,0.0,1.0
257965,0,1,3400,-70,70,-0.0032,13,16,0.80,764512.000000,2,27,6.5,0.0,0.0,0.0,0.0,0.0,0.0,1.0
258214,0,1,3400,-70,70,-2.6,12,15,0.78,712992.000000,2,27,6.2,0.0,51552.000000,0,0.0,0.0,0.0,1.0
258463,0,1,3400,-70,70,-4.0,11,16,0.77,710080.000000,3,27,3.0,0.0,0.0,0.0,0.0,0.0,0.0,1.0
258712,0,1,3400,-70,70,-2.2,14,17,1.0,936864.000000,3,27,3.0,0.0,0.0,0.0,0.0,0.0,0.0,1.0
258961,0,1,3400,-70,70,-2.6,12,16,0.81,758400.000000,2,27,3.0,0.0,0.0,0.0,0.0,0.0,0.0,1.0
259210,0,1,3400,-70,70,-1.7,13,16,0.85,817152.000000,2,27,3.4,0.0,41664.000000,0,0.0,0.0,0.0,1.0
259459,0,1,3400,-70,70,0.95,12,16,0.76,773152.000000,0.9,27,6.5,0.0,0.0,0.0,0.0,0.0,0.0,1.0
259708,0,1,3400,-70,70,-1.9,14,17,0.79,885952.000000,1,27,6.5,0.0,0.0,0.0,0.0,0.0,0.0,1.0
259957,0,1,3400,-70,70,-2.8,14,16,0.97,861952.000000,3,27,6.5,0.0,0.0,0.0,0.0,0.0,0.0,1.0
260206,0,1,3400,-70,70,-3.7,14,17,0.85,854944.000000,3,27,6.7,0.0,38816.000000,18,0.0,0.0,0.0,1.0
260455,0,1,3400,-70,70,-3.1,14,17,0.84,931328.000000,1,27,10,0.0,18336.000000,0,0.0,0.0,0.0,1.0
260704,0,1,3400,-70,70,-1.6,13,17,0.79,865632.000000,1,27,10.0,0.0,0.0,0.0,0.0,0.0,0.0,1.0
260953,0,1,3400,-70,70,-0.80,13,16,0.88,805696.000000,4,27,10,0.0,0.0,0.0,0.0,0.0,0.0,1.0
261202,0,1,3400,-70,70,-0.57,13,16,0.79,805152.000000,2,27,10,581,0.0,0.0,0.0,0.0,0.0,1.0
261451,0,1,3400,-70,70,-0.78,13,16,0.79,794112.000000,0.9,27,6.1,0.0,71392.000000,0,0.0,0.0,0.0,1.0
261700,0,1,3400,-70,70,-0.94,10,13,0.60,574112.000000,0,27,5.5,0.0,0.0,0.0,0.0,0.0,0.0,1.0
261949,0,1,3400,-70,70,-1.7,10,14,0.57,569184.000000,0,27,5.5,0.0,0.0,0.0,0.0,0.0,0.0,1.0
262198,0,1,3400,-70,70,-2.0,10.0,14,0.62,560832.000000,0,27,5.5,0.0,60224.000000,0,0.0,0.0,0.0,1.0
262447,0,1,3400,-70,70,-2.4,14,16,0.97,852128.000000,3,27,7.0,0.0,0.0,0.0,0.0,0.0,0.0,1.0
262696,0,1,3400,-70,70,-1.5,11,15,0.66,661984.000000,0.4,27,7.0,0.0,0.0,0.0,0.0,0.0,0.0,1.0
262945,0,1,3400,-70,70,-1.6,13,16,0.78,834656.000000,0.9,27,7.0,0.0,0.0,0.0,0.0,0.0,0.0,1.0
263194,0,1,3400,-70,70,-4.0,14,17,0.84,924000.000000,2,27,7.0,581,0.0,0.0,0.0,0.0,0.0,1.0
263443,0,1,3400,-70,70,-5.1,13,17,0.81,833024.000000,1,27,4.5,0.0,45120.000000,0,0.0,0.0,0.0,1.0
263692,0,1,3400,-70,70,-2.9,12,16,0.76,742240.000000,1,27,4.5,0.0,0.0,0.0,0.0,0.0,0.0,1.0
263941,0,1,3400,-70,70,-2.1,13,16,0.82,787328.000000,2,27,4.5,0.0,0.0,0.0,0.0,0.0,0.0,1.0
264190,0,1,3400,-70,70,-1.1,13,17,0.84,847488.000000,2,27,4.5,581,0.0,0.0,0.0,0.0,0.0,1.0
264439,0,1,3400,-70,70,-0.43,12,16,0.71,729920.000000,0,27,6.9,0.0,43200.000000,0,0.0,0.0,0.0,1.0
264688,0,1,3400,-70,70,1.1,13,17,0.75,813600.000000,0.4,27,7.0,0.0,0.0,0.0,0.0,0.0,0.0,1.0
264937,0,1,3400,-70,70,-1.7,13,16,0.79,833376.000000,2,27,7.0,0.0,0.0,0.0,0.0,0.0,0.0,1.0
265186,0,1,3400,-70,70,0.40,12,15,0.81,692288.000000,1,27,6.7,0.0,71968.000000,0,0.0,0.0,0.0,1.0
265435,0,1,3400,-70,70,0.21,13,17,0.78,845728.000000,2,27,3.5,0.0,0.0,0.0,0.0,0.0,0.0,1.0
265684,0,1,3400,-70,70,-2.0,14,17,0.85,908000.000000,3,27,3.5,0.0,0.0,0.0,0.0,0.0,0.0,1.0
265933,0,1,3400,-70,70,-3.8,12,15,0.78,740960.000000,0.9,27,3.5,0.0,0.0,0.0,0.0,0.0,0.0,1.0
266182,0,1,3400,-70,70,-4.1,14,17,0.90,908000.000000,3,27,3.5,581,0.0,0.0,0.0,0.0,0.0,1.0
266431,0,1,3400,-70,70,-3.2,14,17,0.83,870848.000000,2,27,8.7,0.0,67616.000000,0,0.0,0.0,0.0,1.0
266680,0,1,3400,-70,70,-0.98,14,17,0.81,905952.000000,0.4,27,9.0,0.0,0.0,0.0,0.0,0.0,0.0,1.0
266929,0,1,3400,-70,70,0.70,14,17,0.76,883744.000000,2,27,9.0,0.0,0.0,0.0,0.0,0.0,0.0,1.0
267178,0,1,3400,-70,70,-0.64,14,17,0.88,924000.000000,2,27,8.4,0.0,41248.000000,0,0.0,0.0,0.0,1.0
267427,0,1,3400,-70,70,-2.2,12,16,0.71,738496.000000,0.9,27,4.0,0.0,0.0,0.0,0.0,0.0,0.0,1.0
267676,0,1,3400,-70,70,-2.0,14,17,0.80,885952.000000,0.9,27,4.0,0.0,0.0,0.0,0.0,0.0,0.0,1.0
267925,0,1,3400,-70,70,-1.3,14,17,0.87,920000.000000,2,27,4.0,0.0,0.0,0.0,0.0,0.0,0.0,1.0
268174,0,1,3400,-70,70,-2.4,14,17,0.85,912000.000000,3,27,4.0,581,0.0,0.0,0.0,0.0,0.0,1.0
268423,0,1,3400,-70,70,-1.8,14,17,0.85,881952.000000,2,27,7.6,0.0,64576.000000,0,0.0,0.0,0.0,1.0
268672,0,1,3400,-70,70,1.0,14,17,0.80,924000.000000,0.4,27,8.0,0.0,0.0,0.0,0.0,0.0,0.0,1.0
268921,0,1,3400,-70,70,-3.2,13,16,0.84,823648.000000,2,27,8.0,0.0,0.0,0.0,0.0,0.0,0.0,1.0
269170,0,1,3400,-70,70,-2.7,14,16,0.90,881952.000000,2,27,7.7,0.0,34368.000000,0,0.0,0.0,0.0,1.0
269419,0,1,3400,-70,70,-3.1,14,17,0.81,916000.000000,2,27,5.5,0.0,0.0,0.0,0.0,0.0,0.0,1.0
269668,0,1,3400,-70,70,-1.7,14,17,0.88,924000.000000,1,27,5.5,0.0,0.0,0.0,0.0,0.0,0.0,1.0
269917,0,1,3400,-70,70,-1.4,14,17,0.83,876640.000000,2,27,5.5,0.0,0.0,0.0,0.0,0.0,0.0,1.0
270166,0,1,3400,-70,70,-1.7,14,17,0.88,928000.000000,2,27,5.5,581,0.0,0.0,0.0,0.0,0.0,1.0
270415,0,1,3400,-70,70,-0.23,14,17,0.89,908000.000000,2,27,6.3,0.0,69312.000000,0,0.0,0.0,0.0,1.0
270664,0,1,3400,-70,70,-2.0,15,17,1.1,951904.000000,6,27,6.5,0.0,0.0,0.0,0.0,0.0,0.0,1.0
270913,0,1,3400,-70,70,-1.4,14,17,0.83,875744.000000,3,27,6.5,0.0,0.0,0.0,0.0,0.0,0.0,1.0
271162,0,1,3400,-70,70,0.88,14,17,0.86,908000.000000,3,27,6.5,0.0,0.0,0.0,0.0,0.0,0.0,1.0
271411,0,1,3400,-70,70,-1.2,13,16,0.82,844416.000000,2,27,7.7,0.0,49728.000000,0,0.0,0.0,0.0,1.0
271660,0,1,3400,-70,70,-1.7,13,16,0.76,789760.000000,0.9,27,8.0,0.0,0.0,0.0,0.0,0.0,0.0,1.0
271909,0,1,3400,-70,70,-0.99,14,17,0.84,928000.000000,0.9,27,8.0,0.0,0.0,0.0,0.0,0.0,0.0,1.0
272158,0,1,3400,-70,70,0.79,14,17,0.83,875744.000000,3,27,8.0,581,0.0,0.0,0.0,0.0,0.0,1.0
272407,0,1,3400,-70,70,1.3,14,17,0.89,920256.000000,3,27,9.7,0.0,58816.000000,9,0.0,0.0,0.0,1.0
272656,0,1,3400,-70,70,-2.5,13,17,0.83,833856.000000,1,27,10,0.0,0.0,0.0,0.0,0.0,0.0,1.0
272905,0,1,3400,-70,70,-3.3,14,16,0.86,891744.000000,1,27,10,0.0,0.0,0.0,0.0,0.0,0.0,1.0
273154,0,1,3400,-70,70,-1.6,13,17,0.79,847904.000000,2,27,9.6,0.0,38720.000000,0,0.0,0.0,0.0,1.0
273403,0,1,3400,-70,70,-0.31,14,17,0.83,910624.000000,2,27,6.5,0.0,0.0,0.0,0.0,0.0,0.0,1.0
273652,0,1,3400,-70,70,-0.36,13,17,0.80,849760.000000,3,27,6.5,0.0,0.0,0.0,0.0,0.0,0.0,1.0
273901,0,1,3400,-70,70,2.0,14,17,0.82,912000.000000,2,27,6.5,0.0,0.0,0.0,0.0,0.0,0.0,1.0
274150,0,1,3400,-70,70,0.95,14,17,0.90,920000.000000,2,27,6.5,581,0.0,0.0,0.0,0.0,0.0,1.0
274399,0,1,3400,-70,70,-2.2,13,17,0.76,849696.000000,2,27,3.2,0.0,57120.000000,0,0.0,0.0,0.0,1.0
274648,0,1,3400,-70,70,-1.0,14,16,0.95,869952.000000,3,27,3.0,0.0,0.0,0.0,0.0,0.0,0.0,1.0
274897,0,1,3400,-70,70,1.7,14,17,0.80,916000.000000,2,27,3.0,0.0,0.0,0.0,0.0,0.0,0.0,1.0
275146,0,1,3400,-70,70,-0.99,13,15,0.84,801120.000000,0.9,27,3.2,0.0,42560.000000,0,0.0,0.0,0.0,1.0
275395,0,1,3400,-70,70,-0.28,12,16,0.76,759744.000000,0.9,27,4.0,0.0,0.0,0.0,0.0,0.0,0.0,1.0
275644,0,1,3400,-70,70,-1.3,14,17,0.84,874848.000000,3,27,4.0,0.0,0.0,0.0,0.0,0.0,0.0,1.0
275893,0,1,3400,-70,70,-1.3,16,17,1.1,981824.000000,6,27,4.0,0.0,0.0,0.0,0.0,0.0,0.0,1.0
276142,0,1,3400,-70,70,0.076,12,17,0.78,798912.000000,3,27,4.0,581,0.0,0.0,0.0,0.0,0.0,1.0
276391,0,1,3400,-70,70,-1.7,13,17,0.86,860704.000000,3,27,7.6,0.0,68928.000000,0,0.0,0.0,0.0,1.0
276640,0,1,3400,-70,70,-0.35,14,17,0.84,871744.000000,2,27,8.0,0.0,0.0,0.0,0.0,0.0,0.0,1.0
276889,0,1,3400,-70,70,-0.64,14,17,0.88,912000.000000,3,27,8.0,0.0,0.0,0.0,0.0,0.0,0.0,1.0
277138,0,1,3400,-70,70,-3.4,14,17,0.87,887744.000000,2,27,8.0,581,0.0,0.0,0.0,0.0,0.0,1.0
277387,0,1,3400,-70,70,-1.9,14,17,0.84,877952.000000,3,27,6.5,0.0,51488.000000,0,0.0,0.0,0.0,1.0
277636,0,1,3400,-70,70,-0.43,15,17,0.92,945248.000000,4,27,6.5,0.0,0.0,0.0,0.0,0.0,0.0,1.0
277885,0,1,3400,-70,70,0.55,14,17,0.80,924000.000000,0.9,27,6.5,0.0,0.0,0.0,0.0,0.0,0.0,1.0
278134,0,1,3400,-70,70,0.052,14,17,0.91,924000.000000,2,27,6.5,581,0.0,0.0,0.0,0.0,0.0,1.0
278383,0,1,3400,-70,70,-1.1,12,15,0.75,738752.000000,0.9,27,5.4,0.0,47136.000000,0,0.0,0.0,0.0,1.0
278632,0,1,3400,-70,70,0.28,10,13,0.59,581504.000000,0,27,5.5,0.0,0.0,0.0,0.0,0.0,0.0,1.0
278881,0,1,3400,-70,70,-0.72,10,14,0.58,566720.000000,0,27,5.5,0.0,0.0,0.0,0.0,0.0,0.0,1.0
279130,0,1,3400,-70,70,-1.1,10.0,13,0.62,570688.000000,0,27,5.5,0.0,54048.000000,0,0.0,0.0,0.0,1.0
279379,0,1,3400,-70,70,0.38,13,17,0.79,841632.000000,3,27,5.5,0.0,0.0,0.0,0.0,0.0,0.0,1.0
279628,0,1,3400,-70,70,-1.9,14,17,0.77,936000.000000,0,27,5.5,0.0,0.0,0.0,0.0,0.0,0.0,1.0
279877,0,1,3400,-70,70,1.2,14,17,0.86,891744.000000,0.9,27,5.5,0.0,0.0,0.0,0.0,0.0,0.0,1.0
280126,0,1,3400,-70,70,-3.3,13,16,0.74,805504.000000,0.4,27,5.7,0.0,45376.000000,0,0.0,0.0,0.0,1.0
280375,0,1,3400,-70,70,-2.4,13,17,0.82,845376.000000,0.4,27,7.0,0.0,0.0,0.0,0.0,0.0,0.0,1.0
280624,0,1,3400,-70,70,-2.3,14,17,0.86,868640.000000,3,27,7.0,0.0,0.0,0.0,0.0,0.0,0.0,1.0
280873,0,1,3400,-70,70,-3.3,14,17,0.86,867744.000000,3,27,7.0,0.0,0.0,0.0,0.0,0.0,0.0,1.0
281122,0,1,3400,-70,70,-0.83,13,16,0.86,845696.000000,3,27,7.2,0.0,44704.000000,18,0.0,0.0,0.0,1.0
281371,0,1,3400,-70,70,1.8,13,16,0.81,855168.000000,2,27,12,0.0,18336.000000,0,0.0,0.0,0.0,1.0
281620,0,1,3400,-70,70,-0.68,11,16,0.69,675059.750000,1,27,12,0.0,0.0,0.0,0.0,0.0,0.0,1.0
281869,0,1,3400,-70,70,0.41,12,17,0.77,771296.000000,2,27,12,0.0,0.0,0.0,0.0,0.0,0.0,1.0
282118,0,1,3400,-70,70,2.0,14,17,0.84,924000.000000,2,27,11,0.0,43808.000000,0,0.0,0.0,0.0,1.0
282367,0,1,3400,-70,70,-0.57,14,17,0.84,920000.000000,0.9,27,5.5,0.0,0.0,0.0,0.0,0.0,0.0,1.0
282616,0,1,3400,-70,70,0.28,13,17,0.81,855488.000000,2,27,5.5,0.0,0.0,0.0,0.0,0.0,0.0,1.0
282865,0,1,3400,-70,70,-0.041,14,17,0.89,873952.000000,2,27,5.5,0.0,0.0,0.0,0.0,0.0,0.0,1.0
283114,0,1,3400,-70,70,-0.58,13,17,0.81,831584.000000,2,27,5.5,581,0.0,0.0,0.0,0.0,0.0,1.0
283363,0,1,3400,-70,70,-2.9,13,17,0.79,835584.000000,0.4,27,4.1,0.0,45120.000000,0,0.0,0.0,0.0,1.0
283612,0,1,3400,-70,70,-1.5,13,16,0.76,799296.000000,0.4,27,4.0,0.0,0.0,0.0,0.0,0.0,0.0,1.0
283861,0,1,3400,-70,70,-2.6,12,15,0.80,747968.000000,2,27,4.0,0.0,0.0,0.0,0.0,0.0,0.0,1.0
284110,0,1,3400,-70,70,-3.3,13,17,0.79,842944.000000,0.9,27,4.0,0.0,52448.000000,0,0.0,0.0,0.0,1.0
284359,0,1,3400,-70,70,-2.5,14,17,0.89,906208.000000,3,27,2.0,0.0,0.0,0.0,0.0,0.0,0.0,1.0
284608,0,1,3400,-70,70,-2.7,14,17,0.82,924000.000000,0.9,27,2.0,0.0,0.0,0.0,0.0,0.0,0.0,1.0
284857,0,1,3400,-70,70,-0.79,14,17,0.90,908000.000000,2,27,2.0,0.0,0.0,0.0,0.0,0.0,0.0,1.0
285106,0,1,3400,-70,70,-0.053,13,16,0.79,821632.000000,2,27,2.4,0.0,45984.000000,0,0.0,0.0,0.0,1.0
285355,0,1,3400,-70,70,-1.3,12,16,0.72,766208.000000,0.9,27,4.5,0.0,0.0,0.0,0.0,0.0,0.0,1.0
285604,0,1,3400,-70,70,-2.0,14,17,0.95,900640.000000,3,27,4.5,0.0,0.0,0.0,0.0,0.0,0.0,1.0
285853,0,1,3400,-70,70,-2.9,13,16,0.80,788224.000000,0,27,4.5,0.0,0.0,0.0,0.0,0.0,0.0,1.0
286102,0,1,3400,-70,70,0.32,13,15,0.89,803712.000000,2,27,4.6,0.0,34368.000000,0,0.0,0.0,0.0,1.0
286351,0,1,3400,-70,70,-1.8,11,14,0.66,626688.000000,0.4,27,5.5,0.0,0.0,0.0,0.0,0.0,0.0,1.0
286600,0,1,3400,-70,70,-1.7,10,13,0.57,581504.000000,0,27,5.5,0.0,0.0,0.0,0.0,0.0,0.0,1.0
286849,0,1,3400,-70,70,-2.3,10,14,0.58,569184.000000,0,27,5.5,0.0,0.0,0.0,0.0,0.0,0.0,1.0
287098,0,1,3400,-70,70,-1.9,10.0,13,0.59,568544.000000,0,27,5.7,0.0,57152.000000,9,0.0,0.0,0.0,1.0
287347,0,1,3400,-70,70,-0.24,10,13,0.59,576128.000000,0,27,10,0.0,0.0,0.0,0.0,0.0,0.0,1.0
287596,0,1,3400,-70,70,1.1,10,13,0.60,596416.000000,0,27,9.9,0.0,0.0,0.0,0.0,0.0,0.0,1.0
287845,0,1,3400,-70,70,2.1,10,13,0.57,574112.000000,0,27,10,0.0,0.0,0.0,0.0,0.0,0.0,1.0
288094,0,1,3400,-70,70,0.25,10.0,14,0.59,565760.000000,0,27,9.4,0.0,61344.000000,0,0.0,0.0,0.0,1.0
288343,0,1,3400,-70,70,-2.0,10,13,0.59,576576.000000,0,27,7.0,0.0,0.0,0.0,0.0,0.0,0.0,1.0
288592,0,1,3400,-70,70,-1.2,10,13,0.56,574112.000000,0,27,7.0,0.0,0.0,0.0,0.0,0.0,0.0,1.0
288841,0,1,3400,-70,70,-2.5,10,13,0.57,579040.000000,0,27,7.0,0.0,0.0,0.0,0.0,0.0,0.0,1.0
289090,0,1,3400,-70,70,-0.75,10.0,13,0.59,555904.000000,0,27,6.8,0.0,54336.000000,0,0.0,0.0,0.0,1.0
289339,0,1,3400,-70,70,1.1,10,13,0.58,574112.000000,0,27,5.5,0.0,0.0,0.0,0.0,0.0,0.0,1.0
289588,0,1,3400,-70,70,3.3,10,13,0.59,574112.000000,0,27,5.5,0.0,0.0,0.0,0.0,0.0,0.0,1.0
289837,0,1,3400,-70,70,-1.3,10,14,0.56,574112.000000,0,27,5.5,0.0,0.0,0.0,0.0,0.0,0.0,1.0
290086,0,1,3400,-70,70,-1.4,10,13,0.59,581504.000000,0,27,5.5,581,0.0,0.0,0.0,0.0,0.0,1.0
290335,0,1,3400,-70,70,-1.9,10.0,13,0.57,563616.000000,0,27,6.4,0.0,38720.000000,0,0.0,0.0,0.0,1.0
290584,0,1,3400,-70,70,-0.29,12,16,0.71,775648.000000,0.4,27,6.5,0.0,0.0,0.0,0.0,0.0,0.0,1.0
290833,0,1,3400,-70,70,0.98,14,17,0.84,904704.000000,0,27,6.5,0.0,0.0,0.0,0.0,0.0,0.0,1.0
291082,0,1,3400,-70,70,-1.0,14,17,0.85,929248.000000,0.4,27,6.6,0.0,73280.000000,0,0.0,0.0,0.0,1.0
291331,0,1,3400,-70,70,-3.0,14,16,0.84,889728.000000,3,27,9.0,0.0,0.0,0.0,0.0,0.0,0.0,1.0
291580,0,1,3400,-70,70,0.78,12,15,0.81,757184.000000,0.9,27,9.0,0.0,0.0,0.0,0.0,0.0,0.0,1.0
291829,0,1,3400,-70,70,-0.67,15,17,1.2,763136.000000,13,27,9.0,0.0,0.0,0.0,0.0,0.0,0.0,1.0
292078,0,1,3400,-70,70,0.64,28,16,4.0,0.0,100.000000,27,9.0,0.0,0.0,0.0,0.0,0.0,0.0,1.0
292327,0,1,3400,-70,70,0.81,11,16,0.82,681664.000000,3,27,6.6,0.0,28480.000000,0,0.0,0.0,0.0,1.0
292576,0,1,3400,-70,70,0.48,13,16,0.79,791648.000000,1,27,4.0,0.0,0.0,0.0,0.0,0.0,0.0,1.0
292825,0,1,3400,-70,70,1.5,13,17,0.82,867136.000000,2,27,4.0,0.0,0.0,0.0,0.0,0.0,0.0,1.0
293074,0,1,3400,-70,70,0.97,12,16,0.78,747712.000000,0.9,27,4.2,0.0,91424.000000,0,0.0,0.0,0.0,1.0
293323,0,1,3400,-70,70,-1.2,13,16,0.79,775520.000000,0.9,27,4.5,0.0,0.0,0.0,0.0,0.0,0.0,1.0
293572,0,1,3400,-70,70,2.3,13,16,0.80,783296.000000,2,27,4.5,0.0,0.0,0.0,0.0,0.0,0.0,1.0
293821,0,1,3400,-70,70,-0.026,14,17,0.78,882848.000000,0.9,27,4.5,0.0,0.0,0.0,0.0,0.0,0.0,1.0
294070,0,1,3400,-70,70,2.4,14,17,0.83,879200.000000,1,27,4.7,0.0,76960.000000,0,0.0,0.0,0.0,1.0
294319,0,1,3400,-70,70,-0.69,14,17,0.88,896832.000000,3,27,4.5,0.0,0.0,0.0,0.0,0.0,0.0,1.0
294568,0,1,3400,-70,70,0.0092,13,16,0.86,841856.000000,2,27,4.5,0.0,0.0,0.0,0.0,0.0,0.0,1.0
294817,0,1,3400,-70,70,-2.7,12,15,0.75,769280.000000,0.4,27,4.5,0.0,0.0,0.0,0.0,0.0,0.0,1.0
295066,0,1,3400,-70,70,-3.0,12,16,0.91,777888.000000,3,27,4.5,0.0,0.0,0.0,0.0,0.0,0.0,1.0
295315,0,1,3400,-70,70,-0.26,12,15,0.83,716608.000000,2,27,6.1,0.0,38720.000000,0,0.0,0.0,0.0,1.0
295564,0,1,3400,-70,70,-1.9,13,16,0.70,793248.000000,0.4,27,6.5,0.0,0.0,0.0,0.0,0.0,0.0,1.0
295813,0,1,3400,-70,70,-0.92,14,17,0.85,877280.000000,3,27,6.5,0.0,0.0,0.0,0.0,0.0,0.0,1.0
296062,0,1,3400,-70,70,0.78,12,15,0.71,712608.000000,0.4,27,6.4,0.0,66816.000000,8,0.0,0.0,0.0,1.0
296311,0,1,3400,-70,70,-0.024,11,15,0.71,666016.000000,0.4,27,7.0,0.0,7200.000000,0,0.0,0.0,0.0,1.0
296560,0,1,3400,-70,70,-2.1,12,16,0.80,772288.000000,2,27,7.0,0.0,0.0,0.0,0.0,0.0,0.0,1.0
296809,0,1,3400,-70,70,-2.9,13,16,0.81,787968.000000,1,27,7.0,0.0,0.0,0.0,0.0,0.0,0.0,1.0
297058,0,1,3400,-70,70,-3.8,14,17,0.86,901248.000000,2,27,6.8,0.0,31424.000000,0,0.0,0.0,0.0,1.0
297307,0,1,3400,-70,70,-3.2,14,17,0.83,877952.000000,1,27,4.0,0.0,0.0,0.0,0.0,0.0,0.0,1.0
297556,0,1,3400,-70,70,-2.9,13,17,0.75,848384.000000,2,27,4.0,0.0,0.0,0.0,0.0,0.0,0.0,1.0
297805,0,1,3400,-70,70,1.4,13,16,0.83,827584.000000,1,27,4.0,0.0,0.0,0.0,0.0,0.0,0.0,1.0
298054,0,1,3400,-70,70,0.61,14,17,0.80,907744.000000,0.4,27,4.0,581,0.0,0.0,0.0,0.0,0.0,1.0
298303,0,1,3400,-70,70,-0.22,14,17,0.84,926208.000000,0.4,27,4.6,0.0,74016.000000,0,0.0,0.0,0.0,1.0
298552,0,1,3400,-70,70,-1.0,14,17,0.85,920000.000000,2,27,4.5,0.0,0.0,0.0,0.0,0.0,0.0,1.0
298801,0,1,3400,-70,70,-2.2,14,17,0.79,912000.000000,2,27,4.5,0.0,0.0,0.0,0.0,0.0,0.0,1.0
299050,0,1,3400,-70,70,-4.7,14,17,0.79,901952.000000,0.8,27,4.8,0.0,40256.000000,0,0.0,0.0,0.0,1.0
299299,0,1,3400,-70,70,-0.61,10,13,0.59,589728.000000,0,27,7.0,0.0,0.0,0.0,0.0,0.0,0.0,1.0
299548,0,1,3400,-70,70,0.63,12,16,0.70,753280.000000,0.4,27,7.0,0.0,0.0,0.0,0.0,0.0,0.0,1.0
299797,0,1,3400,-70,70,0.67,13,16,0.74,802624.000000,1,27,7.0,0.0,0.0,0.0,0.0,0.0,0.0,1.0
300046,0,1,3400,-70,70,-0.0090,14,17,0.78,893952.000000,0.9,27,7.0,581,0.0,0.0,0.0,0.0,0.0,1.0
300295,0,1,3400,-70,70,1.5,13,16,0.89,860704.000000,3,27,5.5,0.0,48448.000000,0,0.0,0.0,0.0,1.0
300544,0,1,3400,-70,70,-0.78,14,17,0.80,877952.000000,2,27,5.5,0.0,0.0,0.0,0.0,0.0,0.0,1.0
300793,0,1,3400,-70,70,-3.3,14,16,0.89,912000.000000,3,27,5.5,0.0,0.0,0.0,0.0,0.0,0.0,1.0
301042,0,1,3400,-70,70,2.7,13,16,0.80,849408.000000,1,27,5.5,0.0,34368.000000,0,0.0,0.0,0.0,1.0
301291,0,1,3400,-70,70,2.7,13,16,0.77,818688.000000,0.4,27,5.5,0.0,0.0,0.0,0.0,0.0,0.0,1.0
301540,0,1,3400,-70,70,-1.3,13,16,0.81,840736.000000,0.4,27,5.5,0.0,0.0,0.0,0.0,0.0,0.0,1.0
301789,0,1,3400,-70,70,-2.9,13,16,0.79,829088.000000,1,27,5.5,0.0,0.0,0.0,0.0,0.0,0.0,1.0
302038,0,1,3400,-70,70,-0.64,12,15,0.73,714624.000000,0.4,27,5.6,0.0,44352.000000,0,0.0,0.0,0.0,1.0
302287,0,1,3400,-70,70,-2.2,12,16,0.73,763424.000000,2,27,8.0,0.0,0.0,0.0,0.0,0.0,0.0,1.0
302536,0,1,3400,-70,70,-2.1,14,17,0.84,897952.000000,1,27,8.0,0.0,0.0,0.0,0.0,0.0,0.0,1.0
302785,0,1,3400,-70,70,0.40,13,16,0.81,852800.000000,0.9,27,8.0,0.0,0.0,0.0,0.0,0.0,0.0,1.0
303034,0,1,3400,-70,70,-1.5,14,16,0.89,928000.000000,2,27,8.0,581,0.0,0.0,0.0,0.0,0.0,1.0
303283,0,1,3400,-70,70,-0.47,13,16,0.74,767200.000000,0,27,8.8,0.0,51520.000000,0,0.0,0.0,0.0,1.0
303532,0,1,3400,-70,70,4.3,13,16,0.78,830432.000000,0.9,27,9.0,0.0,0.0,0.0,0.0,0.0,0.0,1.0
303781,0,1,3400,-70,70,5.3,14,17,0.78,910080.000000,0,27,9.0,0.0,0.0,0.0,0.0,0.0,0.0,1.0
304030,0,1,3400,-70,70,1.4,13,16,0.77,859488.000000,1,27,9.0,581,0.0,0.0,0.0,0.0,0.0,1.0
304279,0,1,3400,-70,70,-1.5,14,17,0.87,903456.000000,3,27,6.3,0.0,93472.000000,0,0.0,0.0,0.0,1.0
304528,0,1,3400,-70,70,0.71,12,16,0.76,759648.000000,0.9,27,5.5,0.0,0.0,0.0,0.0,0.0,0.0,1.0
304777,0,1,3400,-70,70,0.036,14,17,0.87,916000.000000,3,27,5.5,0.0,0.0,0.0,0.0,0.0,0.0,1.0
305027,0,1,3400,-70,70,-2.4,14,17,0.85,920000.000000,2,27,5.5,581,0.0,0.0,0.0,0.0,0.0,1.0
305276,0,1,3400,-70,70,-5.1,14,17,0.77,878848.000000,2,27,3.8,0.0,71968.000000,0,0.0,0.0,0.0,1.0
305525,0,1,3400,-70,70,-4.1,13,16,0.76,793536.000000,0.4,27,3.5,0.0,0.0,0.0,0.0,0.0,0.0,1.0
305774,0,1,3400,-70,70,-1.7,13,16,0.80,813152.000000,0.4,27,3.5,0.0,0.0,0.0,0.0,0.0,0.0,1.0
306023,0,1,3400,-70,70,-1.8,13,16,0.77,798848.000000,0,27,4.0,0.0,37408.000000,10,0.0,0.0,0.0,1.0
306272,0,1,3400,-70,70,-3.1,13,16,0.77,855904.000000,0.9,27,8.0,0.0,0.0,0.0,0.0,0.0,0.0,1.0
306521,0,1,3400,-70,70,2.9,14,17,0.87,912000.000000,3,27,8.0,0.0,0.0,0.0,0.0,0.0,0.0,1.0
306770,0,1,3400,-70,70,0.67,13,16,0.81,841696.000000,3,27,8.0,0.0,0.0,0.0,0.0,0.0,0.0,1.0
307019,0,1,3400,-70,70,-1.2,11,16,0.84,729376.000000,2,27,8.0,0.0,0.0,0.0,0.0,0.0,0.0,1.0
307268,0,1,3400,-70,70,-0.61,13,17,0.74,855904.000000,0.9,27,4.0,0.0,71584.000000,0,0.0,0.0,0.0,1.0
307517,0,1,3400,-70,70,0.78,14,17,0.84,896000.000000,2,27,3.0,0.0,0.0,0.0,0.0,0.0,0.0,1.0
307766,0,1,3400,-70,70,-1.1,14,17,0.86,904000.000000,3,27,3.0,0.0,0.0,0.0,0.0,0.0,0.0,1.0
308015,0,1,3400,-70,70,-2.9,13,16,0.75,859904.000000,0.9,27,3.0,581,0.0,0.0,0.0,0.0,0.0,1.0
308264,0,1,3400,-70,70,-0.98,14,17,0.83,883680.000000,2,27,4.1,0.0,31424.000000,0,0.0,0.0,0.0,1.0
308513,0,1,3400,-70,70,2.3,14,17,0.80,900224.000000,0.4,27,4.0,0.0,0.0,0.0,0.0,0.0,0.0,1.0
308762,0,1,3400,-70,70,1.5,13,16,0.81,855904.000000,2,27,4.0,0.0,0.0,0.0,0.0,0.0,0.0,1.0
309011,0,1,3400,-70,70,1.1,13,16,0.79,841376.000000,0.4,27,4.0,581,0.0,0.0,0.0,0.0,0.0,1.0
309260,0,1,3400,-70,70,1.9,13,16,0.75,785600.000000,2,27,8.5,0.0,57152.000000,9,0.0,0.0,0.0,1.0
309509,0,1,3400,-70,70,0.55,14,17,0.83,881952.000000,2,27,10,0.0,0.0,0.0,0.0,0.0,0.0,1.0
309758,0,1,3400,-70,70,-0.81,13,16,0.80,813728.000000,0.9,27,10,0.0,0.0,0.0,0.0,0.0,0.0,1.0
310007,0,1,3400,-70,70,-0.87,13,16,0.77,837376.000000,2,27,9.5,0.0,43200.000000,0,0.0,0.0,0.0,1.0
310256,0,1,3400,-70,70,1.4,13,16,0.74,795328.000000,1,27,7.0,0.0,0.0,0.0,0.0,0.0,0.0,1.0
310505,0,1,3400,-70,70,3.3,14,17,0.78,932000.000000,1,27,7.0,0.0,0.0,0.0,0.0,0.0,0.0,1.0
310754,0,1,3400,-70,70,0.24,13,17,0.72,828544.000000,0,27,7.0,0.0,0.0,0.0,0.0,0.0,0.0,1.0
311003,0,1,3400,-70,70,1.7,13,16,0.88,853632.000000,3,27,6.6,0.0,75648.000000,0,0.0,0.0,0.0,1.0
311252,0,1,3400,-70,70,0.050,13,16,0.75,831584.000000,0.9,27,5.5,0.0,0.0,0.0,0.0,0.0,0.0,1.0
311501,0,1,3400,-70,70,0.69,14,16,0.79,893952.000000,0.9,27,5.5,0.0,0.0,0.0,0.0,0.0,0.0,1.0
311750,0,1,3400,-70,70,2.4,13,17,0.84,798976.000000,3,27,5.5,0.0,0.0,0.0,0.0,0.0,0.0,1.0
311999,0,1,3400,-70,70,2.9,13,17,0.77,839776.000000,0.9,27,5.4,0.0,54336.000000,0,0.0,0.0,0.0,1.0
312248,0,1,3400,-70,70,-1.5,13,16,0.81,858112.000000,1,27,5.5,0.0,0.0,0.0,0.0,0.0,0.0,1.0
312497,0,1,3400,-70,70,-1.5,13,16,0.75,819648.000000,1,27,5.5,0.0,0.0,0.0,0.0,0.0,0.0,1.0
312746,0,1,3400,-70,70,-2.8,13,16,0.82,846016.000000,2,27,5.5,0.0,0.0,0.0,0.0,0.0,0.0,1.0
312995,0,1,3400,-70,70,-0.57,13,16,0.82,861312.000000,3,27,5.5,0.0,38720.000000,0,0.0,0.0,0.0,1.0
313244,0,1,3400,-70,70,0.75,14,17,0.77,928000.000000,0.9,27,6.5,0.0,0.0,0.0,0.0,0.0,0.0,1.0
313493,0,1,3400,-70,70,-0.17,14,17,0.86,897664.000000,2,27,6.5,0.0,0.0,0.0,0.0,0.0,0.0,1.0
313742,0,1,3400,-70,70,0.0071,13,16,0.73,823104.000000,0.4,27,6.5,0.0,0.0,0.0,0.0,0.0,0.0,1.0
313991,0,1,3400,-70,70,3.3,13,16,0.68,790848.000000,0,27,6.2,0.0,72288.000000,0,0.0,0.0,0.0,1.0
314240,0,1,3400,-70,70,2.4,13,17,0.64,797600.000000,0,27,5.5,0.0,0.0,0.0,0.0,0.0,0.0,1.0
314489,0,1,3400,-70,70,-2.2,14,16,0.86,912000.000000,3,27,5.5,0.0,0.0,0.0,0.0,0.0,0.0,1.0
314738,0,1,3400,-70,70,0.080,14,17,0.79,889952.000000,0.9,27,5.5,0.0,0.0,0.0,0.0,0.0,0.0,1.0
314987,0,1,3400,-70,70,0.021,11,14,0.76,695872.000000,0.8,27,5.9,0.0,47904.000000,0,0.0,0.0,0.0,1.0
315236,0,1,3400,-70,70,-1.2,14,16,0.82,877952.000000,2,27,7.5,0.0,0.0,0.0,0.0,0.0,0.0,1.0
315485,0,1,3400,-70,70,-1.7,13,15,0.88,836192.000000,3,27,7.5,0.0,0.0,0.0,0.0,0.0,0.0,1.0
315734,0,1,3400,-70,70,0.97,13,16,0.79,823648.000000,2,27,7.5,0.0,0.0,0.0,0.0,0.0,0.0,1.0
315983,0,1,3400,-70,70,0.25,14,17,0.83,936640.000000,0.9,27,7.5,581,0.0,0.0,0.0,0.0,0.0,1.0
316232,0,1,3400,-70,70,-0.50,14,17,0.83,917728.000000,2,27,5.3,0.0,87040.000000,0,0.0,0.0,0.0,1.0
316481,0,1,3400,-70,70,-2.0,12,16,0.70,779552.000000,0.4,27,5.5,0.0,0.0,0.0,0.0,0.0,0.0,1.0
316730,0,1,3400,-70,70,0.44,13,16,0.77,827296.000000,2,27,5.5,0.0,0.0,0.0,0.0,0.0,0.0,1.0
316979,0,1,3400,-70,70,0.41,14,17,0.77,876992.000000,2,27,5.5,0.0,81344.000000,0,0.0,0.0,0.0,1.0
317228,0,1,3400,-70,70,-1.2,13,16,0.72,801888.000000,1,27,7.0,0.0,0.0,0.0,0.0,0.0,0.0,1.0
317477,0,1,3400,-70,70,0.76,14,17,0.80,897120.000000,1,27,7.0,0.0,0.0,0.0,0.0,0.0,0.0,1.0
317726,0,1,3400,-70,70,0.14,14,16,0.78,881952.000000,0.9,27,7.0,0.0,0.0,0.0,0.0,0.0,0.0,1.0
317975,0,1,3400,-70,70,0.98,14,16,0.89,908000.000000,2,27,7.0,581,0.0,0.0,0.0,0.0,0.0,1.0
318224,0,1,3400,-70,70,-1.3,14,17,0.79,855136.000000,2,27,4.6,0.0,58912.000000,0,0.0,0.0,0.0,1.0
318473,0,1,3400,-70,70,-2.4,10,13,0.62,601344.000000,0,27,4.5,0.0,0.0,0.0,0.0,0.0,0.0,1.0
318722,0,1,3400,-70,70,2.9,10,14,0.57,571648.000000,0,27,4.5,0.0,0.0,0.0,0.0,0.0,0.0,1.0
318971,0,1,3400,-70,70,2.8,10,13,0.58,581504.000000,0,27,4.5,581,0.0,0.0,0.0,0.0,0.0,1.0
319220,0,1,3400,-70,70,-2.4,11,14,0.66,615072.000000,0.9,27,5.5,0.0,53024.000000,0,0.0,0.0,0.0,1.0
319469,0,1,3400,-70,70,-1.5,14,17,0.79,896224.000000,1,27,5.5,0.0,0.0,0.0,0.0,0.0,0.0,1.0
319718,0,1,3400,-70,70,0.67,12,15,0.77,712672.000000,2,27,5.5,0.0,0.0,0.0,0.0,0.0,0.0,1.0
319967,0,1,3400,-70,70,3.2,14,17,0.77,864096.000000,1,27,5.5,0.0,47136.000000,0,0.0,0.0,0.0,1.0
320216,0,1,3400,-70,70,1.2,13,15,0.77,819104.000000,0.9,27,5.5,0.0,0.0,0.0,0.0,0.0,0.0,1.0
320465,0,1,3400,-70,70,1.7,12,15,0.70,727456.000000,0.4,27,5.5,0.0,0.0,0.0,0.0,0.0,0.0,1.0
320714,0,1,3400,-70,70,0.50,13,16,0.76,870656.000000,1,27,5.5,0.0,0.0,0.0,0.0,0.0,0.0,1.0
320963,0,1,3400,-70,70,-0.95,11,14,0.68,657664.000000,0.4,27,5.5,581,0.0,0.0,0.0,0.0,0.0,1.0
321212,0,1,3400,-70,70,3.2,10.0,13,0.58,568544.000000,0,27,6.5,0.0,41664.000000,0,0.0,0.0,0.0,1.0
321461,0,1,3400,-70,70,5.9,10,13,0.59,576576.000000,0,27,6.5,0.0,0.0,0.0,0.0,0.0,0.0,1.0
321710,0,1,3400,-70,70,0.10,11,15,0.60,672160.000000,0,27,6.5,0.0,0.0,0.0,0.0,0.0,0.0,1.0
321959,0,1,3400,-70,70,-0.27,13,16,0.74,847840.000000,0.9,27,6.7,0.0,57152.000000,9,0.0,0.0,0.0,1.0
322208,0,1,3400,-70,70,2.8,13,15,0.77,781696.000000,0.9,27,10,0.0,0.0,0.0,0.0,0.0,0.0,1.0
322457,0,1,3400,-70,70,1.6,13,16,0.78,866176.000000,2,27,10,0.0,0.0,0.0,0.0,0.0,0.0,1.0
322706,0,1,3400,-70,70,-0.19,12,16,0.70,738880.000000,0.9,27,10,0.0,0.0,0.0,0.0,0.0,0.0,1.0
322955,0,1,3400,-70,70,0.40,12,15,0.70,740416.000000,0.8,27,9.5,0.0,43808.000000,0,0.0,0.0,0.0,1.0
323204,0,1,3400,-70,70,0.54,13,17,0.78,847904.000000,2,27,5.5,0.0,0.0,0.0,0.0,0.0,0.0,1.0
323453,0,1,3400,-70,70,1.3,12,15,0.77,743136.000000,0.9,27,5.5,0.0,0.0,0.0,0.0,0.0,0.0,1.0
323702,0,1,3400,-70,70,-0.0027,12,16,0.77,764864.000000,1,27,5.5,0.0,0.0,0.0,0.0,0.0,0.0,1.0
323951,0,1,3400,-70,70,0.57,13,16,0.78,864704.000000,1,27,5.7,0.0,47552.000000,0,0.0,0.0,0.0,1.0
324200,0,1,3400,-70,70,-1.7,13,16,0.78,807648.000000,2,27,8.0,0.0,0.0,0.0,0.0,0.0,0.0,1.0
324449,0,1,3400,-70,70,-0.058,13,16,0.76,825440.000000,1,27,8.0,0.0,0.0,0.0,0.0,0.0,0.0,1.0
324698,0,1,3400,-70,70,2.5,13,16,0.72,803072.000000,0.9,27,8.0,0.0,0.0,0.0,0.0,0.0,0.0,1.0
324947,0,1,3400,-70,70,-0.99,13,16,0.74,861696.000000,0.9,27,8.0,581,0.0,0.0,0.0,0.0,0.0,1.0
325196,0,1,3400,-70,70,-1.3,14,16,0.84,875744.000000,3,27,4.6,0.0,56896.000000,0,0.0,0.0,0.0,1.0
325445,0,1,3400,-70,70,1.2,13,16,0.81,865696.000000,0.9,27,4.5,0.0,0.0,0.0,0.0,0.0,0.0,1.0
325695,0,1,3400,-70,70,0.11,12,15,0.73,740320.000000,1,27,4.5,0.0,0.0,0.0,0.0,0.0,0.0,1.0
325944,0,1,3400,-70,70,0.18,14,16,0.79,871200.000000,3,27,4.6,0.0,60224.000000,0,0.0,0.0,0.0,1.0
326193,0,1,3400,-70,70,-1.6,13,16,0.75,851424.000000,0.9,27,5.5,0.0,0.0,0.0,0.0,0.0,0.0,1.0
326442,0,1,3400,-70,70,-1.9,12,15,0.69,723360.000000,0,27,5.5,0.0,0.0,0.0,0.0,0.0,0.0,1.0
326691,0,1,3400,-70,70,-1.3,13,16,0.70,797120.000000,1,27,5.5,0.0,0.0,0.0,0.0,0.0,0.0,1.0
326940,0,1,3400,-70,70,-0.54,13,16,0.78,831648.000000,0.9,27,5.8,0.0,57408.000000,0,0.0,0.0,0.0,1.0
327189,0,1,3400,-70,70,-0.19,13,16,0.74,819648.000000,1,27,10,0.0,0.0,0.0,0.0,0.0,0.0,1.0
327439,0,1,3400,-70,70,1.5,14,17,0.77,893952.000000,0.9,27,10,0.0,0.0,0.0,0.0,0.0,0.0,1.0
327688,0,1,3400,-70,70,2.6,13,16,0.75,849696.000000,2,27,10,0.0,0.0,0.0,0.0,0.0,0.0,1.0
327937,0,1,3400,-70,70,-0.89,13,16,0.74,855904.000000,0.9,27,9.9,0.0,91424.000000,0,0.0,0.0,0.0,1.0
328186,0,1,3400,-70,70,0.73,13,16,0.79,822272.000000,0.9,27,4.5,0.0,0.0,0.0,0.0,0.0,0.0,1.0
328435,0,1,3400,-70,70,-1.2,12,15,0.73,687680.000000,1,27,4.5,0.0,0.0,0.0,0.0,0.0,0.0,1.0
328684,0,1,3400,-70,70,-1.5,11,15,0.67,647520.000000,0.9,27,4.5,0.0,0.0,0.0,0.0,0.0,0.0,1.0
328933,0,1,3400,-70,70,2.7,12,15,0.80,746432.000000,1,27,4.5,581,0.0,0.0,0.0,0.0,0.0,1.0
329182,0,1,3400,-70,70,0.13,13,16,0.76,821792.000000,2,27,5.5,0.0,48448.000000,0,0.0,0.0,0.0,1.0
329431,0,1,3400,-70,70,2.1,14,16,0.80,908768.000000,1,27,5.5,0.0,0.0,0.0,0.0,0.0,0.0,1.0
329680,0,1,3400,-70,70,-0.26,12,15,0.62,723232.000000,0,27,5.5,0.0,0.0,0.0,0.0,0.0,0.0,1.0
329929,0,1,3400,-70,70,-0.081,14,16,0.89,877632.000000,3,27,5.5,581,0.0,0.0,0.0,0.0,0.0,1.0
330178,0,1,3400,-70,70,1.0,13,15,0.81,785696.000000,2,27,5.5,0.0,49312.000000,0,0.0,0.0,0.0,1.0
330427,0,1,3400,-70,70,-0.19,13,17,0.79,868384.000000,2,27,5.5,0.0,0.0,0.0,0.0,0.0,0.0,1.0
330676,0,1,3400,-70,70,-1.7,14,17,0.77,867744.000000,3,27,5.5,0.0,0.0,0.0,0.0,0.0,0.0,1.0
330925,0,1,3400,-70,70,0.0086,14,16,0.80,893952.000000,2,27,5.5,581,0.0,0.0,0.0,0.0,0.0,1.0
331174,0,1,3400,-70,70,-1.2,13,15,0.89,774048.000000,2,27,6.9,0.0,40256.000000,0,0.0,0.0,0.0,1.0
331423,0,1,3400,-70,70,1.5,11,14,0.67,657920.000000,0.4,27,7.0,0.0,0.0,0.0,0.0,0.0,0.0,1.0
331672,0,1,3400,-70,70,5.7,12,15,0.76,727072.000000,0.4,27,7.0,0.0,0.0,0.0,0.0,0.0,0.0,1.0
331921,0,1,3400,-70,70,2.8,12,16,0.70,749856.000000,2,27,7.0,581,0.0,0.0,0.0,0.0,0.0,1.0
332170,0,1,3400,-70,70,1.00,13,16,0.76,836256.000000,1,27,3.8,0.0,71968.000000,0,0.0,0.0,0.0,1.0
332419,0,1,3400,-70,70,0.41,14,17,0.83,928000.000000,0.9,27,3.5,0.0,0.0,0.0,0.0,0.0,0.0,1.0
332668,0,1,3400,-70,70,-1.0,13,16,0.84,841344.000000,3,27,3.5,0.0,0.0,0.0,0.0,0.0,0.0,1.0
332917,0,1,3400,-70,70,0.80,10,13,0.61,573760.000000,0,27,4.0,0.0,43200.000000,0,0.0,0.0,0.0,1.0
333166,0,1,3400,-70,70,-2.6,11,14,0.63,664480.000000,0.4,27,7.0,0.0,0.0,0.0,0.0,0.0,0.0,1.0
333415,0,1,3400,-70,70,0.29,13,16,0.77,853696.000000,2,27,7.0,0.0,0.0,0.0,0.0,0.0,0.0,1.0
333664,0,1,3400,-70,70,-0.71,14,16,0.82,904000.000000,2,27,7.0,0.0,0.0,0.0,0.0,0.0,0.0,1.0
333913,0,1,3400,-70,70,2.7,11,15,0.70,693408.000000,0.9,27,6.9,0.0,64576.000000,0,0.0,0.0,0.0,1.0
334162,0,1,3400,-70,70,-0.69,13,15,0.82,811904.000000,2,27,8.0,0.0,0.0,0.0,0.0,0.0,0.0,1.0
334411,0,1,3400,-70,70,4.2,11,15,0.63,694112.000000,0.4,27,8.0,0.0,0.0,0.0,0.0,0.0,0.0,1.0
334660,0,1,3400,-70,70,3.6,12,15,0.67,747360.000000,0.4,27,8.0,0.0,0.0,0.0,0.0,0.0,0.0,1.0
334909,0,1,3400,-70,70,0.73,13,15,0.85,789504.000000,2,27,8.0,581,0.0,0.0,0.0,0.0,0.0,1.0
335158,0,1,3400,-70,70,-1.4,13,16,0.71,758016.000000,0.9,27,4.1,0.0,81792.000000,0,0.0,0.0,0.0,1.0
335407,0,1,3400,-70,70,0.86,13,16,0.83,821856.000000,3,27,4.0,0.0,0.0,0.0,0.0,0.0,0.0,1.0
335656,0,1,3400,-70,70,0.78,13,16,0.69,807456.000000,0.4,27,4.0,0.0,0.0,0.0,0.0,0.0,0.0,1.0
335905,0,1,3400,-70,70,1.2,13,16,0.71,780224.000000,0.9,27,4.0,581,0.0,0.0,0.0,0.0,0.0,1.0
336154,0,1,3400,-70,70,1.4,13,16,0.69,789536.000000,0.9,27,6.8,0.0,40256.000000,0,0.0,0.0,0.0,1.0
336403,0,1,3400,-70,70,1.6,12,16,0.73,780832.000000,0.4,27,7.0,0.0,0.0,0.0,0.0,0.0,0.0,1.0
336652,0,1,3400,-70,70,1.7,13,16,0.81,841696.000000,3,27,7.0,0.0,0.0,0.0,0.0,0.0,0.0,1.0
336901,0,1,3400,-70,70,-0.80,13,16,0.82,836384.000000,3,27,7.0,581,0.0,0.0,0.0,0.0,0.0,1.0
337150,0,1,3400,-70,70,2.1,13,16,0.78,823744.000000,1,27,5.5,0.0,68928.000000,0,0.0,0.0,0.0,1.0
337399,0,1,3400,-70,70,3.5,13,16,0.76,829024.000000,1,27,5.5,0.0,0.0,0.0,0.0,0.0,0.0,1.0
337648,0,1,3400,-70,70,3.2,13,16,0.78,840128.000000,1,27,5.5,0.0,0.0,0.0,0.0,0.0,0.0,1.0
337897,0,1,3400,-70,70,3.4,13,16,0.77,843840.000000,2,27,5.5,0.0,37312.000000,0,0.0,0.0,0.0,1.0
338146,0,1,3400,-70,70,2.4,13,16,0.70,787392.000000,1,27,5.5,0.0,0.0,0.0,0.0,0.0,0.0,1.0
338396,0,1,3400,-70,70,0.67,13,16,0.76,859904.000000,2,27,5.5,0.0,0.0,0.0,0.0,0.0,0.0,1.0
338645,0,1,3400,-70,70,0.067,13,16,0.71,820544.000000,0.9,27,5.5,0.0,0.0,0.0,0.0,0.0,0.0,1.0
338894,0,1,3400,-70,70,2.6,14,16,0.89,908000.000000,4,27,5.5,581,0.0,0.0,0.0,0.0,0.0,1.0
339143,0,1,3400,-70,70,0.27,23,16,3.0,224096.000000,71,27,5.4,0.0,72288.000000,0,0.0,0.0,0.0,1.0
339392,0,1,3400,-70,70,-1.1,28,16,4.0,0.0,100.000000,27,5.5,0.0,0.0,0.0,0.0,0.0,0.0,1.0
339641,0,1,3400,-70,70,-0.13,28,16,4.0,0.0,100.000000,27,5.5,0.0,0.0,0.0,0.0,0.0,0.0,1.0
339890,0,1,3400,-70,70,1.3,28,15,4.0,2784.000000,99,27,5.5,0.0,0.0,0.0,0.0,0.0,0.0,1.0
340139,0,1,3400,-70,70,4.8,28,16,4.0,0.0,100.000000,27,5.5,0.0,0.0,0.0,0.0,0.0,0.0,1.0
340388,0,1,3400,-70,70,4.9,28,16,4.0,0.0,100.000000,27,5.5,0.0,0.0,0.0,0.0,0.0,0.0,1.0
340637,0,1,3400,-70,70,1.7,21,16,2.7,260448.000000,34,27,5.5,581,0.0,0.0,0.0,0.0,0.0,1.0
340886,0,1,3400,-70,70,-1.1,12,16,0.67,731456.000000,0,27,7.5,0.0,130208.000000,0,0.0,0.0,0.0,1.0
341135,0,1,3400,-70,70,1.2,13,16,0.80,844736.000000,1,27,4.5,0.0,0.0,0.0,0.0,0.0,0.0,1.0
341384,0,1,3400,-70,70,0.54,12,15,0.69,750304.000000,0.4,27,4.5,0.0,0.0,0.0,0.0,0.0,0.0,1.0
341633,0,1,3400,-70,70,0.62,12,15,0.65,735840.000000,0,27,4.5,0.0,0.0,0.0,0.0,0.0,0.0,1.0
341882,0,1,3400,-70,70,1.4,14,16,0.82,871200.000000,3,27,4.5,581,0.0,0.0,0.0,0.0,0.0,1.0
342131,0,1,3400,-70,70,4.0,13,16,0.72,841632.000000,2,27,6.8,0.0,43200.000000,0,0.0,0.0,0.0,1.0
342380,0,1,3400,-70,70,2.5,12,15,0.75,783552.000000,0.8,27,7.0,0.0,0.0,0.0,0.0,0.0,0.0,1.0
342629,0,1,3400,-70,70,2.6,13,16,0.73,830400.000000,1,27,7.0,0.0,0.0,0.0,0.0,0.0,0.0,1.0
342878,0,1,3400,-70,70,3.9,13,16,0.74,774080.000000,0.9,27,6.5,0.0,66080.000000,0,0.0,0.0,0.0,1.0
343127,0,1,3400,-70,70,0.048,13,16,0.78,829696.000000,3,27,2.0,0.0,0.0,0.0,0.0,0.0,0.0,1.0
343376,0,1,3400,-70,70,1.1,13,16,0.82,845696.000000,2,27,2.0,0.0,0.0,0.0,0.0,0.0,0.0,1.0
343625,0,1,3400,-70,70,1.9,13,16,0.71,797600.000000,0.4,27,2.0,0.0,0.0,0.0,0.0,0.0,0.0,1.0
343874,0,1,3400,-70,70,3.9,13,16,0.80,848800.000000,1,27,2.0,581,0.0,0.0,0.0,0.0,0.0,1.0
344123,0,1,3400,-70,70,1.2,13,16,0.78,802358.562500,3,27,4.1,0.0,31298.804688,0,0.0,0.0,0.0,1.0
344372,0,1,3400,-70,70,4.8,13,16,0.74,823648.000000,1,27,4.0,0.0,0.0,0.0,0.0,0.0,0.0,1.0
344621,0,1,3400,-70,70,5.0,13,16,0.68,799808.000000,0.4,27,4.0,0.0,0.0,0.0,0.0,0.0,0.0,1.0
344870,0,1,3400,-70,70,0.83,13,16,0.75,769024.000000,2,27,4.2,0.0,77952.000000,5,0.0,0.0,0.0,1.0
345119,0,1,3400,-70,70,0.85,14,16,0.93,880832.000000,4,27,8.0,0.0,0.0,0.0,0.0,0.0,0.0,1.0
345368,0,1,3400,-70,70,3.9,12,15,0.77,729408.000000,3,27,8.0,0.0,0.0,0.0,0.0,0.0,0.0,1.0
345617,0,1,3400,-70,70,2.8,13,16,0.68,802144.000000,0.9,27,8.0,0.0,0.0,0.0,0.0,0.0,0.0,1.0
345867,0,1,3400,-70,70,1.0,13,16,0.81,846048.000000,2,27,8.0,581,0.0,0.0,0.0,0.0,0.0,1.0
346116,0,1,3400,-70,70,2.9,12,15,0.77,733984.000000,2,27,5.6,0.0,47136.000000,0,0.0,0.0,0.0,1.0
346365,0,1,3400,-70,70,0.98,13,16,0.73,806080.000000,0.8,27,5.5,0.0,0.0,0.0,0.0,0.0,0.0,1.0
346614,0,1,3400,-70,70,1.6,13,16,0.70,802560.000000,0.4,27,5.5,0.0,0.0,0.0,0.0,0.0,0.0,1.0
346863,0,1,3400,-70,70,3.7,12,15,0.64,705664.000000,0,27,5.6,0.0,24224.000000,15,0.0,0.0,0.0,1.0
347112,0,1,3400,-70,70,1.6,13,16,0.72,811584.000000,0.9,27,4.0,0.0,10784.000000,0,0.0,0.0,0.0,1.0
347361,0,1,3400,-70,70,3.4,12,15,0.69,717184.000000,0.9,27,4.0,0.0,0.0,0.0,0.0,0.0,0.0,1.0
347610,0,1,3400,-70,70,1.4,13,16,0.72,809376.000000,2,27,4.0,0.0,0.0,0.0,0.0,0.0,0.0,1.0
347859,0,1,3400,-70,70,-0.51,12,16,0.71,759808.000000,0.9,27,4.0,581,0.0,0.0,0.0,0.0,0.0,1.0
348108,0,1,3400,-70,70,1.3,13,16,0.74,819584.000000,0.9,27,4.1,0.0,28480.000000,0,0.0,0.0,0.0,1.0
348357,0,1,3400,-70,70,2.5,13,16,0.76,840928.000000,1,27,4.0,0.0,0.0,0.0,0.0,0.0,0.0,1.0
348606,0,1,3400,-70,70,-0.37,13,16,0.76,825856.000000,1,27,4.0,0.0,0.0,0.0,0.0,0.0,0.0,1.0
348855,0,1,3400,-70,70,0.38,12,15,0.70,734528.000000,1,27,4.0,581,0.0,0.0,0.0,0.0,0.0,1.0
349104,0,1,3400,-70,70,-1.7,11,15,0.73,666304.000000,0.4,27,4.5,0.0,41792.000000,0,0.0,0.0,0.0,1.0
349353,0,1,3400,-70,70,-1.3,12,15,0.80,733888.000000,2,27,4.5,0.0,0.0,0.0,0.0,0.0,0.0,1.0
349602,0,1,3400,-70,70,1.5,12,15,0.68,736672.000000,1,27,4.5,0.0,0.0,0.0,0.0,0.0,0.0,1.0
349851,0,1,3400,-70,70,3.7,13,16,0.78,828800.000000,0.9,27,4.5,581,0.0,0.0,0.0,0.0,0.0,1.0
350100,0,1,3400,-70,70,2.0,13,16,0.73,808160.000000,1,27,5.4,0.0,34368.000000,0,0.0,0.0,0.0,1.0
350349,0,1,3400,-70,70,3.6,12,15,0.75,734400.000000,0.8,27,5.5,0.0,0.0,0.0,0.0,0.0,0.0,1.0
350598,0,1,3400,-70,70,1.7,13,16,0.72,807232.000000,3,27,5.5,0.0,0.0,0.0,0.0,0.0,0.0,1.0
350847,0,1,3400,-70,70,5.2,13,16,0.84,821440.000000,3,27,5.5,0.0,0.0,0.0,0.0,0.0,0.0,1.0
351096,0,1,3400,-70,70,3.3,14,16,0.76,903936.000000,1,27,2.8,0.0,68256.000000,0,0.0,0.0,0.0,1.0
351345,0,1,3400,-70,70,0.98,12,16,0.67,759392.000000,1,27,2.0,0.0,0.0,0.0,0.0,0.0,0.0,1.0
351594,0,1,3400,-70,70,0.44,13,16,0.72,767680.000000,0.9,27,2.0,0.0,0.0,0.0,0.0,0.0,0.0,1.0
351843,0,1,3400,-70,70,0.19,12,15,0.78,719968.000000,3,27,2.5,0.0,38720.000000,0,0.0,0.0,0.0,1.0
352092,0,1,3400,-70,70,3.2,11,14,0.72,676512.000000,0.4,27,6.5,0.0,0.0,0.0,0.0,0.0,0.0,1.0
352341,0,1,3400,-70,70,3.0,11,15,0.65,684288.000000,0.4,27,6.5,0.0,0.0,0.0,0.0,0.0,0.0,1.0
352590,0,1,3400,-70,70,4.4,11,14,0.72,687840.000000,0.4,27,6.5,0.0,0.0,0.0,0.0,0.0,0.0,1.0
352839,0,1,3400,-70,70,1.8,12,15,0.73,685760.000000,0.9,27,6.4,0.0,76960.000000,0,0.0,0.0,0.0,1.0
353088,0,1,3400,-70,70,0.87,14,16,0.85,906208.000000,3,27,4.5,0.0,0.0,0.0,0.0,0.0,0.0,1.0
353337,0,1,3400,-70,70,2.6,12,15,0.75,765824.000000,2,27,4.5,0.0,0.0,0.0,0.0,0.0,0.0,1.0
353586,0,1,3400,-70,70,1.6,10,13,0.60,569184.000000,0,27,4.5,0.0,0.0,0.0,0.0,0.0,0.0,1.0
353835,0,1,3400,-70,70,1.1,12,15,0.71,756032.000000,0.9,27,4.9,0.0,53184.000000,9,0.0,0.0,0.0,1.0
354084,0,1,3400,-70,70,1.4,13,16,0.74,839360.000000,0.9,27,9.0,0.0,0.0,0.0,0.0,0.0,0.0,1.0
354333,0,1,3400,-70,70,1.6,11,15,0.62,688384.000000,0,27,9.0,0.0,0.0,0.0,0.0,0.0,0.0,1.0
354582,0,1,3400,-70,70,0.35,11,14,0.60,610592.000000,0,27,9.0,0.0,0.0,0.0,0.0,0.0,0.0,1.0
354831,0,1,3400,-70,70,-1.9,12,15,0.73,756576.000000,2,27,9.0,0.0,0.0,0.0,0.0,0.0,0.0,1.0
355080,0,1,3400,-70,70,1.3,13,16,0.74,841152.000000,0.9,27,8.2,0.0,47552.000000,0,0.0,0.0,0.0,1.0
355329,0,1,3400,-70,70,2.4,12,15,0.75,757216.000000,3,27,8.0,0.0,0.0,0.0,0.0,0.0,0.0,1.0
355578,0,1,3400,-70,70,-0.43,13,16,0.78,860928.000000,1,27,8.0,0.0,0.0,0.0,0.0,0.0,0.0,1.0
355827,0,1,3400,-70,70,1.9,13,16,0.68,791392.000000,0.9,27,8.0,581,0.0,0.0,0.0,0.0,0.0,1.0
356076,0,1,3400,-70,70,2.3,13,16,0.75,849632.000000,2,27,1.5,0.0,36832.000000,0,0.0,0.0,0.0,1.0
356325,0,1,3400,-70,70,-1.0,13,16,0.73,820480.000000,0.4,27,1.0,0.0,0.0,0.0,0.0,0.0,0.0,1.0
356574,0,1,3400,-70,70,-0.057,12,15,0.79,758496.000000,2,27,1.0,0.0,0.0,0.0,0.0,0.0,0.0,1.0
356823,0,1,3400,-70,70,1.4,11,14,0.65,649056.000000,0.4,27,1.7,0.0,65440.000000,6,0.0,0.0,0.0,1.0
357072,0,1,3400,-70,70,0.41,13,16,0.71,853832.687500,0.4,27,7.0,0.0,0.0,0.0,0.0,0.0,0.0,1.0
357321,0,1,3400,-70,70,3.4,12,16,0.67,760384.000000,0,27,7.0,0.0,0.0,0.0,0.0,0.0,0.0,1.0
357570,0,1,3400,-70,70,2.4,12,15,0.70,726336.000000,2,27,7.0,0.0,0.0,0.0,0.0,0.0,0.0,1.0
357819,0,1,3400,-70,70,0.76,14,16,0.79,889952.000000,2,27,7.0,0.0,0.0,0.0,0.0,0.0,0.0,1.0
358068,0,1,3400,-70,70,1.8,14,16,0.77,861664.000000,3,27,5.8,0.0,34368.000000,0,0.0,0.0,0.0,1.0
358317,0,1,3400,-70,70,0.67,13,15,0.78,799008.000000,2,27,5.5,0.0,0.0,0.0,0.0,0.0,0.0,1.0
358566,0,1,3400,-70,70,1.6,12,16,0.68,768608.000000,1,27,5.5,0.0,0.0,0.0,0.0,0.0,0.0,1.0
358815,0,1,3400,-70,70,3.5,13,16,0.82,857696.000000,2,27,5.5,581,0.0,0.0,0.0,0.0,0.0,1.0
359064,0,1,3400,-70,70,1.2,13,16,0.69,816960.000000,0.9,27,8.6,0.0,51520.000000,0,0.0,0.0,0.0,1.0
359313,0,1,3400,-70,70,1.4,14,16,0.75,889952.000000,1,27,9.0,0.0,0.0,0.0,0.0,0.0,0.0,1.0
359562,0,1,3400,-70,70,0.28,13,16,0.75,849696.000000,2,27,9.0,0.0,0.0,0.0,0.0,0.0,0.0,1.0
359811,0,1,3400,-70,70,7.4,14,16,0.81,853952.000000,3,27,8.6,0.0,58688.000000,0,0.0,0.0,0.0,1.0
360060,0,1,3400,-70,70,4.1,14,16,0.74,891680.000000,0.9,27,6.5,0.0,0.0,0.0,0.0,0.0,0.0,1.0
360309,0,1,3400,-70,70,6.6,14,16,0.76,872992.000000,2,27,6.5,0.0,0.0,0.0,0.0,0.0,0.0,1.0
360558,0,1,3400,-70,70,3.0,13,16,0.68,780640.000000,1,27,6.5,0.0,0.0,0.0,0.0,0.0,0.0,1.0
360807,0,1,3400,-70,70,1.3,13,16,0.75,841152.000000,2,27,6.5,581,0.0,0.0,0.0,0.0,0.0,1.0
361056,0,1,3400,-70,70,2.9,13,16,0.77,811776.000000,1,27,3.3,0.0,27840.000000,0,0.0,0.0,0.0,1.0
361305,0,1,3400,-70,70,-1.1,14,16,0.78,889952.000000,2,27,3.0,0.0,0.0,0.0,0.0,0.0,0.0,1.0
361554,0,1,3400,-70,70,2.4,13,16,0.68,830400.000000,1,27,3.0,0.0,0.0,0.0,0.0,0.0,0.0,1.0
361803,0,1,3400,-70,70,3.2,13,15,0.79,768480.000000,2,27,3.0,0.0,62880.000000,0,0.0,0.0,0.0,1.0
362052,0,1,3400,-70,70,-0.19,11,14,0.69,662912.000000,0.4,27,2.0,0.0,0.0,0.0,0.0,0.0,0.0,1.0
362301,0,1,3400,-70,70,2.8,10,13,0.59,579040.000000,0,27,2.0,0.0,0.0,0.0,0.0,0.0,0.0,1.0
362550,0,1,3400,-70,70,2.3,10,13,0.57,574112.000000,0,27,2.0,0.0,0.0,0.0,0.0,0.0,0.0,1.0
362799,0,1,3400,-70,70,2.1,10,13,0.61,581504.000000,0,27,2.0,581,0.0,0.0,0.0,0.0,0.0,1.0
363048,0,1,3400,-70,70,3.6,11,14,0.66,613440.000000,0,27,5.5,0.0,37312.000000,0,0.0,0.0,0.0,1.0
363297,0,1,3400,-70,70,0.46,13,16,0.72,793184.000000,3,27,5.5,0.0,0.0,0.0,0.0,0.0,0.0,1.0
363546,0,1,3400,-70,70,1.7,13,16,0.74,809856.000000,3,27,5.5,0.0,0.0,0.0,0.0,0.0,0.0,1.0
363795,0,1,3400,-70,70,-1.5,14,16,0.77,869952.000000,3,27,5.5,581,0.0,0.0,0.0,0.0,0.0,1.0
364044,0,1,3400,-70,70,1.2,12,15,0.67,730688.000000,0.9,27,5.3,0.0,74720.000000,0,0.0,0.0,0.0,1.0
364293,0,1,3400,-70,70,4.2,13,16,0.75,814816.000000,3,27,5.5,0.0,0.0,0.0,0.0,0.0,0.0,1.0
364542,0,1,3400,-70,70,3.4,12,15,0.72,741344.000000,0,27,5.5,0.0,0.0,0.0,0.0,0.0,0.0,1.0
364791,0,1,3400,-70,70,1.2,10,13,0.59,574112.000000,0,27,5.5,581,0.0,0.0,0.0,0.0,0.0,1.0
365040,0,1,3400,-70,70,5.4,13,16,0.73,834752.000000,1,27,6.3,0.0,74784.000000,0,0.0,0.0,0.0,1.0
365289,0,1,3400,-70,70,5.1,14,16,0.86,877952.000000,3,27,6.5,0.0,0.0,0.0,0.0,0.0,0.0,1.0
365538,0,1,3400,-70,70,3.9,10,13,0.65,599904.000000,0.4,27,6.5,0.0,0.0,0.0,0.0,0.0,0.0,1.0
365787,0,1,3400,-70,70,2.8,10,14,0.60,574272.000000,0,27,6.5,0.0,69696.000000,0,0.0,0.0,0.0,1.0
366036,0,1,3400,-70,70,2.5,13,16,0.69,773536.000000,2,27,9.5,0.0,0.0,0.0,0.0,0.0,0.0,1.0
366285,0,1,3400,-70,70,1.8,13,16,0.71,800576.000000,0.8,27,9.5,0.0,0.0,0.0,0.0,0.0,0.0,1.0
366534,0,1,3400,-70,70,1.7,12,16,0.68,744640.000000,0.9,27,9.5,0.0,0.0,0.0,0.0,0.0,0.0,1.0
366783,0,1,3400,-70,70,0.042,14,16,0.86,875744.000000,4,27,9.5,581,0.0,0.0,0.0,0.0,0.0,1.0
367032,0,1,3400,-70,70,0.88,13,16,0.75,810560.000000,1,27,4.3,0.0,31424.000000,0,0.0,0.0,0.0,1.0
367281,0,1,3400,-70,70,2.5,12,16,0.68,769824.000000,0.4,27,4.0,0.0,0.0,0.0,0.0,0.0,0.0,1.0
367530,0,1,3400,-70,70,4.3,13,16,0.69,819648.000000,2,27,4.0,0.0,0.0,0.0,0.0,0.0,0.0,1.0
367779,0,1,3400,-70,70,3.6,14,16,0.79,920000.000000,1,27,4.1,0.0,46144.000000,0,0.0,0.0,0.0,1.0
368028,0,1,3400,-70,70,3.1,13,16,0.74,841152.000000,2,27,5.5,0.0,0.0,0.0,0.0,0.0,0.0,1.0
368277,0,1,3400,-70,70,0.33,12,15,0.65,720672.000000,2,27,5.5,0.0,0.0,0.0,0.0,0.0,0.0,1.0
368526,0,1,3400,-70,70,1.2,13,16,0.72,798144.000000,1,27,5.5,0.0,0.0,0.0,0.0,0.0,0.0,1.0
368775,0,1,3400,-70,70,1.9,13,16,0.71,815584.000000,0.9,27,5.5,581,0.0,0.0,0.0,0.0,0.0,1.0
369024,0,1,3400,-70,70,2.4,13,15,0.79,818208.000000,2,27,4.7,0.0,74016.000000,0,0.0,0.0,0.0,1.0
369273,0,1,3400,-70,70,1.2,13,16,0.76,855072.000000,2,27,4.5,0.0,0.0,0.0,0.0,0.0,0.0,1.0
369522,0,1,3400,-70,70,1.9,12,15,0.69,715008.000000,0.4,27,4.5,0.0,0.0,0.0,0.0,0.0,0.0,1.0
369771,0,1,3400,-70,70,0.53,13,16,0.72,850944.000000,0.9,27,4.4,0.0,35904.000000,0,0.0,0.0,0.0,1.0
370020,0,1,3400,-70,70,2.6,14,16,0.74,859680.000000,3,27,4.0,0.0,0.0,0.0,0.0,0.0,0.0,1.0
370269,0,1,3400,-70,70,2.2,13,16,0.77,831840.000000,3,27,4.0,0.0,0.0,0.0,0.0,0.0,0.0,1.0
370519,0,1,3400,-70,70,4.2,13,16,0.74,816480.000000,0.4,27,4.0,0.0,0.0,0.0,0.0,0.0,0.0,1.0
370768,0,1,3400,-70,70,5.1,12,15,0.66,698976.000000,0.4,27,4.2,0.0,34368.000000,0,0.0,0.0,0.0,1.0
371017,0,1,3400,-70,70,4.3,12,16,0.66,753760.000000,0.9,27,5.5,0.0,0.0,0.0,0.0,0.0,0.0,1.0
371266,0,1,3400,-70,70,4.7,14,16,0.75,885952.000000,1,27,5.5,0.0,0.0,0.0,0.0,0.0,0.0,1.0
371515,0,1,3400,-70,70,3.6,13,15,0.76,799328.000000,1,27,5.5,0.0,0.0,0.0,0.0,0.0,0.0,1.0
371764,0,1,3400,-70,70,0.78,13,15,0.73,785536.000000,2,27,5.3,0.0,45120.000000,0,0.0,0.0,0.0,1.0
372013,0,1,3400,-70,70,0.95,13,16,0.71,859904.000000,1,27,4.5,0.0,0.0,0.0,0.0,0.0,0.0,1.0
372262,0,1,3400,-70,70,2.4,13,16,0.75,807424.000000,3,27,4.5,0.0,0.0,0.0,0.0,0.0,0.0,1.0
372511,0,1,3400,-70,70,1.2,12,15,0.70,724032.000000,0.4,27,4.5,0.0,0.0,0.0,0.0,0.0,0.0,1.0
372760,0,1,3400,-70,70,1.4,13,16,0.72,805792.000000,2,27,4.8,0.0,63808.000000,0,0.0,0.0,0.0,1.0
373009,0,1,3400,-70,70,2.6,11,16,0.67,722496.000000,0.9,27,8.0,0.0,0.0,0.0,0.0,0.0,0.0,1.0
373258,0,1,3400,-70,70,4.3,14,16,0.77,881952.000000,2,27,8.0,0.0,0.0,0.0,0.0,0.0,0.0,1.0
373507,0,1,3400,-70,70,2.5,13,16,0.70,816544.000000,1,27,8.0,0.0,0.0,0.0,0.0,0.0,0.0,1.0
373756,0,1,3400,-70,70,2.9,13,16,0.73,821856.000000,2,27,8.0,581,0.0,0.0,0.0,0.0,0.0,1.0
374005,0,1,3400,-70,70,1.8,12,16,0.67,739712.000000,0.4,27,4.6,0.0,54048.000000,0,0.0,0.0,0.0,1.0
374254,0,1,3400,-70,70,2.8,13,16,0.77,834944.000000,3,27,4.5,0.0,0.0,0.0,0.0,0.0,0.0,1.0
374503,0,1,3400,-70,70,2.6,13,16,0.71,826880.000000,2,27,4.5,0.0,0.0,0.0,0.0,0.0,0.0,1.0
374752,0,1,3400,-70,70,3.2,13,15,0.79,776224.000000,2,27,4.7,0.0,70464.000000,0,0.0,0.0,0.0,1.0
375001,0,1,3400,-70,70,1.9,12,15,0.65,706912.000000,0.9,27,8.0,0.0,0.0,0.0,0.0,0.0,0.0,1.0
375250,0,1,3400,-70,70,3.2,12,15,0.71,762560.000000,2,27,8.0,0.0,0.0,0.0,0.0,0.0,0.0,1.0
375499,0,1,3400,-70,70,1.7,13,15,0.75,772032.000000,1,27,8.0,0.0,0.0,0.0,0.0,0.0,0.0,1.0
375748,0,1,3400,-70,70,1.5,12,15,0.68,743360.000000,0,27,7.6,0.0,76896.000000,0,0.0,0.0,0.0,1.0
375997,0,1,3400,-70,70,2.1,13,15,0.77,777536.000000,2,27,7.0,0.0,0.0,0.0,0.0,0.0,0.0,1.0
376246,0,1,3400,-70,70,0.76,11,16,0.70,733856.000000,1,27,7.0,0.0,0.0,0.0,0.0,0.0,0.0,1.0
376495,0,1,3400,-70,70,1.9,13,15,0.73,776032.000000,2,27,7.0,0.0,0.0,0.0,0.0,0.0,0.0,1.0
376745,0,1,3400,-70,70,0.73,12,16,0.68,729888.000000,0.4,27,7.1,0.0,51904.000000,0,0.0,0.0,0.0,1.0
376994,0,1,3400,-70,70,1.2,13,16,0.71,810688.000000,2,27,9.0,0.0,0.0,0.0,0.0,0.0,0.0,1.0
377243,0,1,3400,-70,70,1.7,12,16,0.67,767616.000000,0.9,27,9.0,0.0,0.0,0.0,0.0,0.0,0.0,1.0
377492,0,1,3400,-70,70,1.4,14,16,0.78,874848.000000,3,27,9.0,0.0,0.0,0.0,0.0,0.0,0.0,1.0
377741,0,1,3400,-70,70,3.8,13,16,0.75,828544.000000,1,27,8.3,0.0,77440.000000,0,0.0,0.0,0.0,1.0
377990,0,1,3400,-70,70,4.3,13,15,0.69,778848.000000,0.4,27,3.5,0.0,0.0,0.0,0.0,0.0,0.0,1.0
378239,0,1,3400,-70,70,3.4,11,15,0.60,665344.000000,0,27,3.5,0.0,0.0,0.0,0.0,0.0,0.0,1.0
378488,0,1,3400,-70,70,1.8,12,15,0.61,723232.000000,0,27,3.5,0.0,0.0,0.0,0.0,0.0,0.0,1.0
378737,0,1,3400,-70,70,2.6,13,16,0.79,817792.000000,1,27,3.5,581,0.0,0.0,0.0,0.0,0.0,1.0
378986,0,1,3400,-70,70,3.6,12,16,0.64,682656.000000,0.4,27,5.5,0.0,34368.000000,0,0.0,0.0,0.0,1.0
379235,0,1,3400,-70,70,2.0,13,16,0.67,797600.000000,0.4,27,5.5,0.0,0.0,0.0,0.0,0.0,0.0,1.0
379484,0,1,3400,-70,70,3.4,12,15,0.75,753664.000000,0.4,27,5.5,0.0,0.0,0.0,0.0,0.0,0.0,1.0
379733,0,1,3400,-70,70,1.4,12,15,0.68,737120.000000,0.9,27,5.2,0.0,66784.000000,0,0.0,0.0,0.0,1.0
379982,0,1,3400,-70,70,2.2,12,15,0.64,736960.000000,0.4,27,3.0,0.0,0.0,0.0,0.0,0.0,0.0,1.0
380231,0,1,3400,-70,70,-0.011,13,16,0.72,806880.000000,1,27,3.0,0.0,0.0,0.0,0.0,0.0,0.0,1.0
380480,0,1,3400,-70,70,1.9,13,15,0.84,852800.000000,2,27,3.0,0.0,0.0,0.0,0.0,0.0,0.0,1.0
380729,0,1,3400,-70,70,3.1,10,14,0.61,584192.000000,0,27,3.5,0.0,57376.000000,0,0.0,0.0,0.0,1.0
380978,0,1,3400,-70,70,4.0,13,16,0.71,780320.000000,1,27,8.0,0.0,0.0,0.0,0.0,0.0,0.0,1.0
381227,0,1,3400,-70,70,6.9,13,16,0.73,812544.000000,2,27,8.0,0.0,0.0,0.0,0.0,0.0,0.0,1.0
381476,0,1,3400,-70,70,2.7,12,15,0.71,733248.000000,0.9,27,8.0,0.0,0.0,0.0,0.0,0.0,0.0,1.0
381726,0,1,3400,-70,70,3.8,13,16,0.69,759104.000000,0.4,27,7.4,0.0,77440.000000,0,0.0,0.0,0.0,1.0
381975,0,1,3400,-70,70,2.8,13,16,0.63,795808.000000,0,27,3.5,0.0,0.0,0.0,0.0,0.0,0.0,1.0
382224,0,1,3400,-70,70,2.9,13,16,0.73,842464.000000,2,27,3.5,0.0,0.0,0.0,0.0,0.0,0.0,1.0
382473,0,1,3400,-70,70,3.6,12,15,0.66,695808.000000,0.4,27,3.5,0.0,0.0,0.0,0.0,0.0,0.0,1.0
382722,0,1,3400,-70,70,1.2,14,16,0.85,864992.000000,3,27,3.5,581,0.0,0.0,0.0,0.0,0.0,1.0
382971,0,1,3400,-70,70,1.6,12,15,0.71,753344.000000,0.9,27,5.5,0.0,55200.000000,0,0.0,0.0,0.0,1.0
383220,0,1,3400,-70,70,2.7,13,15,0.81,772096.000000,3,27,5.5,0.0,0.0,0.0,0.0,0.0,0.0,1.0
383469,0,1,3400,-70,70,5.2,11,14,0.79,673216.000000,3,27,5.5,0.0,0.0,0.0,0.0,0.0,0.0,1.0
383718,0,1,3400,-70,70,2.6,11,14,0.68,603264.000000,0,27,5.4,0.0,49472.000000,0,0.0,0.0,0.0,1.0
383967,0,1,3400,-70,70,2.1,10,14,0.58,579040.000000,0,27,6.5,0.0,0.0,0.0,0.0,0.0,0.0,1.0
384216,0,1,3400,-70,70,2.7,12,15,0.81,741184.000000,3,27,6.5,0.0,0.0,0.0,0.0,0.0,0.0,1.0
384465,0,1,3400,-70,70,2.7,12,16,0.62,737760.000000,0.4,27,6.5,0.0,0.0,0.0,0.0,0.0,0.0,1.0
384714,0,1,3400,-70,70,4.1,12,14,0.86,762080.000000,3,27,6.5,581,0.0,0.0,0.0,0.0,0.0,1.0
384963,0,1,3400,-70,70,1.8,10,14,0.59,603360.000000,0,27,5.5,0.0,34368.000000,0,0.0,0.0,0.0,1.0
385212,0,1,3400,-70,70,3.4,12,14,0.77,739680.000000,2,27,5.5,0.0,0.0,0.0,0.0,0.0,0.0,1.0
385461,0,1,3400,-70,70,1.5,10,13,0.59,571648.000000,0,27,5.5,0.0,0.0,0.0,0.0,0.0,0.0,1.0
385710,0,1,3400,-70,70,3.1,12,15,0.64,681472.000000,0.4,27,5.2,0.0,50528.000000,0,0.0,0.0,0.0,1.0
385959,0,1,3400,-70,70,1.6,12,15,0.61,693344.000000,0,27,3.0,0.0,0.0,0.0,0.0,0.0,0.0,1.0
386208,0,1,3400,-70,70,3.5,13,16,0.74,866176.000000,2,27,3.0,0.0,0.0,0.0,0.0,0.0,0.0,1.0
386457,0,1,3400,-70,70,2.9,14,16,0.76,904000.000000,3,27,3.0,0.0,0.0,0.0,0.0,0.0,0.0,1.0
386706,0,1,3400,-70,70,5.6,13,16,0.78,762464.000000,2,27,3.3,0.0,94560.000000,0,0.0,0.0,0.0,1.0
386955,0,1,3400,-70,70,6.8,10,13,0.61,575392.000000,0,27,7.0,0.0,0.0,0.0,0.0,0.0,0.0,1.0
387204,0,1,3400,-70,70,2.5,10,13,0.59,574112.000000,0,27,7.0,0.0,0.0,0.0,0.0,0.0,0.0,1.0
387453,0,1,3400,-70,70,-2.4,11,14,0.62,635584.000000,0.4,27,7.0,0.0,0.0,0.0,0.0,0.0,0.0,1.0
387702,0,1,3400,-70,70,4.6,13,15,0.76,787808.000000,2,27,6.6,0.0,48448.000000,0,0.0,0.0,0.0,1.0
387951,0,1,3400,-70,70,4.9,13,15,0.73,800544.000000,0.9,27,4.0,0.0,0.0,0.0,0.0,0.0,0.0,1.0
388200,0,1,3400,-70,70,1.1,13,16,0.77,814688.000000,1,27,4.0,0.0,0.0,0.0,0.0,0.0,0.0,1.0
388449,0,1,3400,-70,70,4.9,12,15,0.73,751488.000000,0.9,27,4.0,0.0,0.0,0.0,0.0,0.0,0.0,1.0
388698,0,1,3400,-70,70,-1.2,14,16,0.79,893248.000000,3,27,4.0,581,0.0,0.0,0.0,0.0,0.0,1.0
388947,0,1,3400,-70,70,0.66,12,16,0.69,771744.000000,1,27,5.4,0.0,38624.000000,0,0.0,0.0,0.0,1.0
389196,0,1,3400,-70,70,4.3,13,16,0.75,851904.000000,2,27,5.5,0.0,0.0,0.0,0.0,0.0,0.0,1.0
389446,0,1,3400,-70,70,1.4,12,15,0.67,720640.000000,0.4,27,5.5,0.0,0.0,0.0,0.0,0.0,0.0,1.0
389695,0,1,3400,-70,70,2.7,12,15,0.67,711488.000000,1,27,5.6,0.0,58912.000000,0,0.0,0.0,0.0,1.0
389944,0,1,3400,-70,70,5.6,11,15,0.64,676384.000000,0,27,7.0,0.0,0.0,0.0,0.0,0.0,0.0,1.0
390193,0,1,3400,-70,70,3.8,11,14,0.66,633440.000000,0,27,7.0,0.0,0.0,0.0,0.0,0.0,0.0,1.0
390442,0,1,3400,-70,70,1.6,12,15,0.72,740288.000000,1,27,7.0,0.0,0.0,0.0,0.0,0.0,0.0,1.0
390691,0,1,3400,-70,70,0.31,13,15,0.75,779360.000000,2,27,7.0,581,0.0,0.0,0.0,0.0,0.0,1.0
390940,0,1,3400,-70,70,1.8,13,16,0.75,795744.000000,3,27,7.8,0.0,37408.000000,10,0.0,0.0,0.0,1.0
391189,0,1,3400,-70,70,2.7,14,16,0.72,881408.000000,0.9,27,8.0,0.0,0.0,0.0,0.0,0.0,0.0,1.0
391438,0,1,3400,-70,70,-0.71,13,16,0.75,799584.000000,2,27,8.0,0.0,0.0,0.0,0.0,0.0,0.0,1.0
391687,0,1,3400,-70,70,-1.1,12,15,0.74,728832.000000,1,27,8.0,0.0,0.0,0.0,0.0,0.0,0.0,1.0
391936,0,1,3400,-70,70,2.7,14,16,0.80,874784.000000,3,27,3.3,0.0,68256.000000,0,0.0,0.0,0.0,1.0
392185,0,1,3400,-70,70,4.2,12,15,0.65,726272.000000,0.9,27,2.0,0.0,0.0,0.0,0.0,0.0,0.0,1.0
392434,0,1,3400,-70,70,2.2,13,16,0.73,864928.000000,3,27,2.0,0.0,0.0,0.0,0.0,0.0,0.0,1.0
392683,0,1,3400,-70,70,4.9,14,16,0.77,867744.000000,3,27,2.0,581,0.0,0.0,0.0,0.0,0.0,1.0
392932,0,1,3400,-70,70,4.2,12,15,0.73,750240.000000,0.4,27,7.6,0.0,63808.000000,0,0.0,0.0,0.0,1.0
393181,0,1,3400,-70,70,4.5,13,15,0.72,784576.000000,0.4,27,8.0,0.0,0.0,0.0,0.0,0.0,0.0,1.0
393430,0,1,3400,-70,70,3.2,13,16,0.67,778720.000000,0.9,27,8.0,0.0,0.0,0.0,0.0,0.0,0.0,1.0
393679,0,1,3400,-70,70,4.9,12,15,0.83,763360.000000,3,27,8.0,581,0.0,0.0,0.0,0.0,0.0,1.0
393928,0,1,3400,-70,70,7.3,12,15,0.78,717440.000000,3,27,4.8,0.0,33984.000000,0,0.0,0.0,0.0,1.0
394177,0,1,3400,-70,70,6.4,12,16,0.66,772032.000000,0.8,27,4.5,0.0,0.0,0.0,0.0,0.0,0.0,1.0
394426,0,1,3400,-70,70,5.2,13,16,0.78,864448.000000,1,27,4.5,0.0,0.0,0.0,0.0,0.0,0.0,1.0
394675,0,1,3400,-70,70,4.2,13,16,0.74,781536.000000,2,27,4.5,0.0,0.0,0.0,0.0,0.0,0.0,1.0
394924,0,1,3400,-70,70,0.014,13,16,0.71,759648.000000,2,27,6.3,0.0,80384.000000,0,0.0,0.0,0.0,1.0
395173,0,1,3400,-70,70,-0.12,13,16,0.70,821856.000000,1,27,7.0,0.0,0.0,0.0,0.0,0.0,0.0,1.0
395422,0,1,3400,-70,70,2.6,14,16,0.84,873952.000000,3,27,7.0,0.0,0.0,0.0,0.0,0.0,0.0,1.0
395671,0,1,3400,-70,70,3.4,13,16,0.78,794560.000000,2,27,6.9,0.0,64576.000000,0,0.0,0.0,0.0,1.0
395920,0,1,3400,-70,70,2.5,14,16,0.88,857888.000000,3,27,8.0,0.0,0.0,0.0,0.0,0.0,0.0,1.0
396169,0,1,3400,-70,70,5.3,12,16,0.64,726336.000000,0,27,8.0,0.0,0.0,0.0,0.0,0.0,0.0,1.0
396418,0,1,3400,-70,70,2.5,13,16,0.74,837088.000000,2,27,8.0,0.0,0.0,0.0,0.0,0.0,0.0,1.0
396667,0,1,3400,-70,70,-0.026,13,16,0.76,787296.000000,3,27,8.0,581,0.0,0.0,0.0,0.0,0.0,1.0
396916,0,1,3400,-70,70,3.8,14,16,0.83,918208.000000,2,27,6.4,0.0,52800.000000,0,0.0,0.0,0.0,1.0
397165,0,1,3400,-70,70,4.8,13,16,0.82,861632.000000,2,27,6.5,0.0,0.0,0.0,0.0,0.0,0.0,1.0
397414,0,1,3400,-70,70,4.8,13,15,0.79,818400.000000,2,27,6.5,0.0,0.0,0.0,0.0,0.0,0.0,1.0
397663,0,1,3400,-70,70,2.0,11,16,0.65,659488.000000,1,27,6.4,0.0,54048.000000,0,0.0,0.0,0.0,1.0
397912,0,1,3400,-70,70,3.1,14,16,0.79,891392.000000,4,27,5.5,0.0,0.0,0.0,0.0,0.0,0.0,1.0
398161,0,1,3400,-70,70,7.7,14,16,0.79,877952.000000,3,27,5.5,0.0,0.0,0.0,0.0,0.0,0.0,1.0
398410,0,1,3400,-70,70,6.2,14,16,0.79,876704.000000,3,27,5.5,0.0,0.0,0.0,0.0,0.0,0.0,1.0
398659,0,1,3400,-70,70,3.7,14,16,0.75,875200.000000,2,27,5.5,581,0.0,0.0,0.0,0.0,0.0,1.0
398908,0,1,3400,-70,70,0.35,13,15,0.86,830880.000000,3,27,4.1,0.0,28480.000000,0,0.0,0.0,0.0,1.0
399157,0,1,3400,-70,70,3.2,12,16,0.62,704352.000000,1,27,4.0,0.0,0.0,0.0,0.0,0.0,0.0,1.0
399406,0,1,3400,-70,70,1.9,13,16,0.70,793248.000000,3,27,4.0,0.0,0.0,0.0,0.0,0.0,0.0,1.0
399655,0,1,3400,-70,70,0.19,12,16,0.68,699584.000000,0,27,4.0,0.0,54496.000000,0,0.0,0.0,0.0,1.0
399904,0,1,3400,-70,70,4.1,13,16,0.74,830112.000000,2,27,3.0,0.0,0.0,0.0,0.0,0.0,0.0,1.0
400153,0,1,3400,-70,70,4.8,14,15,0.90,904000.000000,3,27,3.0,0.0,0.0,0.0,0.0,0.0,0.0,1.0
400402,0,1,3400,-70,70,2.4,14,16,0.81,900000.000000,4,27,3.0,0.0,0.0,0.0,0.0,0.0,0.0,1.0
400651,0,1,3400,-70,70,1.9,14,16,0.77,912000.000000,3,27,3.0,581,0.0,0.0,0.0,0.0,0.0,1.0
400900,0,1,3400,-70,70,2.3,14,16,0.88,896000.000000,4,27,9.1,0.0,54848.000000,0,0.0,0.0,0.0,1.0
401149,0,1,3400,-70,70,3.1,14,16,0.76,920000.000000,2,27,9.5,0.0,0.0,0.0,0.0,0.0,0.0,1.0
401398,0,1,3400,-70,70,2.8,14,16,0.78,908000.000000,3,27,9.5,0.0,0.0,0.0,0.0,0.0,0.0,1.0
401647,0,1,3400,-70,70,2.6,14,16,0.88,896000.000000,5,27,9.5,581,0.0,0.0,0.0,0.0,0.0,1.0
401896,0,1,3400,-70,70,3.9,14,16,0.77,845472.000000,3,27,7.9,0.0,70464.000000,0,0.0,0.0,0.0,1.0
402145,0,1,3400,-70,70,4.5,12,13,0.87,732544.000000,0,27,8.0,0.0,0.0,0.0,0.0,0.0,0.0,1.0
402394,0,1,3400,-70,70,4.7,12,14,0.75,742528.000000,0.4,27,8.0,0.0,0.0,0.0,0.0,0.0,0.0,1.0
402643,0,1,3400,-70,70,2.8,14,16,0.87,920000.000000,3,27,8.0,581,0.0,0.0,0.0,0.0,0.0,1.0
402892,0,1,3400,-70,70,6.0,14,16,0.89,892000.000000,4,27,6.9,0.0,53024.000000,0,0.0,0.0,0.0,1.0
403141,0,1,3400,-70,70,6.8,14,16,0.83,900000.000000,4,27,7.0,0.0,0.0,0.0,0.0,0.0,0.0,1.0
403390,0,1,3400,-70,70,4.1,12,15,0.64,716832.000000,0.4,27,7.0,0.0,0.0,0.0,0.0,0.0,0.0,1.0
403639,0,1,3400,-70,70,3.4,10,15,0.62,613856.000000,0.4,27,7.0,581,0.0,0.0,0.0,0.0,0.0,1.0
403888,0,1,3400,-70,70,0.31,10.0,13,0.61,573472.000000,0,27,6.5,0.0,38720.000000,0,0.0,0.0,0.0,1.0
404137,0,1,3400,-70,70,3.3,10,13,0.63,586368.000000,0.4,27,6.5,0.0,0.0,0.0,0.0,0.0,0.0,1.0
404386,0,1,3400,-70,70,2.4,13,16,0.68,769408.000000,0.9,27,6.5,0.0,0.0,0.0,0.0,0.0,0.0,1.0
404635,0,1,3400,-70,70,4.3,12,13,0.89,702688.000000,0,27,6.5,0.0,69760.000000,4,0.0,0.0,0.0,1.0
404884,0,1,3400,-70,70,3.0,10,13,0.63,602816.000000,0,27,7.0,0.0,7200.000000,50,0.0,0.0,0.0,1.0
405133,0,1,3400,-70,70,3.4,10,13,0.61,581504.000000,0,27,7.0,0.0,0.0,0.0,0.0,0.0,0.0,1.0
405382,0,1,3400,-70,70,4.8,10,13,0.57,571648.000000,0,27,7.0,0.0,0.0,0.0,0.0,0.0,0.0,1.0
405631,0,1,3400,-70,70,3.3,10,13,0.59,576576.000000,0,27,7.0,581,0.0,0.0,0.0,0.0,0.0,1.0
405880,0,1,3400,-70,70,5.7,10,14,0.56,562208.000000,0,27,6.8,0.0,60224.000000,0,0.0,0.0,0.0,1.0
406129,0,1,3400,-70,70,2.3,12,16,0.68,751488.000000,0.4,27,7.0,0.0,0.0,0.0,0.0,0.0,0.0,1.0
406378,0,1,3400,-70,70,4.4,13,16,0.75,826880.000000,2,27,7.0,0.0,0.0,0.0,0.0,0.0,0.0,1.0
406627,0,1,3400,-70,70,5.3,14,16,0.78,875744.000000,3,27,7.0,581,0.0,0.0,0.0,0.0,0.0,1.0
406876,0,1,3400,-70,70,3.5,13,16,0.79,831552.000000,2,27,5.6,0.0,37312.000000,0,0.0,0.0,0.0,1.0
407125,0,1,3400,-70,70,2.0,10,14,0.61,606016.000000,0,27,5.5,0.0,0.0,0.0,0.0,0.0,0.0,1.0
407374,0,1,3400,-70,70,3.8,12,15,0.67,718528.000000,0.4,27,5.5,0.0,0.0,0.0,0.0,0.0,0.0,1.0
407623,0,1,3400,-70,70,3.1,10,13,0.59,574112.000000,0,27,5.5,581,0.0,0.0,0.0,0.0,0.0,1.0
407872,0,1,3400,-70,70,5.0,9.9,13,0.61,554624.000000,0,27,6.2,0.0,77952.000000,0,0.0,0.0,0.0,1.0
408121,0,1,3400,-70,70,1.9,10,13,0.58,574112.000000,0,27,6.5,0.0,0.0,0.0,0.0,0.0,0.0,1.0
408370,0,1,3400,-70,70,2.9,10,13,0.61,579040.000000,0,27,6.5,0.0,0.0,0.0,0.0,0.0,0.0,1.0
408619,0,1,3400,-70,70,8.0,10,13,0.61,569184.000000,0,27,6.5,581,0.0,0.0,0.0,0.0,0.0,1.0
408868,0,1,3400,-70,70,6.9,10.0,13,0.61,558368.000000,0.4,27,7.8,0.0,70464.000000,0,0.0,0.0,0.0,1.0
409117,0,1,3400,-70,70,1.7,10,13,0.60,579040.000000,0,27,8.0,0.0,0.0,0.0,0.0,0.0,0.0,1.0
409366,0,1,3400,-70,70,1.3,10,13,0.57,574112.000000,0,27,8.0,0.0,0.0,0.0,0.0,0.0,0.0,1.0
409615,0,1,3400,-70,70,0.89,10.0,13,0.59,571008.000000,0,27,7.5,0.0,25152.000000,0,0.0,0.0,0.0,1.0
409864,0,1,3400,-70,70,1.8,10,13,0.58,569184.000000,0,27,3.0,0.0,0.0,0.0,0.0,0.0,0.0,1.0
410113,0,1,3400,-70,70,3.7,10,13,0.58,581504.000000,0,27,3.0,0.0,0.0,0.0,0.0,0.0,0.0,1.0
410362,0,1,3400,-70,70,-0.27,10,13,0.60,571648.000000,0,27,3.0,0.0,0.0,0.0,0.0,0.0,0.0,1.0
410611,0,1,3400,-70,70,4.1,10.0,13,0.60,560192.000000,0,27,3.1,0.0,51552.000000,0,0.0,0.0,0.0,1.0
410860,0,1,3400,-70,70,3.4,10,13,0.61,566720.000000,0,27,3.0,0.0,0.0,0.0,0.0,0.0,0.0,1.0
411109,0,1,3400,-70,70,2.2,10,13,0.57,576576.000000,0,27,3.0,0.0,0.0,0.0,0.0,0.0,0.0,1.0
411358,0,1,3400,-70,70,1.4,10,13,0.59,579040.000000,0,27,3.0,0.0,0.0,0.0,0.0,0.0,0.0,1.0
411607,0,1,3400,-70,70,3.6,10,13,0.58,574112.000000,0,27,3.0,581,0.0,0.0,0.0,0.0,0.0,1.0
411856,0,1,3400,-70,70,3.3,10.0,13,0.59,565760.000000,0,27,6.3,0.0,58688.000000,0,0.0,0.0,0.0,1.0
412105,0,1,3400,-70,70,2.0,10,13,0.59,574112.000000,0,27,6.5,0.0,0.0,0.0,0.0,0.0,0.0,1.0
412354,0,1,3400,-70,70,0.85,9.6,13,0.58,555744.000000,0,27,6.5,0.0,0.0,0.0,0.0,0.0,0.0,1.0
412603,0,1,3400,-70,70,1.5,9.8,13,0.59,550080.000000,0,27,6.6,0.0,66848.000000,0,0.0,0.0,0.0,1.0
412852,0,1,3400,-70,70,0.79,10,13,0.59,571648.000000,0,27,8.0,0.0,0.0,0.0,0.0,0.0,0.0,1.0
413101,0,1,3400,-70,70,2.4,10,13,0.60,576576.000000,0,27,8.0,0.0,0.0,0.0,0.0,0.0,0.0,1.0
413350,0,1,3400,-70,70,1.9,10,13,0.59,574112.000000,0,27,8.0,0.0,0.0,0.0,0.0,0.0,0.0,1.0
413599,0,1,3400,-70,70,6.9,10,13,0.57,576576.000000,0,27,8.0,581,0.0,0.0,0.0,0.0,0.0,1.0
413848,0,1,3400,-70,70,-0.28,10.0,13,0.55,560832.000000,0,27,5.6,0.0,47136.000000,0,0.0,0.0,0.0,1.0
414097,0,1,3400,-70,70,1.1,13,16,0.75,827104.000000,2,27,5.5,0.0,0.0,0.0,0.0,0.0,0.0,1.0
414346,0,1,3400,-70,70,0.95,12,16,0.63,723232.000000,0,27,5.5,0.0,0.0,0.0,0.0,0.0,0.0,1.0
414595,0,1,3400,-70,70,4.1,13,16,0.74,830944.000000,3,27,5.5,581,0.0,0.0,0.0,0.0,0.0,1.0
414844,0,1,3400,-70,70,1.5,14,17,0.78,886208.000000,3,27,8.7,0.0,67616.000000,0,0.0,0.0,0.0,1.0
415093,0,1,3400,-70,70,2.6,13,16,0.71,795328.000000,2,27,9.0,0.0,0.0,0.0,0.0,0.0,0.0,1.0
415342,0,1,3400,-70,70,5.8,13,15,0.72,789920.000000,0.9,27,9.0,0.0,0.0,0.0,0.0,0.0,0.0,1.0
415591,0,1,3400,-70,70,3.4,13,16,0.70,871520.000000,0.9,27,8.4,0.0,41248.000000,0,0.0,0.0,0.0,1.0
415840,0,1,3400,-70,70,3.1,13,15,0.78,779008.000000,2,27,4.0,0.0,0.0,0.0,0.0,0.0,0.0,1.0
416089,0,1,3400,-70,70,0.47,13,16,0.76,810016.000000,2,27,4.0,0.0,0.0,0.0,0.0,0.0,0.0,1.0
416338,0,1,3400,-70,70,3.2,13,16,0.75,789920.000000,0.9,27,4.0,0.0,0.0,0.0,0.0,0.0,0.0,1.0
416587,0,1,3400,-70,70,4.8,10.0,13,0.61,563296.000000,0,27,4.4,0.0,63264.000000,0,0.0,0.0,0.0,1.0
416836,0,1,3400,-70,70,3.4,11,14,0.67,617184.000000,0,27,8.0,0.0,0.0,0.0,0.0,0.0,0.0,1.0
417085,0,1,3400,-70,70,3.7,11,14,0.68,647264.000000,1,27,8.0,0.0,0.0,0.0,0.0,0.0,0.0,1.0
417334,0,1,3400,-70,70,4.7,12,15,0.71,713248.000000,1,27,8.0,0.0,0.0,0.0,0.0,0.0,0.0,1.0
417583,0,1,3400,-70,70,5.2,13,16,0.70,800224.000000,2,27,7.6,0.0,54048.000000,0,0.0,0.0,0.0,1.0
417832,0,1,3400,-70,70,2.6,14,16,0.75,873056.000000,2,27,4.5,0.0,0.0,0.0,0.0,0.0,0.0,1.0
418081,0,1,3400,-70,70,3.0,14,16,0.80,875744.000000,4,27,4.5,0.0,0.0,0.0,0.0,0.0,0.0,1.0
418330,0,1,3400,-70,70,5.1,14,17,0.70,877952.000000,2,27,4.5,0.0,0.0,0.0,0.0,0.0,0.0,1.0
418579,0,1,3400,-70,70,6.1,14,16,0.77,885952.000000,3,27,4.5,0.0,43808.000000,0,0.0,0.0,0.0,1.0
418828,0,1,3400,-70,70,0.72,13,16,0.74,773024.000000,1,27,4.5,0.0,0.0,0.0,0.0,0.0,0.0,1.0
419077,0,1,3400,-70,70,1.8,13,16,0.76,806688.000000,2,27,4.5,0.0,0.0,0.0,0.0,0.0,0.0,1.0
419326,0,1,3400,-70,70,2.7,13,16,0.74,809664.000000,2,27,4.5,0.0,0.0,0.0,0.0,0.0,0.0,1.0
419575,0,1,3400,-70,70,4.8,14,17,0.77,908000.000000,3,27,4.5,581,0.0,0.0,0.0,0.0,0.0,1.0
419824,0,1,3400,-70,70,5.0,13,16,0.73,793056.000000,2,27,6.8,0.0,40256.000000,0,0.0,0.0,0.0,1.0
420073,0,1,3400,-70,70,3.0,13,16,0.71,790976.000000,1,27,7.0,0.0,0.0,0.0,0.0,0.0,0.0,1.0
420322,0,1,3400,-70,70,3.4,14,16,0.82,912000.000000,3,27,7.0,0.0,0.0,0.0,0.0,0.0,0.0,1.0
420571,0,1,3400,-70,70,2.7,14,16,0.77,867200.000000,2,27,6.9,0.0,95648.000000,0,0.0,0.0,0.0,1.0
420820,0,1,3400,-70,70,3.5,14,16,0.82,900992.000000,3,27,5.5,0.0,0.0,0.0,0.0,0.0,0.0,1.0
421069,0,1,3400,-70,70,1.8,13,16,0.80,771360.000000,4,27,5.5,0.0,0.0,0.0,0.0,0.0,0.0,1.0
421318,0,1,3400,-70,70,-0.63,13,16,0.75,824192.000000,2,27,5.5,0.0,0.0,0.0,0.0,0.0,0.0,1.0
421567,0,1,3400,-70,70,3.8,13,16,0.74,845152.000000,1,27,5.5,581,0.0,0.0,0.0,0.0,0.0,1.0
421816,0,1,3400,-70,70,5.2,14,16,0.74,860384.000000,3,27,5.6,0.0,45984.000000,0,0.0,0.0,0.0,1.0
422065,0,1,3400,-70,70,5.5,14,16,0.78,870720.000000,3,27,5.5,0.0,0.0,0.0,0.0,0.0,0.0,1.0
422314,0,1,3400,-70,70,4.7,13,16,0.72,811584.000000,0.9,27,5.5,0.0,0.0,0.0,0.0,0.0,0.0,1.0
422563,0,1,3400,-70,70,6.4,13,16,0.74,846944.000000,2,27,5.5,581,0.0,0.0,0.0,0.0,0.0,1.0
422812,0,1,3400,-70,70,3.4,13,16,0.72,823904.000000,3,27,5.5,0.0,34368.000000,0,0.0,0.0,0.0,1.0
423061,0,1,3400,-70,70,2.9,14,16,0.82,877952.000000,2,27,5.5,0.0,0.0,0.0,0.0,0.0,0.0,1.0
423310,0,1,3400,-70,70,2.1,13,16,0.76,829504.000000,2,27,5.5,0.0,0.0,0.0,0.0,0.0,0.0,1.0
423559,0,1,3400,-70,70,5.2,14,16,0.77,866304.000000,3,27,5.4,0.0,76064.000000,0,0.0,0.0,0.0,1.0
423808,0,1,3400,-70,70,8.7,14,16,0.81,864736.000000,3,27,7.0,0.0,0.0,0.0,0.0,0.0,0.0,1.0
424057,0,1,3400,-70,70,4.0,13,16,0.71,840800.000000,1,27,7.0,0.0,0.0,0.0,0.0,0.0,0.0,1.0
424306,0,1,3400,-70,70,2.8,14,16,0.78,873952.000000,3,27,7.0,0.0,0.0,0.0,0.0,0.0,0.0,1.0
424555,0,1,3400,-70,70,2.4,13,16,0.81,829536.000000,4,27,6.6,0.0,79072.000000,0,0.0,0.0,0.0,1.0
424804,0,1,3400,-70,70,3.3,13,16,0.76,804576.000000,3,27,4.0,0.0,0.0,0.0,0.0,0.0,0.0,1.0
425053,0,1,3400,-70,70,4.1,13,16,0.72,809440.000000,2,27,4.0,0.0,0.0,0.0,0.0,0.0,0.0,1.0
425302,0,1,3400,-70,70,6.5,13,16,0.81,838240.000000,4,27,4.0,0.0,0.0,0.0,0.0,0.0,0.0,1.0
425551,0,1,3400,-70,70,4.8,13,16,0.71,775456.000000,1,27,4.5,0.0,49728.000000,0,0.0,0.0,0.0,1.0
425800,0,1,3400,-70,70,4.3,13,16,0.70,843904.000000,2,27,8.0,0.0,0.0,0.0,0.0,0.0,0.0,1.0
426049,0,1,3400,-70,70,3.9,13,16,0.75,855904.000000,2,27,8.0,0.0,0.0,0.0,0.0,0.0,0.0,1.0
426298,0,1,3400,-70,70,1.7,13,16,0.71,819296.000000,2,27,8.0,0.0,0.0,0.0,0.0,0.0,0.0,1.0
426547,0,1,3400,-70,70,4.2,13,16,0.70,786848.000000,1,27,8.0,581,0.0,0.0,0.0,0.0,0.0,1.0
426796,0,1,3400,-70,70,3.6,14,16,0.82,873952.000000,2,27,10,0.0,57408.000000,9,0.0,0.0,0.0,1.0
427045,0,1,3400,-70,70,2.9,14,16,0.89,870560.000000,4,27,10,0.0,0.0,0.0,0.0,0.0,0.0,1.0
427294,0,1,3400,-70,70,2.1,13,15,0.82,800768.000000,3,27,10,0.0,0.0,0.0,0.0,0.0,0.0,1.0
427543,0,1,3400,-70,70,5.2,13,16,0.77,843904.000000,2,27,10,581,0.0,0.0,0.0,0.0,0.0,1.0
427792,0,1,3400,-70,70,4.7,12,16,0.67,747648.000000,0.9,27,6.9,0.0,41056.000000,25,0.0,0.0,0.0,1.0
428041,0,1,3400,-70,70,2.2,13,16,0.76,853696.000000,2,27,8.5,0.0,0.0,0.0,0.0,0.0,0.0,1.0
428290,0,1,3400,-70,70,3.3,13,16,0.79,846592.000000,3,27,8.5,0.0,0.0,0.0,0.0,0.0,0.0,1.0
428539,0,1,3400,-70,70,4.4,13,16,0.81,823552.000000,3,27,8.5,581,0.0,0.0,0.0,0.0,0.0,1.0
428788,0,1,3400,-70,70,6.8,12,15,0.78,752000.000000,3,27,7.0,0.0,58912.000000,0,0.0,0.0,0.0,1.0
429037,0,1,3400,-70,70,6.1,13,16,0.86,853920.000000,4,27,7.0,0.0,0.0,0.0,0.0,0.0,0.0,1.0
429286,0,1,3400,-70,70,3.4,13,16,0.73,826400.000000,1,27,7.0,0.0,0.0,0.0,0.0,0.0,0.0,1.0
429536,0,1,3400,-70,70,5.2,13,16,0.73,770848.000000,1,27,7.0,581,0.0,0.0,0.0,0.0,0.0,1.0
429785,0,1,3400,-70,70,2.1,13,16,0.74,828320.000000,3,27,6.9,0.0,40256.000000,0,0.0,0.0,0.0,1.0
430034,0,1,3400,-70,70,3.0,13,16,0.74,861280.000000,3,27,7.0,0.0,0.0,0.0,0.0,0.0,0.0,1.0
430283,0,1,3400,-70,70,3.2,13,15,0.84,794080.000000,3,27,7.0,0.0,0.0,0.0,0.0,0.0,0.0,1.0
430532,0,1,3400,-70,70,1.7,14,17,0.79,893248.000000,4,27,6.5,0.0,64928.000000,0,0.0,0.0,0.0,1.0
430781,0,1,3400,-70,70,4.3,14,16,0.83,849952.000000,5,27,3.0,0.0,0.0,0.0,0.0,0.0,0.0,1.0
431030,0,1,3400,-70,70,2.7,12,14,0.78,735424.000000,1,27,3.0,0.0,0.0,0.0,0.0,0.0,0.0,1.0
431279,0,1,3400,-70,70,3.3,10,13,0.64,592480.000000,0.4,27,3.0,0.0,0.0,0.0,0.0,0.0,0.0,1.0
431528,0,1,3400,-70,70,1.6,10.0,13,0.58,566080.000000,0,27,3.8,0.0,67648.000000,9,0.0,0.0,0.0,1.0
431777,0,1,3400,-70,70,5.0,11,15,0.64,643072.000000,0.9,27,12,0.0,0.0,0.0,0.0,0.0,0.0,1.0
432026,0,1,3400,-70,70,7.0,13,16,0.73,846944.000000,1,27,12,0.0,0.0,0.0,0.0,0.0,0.0,1.0
432275,0,1,3400,-70,70,4.5,14,16,0.79,897184.000000,3,27,12,0.0,0.0,0.0,0.0,0.0,0.0,1.0
432524,0,1,3400,-70,70,5.9,12,15,0.76,735200.000000,0.9,27,11,0.0,47552.000000,0,0.0,0.0,0.0,1.0
432773,0,1,3400,-70,70,4.4,14,17,0.76,861952.000000,4,27,8.0,0.0,0.0,0.0,0.0,0.0,0.0,1.0
433022,0,1,3400,-70,70,0.58,14,17,0.80,900000.000000,4,27,8.0,0.0,0.0,0.0,0.0,0.0,0.0,1.0
433271,0,1,3400,-70,70,1.8,13,16,0.73,841696.000000,3,27,8.0,0.0,0.0,0.0,0.0,0.0,0.0,1.0
433520,0,1,3400,-70,70,3.7,13,16,0.74,792224.000000,0.9,27,7.7,0.0,76960.000000,4,0.0,0.0,0.0,1.0
433770,0,1,3400,-70,70,3.5,12,15,0.70,700384.000000,0.4,27,4.5,0.0,0.0,0.0,0.0,0.0,0.0,1.0
434019,0,1,3400,-70,70,2.9,13,16,0.81,834464.000000,3,27,4.5,0.0,0.0,0.0,0.0,0.0,0.0,1.0
434268,0,1,3400,-70,70,3.7,13,16,0.75,803840.000000,2,27,4.5,0.0,0.0,0.0,0.0,0.0,0.0,1.0
434517,0,1,3400,-70,70,6.1,13,16,0.78,849696.000000,3,27,4.5,581,0.0,0.0,0.0,0.0,0.0,1.0
434766,0,1,3400,-70,70,4.4,13,16,0.81,847840.000000,3,27,5.4,0.0,49376.000000,0,0.0,0.0,0.0,1.0
435015,0,1,3400,-70,70,1.6,13,16,0.79,840800.000000,3,27,5.5,0.0,0.0,0.0,0.0,0.0,0.0,1.0
435264,0,1,3400,-70,70,2.9,13,16,0.72,821856.000000,2,27,5.5,0.0,0.0,0.0,0.0,0.0,0.0,1.0
435513,0,1,3400,-70,70,4.4,14,16,0.76,881952.000000,2,27,5.5,581,0.0,0.0,0.0,0.0,0.0,1.0
435762,0,1,3400,-70,70,5.0,13,16,0.77,829856.000000,2,27,5.5,0.0,60224.000000,0,0.0,0.0,0.0,1.0
436011,0,1,3400,-70,70,5.3,13,16,0.74,802816.000000,3,27,5.5,0.0,0.0,0.0,0.0,0.0,0.0,1.0
436260,0,1,3400,-70,70,6.7,12,16,0.83,754592.000000,3,27,5.5,0.0,0.0,0.0,0.0,0.0,0.0,1.0
436509,0,1,3400,-70,70,3.3,12,15,0.78,755904.000000,1,27,5.5,581,0.0,0.0,0.0,0.0,0.0,1.0
436758,0,1,3400,-70,70,5.3,11,14,0.74,653728.000000,0.9,27,7.9,0.0,46784.000000,0,0.0,0.0,0.0,1.0
437007,0,1,3400,-70,70,5.9,12,16,0.80,769888.000000,4,27,8.0,0.0,0.0,0.0,0.0,0.0,0.0,1.0
437256,0,1,3400,-70,70,4.0,13,15,0.95,830592.000000,3,27,8.0,0.0,0.0,0.0,0.0,0.0,0.0,1.0
437505,0,1,3400,-70,70,1.4,12,15,0.75,686304.000000,1,27,8.0,581,0.0,0.0,0.0,0.0,0.0,1.0
437754,0,1,3400,-70,70,4.8,10,14,0.65,579680.000000,0,27,5.5,0.0,93568.000000,0,0.0,0.0,0.0,1.0
438003,0,1,3400,-70,70,4.3,12,15,0.75,718016.000000,1,27,5.5,0.0,0.0,0.0,0.0,0.0,0.0,1.0
438252,0,1,3400,-70,70,0.91,10,13,0.60,574112.000000,0,27,5.5,0.0,0.0,0.0,0.0,0.0,0.0,1.0
438501,0,1,3400,-70,70,4.6,12,15,0.74,748576.000000,3,27,5.5,0.0,0.0,0.0,0.0,0.0,0.0,1.0
438750,0,1,3400,-70,70,6.4,14,16,0.81,904000.000000,3,27,4.0,0.0,48160.000000,0,0.0,0.0,0.0,1.0
438999,0,1,3400,-70,70,7.8,13,16,0.70,855904.000000,1,27,3.0,0.0,0.0,0.0,0.0,0.0,0.0,1.0
439248,0,1,3400,-70,70,4.9,14,16,0.76,873952.000000,3,27,3.0,0.0,0.0,0.0,0.0,0.0,0.0,1.0
439497,0,1,3400,-70,70,4.0,13,16,0.69,807232.000000,3,27,3.0,581,0.0,0.0,0.0,0.0,0.0,1.0
439746,0,1,3400,-70,70,3.0,11,14,0.72,655616.000000,0,27,10,0.0,62016.000000,0,0.0,0.0,0.0,1.0
439996,0,1,3400,-70,70,3.1,12,15,0.67,720672.000000,1,27,10,0.0,0.0,0.0,0.0,0.0,0.0,1.0
440245,0,1,3400,-70,70,3.0,11,14,0.75,675520.000000,2,27,10,0.0,0.0,0.0,0.0,0.0,0.0,1.0
440494,0,1,3400,-70,70,2.7,13,16,0.74,777984.000000,3,27,9.6,0.0,65952.000000,0,0.0,0.0,0.0,1.0
440743,0,1,3400,-70,70,3.9,13,16,0.76,813792.000000,3,27,3.0,0.0,0.0,0.0,0.0,0.0,0.0,1.0
440992,0,1,3400,-70,70,7.7,13,16,0.73,847904.000000,2,27,3.0,0.0,0.0,0.0,0.0,0.0,0.0,1.0
441241,0,1,3400,-70,70,3.2,14,16,0.74,886496.000000,3,27,3.0,0.0,0.0,0.0,0.0,0.0,0.0,1.0
441490,0,1,3400,-70,70,3.4,13,16,0.71,794784.000000,1,27,3.4,0.0,37312.000000,0,0.0,0.0,0.0,1.0
441739,0,1,3400,-70,70,6.6,14,16,0.72,861952.000000,3,27,5.5,0.0,0.0,0.0,0.0,0.0,0.0,1.0
441988,0,1,3400,-70,70,5.6,14,17,0.82,896000.000000,3,27,5.5,0.0,0.0,0.0,0.0,0.0,0.0,1.0
442237,0,1,3400,-70,70,0.78,13,15,0.72,791328.000000,1,27,5.5,0.0,0.0,0.0,0.0,0.0,0.0,1.0
442486,0,1,3400,-70,70,2.3,13,16,0.78,869632.000000,2,27,5.9,0.0,63040.000000,9,0.0,0.0,0.0,1.0
442735,0,1,3400,-70,70,3.3,14,17,0.73,872576.000000,2,27,12,0.0,0.0,0.0,0.0,0.0,0.0,1.0
442984,0,1,3400,-70,70,2.8,13,16,0.71,832128.000000,0.9,27,11,0.0,0.0,0.0,0.0,0.0,0.0,1.0
443233,0,1,3400,-70,70,1.3,13,15,0.73,785920.000000,1,27,12,0.0,0.0,0.0,0.0,0.0,0.0,1.0
443482,0,1,3400,-70,70,1.7,12,16,0.73,767104.000000,3,27,12,581,0.0,0.0,0.0,0.0,0.0,1.0
443731,0,1,3400,-70,70,4.4,12,15,0.72,720608.000000,1,27,4.5,0.0,31424.000000,0,0.0,0.0,0.0,1.0
443980,0,1,3400,-70,70,5.7,14,16,0.74,879328.000000,2,27,4.0,0.0,0.0,0.0,0.0,0.0,0.0,1.0
444229,0,1,3400,-70,70,5.1,13,16,0.84,821088.000000,3,27,4.0,0.0,0.0,0.0,0.0,0.0,0.0,1.0
444478,0,1,3400,-70,70,4.1,13,16,0.74,792608.000000,2,27,4.3,0.0,38720.000000,0,0.0,0.0,0.0,1.0
444727,0,1,3400,-70,70,5.5,13,16,0.80,838688.000000,2,27,6.5,0.0,0.0,0.0,0.0,0.0,0.0,1.0
444976,0,1,3400,-70,70,4.3,13,16,0.74,811552.000000,3,27,6.5,0.0,0.0,0.0,0.0,0.0,0.0,1.0
445225,0,1,3400,-70,70,0.74,13,16,0.79,845632.000000,3,27,6.5,0.0,0.0,0.0,0.0,0.0,0.0,1.0
445474,0,1,3400,-70,70,1.2,13,16,0.83,818656.000000,3,27,6.5,581,0.0,0.0,0.0,0.0,0.0,1.0
445724,0,1,3400,-70,70,3.6,14,16,0.80,894656.000000,3,27,3.3,0.0,51552.000000,0,0.0,0.0,0.0,1.0
445973,0,1,3400,-70,70,4.2,13,16,0.84,786368.000000,3,27,3.0,0.0,0.0,0.0,0.0,0.0,0.0,1.0
446222,0,1,3400,-70,70,6.0,12,15,0.75,733184.000000,0.9,27,3.0,0.0,0.0,0.0,0.0,0.0,0.0,1.0
446471,0,1,3400,-70,70,2.7,13,16,0.74,782176.000000,1,27,3.0,581,0.0,0.0,0.0,0.0,0.0,1.0
446720,0,1,3400,-70,70,1.8,13,17,0.79,845632.000000,3,27,4.0,0.0,48448.000000,0,0.0,0.0,0.0,1.0
446969,0,1,3400,-70,70,5.6,14,16,0.82,894560.000000,3,27,4.0,0.0,0.0,0.0,0.0,0.0,0.0,1.0
447218,0,1,3400,-70,70,2.3,13,16,0.71,821056.000000,2,27,4.0,0.0,0.0,0.0,0.0,0.0,0.0,1.0
447467,0,1,3400,-70,70,4.4,13,16,0.73,842944.000000,1,27,4.0,581,0.0,0.0,0.0,0.0,0.0,1.0
447716,0,1,3400,-70,70,5.8,14,16,0.77,868384.000000,2,27,7.8,0.0,65440.000000,0,0.0,0.0,0.0,1.0
447965,0,1,3400,-70,70,4.1,14,17,0.75,908000.000000,3,27,8.0,0.0,0.0,0.0,0.0,0.0,0.0,1.0
448214,0,1,3400,-70,70,3.7,13,16,0.69,794496.000000,0.9,27,8.0,0.0,0.0,0.0,0.0,0.0,0.0,1.0
448463,0,1,3400,-70,70,6.4,13,16,0.75,789760.000000,1,27,8.0,581,0.0,0.0,0.0,0.0,0.0,1.0
448712,0,1,3400,-70,70,2.8,12,15,0.75,755968.000000,0.4,27,5.6,0.0,49312.000000,0,0.0,0.0,0.0,1.0
448961,0,1,3400,-70,70,3.8,13,16,0.79,812544.000000,3,27,5.5,0.0,0.0,0.0,0.0,0.0,0.0,1.0
449210,0,1,3400,-70,70,4.7,14,16,0.83,871136.000000,3,27,5.5,0.0,0.0,0.0,0.0,0.0,0.0,1.0
449459,0,1,3400,-70,70,4.3,10.0,14,0.60,565760.000000,0,27,5.4,0.0,45120.000000,0,0.0,0.0,0.0,1.0
449708,0,1,3400,-70,70,2.7,14,17,0.75,903392.000000,3,27,5.5,0.0,0.0,0.0,0.0,0.0,0.0,1.0
449957,0,1,3400,-70,70,4.4,14,17,0.78,912000.000000,3,27,5.5,0.0,0.0,0.0,0.0,0.0,0.0,1.0