time,cc,pci,earfcn,rsrp,pl,cfo,dl_mcs,dl_snr,dl_turbo,dl_brate,dl_bler,ul_ta,ul_mcs,ul_buff,ul_brate,ul_bler,rf_o,rf_u,rf_l,is_attached
0,0,0,4294967295,0.0,0.0,0.0,0.0,0.0,0.0,0.0,0.0,0.0,0.0,0.0,0.0,0.0,0.0,0.0,0.0,0.0
249,0,0,3400,0.0,0.0,0.0,0.0,0.0,0.0,0.0,0.0,0.0,0.0,0.0,0.0,0.0,0.0,0.0,0.0,0.0
498,0,0,3400,0.0,0.0,0.0,0.0,0.0,0.0,0.0,0.0,0.0,0.0,0.0,0.0,0.0,0.0,0.0,0.0,0.0
747,0,1,3400,0.0,0.0,0.0,0.0,0.0,0.0,0.0,0.0,0.0,0.0,0.0,0.0,0.0,0.0,0.0,0.0,0.0
996,0,1,3400,-64,64,82,0.0,25,0.0,0.0,0.0,0.0,0.0,0.0,0.0,0.0,0.0,0.0,0.0,0.0
1245,0,1,3400,-64,64,83,2.1,23,0.33,5888.000000,0,0.0,3.1,21,32544.000000,0,0.0,0.0,0.0,1.0
1494,0,1,3400,-64,64,85,3.1,23,0.50,6144.000000,0,27,9.8,0.0,46368.000000,0,0.0,0.0,0.0,1.0
1743,0,1,3400,-64,64,80,3.0,23,0.50,23648.000000,0,27,14,371,108736.000000,0,0.0,0.0,0.0,1.0
1992,0,1,3400,-64,64,82,17,23,0.50,41856.000000,0,27,14,0.0,101120.000000,0,0.0,0.0,0.0,1.0
2241,0,1,3400,-64,64,82,8.3,23,0.50,33216.000000,0,27,13,0.0,0.0,0.0,0.0,0.0,0.0,1.0
2490,0,1,3400,-64,64,81,11,23,0.50,28224.000000,0,27,13,0.0,0.0,0.0,0.0,0.0,0.0,1.0
2739,0,1,3400,-64,64,84,17,23,0.50,37216.000000,0,27,13,0.0,35424.000000,0,0.0,0.0,0.0,1.0
2988,0,1,3400,-64,64,90,15,23,0.56,27584.000000,0,27,13,0.0,0.0,0.0,0.0,0.0,0.0,1.0
3237,0,1,3400,-64,64,87,9.5,23,0.50,55424.000000,0,27,13,0.0,0.0,0.0,0.0,0.0,0.0,1.0
3486,0,1,3400,-64,64,83,15,22,0.50,26752.000000,0,27,14,0.0,0.0,0.0,0.0,0.0,0.0,1.0
3735,0,1,3400,-65,65,80,15,22,0.56,37440.000000,0,27,11,0.0,13888.000000,0,0.0,0.0,0.0,1.0
3984,0,1,3400,-65,65,79,12,22,0.52,37920.000000,0,27,7.4,0.0,0.0,0.0,0.0,0.0,0.0,1.0
4233,0,1,3400,-65,65,81,12,22,0.50,32480.000000,0,27,7.4,0.0,0.0,0.0,0.0,0.0,0.0,1.0
4482,0,1,3400,-65,65,79,15,22,0.51,38048.000000,0,27,7.5,0.0,0.0,0.0,0.0,0.0,0.0,1.0
4731,0,1,3400,-65,65,81,11,22,0.50,38336.000000,0,27,9.0,0.0,30304.000000,0,0.0,0.0,0.0,1.0
4980,0,1,3400,-65,65,79,9.1,22,0.50,44416.000000,0,27,12,0.0,0.0,0.0,0.0,0.0,0.0,1.0
5229,0,1,3400,-64,64,76,12,22,0.51,43680.000000,0,27,12,0.0,0.0,0.0,0.0,0.0,0.0,1.0
5478,0,1,3400,-64,64,80,16,23,0.50,39744.000000,0,27,12,0.0,0.0,0.0,0.0,0.0,0.0,1.0
5727,0,1,3400,-64,64,77,15,23,0.50,65088.000000,0,27,9.5,0.0,31808.000000,0,0.0,0.0,0.0,1.0
5976,0,1,3400,-64,64,79,16,23,0.55,21440.000000,0,27,7.0,0.0,0.0,0.0,0.0,0.0,0.0,1.0
6225,0,1,3400,-64,64,86,15,23,0.50,48128.000000,0,27,7.0,0.0,0.0,0.0,0.0,0.0,0.0,1.0
6474,0,1,3400,-64,64,83,16,22,0.50,32000.000000,0,27,7.0,0.0,0.0,0.0,0.0,0.0,0.0,1.0
6723,0,1,3400,-65,65,83,13,22,0.50,70048.000000,0,27,6.8,0.0,31264.000000,0,0.0,0.0,0.0,1.0
6972,0,1,3400,-65,65,81,11,22,0.50,27360.000000,0,27,4.5,0.0,0.0,0.0,0.0,0.0,0.0,1.0
7221,0,1,3400,-65,65,82,14,22,0.51,48032.000000,0,27,4.5,0.0,0.0,0.0,0.0,0.0,0.0,1.0
7470,0,1,3400,-65,65,83,11,22,0.50,43136.000000,0,27,4.5,0.0,0.0,0.0,0.0,0.0,0.0,1.0
7719,0,1,3400,-65,65,83,12,22,0.50,70240.000000,0,27,4.1,0.0,15872.000000,0,0.0,0.0,0.0,1.0
7968,0,1,3400,-65,65,84,11,22,0.50,72256.000000,0,27,2.8,0.0,11936.000000,0,0.0,0.0,0.0,1.0
8217,0,1,3400,-65,65,78,12,22,0.50,71328.000000,0,27,7.0,0.0,0.0,0.0,0.0,0.0,0.0,1.0
8466,0,1,3400,-65,65,77,14,21,0.50,59392.000000,0,27,7.0,0.0,0.0,0.0,0.0,0.0,0.0,1.0
8715,0,1,3400,-66,66,80,15,21,0.50,27040.000000,0,27,8.9,0.0,49952.000000,0,0.0,0.0,0.0,1.0
8964,0,1,3400,-66,66,78,11,21,0.50,38528.000000,0,27,12,0.0,0.0,0.0,0.0,0.0,0.0,1.0
9213,0,1,3400,-66,66,79,11,21,0.50,49952.000000,0,27,12,0.0,0.0,0.0,0.0,0.0,0.0,1.0
9462,0,1,3400,-66,66,82,12,20,0.50,32640.000000,0,27,12,0.0,0.0,0.0,0.0,0.0,0.0,1.0
9711,0,1,3400,-67,67,79,11,20,0.50,48992.000000,0,27,12,0.0,9376.000000,0,0.0,0.0,0.0,1.0
9960,0,1,3400,-67,67,80,12,20,0.50,59520.000000,0,27,8.0,0.0,7200.000000,0,0.0,0.0,0.0,1.0
10209,0,1,3400,-67,67,84,13,20,0.50,54016.000000,0,27,8.0,0.0,0.0,0.0,0.0,0.0,0.0,1.0
10458,0,1,3400,-67,67,86,13,19,0.50,43392.000000,0,27,8.0,0.0,0.0,0.0,0.0,0.0,0.0,1.0
10707,0,1,3400,-68,68,87,14,19,0.51,40448.000000,0,27,8.0,186,0.0,0.0,0.0,0.0,0.0,1.0
10956,0,1,3400,-68,68,77,13,19,0.51,40480.000000,0,27,1.2,0.0,13888.000000,0,0.0,0.0,0.0,1.0
11205,0,1,3400,-68,68,80,11,19,0.50,22048.000000,0,27,0.0,0.0,0.0,0.0,0.0,0.0,0.0,1.0
11454,0,1,3400,-68,68,90,11,19,0.58,38144.000000,0,27,0.0,0.0,0.0,0.0,0.0,0.0,0.0,1.0
11703,0,1,3400,-68,68,90,12,19,0.52,65216.000000,0,27,2.4,0.0,63808.000000,5,0.0,0.0,0.0,1.0
11952,0,1,3400,-68,68,85,10,19,0.51,49344.000000,0,27,7.6,0.0,1568.000000,60,0.0,0.0,0.0,1.0
12201,0,1,3400,-68,68,88,9.6,19,0.50,16576.000000,0,27,3.5,0.0,0.0,0.0,0.0,0.0,0.0,1.0
12450,0,1,3400,-68,68,86,13,19,1.1,38208.000000,5,27,3.5,0.0,0.0,0.0,0.0,0.0,0.0,1.0
12699,0,1,3400,-68,68,79,12,19,0.52,38336.000000,0,27,4.9,0.0,18496.000000,0,0.0,0.0,0.0,1.0
12948,0,1,3400,-68,68,79,11,19,0.52,44384.000000,0,27,5.4,0.0,0.0,0.0,0.0,0.0,0.0,1.0
13197,0,1,3400,-68,68,81,11,19,0.82,55552.000000,5,27,5.5,0.0,0.0,0.0,0.0,0.0,0.0,1.0
13446,0,1,3400,-68,68,83,11,18,0.59,38144.000000,0,27,5.5,0.0,0.0,0.0,0.0,0.0,0.0,1.0
13695,0,1,3400,-69,69,83,12,19,0.52,27072.000000,0,27,5.5,0.0,9376.000000,0,0.0,0.0,0.0,1.0
13944,0,1,3400,-69,69,82,9.7,18,0.50,55584.000000,0,27,3.5,0.0,6528.000000,0,0.0,0.0,0.0,1.0
14193,0,1,3400,-69,69,82,12,18,0.50,16352.000000,0,27,3.5,0.0,0.0,0.0,0.0,0.0,0.0,1.0
14442,0,1,3400,-69,69,80,13,18,0.68,43744.000000,0,27,3.5,0.0,0.0,0.0,0.0,0.0,0.0,1.0
14691,0,1,3400,-70,70,80,10,17,0.86,34624.000000,6,27,4.2,0.0,25728.000000,0,0.0,0.0,0.0,1.0
14940,0,1,3400,-70,70,84,11,17,1.0,26592.000000,17,27,9.5,0.0,0.0,0.0,0.0,0.0,0.0,1.0
15189,0,1,3400,-70,70,90,13,17,1.5,38784.000000,8,27,9.4,0.0,0.0,0.0,0.0,1.0,1.0,1.0
15438,0,1,3400,-70,70,85,9.1,17,0.50,27616.000000,0,27,9.4,0.0,0.0,0.0,0.0,0.0,0.0,1.0
15687,0,1,3400,-71,71,78,9.9,16,0.82,33984.000000,3,27,9.3,0.0,10592.000000,0,0.0,0.0,0.0,1.0
15936,0,1,3400,-71,71,78,9.3,16,1.0,34336.000000,9,27,10,0.0,17056.000000,0,0.0,0.0,0.0,1.0
16185,0,1,3400,-71,71,79,9.1,16,0.50,38976.000000,0,27,12,0.0,0.0,0.0,0.0,0.0,0.0,1.0
16434,0,1,3400,-71,71,75,14,16,1.6,19040.000000,22,27,12,0.0,0.0,0.0,0.0,0.0,0.0,1.0
16683,0,1,3400,-71,71,76,12,16,0.68,33120.000000,0,27,12,112,2592.000000,0,0.0,0.0,0.0,1.0
16932,0,1,3400,-71,71,82,10,16,0.53,22080.000000,0,27,14,0.0,145344.000000,5,0.0,0.0,0.0,1.0
17181,0,1,3400,-70,70,84,13,17,1.2,27104.000000,17,27,14,0.0,0.0,0.0,0.0,0.0,0.0,1.0
17430,0,1,3400,-70,70,83,14,17,1.6,16896.000000,8,27,14,0.0,0.0,0.0,0.0,0.0,0.0,1.0
17679,0,1,3400,-70,70,82,8.0,17,0.67,39648.000000,0,27,14,0.0,23488.000000,20,0.0,0.0,0.0,1.0
17928,0,1,3400,-70,70,86,9.4,17,0.95,29184.000000,6,27,14,0.0,0.0,0.0,0.0,0.0,0.0,1.0
18177,0,1,3400,-70,70,89,9.3,17,0.75,72032.000000,0,27,14,0.0,0.0,0.0,0.0,0.0,0.0,1.0
18426,0,1,3400,-70,70,83,10,17,0.53,55072.000000,0,27,13,0.0,0.0,0.0,0.0,0.0,0.0,1.0
18675,0,1,3400,-70,70,79,13,18,0.57,37888.000000,0,27,11,0.0,25024.000000,0,0.0,0.0,0.0,1.0
18924,0,1,3400,-70,70,76,11,18,0.88,56832.000000,2,27,7.8,0.0,0.0,0.0,0.0,0.0,0.0,1.0
19173,0,1,3400,-70,70,78,10,18,0.80,22752.000000,5,27,7.9,0.0,0.0,0.0,0.0,0.0,0.0,1.0
19422,0,1,3400,-70,70,83,8.4,18,0.50,38304.000000,0,27,7.9,0.0,0.0,0.0,0.0,0.0,0.0,1.0
19671,0,1,3400,-70,70,82,7.6,18,0.50,28288.000000,0,27,8.1,0.0,9376.000000,0,0.0,0.0,0.0,1.0
19920,0,1,3400,-70,70,79,13,18,1.3,40096.000000,17,27,3.5,0.0,6528.000000,0,0.0,0.0,0.0,1.0
20169,0,1,3400,-70,70,77,5.3,18,0.50,47488.000000,0,27,3.5,0.0,0.0,0.0,0.0,0.0,0.0,1.0
20418,0,1,3400,-70,70,79,7.7,17,0.63,39712.000000,4,27,3.5,0.0,0.0,0.0,0.0,0.0,0.0,1.0
20667,0,1,3400,-70,70,81,9.3,17,0.86,28480.000000,0,27,3.7,186,4256.000000,0,0.0,0.0,0.0,1.0
20916,0,1,3400,-70,70,76,8.3,17,0.50,27584.000000,0,27,3.6,0.0,10784.000000,0,0.0,0.0,0.0,1.0
21165,0,1,3400,-70,70,84,7.8,17,0.50,34240.000000,0,27,3.5,0.0,0.0,0.0,0.0,0.0,0.0,1.0
21414,0,1,3400,-70,70,83,7.9,17,0.50,26976.000000,0,27,3.5,0.0,0.0,0.0,0.0,0.0,0.0,1.0
21663,0,1,3400,-70,70,81,13,17,1.1,37696.000000,8,27,3.5,0.0,11392.000000,0,0.0,0.0,0.0,1.0
21912,0,1,3400,-70,70,83,12,17,0.72,39872.000000,0,27,3.0,0.0,0.0,0.0,0.0,0.0,0.0,1.0
22161,0,1,3400,-70,70,85,8.2,17,0.50,34688.000000,0,27,3.0,0.0,0.0,0.0,0.0,0.0,0.0,1.0
22410,0,1,3400,-70,70,83,8.0,17,0.50,69536.000000,0,27,3.0,0.0,0.0,0.0,0.0,0.0,0.0,1.0
22659,0,1,3400,-70,70,82,10,17,1.1,33280.000000,4,27,4.4,0.0,65472.000000,0,0.0,0.0,0.0,1.0
22908,0,1,3400,-70,70,81,9.6,17,0.65,44640.000000,3,27,5.6,0.0,4256.000000,0,0.0,0.0,0.0,1.0
23157,0,1,3400,-69,69,82,12,18,0.70,33120.000000,5,27,5.4,0.0,0.0,0.0,0.0,0.0,0.0,1.0
23406,0,1,3400,-69,69,82,13,18,0.55,54624.000000,0,27,5.5,0.0,0.0,0.0,0.0,0.0,0.0,1.0
23655,0,1,3400,-69,69,84,11,18,0.92,44320.000000,12,27,4.4,0.0,9152.000000,11,0.0,0.0,0.0,1.0
23904,0,1,3400,-69,69,84,13,18,0.98,21504.000000,0,27,8.5,0.0,0.0,100.000000,0.0,0.0,0.0,1.0
24153,0,1,3400,-68,68,82,12,18,0.60,32960.000000,0,27,8.5,0.0,0.0,0.0,0.0,0.0,0.0,1.0
24402,0,1,3400,-68,68,81,13,19,0.50,33728.000000,0,27,9.0,0.0,0.0,67,0.0,0.0,0.0,1.0
24651,0,1,3400,-68,68,83,13,19,0.50,21664.000000,0,27,14,0.0,40288.000000,14,0.0,0.0,0.0,1.0
24900,0,1,3400,-68,68,80,13,19,0.50,28192.000000,0,27,14,0.0,6432.000000,0,0.0,0.0,0.0,1.0
25149,0,1,3400,-68,68,81,9.8,19,0.50,64864.000000,0,27,13,0.0,0.0,0.0,0.0,0.0,0.0,1.0
25398,0,1,3400,-68,68,82,12,19,0.55,27296.000000,0,27,14,0.0,0.0,0.0,0.0,0.0,0.0,1.0
25647,0,1,3400,-68,68,81,12,19,0.54,32704.000000,0,27,14,0.0,23488.000000,20,0.0,0.0,0.0,1.0
25896,0,1,3400,-68,68,81,12,19,0.50,27200.000000,0,27,14,0.0,0.0,0.0,0.0,0.0,0.0,1.0
26145,0,1,3400,-68,68,80,7.1,19,0.50,39680.000000,0,27,14,0.0,0.0,0.0,0.0,0.0,0.0,1.0
26394,0,1,3400,-68,68,80,9.9,19,0.50,29344.000000,0,27,14,0.0,0.0,0.0,0.0,0.0,0.0,1.0
26643,0,1,3400,-68,68,78,12,19,0.50,39040.000000,0,27,12,0.0,21984.000000,0,0.0,0.0,0.0,1.0
26892,0,1,3400,-68,68,78,9.3,19,0.50,40288.000000,0,27,2.5,0.0,0.0,0.0,0.0,0.0,0.0,1.0
27141,0,1,3400,-68,68,79,11,19,0.50,44896.000000,0,27,2.5,0.0,0.0,0.0,0.0,0.0,0.0,1.0
27390,0,1,3400,-68,68,80,7.5,19,0.51,51008.000000,0,27,2.5,0.0,0.0,0.0,0.0,1.0,1.0,1.0
27639,0,1,3400,-68,68,82,8.5,19,0.50,60480.000000,0,27,5.4,0.0,29152.000000,0,0.0,0.0,0.0,1.0
27888,0,1,3400,-68,68,76,13,19,0.50,43264.000000,0,27,9.4,0.0,0.0,0.0,0.0,0.0,0.0,1.0
28137,0,1,3400,-68,68,80,11,19,0.50,76416.000000,0,27,9.5,0.0,0.0,0.0,0.0,0.0,0.0,1.0
28386,0,1,3400,-68,68,82,15,19,0.51,36064.000000,0,27,9.5,0.0,0.0,0.0,0.0,0.0,0.0,1.0
28635,0,1,3400,-68,68,86,12,19,0.56,50304.000000,0,27,8.0,0.0,11136.000000,0,0.0,0.0,0.0,1.0
28884,0,1,3400,-68,68,80,16,19,0.54,37696.000000,0,27,3.5,0.0,7200.000000,0,0.0,0.0,0.0,1.0
29133,0,1,3400,-68,68,80,9.7,19,0.57,44064.000000,0,27,3.4,0.0,0.0,0.0,0.0,0.0,0.0,1.0
29382,0,1,3400,-68,68,82,11,19,0.50,55744.000000,0,27,3.5,0.0,0.0,0.0,0.0,0.0,0.0,1.0
29631,0,1,3400,-68,68,84,13,19,0.50,32896.000000,0,27,3.7,0.0,17056.000000,0,0.0,0.0,0.0,1.0
29880,0,1,3400,-68,68,82,13,19,0.50,21408.000000,0,27,3.6,0.0,13728.000000,0,0.0,0.0,0.0,1.0
30129,0,1,3400,-68,68,84,6.8,19,0.50,33664.000000,0,27,5.4,0.0,0.0,0.0,0.0,0.0,0.0,1.0
30378,0,1,3400,-68,68,84,11,18,0.50,44704.000000,0,27,5.5,0.0,0.0,0.0,0.0,0.0,0.0,1.0
30627,0,1,3400,-69,69,83,15,18,0.63,10752.000000,0,27,5.4,114,4128.000000,0,0.0,0.0,0.0,1.0
30876,0,1,3400,-69,69,78,8.8,18,0.51,38048.000000,3,27,7.0,0.0,24032.000000,44,0.0,0.0,0.0,1.0
31125,0,1,3400,-68,68,81,11,19,0.57,32736.000000,0,27,5.0,0.0,0.0,0.0,0.0,0.0,0.0,1.0
31374,0,1,3400,-68,68,84,9.9,19,0.50,27200.000000,0,27,5.0,0.0,0.0,0.0,0.0,0.0,0.0,1.0
31623,0,1,3400,-68,68,83,13,19,0.52,49024.000000,0,27,7.7,165,8096.000000,0,0.0,0.0,0.0,1.0
31872,0,1,3400,-68,68,78,16,19,0.64,10848.000000,0,27,6.2,0.0,50208.000000,0,0.0,0.0,0.0,1.0
32121,0,1,3400,-68,68,80,13,19,0.50,32384.000000,0,27,6.5,0.0,0.0,0.0,0.0,0.0,0.0,1.0
32370,0,1,3400,-68,68,81,11,19,0.53,32384.000000,0,27,6.5,0.0,0.0,0.0,0.0,0.0,0.0,1.0
32619,0,1,3400,-68,68,86,14,19,0.61,54336.000000,0,27,6.5,0.0,9376.000000,0,0.0,0.0,0.0,1.0
32868,0,1,3400,-68,68,85,12,19,0.50,38112.000000,0,27,5.3,0.0,13888.000000,0,0.0,0.0,0.0,1.0
33117,0,1,3400,-68,68,82,9.9,19,0.50,42176.000000,0,27,6.0,0.0,0.0,0.0,0.0,0.0,0.0,1.0
33366,0,1,3400,-68,68,77,11,18,0.50,40832.000000,0,27,6.0,0.0,0.0,0.0,0.0,0.0,0.0,1.0
33615,0,1,3400,-69,69,78,11,18,0.54,54944.000000,0,27,8.0,0.0,28992.000000,0,0.0,0.0,0.0,1.0
33864,0,1,3400,-69,69,79,11,18,0.54,43712.000000,0,27,7.0,0.0,0.0,0.0,0.0,0.0,0.0,1.0
34113,0,1,3400,-69,69,78,8.2,18,0.50,44224.000000,0,27,7.0,0.0,0.0,0.0,0.0,0.0,0.0,1.0
34362,0,1,3400,-69,69,81,9.8,18,0.62,69248.000000,0,27,7.0,0.0,0.0,0.0,0.0,0.0,0.0,1.0
34611,0,1,3400,-69,69,82,14,18,0.59,16192.000000,0,27,6.3,0.0,10432.000000,0,0.0,0.0,0.0,1.0
34860,0,1,3400,-69,69,83,12,18,0.58,34048.000000,0,27,4.0,0.0,0.0,0.0,0.0,0.0,0.0,1.0
35109,0,1,3400,-69,69,88,7.7,18,0.53,49472.000000,3,27,4.0,0.0,0.0,0.0,0.0,0.0,0.0,1.0
35358,0,1,3400,-69,69,87,14,18,0.91,22208.000000,10,27,4.0,0.0,0.0,0.0,0.0,0.0,0.0,1.0
35607,0,1,3400,-69,69,82,12,18,0.82,49472.000000,7,27,6.4,0.0,14144.000000,0,0.0,0.0,0.0,1.0
35856,0,1,3400,-69,69,82,12,18,0.93,38592.000000,11,27,11,0.0,0.0,0.0,0.0,0.0,0.0,1.0
36105,0,1,3400,-69,69,82,5.2,18,0.50,16832.000000,0,27,11,0.0,0.0,0.0,0.0,0.0,0.0,1.0
36354,0,1,3400,-69,69,78,9.1,18,0.50,55392.000000,0,27,10,0.0,5664.000000,0,0.0,0.0,0.0,1.0
36603,0,1,3400,-69,69,84,10,18,0.50,55008.000000,0,27,9.5,0.0,18624.000000,0,0.0,0.0,0.0,1.0
36852,0,1,3400,-69,69,84,12,18,0.52,32032.000000,0,27,9.2,0.0,5888.000000,0,0.0,0.0,0.0,1.0
37101,0,1,3400,-69,69,81,12,18,0.53,27616.000000,0,27,9.5,0.0,0.0,0.0,0.0,0.0,0.0,1.0
37350,0,1,3400,-69,69,85,13,18,0.54,33536.000000,0,27,9.4,0.0,0.0,0.0,0.0,0.0,0.0,1.0
37599,0,1,3400,-69,69,88,12,18,0.61,30240.000000,6,27,10,0.0,0.0,80,0.0,0.0,0.0,1.0
37848,0,1,3400,-69,69,84,15,18,1.6,22304.000000,7,27,13,0.0,0.0,0.0,0.0,0.0,0.0,1.0
38097,0,1,3400,-69,69,84,12,18,0.72,32864.000000,0,27,7.5,0.0,2592.000000,0,0.0,0.0,0.0,1.0
38346,0,1,3400,-69,69,82,8.1,18,0.50,22400.000000,0,27,7.8,0.0,7200.000000,0,0.0,0.0,0.0,1.0
38595,0,1,3400,-69,69,82,13,18,0.63,65280.000000,3,27,9.0,0.0,77088.000000,19,0.0,0.0,0.0,1.0
38844,0,1,3400,-69,69,84,13,18,0.58,31680.000000,5,27,5.2,0.0,9376.000000,0,0.0,0.0,0.0,1.0
39093,0,1,3400,-68,68,83,14,18,0.60,16256.000000,0,27,4.5,0.0,0.0,0.0,0.0,0.0,0.0,1.0
39342,0,1,3400,-68,68,80,8.7,18,0.50,27744.000000,0,27,4.5,0.0,0.0,0.0,0.0,0.0,0.0,1.0
39591,0,1,3400,-68,68,79,9.4,19,0.58,49216.000000,0,27,4.5,0.0,15904.000000,0,0.0,0.0,0.0,1.0
39840,0,1,3400,-68,68,78,14,19,0.60,26912.000000,0,27,3.5,0.0,0.0,0.0,0.0,0.0,0.0,1.0
40089,0,1,3400,-68,68,81,14,19,0.60,16384.000000,0,27,3.5,0.0,0.0,0.0,0.0,0.0,0.0,1.0
40338,0,1,3400,-68,68,81,6.8,18,0.50,28800.000000,0,27,3.5,0.0,4256.000000,0,0.0,0.0,0.0,1.0
40587,0,1,3400,-69,69,81,12,18,0.53,55584.000000,0,27,3.5,56,4384.000000,0,0.0,0.0,0.0,1.0
40836,0,1,3400,-69,69,80,8.6,18,0.51,86784.000000,0,27,10,0.0,18528.000000,0,0.0,0.0,0.0,1.0
41085,0,1,3400,-69,69,79,11,18,0.61,42976.000000,0,27,10,0.0,0.0,0.0,0.0,0.0,0.0,1.0
41334,0,1,3400,-69,69,79,8.4,18,0.50,66496.000000,0,27,12,0.0,20640.000000,0,0.0,0.0,0.0,1.0
41583,0,1,3400,-70,70,82,10,17,1.1,28832.000000,15,27,17,0.0,4256.000000,0,0.0,0.0,0.0,1.0
41832,0,1,3400,-70,70,86,9.9,17,0.50,32736.000000,0,27,5.1,0.0,25568.000000,0,0.0,0.0,0.0,1.0
42081,0,1,3400,-70,70,83,14,17,0.65,21952.000000,0,27,3.5,0.0,0.0,0.0,0.0,0.0,0.0,1.0
42330,0,1,3400,-70,70,79,11,17,0.58,45354.582031,0,27,3.5,0.0,0.0,0.0,0.0,0.0,0.0,1.0
42579,0,1,3400,-70,70,79,11,17,0.79,13600.000000,15,27,3.5,0.0,0.0,0.0,0.0,0.0,0.0,1.0
42828,0,1,3400,-70,70,82,11,17,0.72,59488.000000,0,27,10,0.0,73984.000000,5,0.0,0.0,0.0,1.0
43077,0,1,3400,-69,69,81,9.8,17,0.65,49568.000000,0,27,12,0.0,0.0,0.0,0.0,0.0,0.0,1.0
43326,0,1,3400,-69,69,86,15,18,0.68,26848.000000,0,27,12,0.0,0.0,0.0,0.0,0.0,0.0,1.0
43575,0,1,3400,-69,69,91,8.4,18,0.58,61888.000000,0,27,13,0.0,21952.000000,0,0.0,0.0,0.0,1.0
43824,0,1,3400,-69,69,83,19,18,1.0,10592.000000,0,27,13,0.0,0.0,0.0,0.0,0.0,0.0,1.0
44073,0,1,3400,-68,68,82,12,18,0.64,34112.000000,0,27,13,0.0,0.0,0.0,0.0,0.0,0.0,1.0
44322,0,1,3400,-68,68,84,10,19,0.50,44032.000000,0,27,13,0.0,0.0,0.0,0.0,0.0,0.0,1.0
44571,0,1,3400,-68,68,82,15,19,0.93,47200.000000,5,27,9.1,0.0,20544.000000,0,0.0,0.0,0.0,1.0
44820,0,1,3400,-68,68,81,11,19,0.74,59936.000000,0,27,0.24,0.0,1568.000000,0,0.0,0.0,0.0,1.0
45069,0,1,3400,-68,68,83,9.9,19,0.50,33184.000000,0,27,0.0,0.0,0.0,0.0,0.0,0.0,0.0,1.0
45318,0,1,3400,-67,67,91,11,19,0.71,38624.000000,4,27,0.0,0.0,0.0,0.0,0.0,0.0,0.0,1.0
45567,0,1,3400,-67,67,85,10.0,20,0.62,32896.000000,0,27,0.70,0.0,23264.000000,0,0.0,0.0,0.0,1.0
45816,0,1,3400,-67,67,83,10,20,0.54,44032.000000,0,27,5.5,0.0,0.0,0.0,0.0,0.0,0.0,1.0
46065,0,1,3400,-67,67,78,16,20,1.5,26944.000000,11,27,5.5,0.0,0.0,0.0,0.0,0.0,0.0,1.0
46314,0,1,3400,-67,67,82,9.3,20,0.56,22240.000000,0,27,5.5,0.0,0.0,0.0,0.0,0.0,0.0,1.0
46563,0,1,3400,-67,67,85,12,20,0.50,32608.000000,0,27,4.9,0.0,15872.000000,0,0.0,0.0,0.0,1.0
46812,0,1,3400,-67,67,86,12,20,0.55,38304.000000,0,27,1.5,0.0,0.0,0.0,0.0,0.0,0.0,1.0
47061,0,1,3400,-67,67,75,9.9,20,0.50,39680.000000,0,27,1.5,0.0,0.0,0.0,0.0,0.0,0.0,1.0
47310,0,1,3400,-67,67,77,9.8,20,0.53,49600.000000,0,27,1.5,0.0,0.0,0.0,0.0,0.0,0.0,1.0
47559,0,1,3400,-67,67,80,9.4,20,0.51,44864.000000,0,27,4.1,0.0,32512.000000,0,0.0,0.0,0.0,1.0
47808,0,1,3400,-67,67,78,13,20,0.66,21760.000000,0,27,7.0,0.0,0.0,0.0,0.0,0.0,0.0,1.0
48057,0,1,3400,-67,67,83,19,20,1.2,10624.000000,20,27,7.0,0.0,0.0,0.0,0.0,0.0,0.0,1.0
48306,0,1,3400,-67,67,78,12,20,0.53,43136.000000,0,27,7.0,0.0,0.0,0.0,0.0,0.0,0.0,1.0
48555,0,1,3400,-67,67,82,10,20,0.50,21888.000000,0,27,7.8,16,15040.000000,20,0.0,0.0,0.0,1.0
48804,0,1,3400,-67,67,82,15,20,0.59,54048.000000,0,27,7.2,0.0,14560.000000,0,0.0,0.0,0.0,1.0
49053,0,1,3400,-67,67,85,10,21,0.52,32320.000000,0,27,8.0,0.0,0.0,0.0,0.0,0.0,0.0,1.0
49302,0,1,3400,-66,66,83,13,21,0.60,33504.000000,0,27,8.0,0.0,0.0,0.0,0.0,0.0,0.0,1.0
49551,0,1,3400,-66,66,84,12,21,0.52,55392.000000,0,27,6.3,0.0,22976.000000,12,0.0,0.0,0.0,1.0
49800,0,1,3400,-66,66,88,9.1,21,0.50,56864.000000,0,27,0.0,0.0,0.0,0.0,0.0,0.0,0.0,1.0
50049,0,1,3400,-66,66,89,13,22,0.50,49344.000000,0,27,0.0,0.0,0.0,0.0,0.0,0.0,0.0,1.0
50298,0,1,3400,-65,65,85,10,22,0.50,32608.000000,0,27,0.0,0.0,0.0,0.0,0.0,0.0,0.0,1.0
50547,0,1,3400,-65,65,85,9.1,22,0.50,33600.000000,0,27,4.1,0.0,15712.000000,0,0.0,0.0,0.0,1.0
50796,0,1,3400,-65,65,86,8.5,22,0.50,21696.000000,0,27,12,0.0,0.0,0.0,0.0,0.0,0.0,1.0
51045,0,1,3400,-65,65,91,9.5,22,0.50,55680.000000,0,27,12,0.0,0.0,0.0,0.0,0.0,0.0,1.0
51294,0,1,3400,-65,65,86,10,22,0.65,35968.000000,5,27,12,0.0,0.0,0.0,0.0,0.0,0.0,1.0
51543,0,1,3400,-65,65,86,12,22,0.50,44576.000000,0,27,11,0.0,23648.000000,0,0.0,0.0,0.0,1.0
51792,0,1,3400,-65,65,78,15,22,0.57,43040.000000,0,27,12,0.0,17056.000000,0,0.0,0.0,0.0,1.0
52041,0,1,3400,-65,65,77,9.2,22,0.50,44160.000000,0,27,12,0.0,0.0,0.0,0.0,0.0,0.0,1.0
52290,0,1,3400,-65,65,84,11,22,0.50,32800.000000,0,27,12,0.0,0.0,0.0,0.0,0.0,0.0,1.0
52539,0,1,3400,-66,66,89,11,21,0.50,43168.000000,0,27,10,0.0,7296.000000,0,0.0,0.0,0.0,1.0
52788,0,1,3400,-66,66,85,12,21,0.50,27008.000000,0,27,0.0,0.0,0.0,0.0,0.0,0.0,0.0,1.0
53037,0,1,3400,-66,66,86,7.8,21,0.50,17728.000000,0,27,0.0,0.0,0.0,0.0,0.0,0.0,0.0,1.0
53286,0,1,3400,-66,66,85,12,21,0.50,49152.000000,0,27,0.0,0.0,0.0,0.0,0.0,0.0,0.0,1.0
53535,0,1,3400,-66,66,87,14,21,0.50,48768.000000,0,27,4.5,0.0,15552.000000,50,0.0,0.0,0.0,1.0
53784,0,1,3400,-66,66,83,9.5,21,0.50,38656.000000,0,27,14,0.0,0.0,0.0,0.0,0.0,0.0,1.0
54033,0,1,3400,-66,66,80,13,21,0.50,17888.000000,0,27,14,0.0,0.0,0.0,0.0,0.0,0.0,1.0
54282,0,1,3400,-65,65,78,10,22,0.50,42336.000000,0,27,14,0.0,0.0,0.0,0.0,0.0,0.0,1.0
54531,0,1,3400,-65,65,82,12,22,0.50,27552.000000,0,27,14,0.0,0.0,0.0,0.0,0.0,0.0,1.0
54780,0,1,3400,-65,65,81,14,22,0.61,32096.000000,0,27,4.4,0.0,19328.000000,0,0.0,0.0,0.0,1.0
55029,0,1,3400,-65,65,80,14,22,0.50,21536.000000,0,27,0.0,0.0,0.0,0.0,0.0,0.0,0.0,1.0
55278,0,1,3400,-64,64,78,15,22,0.54,58880.000000,0,27,0.0,0.0,0.0,0.0,0.0,0.0,0.0,1.0
55527,0,1,3400,-64,64,80,15,23,0.98,27232.000000,6,27,0.040,112,2592.000000,0,0.0,0.0,0.0,1.0
55776,0,1,3400,-64,64,84,11,23,0.50,32544.000000,0,27,4.5,0.0,50400.000000,0,0.0,0.0,0.0,1.0
56025,0,1,3400,-64,64,83,13,23,0.50,44704.000000,0,27,5.9,0.0,0.0,0.0,0.0,0.0,0.0,1.0
56274,0,1,3400,-64,64,84,15,23,0.50,85344.000000,0,27,6.0,0.0,0.0,0.0,0.0,0.0,0.0,1.0
56523,0,1,3400,-64,64,81,14,23,0.54,43712.000000,0,27,6.0,0.0,9120.000000,0,0.0,0.0,0.0,1.0
56772,0,1,3400,-64,64,84,15,23,0.52,48384.000000,0,27,12,0.0,6944.000000,0,0.0,0.0,0.0,1.0
57021,0,1,3400,-64,64,88,14,22,0.61,63936.000000,3,27,12,0.0,0.0,0.0,0.0,0.0,0.0,1.0
57270,0,1,3400,-65,65,87,10,22,0.53,45312.000000,0,27,12,0.0,0.0,0.0,0.0,0.0,0.0,1.0
57519,0,1,3400,-65,65,83,11,22,0.50,42208.000000,0,27,10,0.0,22816.000000,0,0.0,0.0,0.0,1.0
57768,0,1,3400,-65,65,82,15,22,0.50,16224.000000,0,27,6.1,0.0,10016.000000,0,0.0,0.0,0.0,1.0
58017,0,1,3400,-65,65,80,11,22,0.53,65600.000000,2,27,6.9,0.0,0.0,0.0,0.0,0.0,0.0,1.0
58266,0,1,3400,-65,65,81,12,22,0.60,64480.000000,3,27,6.9,0.0,0.0,0.0,0.0,0.0,0.0,1.0
58515,0,1,3400,-65,65,88,6.9,22,0.50,35840.000000,0,27,7.8,0.0,14400.000000,33,0.0,0.0,0.0,1.0
58764,0,1,3400,-65,65,84,13,22,0.52,50976.000000,0,27,9.5,0.0,0.0,0.0,0.0,0.0,0.0,1.0
59013,0,1,3400,-65,65,79,13,22,0.50,38080.000000,0,27,9.5,0.0,0.0,0.0,0.0,0.0,0.0,1.0
59262,0,1,3400,-65,65,82,17,21,0.61,21344.000000,0,27,9.5,0.0,0.0,0.0,0.0,0.0,0.0,1.0
59511,0,1,3400,-66,66,80,15,21,0.89,29536.000000,15,27,9.5,0.0,14400.000000,0,0.0,0.0,0.0,1.0
59760,0,1,3400,-66,66,81,10,21,0.50,16800.000000,0,27,9.5,0.0,0.0,0.0,0.0,0.0,0.0,1.0
60009,0,1,3400,-66,66,85,16,21,0.53,53728.000000,0,27,9.5,0.0,0.0,0.0,0.0,0.0,0.0,1.0
60258,0,1,3400,-66,66,85,11,20,0.50,39360.000000,0,27,9.5,0.0,0.0,0.0,0.0,0.0,0.0,1.0
60507,0,1,3400,-67,67,85,14,20,0.62,54144.000000,0,27,6.9,0.0,22848.000000,0,0.0,0.0,0.0,1.0
60756,0,1,3400,-67,67,82,9.4,20,0.53,44096.000000,0,27,6.3,0.0,0.0,80,0.0,0.0,0.0,1.0
61005,0,1,3400,-67,67,85,12,20,0.59,32128.000000,0,27,8.0,0.0,0.0,0.0,0.0,0.0,0.0,1.0
61254,0,1,3400,-67,67,87,13,20,0.75,26720.000000,0,27,8.0,0.0,0.0,0.0,0.0,0.0,0.0,1.0
61503,0,1,3400,-67,67,85,16,20,1.0,36288.000000,12,27,4.1,0.0,26656.000000,0,0.0,0.0,0.0,1.0
61752,0,1,3400,-67,67,89,9.1,20,1.3,39584.000000,2,27,4.5,0.0,0.0,0.0,0.0,0.0,0.0,1.0
62001,0,1,3400,-67,67,81,12,20,0.68,31648.000000,0,27,4.5,0.0,2592.000000,0,0.0,0.0,0.0,1.0
62250,0,1,3400,-67,67,79,10,19,0.57,58464.000000,0,27,4.5,0.0,0.0,0.0,0.0,0.0,0.0,1.0
62499,0,1,3400,-68,68,75,11,19,0.60,56704.000000,0,27,5.3,0.0,24864.000000,31,0.0,0.0,0.0,1.0
62748,0,1,3400,-68,68,82,13,19,0.62,32064.000000,0,27,4.2,0.0,1568.000000,0,0.0,0.0,0.0,1.0
62997,0,1,3400,-68,68,87,9.7,19,0.50,19360.000000,0,27,1.0,0.0,0.0,0.0,0.0,0.0,0.0,1.0
63246,0,1,3400,-68,68,87,11,19,0.58,11936.000000,0,27,1.0,0.0,0.0,0.0,0.0,0.0,0.0,1.0
63495,0,1,3400,-68,68,81,11,19,0.56,61088.000000,0,27,2.0,0.0,16064.000000,0,0.0,0.0,0.0,1.0
63744,0,1,3400,-68,68,82,13,19,0.58,38208.000000,0,27,4.0,0.0,1568.000000,0,0.0,0.0,0.0,1.0
63993,0,1,3400,-68,68,86,9.4,19,0.86,33728.000000,10,27,4.0,0.0,0.0,0.0,0.0,0.0,0.0,1.0
64242,0,1,3400,-68,68,84,9.0,19,0.50,28768.000000,0,27,4.1,0.0,0.0,0.0,0.0,0.0,0.0,1.0
64491,0,1,3400,-68,68,80,8.8,19,0.55,55072.000000,0,27,4.2,0.0,0.0,50,0.0,0.0,0.0,1.0
64740,0,1,3400,-68,68,79,13,19,0.79,31456.000000,6,27,8.5,0.0,0.0,100.000000,0.0,0.0,0.0,1.0
64989,0,1,3400,-68,68,77,11,19,0.56,48960.000000,0,27,8.5,0.0,0.0,0.0,0.0,0.0,0.0,1.0
65238,0,1,3400,-68,68,82,7.9,19,0.62,41312.000000,3,27,8.5,0.0,0.0,0.0,0.0,0.0,0.0,1.0
65487,0,1,3400,-68,68,83,14,19,0.54,27008.000000,0,27,7.1,0.0,14048.000000,0,0.0,0.0,0.0,1.0
65736,0,1,3400,-68,68,81,8.2,19,0.50,36800.000000,0,27,1.0,0.0,0.0,0.0,0.0,0.0,0.0,1.0
65985,0,1,3400,-68,68,81,13,19,0.72,20448.000000,10,27,1.0,0.0,0.0,0.0,0.0,0.0,0.0,1.0
66234,0,1,3400,-68,68,82,15,18,0.65,32256.000000,0,27,0.15,0.0,896,0,0.0,0.0,0.0,1.0
66483,0,1,3400,-69,69,87,13,18,0.75,36160.000000,3,27,0.0,0.0,0.0,0.0,0.0,0.0,0.0,1.0
66732,0,1,3400,-69,69,86,11,18,0.51,42016.000000,0,27,0.036,0.0,8864.000000,0,0.0,0.0,0.0,1.0
66981,0,1,3400,-68,68,81,17,18,0.66,16992.000000,14,27,0.0,0.0,0.0,0.0,0.0,0.0,0.0,1.0
67230,0,1,3400,-68,68,80,11,18,0.61,32672.000000,0,27,0.0,0.0,0.0,0.0,0.0,0.0,0.0,1.0
67479,0,1,3400,-68,68,80,11,19,1.2,44544.000000,3,27,0.55,0.0,1568.000000,33,0.0,0.0,0.0,1.0
67728,0,1,3400,-68,68,84,12,19,0.68,44576.000000,4,27,0.11,0.0,8320.000000,0,0.0,0.0,0.0,1.0
67977,0,1,3400,-68,68,83,14,19,0.85,31616.000000,5,27,0.036,0.0,0.0,0.0,0.0,0.0,0.0,1.0
68226,0,1,3400,-68,68,83,14,19,0.72,16000.000000,0,27,0.036,0.0,0.0,0.0,0.0,0.0,0.0,1.0
68475,0,1,3400,-68,68,83,15,19,0.53,43456.000000,0,27,0.036,128,608,0,0.0,0.0,0.0,1.0
68724,0,1,3400,-68,68,86,15,19,1.1,46848.000000,5,27,5.8,0.0,19808.000000,21,0.0,0.0,0.0,1.0
68973,0,1,3400,-68,68,83,15,18,2.1,11392.000000,25,27,6.0,0.0,0.0,0.0,0.0,0.0,0.0,1.0
69222,0,1,3400,-68,68,83,15,18,2.0,6432.000000,40,27,6.0,0.0,0.0,0.0,0.0,0.0,0.0,1.0
69471,0,1,3400,-69,69,89,13,18,1.2,29024.000000,10,27,4.8,0.0,14592.000000,12,0.0,0.0,0.0,1.0
69720,0,1,3400,-69,69,87,15,18,1.5,54464.000000,8,27,0.0,0.0,6880.000000,0,0.0,0.0,0.0,1.0
69969,0,1,3400,-69,69,81,13,18,1.1,28288.000000,6,27,0.0,0.0,0.0,0.0,0.0,0.0,0.0,1.0
70218,0,1,3400,-69,69,82,6.4,18,0.65,42880.000000,0,27,0.0,0.0,0.0,0.0,0.0,0.0,0.0,1.0
70467,0,1,3400,-69,69,84,11,18,0.62,52128.000000,0,27,0.0,0.0,12000.000000,6,0.0,0.0,0.0,1.0
70716,0,1,3400,-69,69,88,13,18,1.3,38368.000000,9,27,0.0,0.0,0.0,0.0,0.0,0.0,0.0,1.0
70965,0,1,3400,-69,69,88,11,18,0.94,54752.000000,6,27,0.0,0.0,0.0,0.0,0.0,0.0,0.0,1.0
71214,0,1,3400,-69,69,88,13,17,0.93,42784.000000,0,27,0.0,0.0,0.0,0.0,0.0,0.0,0.0,1.0
71463,0,1,3400,-70,70,91,11,17,0.79,29664.000000,0,27,0.0,132,480,0,0.0,0.0,0.0,1.0
71712,0,1,3400,-70,70,86,8.6,17,0.81,36448.000000,2,27,3.4,0.0,16672.000000,21,0.0,0.0,0.0,1.0
71961,0,1,3400,-70,70,80,6.7,17,0.61,21152.000000,4,27,3.5,0.0,0.0,0.0,0.0,0.0,0.0,1.0
72210,0,1,3400,-70,70,80,15,17,1.5,42400.000000,16,27,3.5,0.0,0.0,0.0,0.0,0.0,0.0,1.0
72459,0,1,3400,-70,70,84,11,17,0.62,54848.000000,0,27,2.6,0.0,13024.000000,12,0.0,0.0,0.0,1.0
72708,0,1,3400,-70,70,80,8.9,17,0.63,48544.000000,3,27,0.0,0.0,0.0,0.0,0.0,0.0,0.0,1.0
72957,0,1,3400,-70,70,77,14,17,1.8,11328.000000,25,27,0.0,0.0,0.0,0.0,0.0,0.0,0.0,1.0
73206,0,1,3400,-70,70,82,12,16,1.1,32992.000000,0,27,0.0,0.0,0.0,0.0,0.0,0.0,0.0,1.0
73455,0,1,3400,-71,71,85,12,16,1.1,34528.000000,10,27,3.2,0.0,35136.000000,23,0.0,0.0,0.0,1.0
73704,0,1,3400,-71,71,84,11,16,1.0,9408.000000,38,27,14,0.0,0.0,0.0,0.0,0.0,0.0,1.0
73953,0,1,3400,-71,71,83,11,16,1.2,38592.000000,0,27,15,0.0,0.0,0.0,0.0,0.0,0.0,1.0
74202,0,1,3400,-71,71,83,12,15,1.3,14688.000000,45,27,14,0.0,0.0,0.0,0.0,0.0,0.0,1.0
74451,0,1,3400,-72,72,82,14,15,1.4,27616.000000,26,27,15,114,0.0,50,0.0,0.0,0.0,1.0
74700,0,1,3400,-72,72,83,8.8,15,1.3,25600.000000,9,27,0.53,0.0,11008.000000,8,0.0,0.0,0.0,1.0
74949,0,1,3400,-71,71,88,12,16,2.3,28032.000000,0,27,0.0,0.0,0.0,0.0,0.0,0.0,0.0,1.0
75198,0,1,3400,-71,71,87,11,16,1.1,25664.000000,17,27,0.0,0.0,1568.000000,0,0.0,0.0,0.0,1.0
75447,0,1,3400,-71,71,86,14,16,1.6,22624.000000,22,27,0.72,0.0,0.0,80,0.0,0.0,0.0,1.0
75696,0,1,3400,-71,71,86,13,16,1.5,44032.000000,4,27,1.2,0.0,16320.000000,0,0.0,0.0,0.0,1.0
75945,0,1,3400,-71,71,87,15,16,1.7,37056.000000,4,27,0.0,0.0,0.0,0.0,0.0,0.0,0.0,1.0
76194,0,1,3400,-71,71,88,15,16,1.8,11776.000000,27,27,0.0,0.0,0.0,0.0,0.0,0.0,0.0,1.0
76443,0,1,3400,-71,71,85,12,16,1.2,28672.000000,12,27,0.0,0.0,11616.000000,26,0.0,0.0,0.0,1.0
76692,0,1,3400,-71,71,87,12,16,1.4,20416.000000,33,27,0.0,0.0,1568.000000,50,0.0,0.0,0.0,1.0
76941,0,1,3400,-70,70,88,10,16,0.65,34496.000000,0,27,0.0,0.0,0.0,0.0,0.0,0.0,0.0,1.0
77190,0,1,3400,-70,70,87,9.1,16,1.3,14272.000000,20,27,0.0,0.0,0.0,0.0,0.0,0.0,0.0,1.0
77439,0,1,3400,-70,70,81,7.5,17,1.00,29504.000000,3,27,1.6,0.0,45952.000000,20,0.0,0.0,0.0,1.0
77688,0,1,3400,-70,70,86,10,17,0.50,21632.000000,0,27,15,0.0,1568.000000,50,0.0,0.0,0.0,1.0
77937,0,1,3400,-70,70,84,9.5,17,0.50,34144.000000,0,27,14,0.0,0.0,0.0,0.0,0.0,0.0,1.0
78186,0,1,3400,-70,70,82,15,17,1.3,17760.000000,27,27,14,0.0,0.0,0.0,0.0,0.0,0.0,1.0
78435,0,1,3400,-70,70,77,8.1,17,0.86,29152.000000,4,27,12,0.0,12288.000000,0,0.0,0.0,0.0,1.0
78684,0,1,3400,-70,70,82,4.6,17,0.53,68704.000000,0,27,0.0,0.0,0.0,0.0,0.0,0.0,0.0,1.0
78933,0,1,3400,-70,70,86,12,17,0.98,59680.000000,0,27,0.0,0.0,0.0,0.0,0.0,0.0,0.0,1.0
79182,0,1,3400,-70,70,88,16,17,1.6,28640.000000,15,27,0.0,0.0,0.0,0.0,0.0,0.0,0.0,1.0
79431,0,1,3400,-70,70,86,10,17,0.96,23232.000000,5,27,0.0,0.0,0.0,0.0,0.0,0.0,0.0,1.0
79680,0,1,3400,-70,70,84,15,17,2.0,19872.000000,12,27,0.16,186,2528.000000,0,0.0,0.0,0.0,1.0
79929,0,1,3400,-70,70,83,15,17,1.7,35392.000000,18,27,0.29,0.0,21440.000000,17,0.0,0.0,0.0,1.0
80178,0,1,3400,-70,70,79,12,17,0.86,51296.000000,2,27,0.0,0.0,0.0,0.0,0.0,0.0,0.0,1.0
80427,0,1,3400,-70,70,87,11,17,0.90,45600.000000,0,27,0.38,0.0,832,50,0.0,0.0,0.0,1.0
80676,0,1,3400,-70,70,90,9.6,17,0.80,32896.000000,6,27,0.0,0.0,4192.000000,0,0.0,0.0,0.0,1.0
80925,0,1,3400,-69,69,85,15,17,1.8,12896.000000,22,27,0.0,0.0,0.0,0.0,0.0,0.0,0.0,1.0
81174,0,1,3400,-69,69,89,16,18,1.1,18176.000000,0,27,0.0,0.0,1568.000000,0,0.0,0.0,0.0,1.0
81423,0,1,3400,-69,69,82,9.0,18,0.54,65568.000000,0,27,2.9,0.0,57312.000000,16,0.0,0.0,0.0,1.0
81672,0,1,3400,-69,69,79,6.1,18,0.50,37152.000000,0,27,9.6,0.0,896,0,0.0,0.0,0.0,1.0
81921,0,1,3400,-68,68,85,12,18,0.73,45216.000000,0,27,7.0,0.0,0.0,0.0,0.0,0.0,0.0,1.0
82170,0,1,3400,-68,68,89,13,18,0.55,69536.000000,0,27,7.0,0.0,0.0,0.0,0.0,0.0,0.0,1.0
82419,0,1,3400,-68,68,88,15,19,1.7,32928.000000,16,27,4.5,0.0,16992.000000,0,0.0,0.0,0.0,1.0
82668,0,1,3400,-68,68,86,10,19,1.1,24448.000000,9,27,0.0,0.0,0.0,0.0,0.0,0.0,0.0,1.0
82917,0,1,3400,-68,68,85,14,19,1.6,27072.000000,7,27,0.0,0.0,1568.000000,0,0.0,0.0,0.0,1.0
83166,0,1,3400,-68,68,89,13,19,1.2,30528.000000,9,27,0.0,0.0,0.0,0.0,0.0,0.0,0.0,1.0
83415,0,1,3400,-68,68,90,4.9,19,0.55,35104.000000,0,27,0.0,186,0.0,0.0,0.0,0.0,0.0,1.0
83664,0,1,3400,-68,68,87,11,19,0.86,53248.000000,4,27,4.6,0.0,11008.000000,36,0.0,0.0,0.0,1.0
83913,0,1,3400,-68,68,82,11,19,0.99,22272.000000,14,27,7.0,0.0,0.0,0.0,0.0,0.0,0.0,1.0
84162,0,1,3400,-68,68,81,11,19,0.52,51040.000000,0,27,7.0,0.0,0.0,0.0,0.0,0.0,0.0,1.0
84411,0,1,3400,-68,68,91,9.5,19,0.50,51232.000000,0,27,6.9,0.0,70752.000000,9,0.0,0.0,0.0,1.0
84660,0,1,3400,-68,68,88,9.4,19,0.89,28320.000000,9,27,7.0,0.0,7200.000000,0,0.0,0.0,0.0,1.0
84909,0,1,3400,-68,68,83,7.8,18,0.88,704,75,27,7.0,0.0,0.0,0.0,0.0,0.0,0.0,1.0
85158,0,1,3400,-68,68,84,16,18,0.99,43360.000000,0,27,5.8,0.0,4256.000000,0,0.0,0.0,0.0,1.0
85407,0,1,3400,-69,69,86,15,18,1.2,29504.000000,16,27,5.7,0.0,896,57,0.0,0.0,0.0,1.0
85656,0,1,3400,-69,69,86,14,18,1.7,33600.000000,14,27,3.6,0.0,0.0,0.0,0.0,0.0,0.0,1.0
85905,0,1,3400,-69,69,89,16,18,1.7,16928.000000,12,27,3.5,0.0,0.0,0.0,0.0,0.0,0.0,1.0
86154,0,1,3400,-69,69,84,11,18,1.2,36288.000000,4,27,3.5,0.0,0.0,0.0,0.0,0.0,0.0,1.0
86403,0,1,3400,-69,69,84,12,18,1.2,62368.000000,4,27,4.4,0.0,75616.000000,19,0.0,0.0,0.0,1.0
86652,0,1,3400,-69,69,81,16,18,2.1,12832.000000,27,27,3.5,0.0,0.0,0.0,0.0,0.0,0.0,1.0
86901,0,1,3400,-69,69,87,11,18,1.00,44384.000000,0,27,3.5,0.0,0.0,0.0,0.0,0.0,0.0,1.0
87150,0,1,3400,-69,69,87,14,17,1.4,58048.000000,5,27,3.5,0.0,0.0,0.0,0.0,0.0,0.0,1.0
87399,0,1,3400,-70,70,89,13,17,1.4,40928.000000,14,27,3.0,0.0,15424.000000,0,0.0,0.0,0.0,1.0
87648,0,1,3400,-70,70,90,7.3,17,0.95,28608.000000,5,27,0.0,0.0,0.0,0.0,0.0,0.0,0.0,1.0
87897,0,1,3400,-70,70,83,10,17,0.83,51872.000000,0,27,0.032,0.0,0.0,0.0,0.0,0.0,0.0,1.0
88146,0,1,3400,-70,70,76,13,17,1.2,32800.000000,6,27,0.032,0.0,0.0,0.0,0.0,0.0,0.0,1.0
88395,0,1,3400,-70,70,78,11,17,0.80,44128.000000,2,27,1.2,0.0,28224.000000,20,0.0,0.0,0.0,1.0
88644,0,1,3400,-70,70,86,12,17,1.9,24544.000000,9,27,0.032,0.0,0.0,0.0,0.0,0.0,0.0,1.0
88893,0,1,3400,-70,70,88,9.9,17,1.0,30752.000000,0,27,0.032,0.0,0.0,0.0,0.0,0.0,0.0,1.0
89142,0,1,3400,-70,70,90,8.3,17,0.50,49984.000000,0,27,0.096,0.0,0.0,0.0,0.0,0.0,0.0,1.0
89391,0,1,3400,-70,70,87,11,17,1.2,28992.000000,7,27,0.064,0.0,0.0,0.0,0.0,0.0,0.0,1.0
89640,0,1,3400,-70,70,82,13,17,0.96,38752.000000,0,27,0.29,0.0,16832.000000,10,0.0,0.0,0.0,1.0
89889,0,1,3400,-70,70,82,15,17,1.7,25888.000000,11,27,0.032,0.0,0.0,0.0,0.0,0.0,0.0,1.0
90138,0,1,3400,-70,70,85,9.1,17,0.89,24416.000000,0,27,0.064,0.0,0.0,0.0,0.0,1.0,2.0,1.0
90387,0,1,3400,-70,70,85,12,17,1.0,17984.000000,15,27,0.0,165,1568.000000,0,0.0,0.0,0.0,1.0
90636,0,1,3400,-70,70,81,7.2,17,0.54,50432.000000,0,27,1.7,0.0,39264.000000,0,0.0,0.0,0.0,1.0
90885,0,1,3400,-70,70,82,12,17,1.2,48384.000000,5,27,3.5,0.0,0.0,0.0,0.0,0.0,0.0,1.0
91134,0,1,3400,-70,70,81,10,17,0.50,19776.000000,0,27,3.6,0.0,0.0,0.0,0.0,0.0,0.0,1.0
91383,0,1,3400,-70,70,87,15,17,1.9,17024.000000,40,27,3.5,0.0,0.0,0.0,0.0,0.0,0.0,1.0
91632,0,1,3400,-70,70,91,15,17,1.9,18880.000000,40,27,2.5,0.0,7328.000000,0,0.0,1.0,0.0,1.0
91881,0,1,3400,-70,70,87,8.0,17,0.68,41504.000000,2,27,0.50,0.0,0.0,0.0,0.0,0.0,0.0,1.0
92130,0,1,3400,-70,70,85,10,17,1.2,28928.000000,7,27,0.50,0.0,0.0,0.0,0.0,0.0,0.0,1.0
92379,0,1,3400,-70,70,84,14,17,1.0,26848.000000,0,27,1.7,0.0,12000.000000,22,0.0,0.0,0.0,1.0
92628,0,1,3400,-70,70,81,6.4,17,0.69,31328.000000,2,27,7.0,0.0,0.0,0.0,0.0,0.0,0.0,1.0
92877,0,1,3400,-70,70,84,21,16,3.0,3680.000000,57,27,6.9,0.0,0.0,0.0,0.0,0.0,0.0,1.0
93126,0,1,3400,-70,70,85,16,16,2.2,24768.000000,21,27,7.0,0.0,0.0,0.0,0.0,0.0,0.0,1.0
93375,0,1,3400,-71,71,86,7.5,16,0.70,35008.000000,0,27,5.9,0.0,19712.000000,12,0.0,0.0,0.0,1.0
93624,0,1,3400,-71,71,87,7.8,16,0.82,51616.000000,2,27,0.064,0.0,608,33,0.0,0.0,0.0,1.0
93873,0,1,3400,-71,71,90,12,16,1.1,39136.000000,4,27,0.032,0.0,0.0,0.0,0.0,0.0,0.0,1.0
94122,0,1,3400,-70,70,94,14,17,1.9,21824.000000,18,27,0.064,0.0,0.0,0.0,0.0,0.0,0.0,1.0
94371,0,1,3400,-70,70,90,8.5,17,0.50,19104.000000,0,27,0.0,0.0,0.0,0.0,0.0,0.0,0.0,1.0
94620,0,1,3400,-70,70,88,13,17,1.5,39200.000000,3,27,1.7,0.0,7744.000000,22,0.0,0.0,0.0,1.0
94869,0,1,3400,-69,69,79,11,17,0.93,39936.000000,4,27,7.9,0.0,0.0,80,0.0,0.0,0.0,1.0
95118,0,1,3400,-69,69,81,16,18,1.4,49344.000000,3,27,8.5,0.0,0.0,0.0,0.0,0.0,0.0,1.0
95367,0,1,3400,-69,69,88,18,18,1.5,32320.000000,20,27,8.2,144,0.0,50,0.0,0.0,0.0,1.0
95616,0,1,3400,-69,69,89,9.2,18,0.78,28384.000000,2,27,3.2,0.0,20864.000000,48,0.0,0.0,0.0,1.0
95865,0,1,3400,-68,68,85,8.2,18,0.65,82016.000000,0,27,3.5,0.0,0.0,0.0,0.0,0.0,0.0,1.0
96114,0,1,3400,-68,68,84,13,18,1.1,17824.000000,20,27,3.5,0.0,0.0,0.0,0.0,0.0,0.0,1.0
96363,0,1,3400,-68,68,88,15,19,1.0,32800.000000,7,27,3.8,0.0,22528.000000,0,0.0,0.0,0.0,1.0
96612,0,1,3400,-68,68,89,11,19,0.68,60896.000000,0,27,4.5,0.0,2592.000000,0,0.0,0.0,0.0,1.0
96861,0,1,3400,-68,68,87,16,19,0.84,64032.000000,0,27,4.5,0.0,0.0,0.0,0.0,0.0,0.0,1.0
97110,0,1,3400,-68,68,90,15,19,0.67,60352.000000,0,27,4.5,0.0,0.0,0.0,0.0,0.0,0.0,1.0
97359,0,1,3400,-68,68,88,19,19,1.5,32384.000000,20,27,4.0,0.0,1568.000000,62,0.0,0.0,0.0,1.0
97608,0,1,3400,-68,68,91,11,19,1.5,30816.000000,9,27,1.0,0.0,0.0,0.0,0.0,0.0,0.0,1.0
97857,0,1,3400,-68,68,93,15,19,0.68,23584.000000,0,27,1.0,0.0,0.0,0.0,0.0,0.0,0.0,1.0
98106,0,1,3400,-68,68,87,6.8,18,0.53,31296.000000,0,27,1.0,0.0,0.0,0.0,0.0,0.0,0.0,1.0
98355,0,1,3400,-69,69,79,15,18,0.93,32160.000000,0,27,0.69,0.0,20064.000000,21,0.0,0.0,0.0,1.0
98604,0,1,3400,-69,69,80,14,18,0.57,33728.000000,0,27,0.064,0.0,1568.000000,0,0.0,0.0,0.0,1.0
98853,0,1,3400,-68,68,84,15,18,1.7,21088.000000,27,27,0.016,0.0,0.0,0.0,0.0,0.0,0.0,1.0
99102,0,1,3400,-68,68,86,17,19,1.2,18080.000000,33,27,0.032,0.0,0.0,0.0,0.0,0.0,0.0,1.0
99351,0,1,3400,-68,68,90,12,19,0.72,48736.000000,5,27,1.3,56,0.0,80,0.0,0.0,0.0,1.0
99600,0,1,3400,-68,68,87,15,19,0.73,53312.000000,0,27,3.5,56,0.0,0.0,0.0,0.0,0.0,1.0
99849,0,1,3400,-68,68,84,13,19,0.66,24128.000000,0,27,0.31,0.0,5280.000000,14,0.0,1.0,0.0,1.0
100098,0,1,3400,-68,68,86,13,19,0.58,35936.000000,0,27,0.0,0.0,0.0,0.0,0.0,0.0,0.0,1.0
100347,0,1,3400,-68,68,83,16,19,0.70,42432.000000,0,27,0.11,60,0.0,50,0.0,0.0,0.0,1.0
100596,0,1,3400,-68,68,84,13,19,0.50,38784.000000,0,27,2.0,60,0.0,100.000000,0.0,0.0,0.0,1.0
100845,0,1,3400,-67,67,85,12,19,0.86,44160.000000,0,27,1.6,0.0,4192.000000,50,0.0,0.0,0.0,1.0
101094,0,1,3400,-67,67,90,14,20,0.65,32672.000000,6,27,1.5,0.0,0.0,0.0,0.0,0.0,0.0,1.0
101343,0,1,3400,-67,67,86,14,20,0.54,32288.000000,0,27,1.7,0.0,8416.000000,46,0.0,0.0,0.0,1.0
101592,0,1,3400,-67,67,87,9.0,20,0.98,58720.000000,2,27,3.0,0.0,7648.000000,0,0.0,0.0,0.0,1.0
101841,0,1,3400,-67,67,85,12,20,0.56,27680.000000,0,27,3.0,0.0,0.0,0.0,0.0,0.0,0.0,1.0
102090,0,1,3400,-67,67,87,12,20,0.50,43328.000000,0,27,3.0,0.0,0.0,0.0,0.0,0.0,0.0,1.0
102339,0,1,3400,-67,67,86,14,20,0.50,16192.000000,0,27,2.8,0.0,18912.000000,14,0.0,0.0,0.0,1.0
102588,0,1,3400,-67,67,87,11,20,0.50,17472.000000,0,27,2.0,0.0,0.0,100.000000,0.0,0.0,0.0,1.0
102837,0,1,3400,-67,67,89,11,20,0.53,48608.000000,0,27,2.1,0.0,0.0,0.0,0.0,0.0,0.0,1.0
103086,0,1,3400,-66,66,93,7.6,20,0.56,28704.000000,0,27,2.0,0.0,0.0,0.0,0.0,0.0,0.0,1.0
103335,0,1,3400,-66,66,84,9.8,21,0.58,21824.000000,0,27,1.6,0.0,1568.000000,0,0.0,0.0,0.0,1.0
103584,0,1,3400,-66,66,84,7.9,21,0.50,17152.000000,0,27,0.056,0.0,22304.000000,29,0.0,0.0,0.0,1.0
103833,0,1,3400,-66,66,81,13,21,0.50,21984.000000,0,27,0.016,0.0,0.0,0.0,0.0,0.0,0.0,1.0
104082,0,1,3400,-65,65,83,13,21,0.60,48000.000000,0,27,0.0,0.0,0.0,0.0,0.0,0.0,0.0,1.0
104331,0,1,3400,-65,65,83,15,22,0.58,26752.000000,0,27,0.044,0.0,22208.000000,7,0.0,0.0,0.0,1.0
104580,0,1,3400,-65,65,81,8.4,22,0.50,28032.000000,0,27,0.016,0.0,0.0,0.0,0.0,0.0,0.0,1.0
104829,0,1,3400,-65,65,87,16,23,0.50,53152.000000,0,27,0.032,0.0,0.0,0.0,0.0,0.0,0.0,1.0
105078,0,1,3400,-65,65,81,14,22,0.58,47808.000000,0,27,0.0,0.0,0.0,0.0,0.0,0.0,0.0,1.0
105327,0,1,3400,-65,65,83,16,22,0.50,55360.000000,0,27,2.4,0.0,14400.000000,0,0.0,0.0,0.0,1.0
105576,0,1,3400,-65,65,82,11,22,0.50,38304.000000,0,27,7.0,0.0,0.0,0.0,0.0,0.0,0.0,1.0
105825,0,1,3400,-65,65,78,13,22,0.50,33568.000000,0,27,5.1,0.0,2592.000000,33,0.0,0.0,0.0,1.0
106074,0,1,3400,-65,65,80,11,22,0.51,37568.000000,0,27,4.5,0.0,0.0,0.0,0.0,0.0,0.0,1.0
106323,0,1,3400,-65,65,84,13,22,0.57,49248.000000,0,27,4.7,60,0.0,80,0.0,0.0,0.0,1.0
106572,0,1,3400,-65,65,82,12,22,0.67,35456.000000,0,27,5.5,60,0.0,0.0,0.0,0.0,0.0,1.0
106821,0,1,3400,-65,65,82,9.8,22,0.50,32480.000000,0,27,2.9,0.0,7840.000000,0,0.0,0.0,0.0,1.0
107070,0,1,3400,-65,65,87,8.0,22,0.55,38688.000000,0,27,2.0,0.0,0.0,0.0,0.0,0.0,0.0,1.0
107319,0,1,3400,-65,65,90,15,22,0.50,21600.000000,0,27,2.0,60,0.0,80,0.0,0.0,0.0,1.0
107568,0,1,3400,-65,65,89,13,22,0.50,55264.000000,0,27,4.2,0.0,7712.000000,33,0.0,0.0,0.0,1.0
107817,0,1,3400,-65,65,89,10,22,0.55,72352.000000,0,27,5.5,0.0,0.0,0.0,0.0,0.0,0.0,1.0
108066,0,1,3400,-65,65,83,7.4,22,0.57,24576.000000,0,27,5.5,0.0,0.0,0.0,0.0,0.0,0.0,1.0
108315,0,1,3400,-65,65,81,14,22,0.50,98208.000000,0,27,3.7,0.0,9536.000000,38,0.0,0.0,0.0,1.0
108564,0,1,3400,-65,65,81,10,22,0.56,45024.000000,0,27,0.016,0.0,0.0,0.0,0.0,0.0,0.0,1.0
108813,0,1,3400,-65,65,85,16,22,0.50,46720.000000,0,27,0.0,0.0,0.0,0.0,0.0,0.0,0.0,1.0
109062,0,1,3400,-65,65,86,16,22,0.72,38016.000000,6,27,0.048,0.0,0.0,0.0,0.0,0.0,0.0,1.0
109311,0,1,3400,-65,65,85,13,22,0.52,70432.000000,0,27,1.2,0.0,41088.000000,29,0.0,0.0,0.0,1.0
109560,0,1,3400,-65,65,89,15,22,0.62,48480.000000,0,27,4.0,0.0,0.0,0.0,0.0,0.0,0.0,1.0
109809,0,1,3400,-65,65,82,14,22,0.57,58848.000000,3,27,4.0,0.0,0.0,0.0,0.0,0.0,0.0,1.0
110058,0,1,3400,-65,65,85,7.1,22,0.51,42816.000000,0,27,4.0,0.0,0.0,0.0,0.0,0.0,0.0,1.0
110307,0,1,3400,-65,65,84,13,22,0.56,46016.000000,0,27,3.4,0.0,10496.000000,30,0.0,0.0,0.0,1.0
110556,0,1,3400,-65,65,84,14,22,0.68,34144.000000,7,27,0.064,0.0,10976.000000,28,0.0,0.0,0.0,1.0
110805,0,1,3400,-65,65,85,7.8,22,0.63,48864.000000,0,27,0.048,0.0,0.0,0.0,0.0,0.0,0.0,1.0
111054,0,1,3400,-65,65,88,14,22,0.50,58464.000000,0,27,0.0,0.0,0.0,0.0,0.0,0.0,0.0,1.0
111303,0,1,3400,-65,65,85,16,22,0.50,58528.000000,0,27,0.016,0.0,9952.000000,30,0.0,0.0,0.0,1.0
111552,0,1,3400,-65,65,90,8.3,22,0.50,23904.000000,0,27,0.0,0.0,7168.000000,60,0.0,0.0,0.0,1.0
111801,0,1,3400,-65,65,86,16,22,0.81,47008.000000,5,27,0.0,0.0,0.0,0.0,0.0,0.0,0.0,1.0
112050,0,1,3400,-64,64,84,11,23,0.50,49152.000000,0,27,0.0,0.0,0.0,0.0,0.0,0.0,0.0,1.0
112299,0,1,3400,-64,64,86,17,23,0.60,42592.000000,0,27,0.0,0.0,6496.000000,52,0.0,0.0,0.0,1.0
112548,0,1,3400,-64,64,85,13,23,0.54,63776.000000,0,27,0.0,0.0,0.0,100.000000,0.0,0.0,0.0,1.0
112797,0,1,3400,-64,64,83,10,23,1.1,31712.000000,6,27,0.0,0.0,0.0,0.0,0.0,0.0,0.0,1.0
113046,0,1,3400,-64,64,86,12,23,0.54,50880.000000,2,27,0.0,0.0,0.0,0.0,0.0,0.0,0.0,1.0
113295,0,1,3400,-64,64,87,13,23,0.50,69888.000000,0,27,0.82,0.0,16736.000000,55,0.0,0.0,0.0,1.0
113544,0,1,3400,-64,64,88,7.7,23,0.50,22112.000000,0,27,0.16,0.0,1568.000000,0,0.0,0.0,0.0,1.0
113793,0,1,3400,-64,64,87,13,23,0.50,48800.000000,0,27,0.052,0.0,0.0,0.0,0.0,0.0,0.0,1.0
114042,0,1,3400,-63,63,85,9.5,24,0.50,27328.000000,0,27,0.0,0.0,0.0,0.0,0.0,0.0,0.0,1.0
114291,0,1,3400,-63,63,84,9.4,24,0.56,44736.000000,0,27,0.82,60,0.0,80,0.0,0.0,0.0,1.0
114540,0,1,3400,-63,63,81,15,24,0.50,16480.000000,0,27,12,0.0,7712.000000,25,0.0,0.0,0.0,1.0
114789,0,1,3400,-63,63,81,14,24,0.50,57216.000000,0,27,18,0.0,0.0,0.0,0.0,0.0,0.0,1.0
115038,0,1,3400,-63,63,84,12,24,0.50,35776.000000,0,27,18,0.0,0.0,0.0,0.0,0.0,0.0,1.0
115287,0,1,3400,-63,63,87,9.6,24,0.50,55104.000000,0,27,15,0.0,5152.000000,47,0.0,0.0,0.0,1.0
115536,0,1,3400,-63,63,84,14,24,0.50,42720.000000,0,27,0.0,0.0,4448.000000,71,0.0,0.0,0.0,1.0
115785,0,1,3400,-63,63,87,12,24,0.50,49152.000000,0,27,0.052,0.0,0.0,0.0,0.0,0.0,0.0,1.0
116034,0,1,3400,-63,63,88,8.2,24,0.50,61728.000000,0,27,0.21,0.0,1568.000000,60,0.0,0.0,0.0,1.0
116283,0,1,3400,-63,63,91,13,24,0.50,33024.000000,0,27,0.052,0.0,6752.000000,29,0.0,0.0,0.0,1.0
116532,0,1,3400,-63,63,91,10,24,0.50,32704.000000,0,27,0.0,0.0,1568.000000,0,0.0,0.0,0.0,1.0
116781,0,1,3400,-63,63,89,11,24,0.50,63232.000000,0,27,0.052,0.0,0.0,0.0,0.0,0.0,0.0,1.0
117030,0,1,3400,-63,63,85,9.3,24,0.50,32992.000000,0,27,0.0,0.0,0.0,0.0,0.0,0.0,0.0,1.0
117279,0,1,3400,-63,63,85,15,24,0.50,48640.000000,0,27,0.11,0.0,1568.000000,0,0.0,0.0,0.0,1.0
117528,0,1,3400,-63,63,87,14,24,0.50,32704.000000,0,27,2.1,0.0,13888.000000,0,0.0,0.0,0.0,1.0
117777,0,1,3400,-63,63,88,4.8,24,0.50,28704.000000,0,27,2.0,0.0,0.0,0.0,0.0,0.0,0.0,1.0
118026,0,1,3400,-63,63,93,7.9,24,0.50,17056.000000,0,27,2.0,0.0,2592.000000,0,0.0,0.0,0.0,1.0
118275,0,1,3400,-63,63,93,16,24,0.50,26432.000000,0,27,2.6,0.0,0.0,71,0.0,0.0,0.0,1.0
118524,0,1,3400,-63,63,92,17,24,0.50,21376.000000,0,27,2.0,0.0,1472.000000,0,0.0,0.0,0.0,1.0
118773,0,1,3400,-63,63,82,15,24,0.50,42688.000000,0,27,2.0,0.0,0.0,0.0,0.0,0.0,0.0,1.0
119022,0,1,3400,-63,63,83,6.2,24,0.50,34240.000000,0,27,2.0,0.0,0.0,0.0,0.0,0.0,0.0,1.0
119271,0,1,3400,-63,63,86,13,24,0.50,32032.000000,0,27,2.2,0.0,0.0,50,0.0,0.0,0.0,1.0
119520,0,1,3400,-63,63,90,16,24,0.50,48256.000000,0,27,7.1,0.0,896,60,0.0,0.0,0.0,1.0
119769,0,1,3400,-63,63,87,15,24,0.50,47648.000000,0,27,7.0,0.0,0.0,0.0,0.0,0.0,0.0,1.0
120018,0,1,3400,-63,63,84,14,24,0.68,53952.000000,3,27,7.0,0.0,0.0,0.0,0.0,0.0,0.0,1.0
120267,0,1,3400,-63,63,80,12,24,0.50,33728.000000,0,27,6.5,0.0,24480.000000,29,0.0,0.0,0.0,1.0
120516,0,1,3400,-63,63,78,9.9,24,0.53,22464.000000,0,27,4.0,0.0,0.0,100.000000,0.0,0.0,0.0,1.0
120765,0,1,3400,-63,63,81,13,24,0.50,66048.000000,0,27,3.1,0.0,0.0,80,0.0,0.0,0.0,1.0
121014,0,1,3400,-62,62,82,9.5,24,0.50,37888.000000,0,27,2.1,0.0,0.0,0.0,0.0,0.0,0.0,1.0
121263,0,1,3400,-62,62,86,9.2,24,0.50,38336.000000,0,27,1.9,0.0,19552.000000,27,0.0,0.0,0.0,1.0
121512,0,1,3400,-62,62,88,12,25,0.50,52096.000000,0,27,0.0,0.0,1568.000000,0,0.0,0.0,0.0,1.0
121761,0,1,3400,-62,62,87,8.6,24,0.50,59200.000000,0,27,0.0,0.0,0.0,0.0,0.0,0.0,0.0,1.0
122010,0,1,3400,-63,63,88,12,24,0.50,34016.000000,0,27,0.10,0.0,0.0,0.0,0.0,0.0,0.0,1.0
122259,0,1,3400,-63,63,88,7.8,24,0.50,44480.000000,0,27,0.40,70,0.0,71,0.0,0.0,0.0,1.0
122508,0,1,3400,-63,63,87,9.4,24,0.50,40384.000000,0,27,2.0,70,0.0,100.000000,0.0,0.0,0.0,1.0
122757,0,1,3400,-63,63,87,15,24,0.90,57920.000000,4,27,0.92,0.0,2208.000000,50,0.0,0.0,0.0,1.0
123006,0,1,3400,-63,63,87,16,24,0.51,15840.000000,0,27,0.0,0.0,0.0,0.0,0.0,0.0,0.0,1.0
123255,0,1,3400,-63,63,91,13,24,0.61,58016.000000,4,27,0.0,123,896,57,0.0,0.0,0.0,1.0
123504,0,1,3400,-63,63,92,11,24,0.58,26752.000000,0,27,0.0,0.0,2752.000000,47,0.0,0.0,0.0,1.0
123753,0,1,3400,-63,63,91,15,24,0.66,10720.000000,0,27,0.0,0.0,0.0,0.0,0.0,0.0,0.0,1.0
124002,0,1,3400,-63,63,91,8.5,24,0.50,20672.000000,0,27,0.052,0.0,0.0,0.0,0.0,0.0,0.0,1.0
124251,0,1,3400,-63,63,92,14,24,0.52,85088.000000,0,27,0.10,100,0.0,80,0.0,0.0,0.0,1.0
124500,0,1,3400,-63,63,86,13,24,0.54,29376.000000,0,27,0.052,100,0.0,0.0,0.0,0.0,0.0,1.0
124749,0,1,3400,-63,63,86,8.9,25,0.51,23328.000000,0,27,0.0,58,0.0,80,0.0,0.0,0.0,1.0
124998,0,1,3400,-62,62,85,7.6,25,0.50,38176.000000,0,27,0.79,0.0,7328.000000,0,0.0,0.0,0.0,1.0
125247,0,1,3400,-62,62,84,14,25,0.50,37792.000000,0,27,2.9,146,0.0,80,0.0,0.0,0.0,1.0
125496,0,1,3400,-62,62,88,14,25,0.50,21920.000000,0,27,2.5,146,0.0,0.0,0.0,0.0,0.0,1.0
125745,0,1,3400,-62,62,90,9.9,25,0.50,27552.000000,0,27,0.26,0.0,8864.000000,35,0.0,0.0,0.0,1.0
125994,0,1,3400,-62,62,90,11,25,0.50,35840.000000,0,27,0.21,0.0,0.0,0.0,0.0,0.0,0.0,1.0
126243,0,1,3400,-62,62,84,11,25,0.50,29888.000000,0,27,0.0,0.0,6240.000000,62,0.0,0.0,0.0,1.0
126492,0,1,3400,-62,62,86,12,25,1.0,38656.000000,4,27,0.052,0.0,0.0,0.0,0.0,0.0,0.0,1.0
126741,0,1,3400,-62,62,89,13,25,0.50,68096.000000,0,27,0.0,0.0,0.0,0.0,0.0,0.0,0.0,1.0
126990,0,1,3400,-61,61,89,13,25,0.50,29536.000000,0,27,0.0,0.0,0.0,0.0,0.0,0.0,0.0,1.0
127239,0,1,3400,-61,61,85,17,25,0.50,61952.000000,0,27,0.052,0.0,9376.000000,27,0.0,0.0,0.0,1.0
127488,0,1,3400,-61,61,87,9.7,26,0.50,57376.000000,0,27,0.0,0.0,4448.000000,67,0.0,0.0,0.0,1.0
127737,0,1,3400,-61,61,85,11,26,0.52,52192.000000,0,27,0.10,0.0,0.0,0.0,0.0,0.0,0.0,1.0
127986,0,1,3400,-60,60,86,17,26,0.51,42720.000000,0,27,0.0,0.0,0.0,0.0,0.0,0.0,0.0,1.0
128235,0,1,3400,-60,60,82,14,26,0.57,36672.000000,0,27,0.38,0.0,13696.000000,11,0.0,0.0,0.0,1.0
128484,0,1,3400,-60,60,85,16,27,0.50,27808.000000,0,27,1.5,0.0,0.0,0.0,0.0,0.0,0.0,1.0
128733,0,1,3400,-60,60,88,14,27,0.50,32608.000000,0,27,1.5,0.0,0.0,0.0,0.0,0.0,0.0,1.0
128982,0,1,3400,-60,60,90,12,27,0.50,27072.000000,0,27,1.6,0.0,0.0,0.0,0.0,0.0,0.0,1.0
129231,0,1,3400,-60,60,87,13,27,0.50,58880.000000,0,27,1.6,114,0.0,50,0.0,0.0,0.0,1.0
129480,0,1,3400,-60,60,86,13,26,0.50,53984.000000,0,27,3.2,114,0.0,100.000000,0.0,0.0,0.0,1.0
129729,0,1,3400,-60,60,86,6.9,27,0.50,58208.000000,0,27,1.8,0.0,9888.000000,25,0.0,0.0,0.0,1.0
129978,0,1,3400,-59,59,86,8.9,27,0.50,43648.000000,0,27,1.1,0.0,0.0,0.0,0.0,0.0,0.0,1.0
130227,0,1,3400,-59,59,89,13,26,0.50,59360.000000,0,27,0.92,0.0,5472.000000,56,0.0,0.0,0.0,1.0
130476,0,1,3400,-59,59,84,11,27,0.50,54176.000000,0,27,0.052,0.0,0.0,100.000000,0.0,0.0,0.0,1.0
130725,0,1,3400,-59,59,87,12,27,0.50,32608.000000,0,27,0.052,0.0,0.0,0.0,0.0,0.0,0.0,1.0
130974,0,1,3400,-59,59,88,14,28,0.50,31872.000000,0,27,0.0,0.0,0.0,0.0,0.0,0.0,0.0,1.0
131223,0,1,3400,-59,59,85,15,28,0.50,37632.000000,0,27,0.28,0.0,16736.000000,14,0.0,0.0,0.0,1.0
131472,0,1,3400,-59,59,84,15,28,0.57,48736.000000,0,27,3.1,0.0,0.0,0.0,0.0,0.0,0.0,1.0
131721,0,1,3400,-59,59,82,12,28,0.50,54848.000000,0,27,3.1,0.0,0.0,0.0,0.0,0.0,0.0,1.0
131970,0,1,3400,-59,59,91,11,28,0.50,32960.000000,0,27,3.0,0.0,0.0,0.0,0.0,0.0,0.0,1.0
132219,0,1,3400,-59,59,94,9.2,28,0.50,27648.000000,0,27,2.5,0.0,14688.000000,20,0.0,0.0,0.0,1.0
132468,0,1,3400,-59,59,87,11,27,0.61,38336.000000,0,27,0.052,0.0,0.0,100.000000,0.0,0.0,0.0,1.0
132717,0,1,3400,-59,59,81,11,27,0.50,49184.000000,0,27,0.10,0.0,0.0,0.0,0.0,0.0,0.0,1.0
132966,0,1,3400,-59,59,79,9.8,27,0.50,55840.000000,0,27,0.10,0.0,0.0,0.0,0.0,0.0,0.0,1.0
133215,0,1,3400,-59,59,81,13,27,0.50,43744.000000,0,27,0.052,144,0.0,80,0.0,0.0,0.0,1.0
133464,0,1,3400,-59,59,86,16,27,0.50,43232.000000,0,27,0.052,0.0,16448.000000,46,0.0,0.0,0.0,1.0
133713,0,1,3400,-59,59,88,9.3,27,0.50,32832.000000,0,27,0.052,0.0,0.0,0.0,0.0,0.0,0.0,1.0
133962,0,1,3400,-59,59,90,16,28,0.50,10560.000000,0,27,0.052,0.0,0.0,0.0,0.0,0.0,0.0,1.0
134211,0,1,3400,-59,59,86,14,27,0.50,37600.000000,0,27,0.29,0.0,9504.000000,45,0.0,0.0,0.0,1.0
134460,0,1,3400,-59,59,85,10,28,0.50,55072.000000,0,27,0.16,0.0,1568.000000,0,0.0,0.0,0.0,1.0
134709,0,1,3400,-59,59,90,9.9,28,0.76,34624.000000,2,27,0.052,0.0,0.0,0.0,0.0,0.0,0.0,1.0
134958,0,1,3400,-59,59,85,14,28,0.50,16352.000000,0,27,0.0,0.0,0.0,0.0,0.0,0.0,0.0,1.0
135207,0,1,3400,-59,59,78,11,27,0.50,43776.000000,0,27,0.55,0.0,15648.000000,38,0.0,0.0,0.0,1.0
135456,0,1,3400,-59,59,81,12,27,0.50,59584.000000,0,27,3.5,0.0,0.0,0.0,0.0,0.0,0.0,1.0
135705,0,1,3400,-59,59,91,8.9,27,0.50,32896.000000,0,27,3.6,0.0,0.0,0.0,0.0,0.0,0.0,1.0
135954,0,1,3400,-59,59,98,13,27,0.50,16064.000000,0,27,3.5,0.0,0.0,0.0,0.0,0.0,0.0,1.0
136203,0,1,3400,-59,59,90,16,27,0.55,31872.000000,0,27,3.7,0.0,11936.000000,0,0.0,0.0,0.0,1.0
136452,0,1,3400,-59,59,79,13,27,0.52,39104.000000,0,27,9.5,0.0,7200.000000,0,0.0,0.0,0.0,1.0
136701,0,1,3400,-59,59,80,6.7,27,0.50,68864.000000,0,27,9.6,0.0,0.0,0.0,0.0,0.0,0.0,1.0
136950,0,1,3400,-59,59,86,16,28,0.50,64000.000000,0,27,9.5,0.0,0.0,0.0,0.0,0.0,0.0,1.0
137199,0,1,3400,-59,59,83,11,27,0.50,32480.000000,0,27,8.1,0.0,13024.000000,7,0.0,0.0,0.0,1.0
137448,0,1,3400,-59,59,85,10,27,0.50,49376.000000,0,27,0.052,0.0,0.0,0.0,0.0,0.0,0.0,1.0
137697,0,1,3400,-59,59,89,14,28,0.50,59904.000000,0,27,0.052,0.0,0.0,0.0,0.0,0.0,0.0,1.0
137946,0,1,3400,-59,59,93,15,28,0.50,37920.000000,0,27,0.0,0.0,0.0,0.0,0.0,0.0,0.0,1.0
138195,0,1,3400,-59,59,88,10,28,0.50,35392.000000,0,27,1.0,0.0,24096.000000,0,0.0,0.0,0.0,1.0
138444,0,1,3400,-59,59,89,16,27,0.50,51136.000000,0,27,6.4,0.0,4256.000000,0,0.0,0.0,0.0,1.0
138693,0,1,3400,-59,59,90,12,27,0.50,32576.000000,0,27,5.5,0.0,0.0,0.0,0.0,0.0,0.0,1.0
138942,0,1,3400,-59,59,82,6.7,27,0.50,48416.000000,0,27,5.5,0.0,0.0,0.0,0.0,0.0,0.0,1.0
139191,0,1,3400,-59,59,86,11,27,0.50,27168.000000,0,27,5.4,128,608,0,0.0,0.0,0.0,1.0
139440,0,1,3400,-59,59,86,12,27,0.50,50336.000000,0,27,0.052,0.0,13632.000000,0,0.0,0.0,0.0,1.0
139689,0,1,3400,-59,59,84,9.3,28,0.50,32576.000000,0,27,0.0,0.0,0.0,0.0,0.0,0.0,0.0,1.0
139938,0,1,3400,-59,59,86,9.3,28,0.50,28960.000000,0,27,0.0,0.0,0.0,0.0,0.0,0.0,0.0,1.0
140187,0,1,3400,-59,59,89,12,28,0.50,48704.000000,0,27,0.16,98,1568.000000,0,0.0,0.0,0.0,1.0
140436,0,1,3400,-59,59,90,9.9,28,0.50,34016.000000,0,27,0.052,0.0,17056.000000,33,0.0,0.0,0.0,1.0
140685,0,1,3400,-59,59,91,11,27,0.50,65952.000000,0,27,0.052,0.0,0.0,0.0,0.0,0.0,0.0,1.0
140934,0,1,3400,-59,59,95,12,28,0.50,38496.000000,0,27,0.052,0.0,0.0,0.0,0.0,0.0,0.0,1.0
141183,0,1,3400,-59,59,92,19,28,0.50,10592.000000,0,27,0.052,0.0,0.0,0.0,0.0,0.0,0.0,1.0
141432,0,1,3400,-59,59,85,13,27,0.72,47200.000000,4,27,6.4,0.0,24256.000000,17,0.0,0.0,0.0,1.0
141681,0,1,3400,-59,59,84,15,27,0.50,32640.000000,0,27,14,0.0,0.0,0.0,0.0,0.0,0.0,1.0
141930,0,1,3400,-59,59,80,11,27,0.50,27072.000000,0,27,14,0.0,0.0,0.0,0.0,0.0,0.0,1.0
142179,0,1,3400,-59,59,82,14,27,0.50,10656.000000,0,27,15,0.0,0.0,0.0,0.0,0.0,0.0,1.0
142428,0,1,3400,-59,59,88,11,27,0.50,59488.000000,0,27,5.2,0.0,16160.000000,0,0.0,0.0,0.0,1.0
142677,0,1,3400,-59,59,88,15,27,0.50,31968.000000,0,27,1.2,0.0,0.0,0.0,0.0,0.0,0.0,1.0
142926,0,1,3400,-60,60,90,11,27,0.50,28832.000000,0,27,1.1,0.0,0.0,0.0,0.0,0.0,0.0,1.0
143175,0,1,3400,-60,60,94,15,27,0.50,37504.000000,0,27,1.1,0.0,16160.000000,0,0.0,0.0,0.0,1.0
143424,0,1,3400,-60,60,89,16,27,0.50,42464.000000,0,27,1.1,0.0,1568.000000,0,0.0,0.0,0.0,1.0
143673,0,1,3400,-60,60,88,16,27,0.50,37248.000000,0,27,0.66,0.0,1568.000000,0,0.0,0.0,0.0,1.0
143922,0,1,3400,-59,59,89,15,27,1.2,42112.000000,5,27,0.10,0.0,0.0,0.0,0.0,0.0,0.0,1.0
144171,0,1,3400,-59,59,84,13,27,0.50,33312.000000,0,27,0.25,0.0,15680.000000,0,0.0,0.0,0.0,1.0
144420,0,1,3400,-59,59,85,13,27,0.50,59264.000000,0,27,2.1,0.0,0.0,0.0,0.0,0.0,0.0,1.0
144669,0,1,3400,-59,59,87,4.4,27,0.50,47264.000000,0,27,2.0,0.0,0.0,0.0,0.0,0.0,0.0,1.0
144918,0,1,3400,-60,60,86,11,26,0.50,35904.000000,0,27,2.0,0.0,0.0,0.0,0.0,0.0,0.0,1.0
145167,0,1,3400,-60,60,85,7.6,26,0.50,58848.000000,0,27,3.0,0.0,67072.000000,12,0.0,0.0,0.0,1.0
145416,0,1,3400,-60,60,85,14,26,0.50,33408.000000,0,27,4.1,0.0,1568.000000,0,0.0,0.0,0.0,1.0
145665,0,1,3400,-60,60,87,13,26,0.50,54112.000000,0,27,4.0,0.0,0.0,0.0,0.0,0.0,0.0,1.0
145914,0,1,3400,-61,61,89,15,26,0.50,21408.000000,0,27,4.0,0.0,0.0,0.0,0.0,0.0,0.0,1.0
146163,0,1,3400,-61,61,92,14,26,0.50,54112.000000,0,27,5.3,0.0,0.0,80,0.0,0.0,0.0,1.0
146412,0,1,3400,-61,61,91,14,26,0.50,61504.000000,0,27,7.5,0.0,0.0,0.0,0.0,0.0,0.0,1.0
146661,0,1,3400,-61,61,89,16,26,0.58,38240.000000,0,27,1.9,0.0,1568.000000,0,0.0,0.0,0.0,1.0
146910,0,1,3400,-61,61,84,16,26,0.65,20576.000000,10,27,0.052,0.0,0.0,0.0,0.0,0.0,0.0,1.0
147159,0,1,3400,-61,61,85,15,26,0.50,45312.000000,0,27,0.11,115,1024.000000,0,0.0,0.0,0.0,1.0
147408,0,1,3400,-61,61,90,13,26,0.50,52480.000000,0,27,1.1,0.0,9696.000000,0,0.0,0.0,0.0,1.0
147657,0,1,3400,-61,61,89,12,26,0.54,60320.000000,2,27,1.2,0.0,0.0,0.0,0.0,0.0,0.0,1.0
147906,0,1,3400,-60,60,90,6.7,26,1.1,21664.000000,0,27,1.0,0.0,0.0,0.0,0.0,0.0,0.0,1.0
148155,0,1,3400,-60,60,84,7.8,26,0.50,40800.000000,0,27,1.8,0.0,27456.000000,14,0.0,0.0,0.0,1.0
148404,0,1,3400,-60,60,93,10,27,0.50,35584.000000,0,27,7.0,0.0,0.0,0.0,0.0,0.0,0.0,1.0
148653,0,1,3400,-60,60,89,13,27,0.50,32224.000000,0,27,7.0,0.0,0.0,0.0,0.0,0.0,0.0,1.0
148902,0,1,3400,-59,59,84,13,27,0.50,42688.000000,0,27,7.0,0.0,0.0,0.0,0.0,0.0,0.0,1.0
149151,0,1,3400,-59,59,85,11,27,0.50,44736.000000,0,27,5.6,0.0,16032.000000,0,0.0,0.0,0.0,1.0
149400,0,1,3400,-59,59,82,14,27,0.50,64032.000000,0,27,2.0,0.0,0.0,0.0,0.0,0.0,0.0,1.0
149649,0,1,3400,-59,59,85,15,27,0.50,37376.000000,0,27,2.1,0.0,0.0,0.0,0.0,0.0,0.0,1.0
149898,0,1,3400,-59,59,76,13,27,0.50,43360.000000,0,27,2.1,0.0,0.0,0.0,0.0,0.0,0.0,1.0
150147,0,1,3400,-59,59,82,15,27,0.50,26656.000000,0,27,2.0,146,2592.000000,0,0.0,0.0,0.0,1.0
150396,0,1,3400,-59,59,87,16,27,0.65,46912.000000,6,27,7.8,0.0,19072.000000,29,0.0,0.0,0.0,1.0
150645,0,1,3400,-59,59,88,16,27,0.50,21344.000000,0,27,8.0,0.0,0.0,0.0,0.0,0.0,0.0,1.0
150894,0,1,3400,-59,59,91,14,27,0.50,55936.000000,0,27,8.0,0.0,0.0,0.0,0.0,0.0,0.0,1.0
151143,0,1,3400,-59,59,91,8.6,27,0.50,29664.000000,0,27,7.8,0.0,13728.000000,14,0.0,0.0,0.0,1.0
151392,0,1,3400,-59,59,91,12,27,0.50,51232.000000,0,27,7.1,0.0,0.0,80,0.0,0.0,0.0,1.0
151641,0,1,3400,-59,59,95,12,27,0.50,32704.000000,0,27,8.5,0.0,0.0,0.0,0.0,0.0,0.0,1.0
151890,0,1,3400,-59,59,85,16,27,0.50,42336.000000,0,27,5.6,0.0,2592.000000,0,0.0,0.0,0.0,1.0
152139,0,1,3400,-59,59,83,10,27,0.50,28608.000000,0,27,3.3,0.0,21312.000000,0,0.0,0.0,0.0,1.0
152388,0,1,3400,-59,59,84,14,27,0.50,46368.000000,0,27,12,0.0,21952.000000,0,0.0,0.0,0.0,1.0
152637,0,1,3400,-59,59,88,12,28,0.50,71456.000000,0,27,13,0.0,0.0,0.0,0.0,0.0,0.0,1.0
152886,0,1,3400,-59,59,86,16,27,0.50,42912.000000,0,27,13,0.0,0.0,0.0,0.0,0.0,0.0,1.0
153135,0,1,3400,-59,59,82,12,27,0.50,44160.000000,0,27,13,186,0.0,0.0,0.0,0.0,0.0,1.0
153384,0,1,3400,-59,59,86,13,27,0.50,87200.000000,0,27,11,0.0,22720.000000,0,0.0,0.0,0.0,1.0
153633,0,1,3400,-59,59,89,13,27,0.81,36736.000000,6,27,9.5,0.0,0.0,0.0,0.0,0.0,0.0,1.0
153882,0,1,3400,-59,59,93,15,27,0.50,27168.000000,0,27,9.5,0.0,0.0,0.0,0.0,0.0,0.0,1.0
154131,0,1,3400,-59,59,91,8.9,27,0.50,38880.000000,0,27,10,0.0,30816.000000,0,0.0,0.0,0.0,1.0
154380,0,1,3400,-59,59,93,9.5,27,0.50,22048.000000,0,27,12,0.0,0.0,0.0,0.0,0.0,0.0,1.0
154629,0,1,3400,-59,59,94,13,27,0.50,48544.000000,0,27,12,0.0,0.0,0.0,0.0,0.0,0.0,1.0
154878,0,1,3400,-59,59,90,17,27,0.68,32832.000000,0,27,12,0.0,0.0,0.0,0.0,0.0,0.0,1.0
155127,0,1,3400,-59,59,86,15,27,0.50,51456.000000,0,27,11,0.0,18912.000000,0,0.0,0.0,0.0,1.0
155376,0,1,3400,-59,59,83,14,27,0.50,62720.000000,0,27,6.1,0.0,0.0,0.0,0.0,0.0,0.0,1.0
155625,0,1,3400,-59,59,86,16,27,0.50,37984.000000,0,27,6.0,0.0,0.0,0.0,0.0,0.0,0.0,1.0
155874,0,1,3400,-59,59,85,11,27,0.50,34112.000000,0,27,6.1,0.0,0.0,0.0,0.0,0.0,0.0,1.0
156123,0,1,3400,-59,59,81,15,27,0.50,37120.000000,0,27,4.6,0.0,29632.000000,0,0.0,0.0,0.0,1.0
156372,0,1,3400,-59,59,83,13,27,0.50,48768.000000,0,27,2.0,0.0,0.0,0.0,0.0,0.0,0.0,1.0
156621,0,1,3400,-59,59,86,15,27,0.63,30528.000000,10,27,2.1,0.0,0.0,0.0,0.0,0.0,0.0,1.0
156870,0,1,3400,-60,60,84,15,26,0.50,58048.000000,0,27,2.1,0.0,0.0,0.0,0.0,0.0,0.0,1.0
157119,0,1,3400,-60,60,89,14,26,0.55,51008.000000,0,27,2.8,0.0,91776.000000,0,0.0,0.0,0.0,1.0
157368,0,1,3400,-60,60,95,14,27,0.50,31936.000000,0,27,4.5,0.0,0.0,0.0,0.0,0.0,0.0,1.0
157617,0,1,3400,-60,60,97,15,27,0.50,26624.000000,0,27,4.5,0.0,0.0,0.0,0.0,0.0,0.0,1.0
157866,0,1,3400,-59,59,92,13,27,0.50,54272.000000,0,27,4.5,0.0,0.0,0.0,0.0,0.0,0.0,1.0
158115,0,1,3400,-59,59,91,4.1,27,0.50,31904.000000,0,27,4.5,0.0,0.0,0.0,0.0,0.0,0.0,1.0
158364,0,1,3400,-59,59,89,13,27,0.50,60544.000000,0,27,2.2,0.0,22304.000000,19,0.0,0.0,0.0,1.0
158613,0,1,3400,-59,59,87,14,27,0.73,82752.000000,0,27,1.1,0.0,0.0,0.0,0.0,0.0,0.0,1.0
158862,0,1,3400,-60,60,85,14,27,0.53,45600.000000,0,27,1.0,0.0,0.0,0.0,0.0,0.0,0.0,1.0
159111,0,1,3400,-60,60,88,13,26,0.96,42528.000000,4,27,1.3,0.0,13888.000000,0,0.0,0.0,0.0,1.0
159360,0,1,3400,-60,60,90,8.0,26,0.50,44032.000000,0,27,1.1,0.0,0.0,0.0,0.0,0.0,0.0,1.0
159609,0,1,3400,-60,60,85,15,26,0.59,51168.000000,0,27,1.1,0.0,0.0,0.0,0.0,0.0,0.0,1.0
159858,0,1,3400,-59,59,88,10,26,0.50,54816.000000,0,27,1.1,0.0,0.0,0.0,0.0,0.0,0.0,1.0
160107,0,1,3400,-59,59,82,8.5,27,0.50,32512.000000,0,27,1.1,186,0.0,0.0,0.0,0.0,0.0,1.0
160356,0,1,3400,-59,59,80,16,27,0.50,31968.000000,0,27,1.6,0.0,17248.000000,0,0.0,0.0,0.0,1.0
160605,0,1,3400,-59,59,86,12,27,0.50,54880.000000,0,27,2.0,0.0,0.0,0.0,0.0,0.0,0.0,1.0
160854,0,1,3400,-60,60,88,12,27,0.50,32320.000000,0,27,2.0,0.0,0.0,0.0,0.0,0.0,0.0,1.0
161103,0,1,3400,-60,60,92,13,27,0.50,49152.000000,0,27,1.4,0.0,13856.000000,0,0.0,0.0,0.0,1.0
161352,0,1,3400,-60,60,91,8.7,27,0.50,40864.000000,0,27,0.0,0.0,0.0,0.0,0.0,0.0,0.0,1.0
161601,0,1,3400,-60,60,90,11,27,0.59,39648.000000,0,27,0.036,0.0,0.0,0.0,0.0,0.0,0.0,1.0
161850,0,1,3400,-60,60,91,14,27,0.50,42976.000000,0,27,0.036,0.0,0.0,0.0,0.0,0.0,0.0,1.0
162099,0,1,3400,-60,60,86,9.1,26,0.50,11456.000000,0,27,0.87,0.0,53024.000000,0,0.0,0.0,0.0,1.0
162348,0,1,3400,-60,60,87,11,26,0.50,37664.000000,0,27,8.5,0.0,1568.000000,57,0.0,0.0,0.0,1.0
162597,0,1,3400,-60,60,86,11,26,0.50,55168.000000,0,27,7.0,0.0,0.0,0.0,0.0,0.0,0.0,1.0
162846,0,1,3400,-60,60,87,13,26,0.51,48672.000000,0,27,7.0,0.0,0.0,0.0,0.0,0.0,0.0,1.0
163095,0,1,3400,-60,60,80,12,26,0.50,16000.000000,0,27,5.8,0.0,15424.000000,0,0.0,0.0,0.0,1.0
163344,0,1,3400,-60,60,87,14,26,0.50,16512.000000,0,27,4.4,0.0,0.0,80,0.0,0.0,0.0,1.0
163593,0,1,3400,-60,60,92,12,27,0.50,16096.000000,0,27,6.0,0.0,0.0,0.0,0.0,0.0,0.0,1.0
163842,0,1,3400,-60,60,98,14,27,0.50,42944.000000,0,27,6.0,0.0,0.0,0.0,0.0,0.0,0.0,1.0
164091,0,1,3400,-60,60,91,15,27,0.50,16128.000000,0,27,5.1,0.0,15072.000000,0,0.0,0.0,0.0,1.0
164340,0,1,3400,-60,60,91,13,26,0.50,48384.000000,0,27,0.0,0.0,1568.000000,0,0.0,0.0,0.0,1.0
164589,0,1,3400,-60,60,92,14,26,0.50,34016.000000,0,27,0.11,0.0,0.0,0.0,0.0,0.0,0.0,1.0
164838,0,1,3400,-60,60,91,15,27,0.50,41536.000000,0,27,0.072,0.0,0.0,0.0,0.0,0.0,0.0,1.0
165087,0,1,3400,-60,60,88,11,26,0.50,50016.000000,0,27,0.10,144,1568.000000,0,0.0,0.0,0.0,1.0
165336,0,1,3400,-60,60,87,12,26,0.50,38624.000000,0,27,0.20,0.0,12288.000000,0,0.0,0.0,0.0,1.0
165585,0,1,3400,-60,60,84,10,26,0.50,44480.000000,0,27,0.0,0.0,0.0,0.0,0.0,0.0,0.0,1.0
165834,0,1,3400,-60,60,84,9.0,26,0.50,73120.000000,0,27,0.0,0.0,0.0,0.0,0.0,0.0,0.0,1.0
166083,0,1,3400,-60,60,86,10,26,0.50,59648.000000,0,27,1.5,0.0,11936.000000,33,0.0,0.0,0.0,1.0
166332,0,1,3400,-60,60,88,13,26,0.50,21664.000000,0,27,0.0,0.0,6752.000000,0,0.0,0.0,0.0,1.0
166581,0,1,3400,-60,60,86,15,27,0.50,10592.000000,0,27,0.0,0.0,0.0,0.0,0.0,0.0,0.0,1.0
166830,0,1,3400,-60,60,84,15,27,0.56,36672.000000,6,27,0.0,0.0,0.0,0.0,0.0,0.0,0.0,1.0
167079,0,1,3400,-60,60,84,14,27,0.50,37664.000000,0,27,0.072,0.0,1568.000000,0,0.0,0.0,0.0,1.0
167328,0,1,3400,-60,60,80,15,27,0.50,53344.000000,0,27,8.5,0.0,21120.000000,20,0.0,0.0,0.0,1.0
167577,0,1,3400,-60,60,84,14,27,0.50,32768.000000,0,27,14,0.0,0.0,0.0,0.0,0.0,0.0,1.0
167826,0,1,3400,-60,60,88,13,26,0.73,16960.000000,0,27,14,0.0,0.0,0.0,0.0,0.0,0.0,1.0
168075,0,1,3400,-60,60,92,12,26,0.50,43392.000000,0,27,14,165,0.0,0,0.0,0.0,0.0,1.0
168324,0,1,3400,-60,60,97,7.2,26,0.50,34720.000000,0,27,0.072,0.0,13184.000000,0,0.0,0.0,0.0,1.0
168573,0,1,3400,-60,60,93,12,26,0.52,37504.000000,0,27,0.072,0.0,0.0,0.0,0.0,0.0,0.0,1.0
168822,0,1,3400,-60,60,91,9.9,26,0.50,36736.000000,0,27,0.072,0.0,0.0,0.0,0.0,0.0,0.0,1.0
169071,0,1,3400,-60,60,87,11,26,0.50,44512.000000,0,27,0.036,0.0,1568.000000,0,0.0,0.0,0.0,1.0
169320,0,1,3400,-60,60,89,6.1,26,0.50,46944.000000,0,27,2.7,0.0,18464.000000,0,0.0,0.0,0.0,1.0
169569,0,1,3400,-60,60,90,4.6,27,0.50,56192.000000,0,27,3.5,0.0,0.0,0.0,0.0,0.0,0.0,1.0
169818,0,1,3400,-60,60,94,2.2,27,0.50,71264.000000,0,27,3.5,0.0,0.0,0.0,0.0,0.0,0.0,1.0
170067,0,1,3400,-60,60,96,13,26,0.50,64032.000000,0,27,3.7,0.0,0.0,50,0.0,0.0,0.0,1.0
170316,0,1,3400,-60,60,89,15,26,0.83,22976.000000,0,27,7.5,0.0,0.0,100.000000,0.0,0.0,0.0,1.0
170565,0,1,3400,-60,60,81,13,27,0.50,25536.000000,0,27,7.5,0.0,0.0,0.0,0.0,0.0,0.0,1.0
170814,0,1,3400,-60,60,82,12,26,0.50,111232.000000,0,27,7.4,0.0,0.0,0.0,0.0,0.0,0.0,1.0
171063,0,1,3400,-60,60,84,11,26,0.50,44224.000000,0,27,7.5,186,0.0,0.0,0.0,0.0,0.0,1.0
171312,0,1,3400,-60,60,91,15,26,0.50,44160.000000,0,27,5.1,0.0,31520.000000,6,0.0,0.0,0.0,1.0
171561,0,1,3400,-60,60,88,9.2,26,0.50,52960.000000,0,27,4.5,0.0,0.0,0.0,0.0,0.0,0.0,1.0
171810,0,1,3400,-59,59,85,11,27,0.50,26272.000000,0,27,4.5,0.0,0.0,0.0,0.0,0.0,0.0,1.0
172059,0,1,3400,-59,59,91,12,27,0.50,44000.000000,0,27,5.7,0.0,0.0,80,0.0,0.0,0.0,1.0
172308,0,1,3400,-59,59,93,10,27,0.50,16000.000000,0,27,10,0.0,0.0,0.0,0.0,0.0,0.0,1.0
172557,0,1,3400,-59,59,91,13,27,0.50,43648.000000,0,27,10,0.0,0.0,0.0,0.0,0.0,0.0,1.0
172806,0,1,3400,-59,59,87,11,27,0.50,38912.000000,0,27,10,0.0,0.0,0.0,0.0,0.0,0.0,1.0
173055,0,1,3400,-59,59,91,11,27,0.50,27296.000000,0,27,11,0.0,0.0,0.0,0.0,0.0,0.0,1.0
173304,0,1,3400,-59,59,89,7.2,27,0.50,19136.000000,0,27,9.9,0.0,65920.000000,0,0.0,0.0,0.0,1.0
173553,0,1,3400,-59,59,87,13,27,0.50,64960.000000,0,27,9.5,0.0,0.0,0.0,0.0,0.0,0.0,1.0
173802,0,1,3400,-59,59,89,13,27,0.50,26976.000000,0,27,9.5,0.0,0.0,0.0,0.0,0.0,0.0,1.0
174051,0,1,3400,-59,59,87,13,27,0.50,13216.000000,0,27,8.4,0.0,15040.000000,0,0.0,0.0,0.0,1.0
174300,0,1,3400,-59,59,91,12,27,0.50,63392.000000,0,27,6.0,0.0,0.0,0.0,0.0,0.0,0.0,1.0
174549,0,1,3400,-59,59,90,9.5,26,0.54,41952.000000,0,27,6.0,0.0,0.0,0.0,0.0,0.0,0.0,1.0
174798,0,1,3400,-59,59,84,11,27,0.50,16288.000000,0,27,6.0,0.0,0.0,0.0,0.0,0.0,0.0,1.0
175047,0,1,3400,-59,59,91,9.0,27,0.50,33088.000000,0,27,6.9,0.0,19776.000000,0,0.0,0.0,0.0,1.0
175296,0,1,3400,-59,59,93,8.8,27,0.53,57728.000000,0,27,6.0,0.0,1568.000000,0,0.0,0.0,0.0,1.0
175545,0,1,3400,-59,59,84,8.7,27,0.50,32544.000000,0,27,6.0,0.0,0.0,0.0,0.0,0.0,0.0,1.0
175794,0,1,3400,-59,59,85,11,27,0.50,54176.000000,0,27,6.1,0.0,0.0,0.0,0.0,0.0,0.0,1.0
176043,0,1,3400,-59,59,84,6.5,27,0.50,34688.000000,0,27,6.9,0.0,36832.000000,0,0.0,0.0,0.0,1.0
176292,0,1,3400,-59,59,89,8.7,27,0.50,44960.000000,0,27,9.6,0.0,4384.000000,0,0.0,0.0,0.0,1.0
176541,0,1,3400,-59,59,88,12,27,0.50,44128.000000,0,27,9.5,0.0,0.0,0.0,0.0,0.0,0.0,1.0
176790,0,1,3400,-59,59,92,5.9,27,0.50,23072.000000,0,27,9.5,0.0,0.0,0.0,0.0,0.0,0.0,1.0
177039,0,1,3400,-59,59,99,4.8,27,0.50,55872.000000,0,27,8.4,0.0,1568.000000,40,0.0,0.0,0.0,1.0
177288,0,1,3400,-59,59,92,6.9,27,0.50,39552.000000,0,27,5.6,0.0,19040.000000,0,0.0,0.0,0.0,1.0
177537,0,1,3400,-59,59,86,7.4,27,0.50,61440.000000,0,27,8.0,0.0,0.0,0.0,0.0,0.0,0.0,1.0
177786,0,1,3400,-59,59,83,8.5,27,0.50,22848.000000,0,27,8.0,0.0,0.0,0.0,0.0,0.0,0.0,1.0
178035,0,1,3400,-59,59,84,14,27,0.52,59040.000000,0,27,8.0,186,0.0,0.0,0.0,0.0,0.0,1.0
178284,0,1,3400,-59,59,87,10,27,0.50,33120.000000,0,27,10,0.0,0.0,80,0.0,0.0,0.0,1.0
178533,0,1,3400,-59,59,89,10,27,0.50,40928.000000,0,27,10,0.0,0.0,0.0,0.0,0.0,0.0,1.0
178782,0,1,3400,-59,59,83,13,27,0.50,27040.000000,0,27,10,0.0,0.0,0.0,0.0,0.0,0.0,1.0
179031,0,1,3400,-59,59,89,14,27,0.53,43040.000000,0,27,8.5,0.0,10048.000000,0,0.0,0.0,0.0,1.0
179280,0,1,3400,-59,59,92,10,27,0.50,45696.000000,0,27,0.0,0.0,0.0,0.0,0.0,0.0,0.0,1.0
179529,0,1,3400,-59,59,89,12,27,0.50,26880.000000,0,27,0.0,0.0,0.0,0.0,0.0,0.0,0.0,1.0
179778,0,1,3400,-59,59,91,15,27,0.50,32000.000000,0,27,0.0,0.0,0.0,0.0,0.0,0.0,0.0,1.0
180027,0,1,3400,-59,59,91,17,27,0.50,31968.000000,0,27,0.0,0.0,13856.000000,0,0.0,0.0,0.0,1.0
180276,0,1,3400,-59,59,88,9.9,26,0.51,40864.000000,0,27,3.2,0.0,9376.000000,0,0.0,0.0,0.0,1.0
180525,0,1,3400,-59,59,90,10,27,0.60,63872.000000,0,27,4.6,0.0,0.0,0.0,0.0,0.0,0.0,1.0
180774,0,1,3400,-60,60,90,17,27,0.50,58688.000000,0,27,4.5,0.0,0.0,0.0,0.0,0.0,0.0,1.0
181023,0,1,3400,-60,60,90,9.6,27,0.50,27776.000000,0,27,3.9,0.0,11072.000000,0,0.0,0.0,0.0,1.0
181272,0,1,3400,-60,60,85,14,26,0.50,57760.000000,0,27,0.0,0.0,0.0,0.0,0.0,0.0,0.0,1.0
181521,0,1,3400,-60,60,87,12,27,0.50,34624.000000,0,27,0.0,0.0,0.0,0.0,0.0,0.0,0.0,1.0
181770,0,1,3400,-59,59,90,15,27,0.50,47744.000000,0,27,0.0,0.0,0.0,0.0,0.0,0.0,0.0,1.0
182019,0,1,3400,-59,59,87,12,27,0.50,27200.000000,0,27,0.46,0.0,24672.000000,0,0.0,0.0,0.0,1.0
182268,0,1,3400,-59,59,82,8.4,27,0.50,67712.000000,0,27,3.5,0.0,0.0,0.0,0.0,0.0,0.0,1.0
182517,0,1,3400,-59,59,84,13,27,0.50,42848.000000,0,27,3.5,0.0,0.0,0.0,0.0,0.0,0.0,1.0
182766,0,1,3400,-59,59,93,11,27,0.50,33792.000000,0,27,3.5,0.0,0.0,0.0,0.0,0.0,0.0,1.0
183015,0,1,3400,-59,59,91,13,27,0.50,38688.000000,0,27,3.5,98,3136.000000,0,0.0,0.0,0.0,1.0
183264,0,1,3400,-59,59,88,17,26,0.50,21344.000000,0,27,0.97,0.0,15904.000000,0,0.0,0.0,0.0,1.0
183513,0,1,3400,-59,59,87,14,27,0.50,5408.000000,0,27,1.0,0.0,0.0,0.0,0.0,0.0,0.0,1.0
183762,0,1,3400,-59,59,86,6.6,27,0.50,86176.000000,0,27,1.0,0.0,0.0,0.0,0.0,0.0,0.0,1.0
184011,0,1,3400,-59,59,86,13,27,0.50,43456.000000,0,27,0.97,0.0,14112.000000,0,0.0,0.0,0.0,1.0
184260,0,1,3400,-59,59,89,15,27,0.50,64896.000000,0,27,0.0,0.0,0.0,0.0,0.0,0.0,0.0,1.0
184509,0,1,3400,-59,59,87,13,27,0.50,37664.000000,0,27,0.0,0.0,0.0,0.0,0.0,0.0,0.0,1.0
184758,0,1,3400,-59,59,87,14,27,0.50,16000.000000,0,27,0.0,0.0,0.0,0.0,0.0,0.0,0.0,1.0
185007,0,1,3400,-59,59,96,9.8,27,0.50,54688.000000,0,27,1.4,0.0,0.0,80,0.0,0.0,0.0,1.0
185256,0,1,3400,-59,59,94,12,27,0.50,65312.000000,0,27,7.0,0.0,0.0,0.0,0.0,0.0,0.0,1.0
185505,0,1,3400,-59,59,93,13,27,0.50,38016.000000,0,27,7.0,0.0,0.0,0.0,0.0,0.0,0.0,1.0
185754,0,1,3400,-60,60,90,14,26,0.54,39232.000000,0,27,7.0,0.0,0.0,0.0,0.0,0.0,0.0,1.0
186003,0,1,3400,-60,60,91,11,26,0.58,21792.000000,0,27,6.9,144,1568.000000,0,0.0,0.0,0.0,1.0
186252,0,1,3400,-60,60,88,14,26,0.50,54176.000000,0,27,0.056,0.0,8416.000000,0,0.0,0.0,0.0,1.0
186501,0,1,3400,-60,60,90,10,26,0.50,16544.000000,0,27,0.0,0.0,0.0,0.0,0.0,0.0,0.0,1.0
186750,0,1,3400,-60,60,95,11,27,0.50,33344.000000,0,27,0.0,0.0,0.0,0.0,0.0,0.0,0.0,1.0
186999,0,1,3400,-60,60,92,9.1,26,0.50,43840.000000,0,27,0.12,0.0,10176.000000,0,0.0,0.0,0.0,1.0
187248,0,1,3400,-60,60,92,11,26,0.50,21504.000000,0,27,0.0,0.0,896,0,0.0,0.0,0.0,1.0
187497,0,1,3400,-60,60,93,10,27,0.50,44064.000000,0,27,0.0,0.0,0.0,0.0,0.0,0.0,0.0,1.0
187746,0,1,3400,-60,60,99,14,27,0.52,64672.000000,0,27,0.0,0.0,0.0,0.0,0.0,0.0,0.0,1.0
187995,0,1,3400,-60,60,98,10,26,0.50,5344.000000,0,27,0.0,186,0.0,0.0,0.0,0.0,0.0,1.0
188244,0,1,3400,-60,60,88,14,26,0.50,16064.000000,0,27,13,0.0,42432.000000,59,0.0,0.0,0.0,1.0
188493,0,1,3400,-60,60,83,13,27,0.50,48544.000000,0,27,16,0.0,0.0,0.0,0.0,0.0,0.0,1.0
188742,0,1,3400,-59,59,89,14,27,0.50,43072.000000,0,27,16,0.0,0.0,0.0,0.0,0.0,0.0,1.0
188991,0,1,3400,-59,59,83,15,26,0.50,56000.000000,0,27,13,0.0,19040.000000,0,0.0,0.0,0.0,1.0
189240,0,1,3400,-59,59,86,11,27,0.50,78400.000000,0,27,0.13,0.0,0.0,0.0,0.0,0.0,0.0,1.0
189489,0,1,3400,-59,59,85,9.5,26,0.50,45888.000000,0,27,0.0,0.0,0.0,0.0,0.0,0.0,0.0,1.0
189738,0,1,3400,-60,60,89,9.0,26,0.50,34560.000000,0,27,0.13,0.0,0.0,0.0,0.0,0.0,0.0,1.0
189987,0,1,3400,-60,60,92,14,27,0.51,37600.000000,0,27,0.79,0.0,33088.000000,0,0.0,0.0,0.0,1.0
190236,0,1,3400,-60,60,91,13,26,0.50,52608.000000,0,27,4.0,0.0,0.0,0.0,0.0,0.0,0.0,1.0
190485,0,1,3400,-60,60,90,14,26,0.50,25600.000000,0,27,4.0,0.0,0.0,0.0,0.0,0.0,0.0,1.0
190734,0,1,3400,-60,60,88,14,27,0.54,34752.000000,0,27,4.1,0.0,0.0,0.0,0.0,0.0,0.0,1.0
190983,0,1,3400,-60,60,88,7.9,26,0.50,78912.000000,0,27,6.2,0.0,26240.000000,52,0.0,0.0,0.0,1.0
191232,0,1,3400,-60,60,89,17,26,0.50,21440.000000,0,27,6.7,0.0,1568.000000,0,0.0,0.0,0.0,1.0
191481,0,1,3400,-60,60,91,14,26,0.79,47616.000000,5,27,6.1,0.0,0.0,0.0,0.0,0.0,0.0,1.0
191730,0,1,3400,-60,60,89,12,26,0.50,83488.000000,0,27,6.1,0.0,0.0,0.0,0.0,0.0,0.0,1.0
191979,0,1,3400,-60,60,85,12,26,0.50,37120.000000,0,27,5.4,0.0,17472.000000,6,0.0,0.0,0.0,1.0
192228,0,1,3400,-60,60,90,13,26,0.50,59904.000000,0,27,1.7,0.0,1568.000000,60,0.0,0.0,0.0,1.0
192477,0,1,3400,-60,60,88,15,26,0.50,21600.000000,0,27,1.0,0.0,0.0,0.0,0.0,0.0,0.0,1.0
192726,0,1,3400,-61,61,88,10,26,0.50,40736.000000,0,27,1.1,0.0,0.0,0.0,0.0,0.0,0.0,1.0
192975,0,1,3400,-61,61,95,14,26,0.60,24064.000000,0,27,1.0,98,1568.000000,0,0.0,0.0,0.0,1.0
193224,0,1,3400,-61,61,96,13,26,0.56,61248.000000,0,27,5.4,0.0,59072.000000,0,0.0,0.0,0.0,1.0
193473,0,1,3400,-61,61,81,13,26,0.50,67008.000000,0,27,5.6,0.0,0.0,0.0,0.0,0.0,0.0,1.0
193722,0,1,3400,-60,60,83,11,26,0.50,24928.000000,0,27,5.5,0.0,0.0,0.0,0.0,0.0,0.0,1.0
193971,0,1,3400,-60,60,86,15,26,0.50,32352.000000,0,27,4.6,0.0,13824.000000,0,0.0,0.0,0.0,1.0
194220,0,1,3400,-60,60,90,12,26,0.50,16480.000000,0,27,0.0,0.0,0.0,0.0,0.0,0.0,0.0,1.0
194469,0,1,3400,-60,60,88,12,26,0.50,27840.000000,0,27,0.064,0.0,0.0,0.0,0.0,0.0,0.0,1.0
194718,0,1,3400,-59,59,89,6.2,26,0.50,39200.000000,0,27,0.064,0.0,0.0,0.0,0.0,0.0,0.0,1.0
194967,0,1,3400,-59,59,89,16,26,0.50,59584.000000,0,27,0.088,110,3488.000000,0,0.0,0.0,0.0,1.0
195216,0,1,3400,-59,59,85,10,27,0.57,41984.000000,0,27,7.8,0.0,74912.000000,0,0.0,0.0,0.0,1.0
195465,0,1,3400,-59,59,87,13,27,0.51,21568.000000,0,27,6.5,0.0,0.0,0.0,0.0,0.0,0.0,1.0
195714,0,1,3400,-59,59,88,14,27,0.50,42592.000000,0,27,6.5,0.0,0.0,0.0,0.0,0.0,0.0,1.0
195963,0,1,3400,-59,59,86,12,27,0.50,16480.000000,0,27,5.6,0.0,13248.000000,0,0.0,0.0,0.0,1.0
196212,0,1,3400,-59,59,89,10,27,0.50,5408.000000,0,27,1.3,0.0,1568.000000,0,0.0,0.0,0.0,1.0
196461,0,1,3400,-59,59,90,16,27,0.50,64512.000000,0,27,1.1,0.0,0.0,0.0,0.0,0.0,0.0,1.0
196710,0,1,3400,-60,60,86,16,27,0.50,0.0,0.0,27,1.0,0.0,0.0,0.0,0.0,0.0,0.0,1.0
196959,0,1,3400,-60,60,90,17,27,0.50,58432.000000,0,27,2.1,0.0,13184.000000,0,0.0,0.0,0.0,1.0
197208,0,1,3400,-60,60,93,16,26,0.63,59840.000000,0,27,7.1,0.0,0.0,0.0,0.0,0.0,0.0,1.0
197457,0,1,3400,-60,60,91,15,26,0.50,21344.000000,0,27,7.0,0.0,0.0,0.0,0.0,0.0,0.0,1.0
197706,0,1,3400,-59,59,94,16,26,0.51,53376.000000,0,27,7.0,0.0,0.0,0.0,0.0,0.0,0.0,1.0
197955,0,1,3400,-59,59,96,11,27,0.50,44736.000000,0,27,9.4,0.0,138720.000000,22,0.0,0.0,0.0,1.0
198204,0,1,3400,-59,59,89,14,27,0.50,52992.000000,0,27,16,0.0,0.0,0.0,0.0,0.0,0.0,1.0
198453,0,1,3400,-59,59,84,15,27,0.50,48032.000000,0,27,16,0.0,0.0,0.0,0.0,0.0,0.0,1.0
198702,0,1,3400,-59,59,87,15,28,0.50,37184.000000,0,27,16,0.0,0.0,0.0,0.0,0.0,0.0,1.0
198951,0,1,3400,-59,59,89,14,27,0.50,58656.000000,0,27,11,0.0,15904.000000,0,0.0,0.0,0.0,1.0
199200,0,1,3400,-59,59,94,15,27,0.50,26848.000000,0,27,1.1,0.0,0.0,0.0,0.0,0.0,0.0,1.0
199449,0,1,3400,-59,59,90,13,27,0.50,26848.000000,0,27,1.1,0.0,0.0,0.0,0.0,0.0,0.0,1.0
199698,0,1,3400,-59,59,88,12,27,0.50,5920.000000,0,27,1.00,0.0,0.0,0.0,0.0,0.0,0.0,1.0
199947,0,1,3400,-59,59,85,14,27,0.50,10592.000000,0,27,1.1,74,1312.000000,0,0.0,0.0,0.0,1.0
200196,0,1,3400,-59,59,82,15,27,0.50,21248.000000,0,27,4.2,0.0,22528.000000,0,0.0,0.0,0.0,1.0
200445,0,1,3400,-59,59,88,16,27,0.50,37184.000000,0,27,4.0,0.0,0.0,0.0,0.0,0.0,0.0,1.0
200694,0,1,3400,-59,59,92,16,26,0.50,37504.000000,0,27,4.0,0.0,0.0,0.0,0.0,0.0,0.0,1.0
200943,0,1,3400,-59,59,98,17,27,0.50,47904.000000,0,27,4.2,0.0,10528.000000,0,0.0,0.0,0.0,1.0
201192,0,1,3400,-59,59,97,18,27,0.50,21120.000000,0,27,4.0,0.0,0.0,0.0,0.0,0.0,0.0,1.0
201441,0,1,3400,-59,59,89,16,27,0.50,65856.000000,0,27,4.0,0.0,0.0,0.0,0.0,0.0,0.0,1.0
201690,0,1,3400,-60,60,84,14,27,0.50,52032.000000,0,27,4.0,0.0,0.0,0.0,0.0,0.0,0.0,1.0
201939,0,1,3400,-60,60,88,11,27,0.61,30656.000000,8,27,4.0,60,4256.000000,0,0.0,0.0,0.0,1.0
202188,0,1,3400,-60,60,91,14,27,0.64,53184.000000,4,27,6.4,0.0,20160.000000,0,0.0,0.0,0.0,1.0
202437,0,1,3400,-60,60,93,15,27,0.50,26656.000000,0,27,6.6,0.0,0.0,0.0,0.0,0.0,0.0,1.0
202686,0,1,3400,-59,59,90,17,27,0.52,63456.000000,0,27,6.5,0.0,0.0,0.0,0.0,0.0,0.0,1.0
202935,0,1,3400,-59,59,90,15,27,0.51,32480.000000,0,27,7.9,0.0,15808.000000,0,0.0,0.0,0.0,1.0
203184,0,1,3400,-59,59,85,15,27,0.50,37056.000000,0,27,9.6,0.0,7200.000000,0,0.0,0.0,0.0,1.0
203433,0,1,3400,-59,59,87,16,27,0.50,42560.000000,0,27,9.5,0.0,0.0,0.0,0.0,0.0,0.0,1.0
203682,0,1,3400,-59,59,83,17,27,0.50,10752.000000,0,27,9.5,0.0,0.0,0.0,0.0,0.0,0.0,1.0
203931,0,1,3400,-59,59,91,17,27,0.68,35872.000000,8,27,8.3,0.0,27712.000000,0,0.0,0.0,0.0,1.0
204180,0,1,3400,-59,59,90,17,27,0.80,46560.000000,6,27,8.5,0.0,0.0,0.0,0.0,0.0,0.0,1.0
204429,0,1,3400,-59,59,89,16,27,0.50,42464.000000,0,27,8.5,0.0,0.0,0.0,0.0,0.0,0.0,1.0
204678,0,1,3400,-60,60,90,18,27,0.50,47648.000000,0,27,8.6,0.0,0.0,0.0,0.0,0.0,0.0,1.0
204927,0,1,3400,-60,60,84,16,27,0.50,42336.000000,0,27,7.3,0.0,35520.000000,0,0.0,0.0,0.0,1.0
205176,0,1,3400,-60,60,86,16,27,0.50,47584.000000,0,27,8.0,0.0,0.0,0.0,0.0,0.0,0.0,1.0
205425,0,1,3400,-60,60,82,16,26,0.50,37312.000000,0,27,8.0,0.0,0.0,0.0,0.0,0.0,0.0,1.0
205674,0,1,3400,-60,60,81,17,27,0.50,42752.000000,0,27,8.0,0.0,0.0,0.0,0.0,0.0,0.0,1.0
205923,0,1,3400,-60,60,83,14,26,0.50,21056.000000,0,27,8.0,0.0,2272.000000,0,0.0,0.0,0.0,1.0
206172,0,1,3400,-60,60,86,17,26,0.50,15744.000000,0,27,3.6,0.0,10784.000000,0,0.0,0.0,0.0,1.0
206421,0,1,3400,-60,60,87,17,26,0.50,26496.000000,0,27,3.6,0.0,0.0,0.0,0.0,0.0,0.0,1.0
206670,0,1,3400,-61,61,89,18,26,0.54,31744.000000,0,27,3.5,0.0,0.0,0.0,0.0,0.0,0.0,1.0
206919,0,1,3400,-61,61,86,16,26,0.50,15840.000000,0,27,4.2,0.0,15872.000000,0,0.0,0.0,0.0,1.0
207168,0,1,3400,-61,61,87,10,26,0.75,32128.000000,6,27,6.5,0.0,0.0,0.0,0.0,0.0,0.0,1.0
207417,0,1,3400,-61,61,87,14,26,0.50,74368.000000,0,27,6.6,0.0,0.0,0.0,0.0,0.0,0.0,1.0
207666,0,1,3400,-60,60,89,16,26,0.50,31808.000000,0,27,6.5,0.0,0.0,0.0,0.0,0.0,0.0,1.0
207915,0,1,3400,-60,60,90,16,26,0.62,65216.000000,0,27,8.1,0.0,24256.000000,20,0.0,0.0,0.0,1.0
208164,0,1,3400,-60,60,91,14,26,0.50,42528.000000,0,27,8.8,0.0,2592.000000,0,0.0,0.0,0.0,1.0
208413,0,1,3400,-60,60,91,16,26,0.50,31904.000000,0,27,8.5,0.0,0.0,0.0,0.0,0.0,0.0,1.0
208662,0,1,3400,-61,61,96,16,26,0.50,21344.000000,0,27,8.6,0.0,0.0,0.0,0.0,0.0,0.0,1.0
208911,0,1,3400,-61,61,98,15,25,0.50,32192.000000,0,27,8.2,112,2592.000000,0,0.0,0.0,0.0,1.0
209160,0,1,3400,-61,61,95,14,25,0.50,42752.000000,0,27,3.4,0.0,38912.000000,0,0.0,0.0,0.0,1.0
209409,0,1,3400,-61,61,91,17,25,0.50,26592.000000,0,27,3.5,0.0,0.0,0.0,0.0,0.0,0.0,1.0
209658,0,1,3400,-61,61,87,14,26,0.52,70624.000000,0,27,3.5,0.0,0.0,0.0,0.0,0.0,0.0,1.0
209907,0,1,3400,-61,61,90,14,26,0.50,37120.000000,0,27,4.1,0.0,36576.000000,9,0.0,0.0,0.0,1.0
210156,0,1,3400,-61,61,92,10,26,0.50,35680.000000,0,27,8.0,0.0,0.0,0.0,0.0,0.0,0.0,1.0
210405,0,1,3400,-61,61,91,12,26,0.50,20256.000000,0,27,8.0,0.0,0.0,0.0,0.0,0.0,0.0,1.0
210654,0,1,3400,-61,61,92,13,26,0.50,31872.000000,0,27,8.0,0.0,0.0,0.0,0.0,0.0,0.0,1.0
210903,0,1,3400,-61,61,92,15,26,0.53,37792.000000,0,27,10,0.0,0.0,80,0.0,0.0,0.0,1.0
211152,0,1,3400,-61,61,90,17,26,0.58,31904.000000,0,27,14,0.0,0.0,0.0,0.0,0.0,0.0,1.0
211401,0,1,3400,-61,61,90,12,26,0.50,37632.000000,0,27,14,0.0,0.0,0.0,0.0,0.0,0.0,1.0
211650,0,1,3400,-60,60,87,15,26,0.54,65664.000000,0,27,14,0.0,0.0,0.0,0.0,0.0,0.0,1.0
211899,0,1,3400,-60,60,90,17,26,0.50,31968.000000,0,27,12,0.0,11776.000000,0,0.0,0.0,0.0,1.0
212148,0,1,3400,-60,60,91,14,26,0.50,66720.000000,0,27,3.8,0.0,1568.000000,0,0.0,0.0,0.0,1.0
212397,0,1,3400,-60,60,90,15,26,0.50,40672.000000,0,27,3.0,0.0,0.0,0.0,0.0,0.0,0.0,1.0
212646,0,1,3400,-60,60,91,14,26,0.50,47040.000000,0,27,3.2,0.0,0.0,0.0,0.0,0.0,0.0,1.0
212895,0,1,3400,-60,60,92,7.8,27,0.50,10624.000000,0,27,3.0,186,0.0,0.0,0.0,0.0,0.0,1.0
213144,0,1,3400,-60,60,89,16,26,0.68,25600.000000,10,27,1.9,0.0,18432.000000,0,0.0,0.0,0.0,1.0
213393,0,1,3400,-60,60,89,17,26,0.67,57152.000000,5,27,1.6,0.0,0.0,0.0,0.0,0.0,0.0,1.0
213642,0,1,3400,-61,61,94,17,26,0.50,32064.000000,0,27,1.5,0.0,0.0,0.0,0.0,0.0,0.0,1.0
213891,0,1,3400,-61,61,89,16,26,0.50,31904.000000,0,27,5.5,0.0,23488.000000,20,0.0,0.0,0.0,1.0
214140,0,1,3400,-61,61,88,11,26,0.58,33568.000000,3,27,8.7,0.0,4256.000000,0,0.0,0.0,0.0,1.0
214389,0,1,3400,-61,61,90,12,25,0.50,27232.000000,0,27,8.0,0.0,0.0,0.0,0.0,0.0,0.0,1.0
214638,0,1,3400,-61,61,91,6.7,25,0.50,30624.000000,0,27,8.1,0.0,0.0,0.0,0.0,0.0,0.0,1.0
214887,0,1,3400,-61,61,85,16,25,0.50,58944.000000,0,27,7.7,0.0,8896.000000,33,0.0,0.0,0.0,1.0
215136,0,1,3400,-61,61,85,12,25,0.50,33248.000000,0,27,8.0,0.0,10912.000000,75,0.0,0.0,0.0,1.0
215385,0,1,3400,-61,61,88,14,26,0.52,43264.000000,0,27,8.0,0.0,0.0,0.0,0.0,0.0,0.0,1.0
215634,0,1,3400,-61,61,92,14,26,0.50,43520.000000,0,27,8.0,0.0,0.0,0.0,0.0,0.0,0.0,1.0
215883,0,1,3400,-61,61,92,15,26,0.50,32000.000000,0,27,7.4,0.0,32608.000000,0,0.0,0.0,0.0,1.0
216132,0,1,3400,-61,61,87,13,26,0.50,38368.000000,0,27,8.0,0.0,0.0,0.0,0.0,0.0,0.0,1.0
216381,0,1,3400,-61,61,90,12,26,0.51,59360.000000,0,27,8.0,0.0,0.0,0.0,0.0,0.0,0.0,1.0
216630,0,1,3400,-60,60,95,12,26,0.50,34368.000000,0,27,8.1,0.0,0.0,0.0,0.0,0.0,0.0,1.0
216879,0,1,3400,-60,60,85,14,26,0.52,42720.000000,0,27,5.5,0.0,14112.000000,0,0.0,0.0,0.0,1.0
217128,0,1,3400,-60,60,83,15,27,0.50,21472.000000,0,27,0.13,0.0,0.0,0.0,0.0,0.0,0.0,1.0
217377,0,1,3400,-60,60,87,7.2,27,0.53,47616.000000,0,27,0.13,0.0,0.0,0.0,0.0,0.0,0.0,1.0
217626,0,1,3400,-59,59,87,16,27,0.82,52320.000000,5,27,0.0,0.0,0.0,0.0,0.0,0.0,0.0,1.0
217875,0,1,3400,-59,59,81,16,27,0.58,31904.000000,0,27,0.72,0.0,13408.000000,0,0.0,0.0,0.0,1.0
218124,0,1,3400,-59,59,88,16,27,0.50,37056.000000,0,27,2.5,0.0,0.0,0.0,0.0,0.0,0.0,1.0
218373,0,1,3400,-59,59,88,15,27,0.68,63040.000000,4,27,2.5,0.0,0.0,0.0,0.0,0.0,0.0,1.0
218622,0,1,3400,-59,59,90,15,27,0.50,32128.000000,0,27,2.5,0.0,0.0,0.0,0.0,0.0,0.0,1.0
218871,0,1,3400,-59,59,95,14,27,0.64,35104.000000,13,27,4.0,0.0,15808.000000,17,0.0,0.0,0.0,1.0
219120,0,1,3400,-59,59,91,16,27,0.50,68960.000000,0,27,12,0.0,17056.000000,67,0.0,0.0,0.0,1.0
219369,0,1,3400,-59,59,93,15,27,0.82,36096.000000,7,27,12,0.0,0.0,0.0,0.0,0.0,0.0,1.0
219618,0,1,3400,-60,60,93,16,27,0.50,58048.000000,0,27,12,0.0,0.0,0.0,0.0,0.0,0.0,1.0
219867,0,1,3400,-60,60,94,16,27,0.52,27136.000000,0,27,11,0.0,4864.000000,0,0.0,0.0,0.0,1.0
220116,0,1,3400,-60,60,88,17,26,0.50,37216.000000,0,27,8.1,0.0,12384.000000,0,0.0,0.0,0.0,1.0
220365,0,1,3400,-60,60,88,15,27,0.64,71904.000000,4,27,8.6,0.0,0.0,0.0,0.0,0.0,0.0,1.0
220614,0,1,3400,-59,59,86,14,26,0.54,33024.000000,0,27,8.6,0.0,0.0,0.0,0.0,0.0,0.0,1.0
220863,0,1,3400,-59,59,86,16,27,0.50,16000.000000,0,27,8.5,0.0,9376.000000,0,0.0,0.0,0.0,1.0
221112,0,1,3400,-59,59,82,17,27,0.50,42656.000000,0,27,6.1,0.0,8768.000000,0,0.0,0.0,0.0,1.0
221361,0,1,3400,-59,59,85,15,27,0.50,31872.000000,0,27,4.6,0.0,0.0,0.0,0.0,0.0,0.0,1.0
221610,0,1,3400,-60,60,91,15,26,0.50,60736.000000,0,27,4.6,0.0,0.0,0.0,0.0,0.0,0.0,1.0
221859,0,1,3400,-60,60,88,13,26,0.50,44288.000000,0,27,3.0,0.0,11008.000000,0,0.0,0.0,0.0,1.0
222108,0,1,3400,-60,60,84,13,26,0.60,36128.000000,7,27,0.19,0.0,0.0,0.0,0.0,0.0,0.0,1.0
222357,0,1,3400,-60,60,94,14,26,0.50,42688.000000,0,27,0.064,0.0,0.0,0.0,0.0,0.0,0.0,1.0
222606,0,1,3400,-60,60,91,15,27,0.84,57216.000000,5,27,0.19,0.0,0.0,0.0,0.0,0.0,0.0,1.0
222855,0,1,3400,-60,60,89,16,26,1.4,20224.000000,12,27,1.4,0.0,24896.000000,0,0.0,0.0,0.0,1.0
223104,0,1,3400,-60,60,88,5.1,26,0.50,35104.000000,0,27,0.064,0.0,6912.000000,0,0.0,0.0,0.0,1.0
223353,0,1,3400,-60,60,90,16,26,0.50,42336.000000,0,27,0.0,0.0,0.0,0.0,0.0,0.0,0.0,1.0
223602,0,1,3400,-61,61,92,13,25,0.50,35136.000000,0,27,0.064,0.0,0.0,0.0,0.0,0.0,0.0,1.0
223851,0,1,3400,-61,61,92,14,25,0.50,16000.000000,0,27,0.096,66,1568.000000,0,0.0,0.0,0.0,1.0
224100,0,1,3400,-61,61,90,13,26,0.51,31712.000000,0,27,0.13,0.0,11616.000000,0,0.0,0.0,0.0,1.0
224349,0,1,3400,-61,61,88,18,25,0.52,53248.000000,0,27,0.25,0.0,0.0,0.0,0.0,0.0,0.0,1.0
224598,0,1,3400,-61,61,89,16,26,0.50,26464.000000,0,27,0.064,0.0,0.0,0.0,0.0,0.0,0.0,1.0
224847,0,1,3400,-61,61,91,18,25,0.50,37344.000000,0,27,1.5,0.0,60736.000000,17,0.0,0.0,0.0,1.0
225096,0,1,3400,-61,61,93,15,26,1.3,39232.000000,19,27,6.9,0.0,896,0,0.0,1.0,0.0,1.0
225345,0,1,3400,-61,61,93,16,26,1.2,14880.000000,17,27,6.1,0.0,0.0,0.0,0.0,0.0,0.0,1.0
225594,0,1,3400,-60,60,91,12,26,0.91,69632.000000,0,27,6.1,0.0,0.0,0.0,0.0,0.0,0.0,1.0
225843,0,1,3400,-60,60,91,16,26,0.50,47808.000000,0,27,6.4,0.0,75680.000000,0,0.0,0.0,0.0,1.0
226092,0,1,3400,-60,60,86,12,26,0.50,44480.000000,0,27,5.8,0.0,9376.000000,0,0.0,0.0,0.0,1.0
226341,0,1,3400,-60,60,85,11,26,0.54,30496.000000,0,27,5.5,0.0,0.0,0.0,0.0,0.0,0.0,1.0
226590,0,1,3400,-59,59,90,17,27,0.50,36992.000000,0,27,5.5,0.0,0.0,0.0,0.0,0.0,0.0,1.0
226839,0,1,3400,-59,59,90,19,26,0.50,21280.000000,0,27,5.7,0.0,10336.000000,36,0.0,0.0,0.0,1.0
227088,0,1,3400,-59,59,87,13,27,0.50,51296.000000,0,27,11,0.0,0.0,0.0,0.0,0.0,0.0,1.0
227337,0,1,3400,-59,59,94,15,27,0.50,37088.000000,0,27,11,0.0,0.0,0.0,0.0,0.0,0.0,1.0
227586,0,1,3400,-60,60,93,16,27,0.50,42528.000000,0,27,11,0.0,0.0,0.0,0.0,0.0,0.0,1.0
227835,0,1,3400,-60,60,91,16,27,0.54,74208.000000,0,27,10,0.0,45280.000000,12,0.0,0.0,0.0,1.0
228084,0,1,3400,-60,60,92,14,27,0.50,34720.000000,0,27,13,0.0,0.0,0.0,0.0,0.0,0.0,1.0
228333,0,1,3400,-60,60,93,16,26,0.59,32064.000000,0,27,13,0.0,0.0,0.0,0.0,0.0,0.0,1.0
228582,0,1,3400,-60,60,90,14,27,0.50,65312.000000,0,27,13,0.0,0.0,0.0,0.0,0.0,0.0,1.0
228831,0,1,3400,-60,60,93,15,26,0.53,58912.000000,0,27,13,0.0,23488.000000,20,0.0,0.0,0.0,1.0
229080,0,1,3400,-60,60,96,15,26,0.50,42336.000000,0,27,12,0.0,9376.000000,50,0.0,0.0,0.0,1.0
229329,0,1,3400,-60,60,94,13,26,0.50,70432.000000,0,27,12,0.0,0.0,0.0,0.0,0.0,0.0,1.0
229578,0,1,3400,-60,60,97,15,26,0.50,45376.000000,0,27,12,0.0,0.0,0.0,0.0,0.0,0.0,1.0
229827,0,1,3400,-60,60,92,13,26,0.63,33024.000000,0,27,12,0.0,13632.000000,0,0.0,0.0,0.0,1.0
230076,0,1,3400,-60,60,93,13,26,0.50,21312.000000,0,27,9.5,0.0,0.0,0.0,0.0,0.0,0.0,1.0
230325,0,1,3400,-60,60,99,12,26,0.50,51072.000000,0,27,10,0.0,9376.000000,33,0.0,0.0,0.0,1.0
230574,0,1,3400,-60,60,95,13,27,0.50,55552.000000,0,27,11,0.0,0.0,0.0,0.0,0.0,0.0,1.0
230823,0,1,3400,-60,60,91,14,26,0.50,26464.000000,0,27,10,0.0,68992.000000,5,0.0,0.0,0.0,1.0
231072,0,1,3400,-60,60,94,15,27,0.50,22784.000000,0,27,11,0.0,0.0,0.0,0.0,0.0,0.0,1.0
231321,0,1,3400,-60,60,92,14,26,0.93,25440.000000,10,27,11,0.0,0.0,0.0,0.0,0.0,0.0,1.0
231570,0,1,3400,-60,60,92,15,26,0.53,37216.000000,0,27,11,0.0,0.0,0.0,0.0,0.0,0.0,1.0
231819,0,1,3400,-60,60,91,17,26,0.50,47840.000000,0,27,9.3,0.0,18880.000000,0,0.0,0.0,0.0,1.0
232068,0,1,3400,-60,60,95,17,26,0.50,26656.000000,0,27,1.0,0.0,0.0,0.0,0.0,0.0,0.0,1.0
232317,0,1,3400,-60,60,90,17,26,0.50,31904.000000,0,27,0.46,0.0,1568.000000,0,0.0,0.0,0.0,1.0
232566,0,1,3400,-60,60,86,13,26,0.50,16352.000000,0,27,0.13,0.0,0.0,0.0,0.0,0.0,0.0,1.0
232815,0,1,3400,-60,60,88,12,26,0.50,31904.000000,0,27,1.9,0.0,82432.000000,0,0.0,0.0,0.0,1.0
233064,0,1,3400,-60,60,90,14,27,0.50,42304.000000,0,27,15,0.0,17056.000000,0,0.0,0.0,0.0,1.0
233313,0,1,3400,-60,60,86,16,26,0.64,31040.000000,8,27,15,0.0,0.0,80,0.0,0.0,0.0,1.0
233562,0,1,3400,-60,60,87,16,27,0.50,21120.000000,0,27,15,0.0,0.0,0.0,0.0,0.0,0.0,1.0
233811,0,1,3400,-60,60,95,14,27,0.50,26432.000000,0,27,12,0.0,14112.000000,0,0.0,0.0,0.0,1.0
234060,0,1,3400,-60,60,94,13,27,0.50,53088.000000,0,27,6.3,0.0,15520.000000,0,0.0,0.0,0.0,1.0
234309,0,1,3400,-60,60,93,13,26,0.50,37088.000000,0,27,7.0,0.0,0.0,0.0,0.0,0.0,0.0,1.0
234558,0,1,3400,-60,60,88,15,26,0.50,26304.000000,0,27,7.0,0.0,0.0,0.0,0.0,0.0,0.0,1.0
234807,0,1,3400,-60,60,88,8.8,26,0.50,51328.000000,0,27,7.5,0.0,8672.000000,0,0.0,0.0,0.0,1.0
235056,0,1,3400,-60,60,93,15,26,0.50,39744.000000,0,27,9.5,0.0,7200.000000,0,0.0,0.0,0.0,1.0
235305,0,1,3400,-60,60,94,16,26,0.50,42912.000000,0,27,10,0.0,0.0,0.0,0.0,0.0,0.0,1.0
235554,0,1,3400,-60,60,93,17,26,0.50,26560.000000,0,27,10,0.0,0.0,0.0,0.0,0.0,0.0,1.0
235803,0,1,3400,-60,60,83,16,26,0.50,27040.000000,0,27,8.2,0.0,18560.000000,0,0.0,0.0,0.0,1.0
236052,0,1,3400,-60,60,83,15,27,0.77,46944.000000,5,27,0.0,0.0,1568.000000,0,0.0,0.0,0.0,1.0
236301,0,1,3400,-60,60,85,16,27,0.50,10560.000000,0,27,0.0,0.0,0.0,0.0,0.0,0.0,0.0,1.0
236550,0,1,3400,-60,60,94,16,27,0.61,36320.000000,7,27,0.064,0.0,0.0,0.0,0.0,0.0,0.0,1.0
236799,0,1,3400,-60,60,95,14,27,0.50,49696.000000,0,27,0.46,0.0,14048.000000,0,0.0,0.0,0.0,1.0
237048,0,1,3400,-60,60,95,14,26,0.50,43232.000000,0,27,0.0,0.0,0.0,0.0,0.0,0.0,0.0,1.0
237297,0,1,3400,-60,60,91,18,26,0.50,53088.000000,0,27,0.13,0.0,0.0,0.0,0.0,0.0,0.0,1.0
237546,0,1,3400,-60,60,92,14,26,0.52,54496.000000,0,27,0.13,0.0,0.0,0.0,0.0,0.0,0.0,1.0
237795,0,1,3400,-60,60,96,13,26,0.50,53472.000000,0,27,0.0,186,0.0,0.0,0.0,0.0,0.0,1.0
238044,0,1,3400,-60,60,93,12,26,1.4,73280.000000,4,27,9.8,0.0,30496.000000,43,0.0,0.0,0.0,1.0
238293,0,1,3400,-60,60,81,16,26,0.50,63616.000000,0,27,12,0.0,0.0,0.0,0.0,0.0,0.0,1.0
238542,0,1,3400,-59,59,84,7.9,27,0.50,11040.000000,0,27,12,0.0,0.0,0.0,0.0,0.0,0.0,1.0
238791,0,1,3400,-59,59,91,14,27,0.50,42528.000000,0,27,7.9,0.0,14752.000000,0,0.0,0.0,0.0,1.0
239040,0,1,3400,-59,59,93,16,27,0.50,31744.000000,0,27,0.0,0.0,0.0,0.0,0.0,0.0,0.0,1.0
239289,0,1,3400,-59,59,92,16,27,0.50,5344.000000,0,27,0.0,0.0,0.0,0.0,0.0,0.0,0.0,1.0
239538,0,1,3400,-59,59,95,17,27,0.50,58432.000000,0,27,0.0,0.0,0.0,0.0,0.0,0.0,0.0,1.0
239787,0,1,3400,-59,59,95,15,27,0.50,31968.000000,0,27,3.7,0.0,15520.000000,57,0.0,0.0,0.0,1.0
240036,0,1,3400,-59,59,94,11,27,0.50,61056.000000,0,27,13,0.0,0.0,0.0,0.0,0.0,0.0,1.0
240285,0,1,3400,-59,59,90,9.2,27,0.50,58816.000000,0,27,13,0.0,0.0,0.0,0.0,0.0,0.0,1.0
240534,0,1,3400,-59,59,91,11,26,0.50,42816.000000,0,27,13,0.0,0.0,0.0,0.0,0.0,0.0,1.0
240783,0,1,3400,-59,59,88,16,27,0.50,53984.000000,0,27,13,144,1568.000000,0,0.0,0.0,0.0,1.0
241032,0,1,3400,-59,59,84,17,27,0.50,21440.000000,0,27,6.7,0.0,36384.000000,0,0.0,0.0,0.0,1.0
241281,0,1,3400,-59,59,87,12,27,0.50,51232.000000,0,27,6.9,0.0,0.0,0.0,0.0,0.0,0.0,1.0
241530,0,1,3400,-59,59,93,15,27,0.50,64128.000000,0,27,6.8,0.0,0.0,0.0,0.0,0.0,0.0,1.0
241779,0,1,3400,-59,59,95,16,27,0.50,26496.000000,0,27,7.0,0.0,0.0,80,0.0,0.0,0.0,1.0
242028,0,1,3400,-59,59,91,16,27,0.53,41440.000000,6,27,6.9,0.0,0.0,0.0,0.0,0.0,0.0,1.0
242277,0,1,3400,-59,59,89,14,27,0.50,59936.000000,0,27,7.0,0.0,0.0,0.0,0.0,0.0,0.0,1.0
242526,0,1,3400,-59,59,87,15,27,0.50,26496.000000,0,27,7.0,0.0,0.0,0.0,0.0,0.0,0.0,1.0
242775,0,1,3400,-59,59,85,10.0,27,0.50,37632.000000,0,27,7.2,0.0,31776.000000,0,0.0,0.0,0.0,1.0
243024,0,1,3400,-59,59,88,15,27,0.50,26688.000000,0,27,8.9,0.0,0.0,0.0,0.0,0.0,0.0,1.0
243273,0,1,3400,-59,59,89,18,27,0.54,62464.000000,5,27,8.9,0.0,0.0,0.0,0.0,0.0,0.0,1.0
243522,0,1,3400,-59,59,88,15,27,0.55,37184.000000,0,27,9.0,0.0,0.0,0.0,0.0,0.0,0.0,1.0
243771,0,1,3400,-59,59,92,16,27,0.50,58688.000000,0,27,11,0.0,0.0,80,0.0,0.0,0.0,1.0
244020,0,1,3400,-59,59,91,13,27,0.50,31488.000000,0,27,14,0.0,0.0,0.0,0.0,0.0,0.0,1.0
244269,0,1,3400,-59,59,88,13,27,0.50,37376.000000,0,27,14,0.0,0.0,0.0,0.0,0.0,0.0,1.0
244518,0,1,3400,-59,59,88,15,27,0.50,16000.000000,0,27,14,0.0,0.0,0.0,0.0,0.0,0.0,1.0
244767,0,1,3400,-59,59,98,15,27,0.50,53152.000000,0,27,9.2,0.0,14752.000000,0,0.0,0.0,0.0,1.0
245016,0,1,3400,-59,59,90,14,28,0.67,52320.000000,4,27,0.0,0.0,1568.000000,0,0.0,0.0,0.0,1.0
245265,0,1,3400,-59,59,89,12,27,0.50,21216.000000,0,27,0.0,0.0,0.0,0.0,0.0,0.0,0.0,1.0
245514,0,1,3400,-59,59,91,14,27,0.50,5376.000000,0,27,0.0,0.0,0.0,0.0,0.0,0.0,0.0,1.0
245763,0,1,3400,-59,59,92,15,27,0.50,21184.000000,0,27,1.0,0.0,18592.000000,9,0.0,0.0,0.0,1.0
246012,0,1,3400,-59,59,94,16,27,0.50,31904.000000,0,27,0.0,0.0,0.0,0.0,0.0,0.0,0.0,1.0
246261,0,1,3400,-59,59,93,13,27,0.50,45248.000000,0,27,0.0,0.0,0.0,0.0,0.0,0.0,0.0,1.0
246510,0,1,3400,-59,59,87,15,26,0.50,53344.000000,0,27,0.0,0.0,0.0,0.0,0.0,0.0,0.0,1.0
246759,0,1,3400,-59,59,91,15,27,0.50,26656.000000,0,27,0.16,142,4160.000000,0,0.0,0.0,0.0,1.0
247008,0,1,3400,-59,59,91,16,27,0.56,41312.000000,7,27,3.1,0.0,34432.000000,0,0.0,0.0,0.0,1.0
247257,0,1,3400,-59,59,82,16,27,0.50,37568.000000,0,27,3.5,0.0,0.0,0.0,0.0,0.0,0.0,1.0
247506,0,1,3400,-59,59,84,12,28,0.50,65152.000000,0,27,3.5,0.0,0.0,0.0,0.0,0.0,0.0,1.0
247755,0,1,3400,-59,59,92,15,27,0.50,31872.000000,0,27,3.4,144,1568.000000,0,0.0,0.0,0.0,1.0
248004,0,1,3400,-59,59,97,14,27,0.50,47712.000000,0,27,15,0.0,98112.000000,29,0.0,0.0,0.0,1.0
248253,0,1,3400,-59,59,96,15,27,0.75,51808.000000,5,27,16,0.0,0.0,0.0,0.0,0.0,0.0,1.0
248502,0,1,3400,-59,59,93,12,27,0.50,44768.000000,0,27,16,0.0,0.0,0.0,0.0,0.0,0.0,1.0
248751,0,1,3400,-59,59,95,11,27,0.50,39200.000000,0,27,16,186,0.0,0.0,0.0,0.0,0.0,1.0
249000,0,1,3400,-59,59,96,12,27,0.50,43616.000000,0,27,13,0.0,15808.000000,44,0.0,0.0,0.0,1.0
249249,0,1,3400,-59,59,98,16,26,0.50,26496.000000,0,27,13,0.0,0.0,0.0,0.0,0.0,0.0,1.0
249498,0,1,3400,-60,60,93,12,26,0.50,37504.000000,0,27,13,0.0,0.0,0.0,0.0,0.0,0.0,1.0
249747,0,1,3400,-60,60,89,16,26,0.50,26720.000000,0,27,12,0.0,1568.000000,25,0.0,0.0,0.0,1.0
249996,0,1,3400,-60,60,87,13,26,0.50,64992.000000,0,27,13,0.0,21952.000000,25,0.0,0.0,0.0,1.0
250245,0,1,3400,-60,60,91,14,27,0.50,54656.000000,0,27,13,0.0,0.0,0.0,0.0,0.0,0.0,1.0
250494,0,1,3400,-59,59,90,16,27,0.50,43008.000000,0,27,13,0.0,0.0,0.0,0.0,0.0,0.0,1.0
250743,0,1,3400,-59,59,90,14,27,0.50,42464.000000,0,27,9.1,0.0,14496.000000,0,0.0,0.0,0.0,1.0
250992,0,1,3400,-59,59,89,15,27,0.50,21216.000000,0,27,2.0,0.0,0.0,0.0,0.0,0.0,0.0,1.0
251241,0,1,3400,-59,59,92,17,27,0.50,68480.000000,0,27,2.0,0.0,0.0,0.0,0.0,0.0,0.0,1.0
251490,0,1,3400,-59,59,93,16,27,0.50,58464.000000,0,27,2.0,0.0,0.0,0.0,0.0,0.0,0.0,1.0
251739,0,1,3400,-59,59,93,16,27,0.50,16096.000000,0,27,2.0,0.0,32640.000000,0,0.0,0.0,0.0,1.0
251988,0,1,3400,-59,59,90,16,27,0.52,42240.000000,0,27,2.0,0.0,0.0,0.0,0.0,0.0,0.0,1.0
252237,0,1,3400,-59,59,90,12,26,0.52,43872.000000,0,27,2.0,0.0,0.0,0.0,0.0,0.0,0.0,1.0
252486,0,1,3400,-59,59,89,17,27,0.55,16128.000000,0,27,2.0,0.0,0.0,0.0,0.0,0.0,0.0,1.0
252735,0,1,3400,-59,59,92,15,27,0.51,32064.000000,0,27,2.1,0.0,0.0,0,0.0,0.0,0.0,1.0
252984,0,1,3400,-59,59,87,13,27,0.50,33248.000000,0,27,11,0.0,24256.000000,0,0.0,0.0,0.0,1.0
253233,0,1,3400,-59,59,80,15,27,0.50,31744.000000,0,27,11,0.0,0.0,0.0,0.0,0.0,0.0,1.0
253482,0,1,3400,-59,59,88,15,27,0.50,15936.000000,0,27,11,0.0,0.0,0.0,0.0,0.0,0.0,1.0
253731,0,1,3400,-59,59,92,15,27,0.50,31872.000000,0,27,11,186,0.0,0.0,0.0,0.0,0.0,1.0
253980,0,1,3400,-59,59,90,15,27,0.50,26432.000000,0,27,7.1,0.0,22624.000000,21,0.0,0.0,0.0,1.0
254229,0,1,3400,-59,59,89,17,27,0.50,26688.000000,0,27,7.0,0.0,0.0,0.0,0.0,0.0,0.0,1.0
254478,0,1,3400,-59,59,90,16,27,0.50,52992.000000,0,27,6.8,0.0,0.0,0.0,0.0,0.0,0.0,1.0
254727,0,1,3400,-59,59,85,9.3,27,0.50,47904.000000,0,27,7.2,0.0,9056.000000,0,0.0,0.0,0.0,1.0
254976,0,1,3400,-59,59,91,16,27,0.68,73312.000000,4,27,9.7,0.0,11936.000000,0,0.0,0.0,0.0,1.0
255225,0,1,3400,-59,59,96,15,26,0.50,48352.000000,0,27,10.0,0.0,0.0,0.0,0.0,0.0,0.0,1.0
255474,0,1,3400,-59,59,91,15,27,0.50,42304.000000,0,27,10.0,0.0,0.0,0.0,0.0,0.0,0.0,1.0
255723,0,1,3400,-59,59,91,15,27,0.50,21216.000000,0,27,10,0.0,0.0,50,0.0,0.0,0.0,1.0
255972,0,1,3400,-59,59,96,16,27,0.50,37024.000000,0,27,8.7,0.0,33120.000000,0,0.0,0.0,0.0,1.0
256221,0,1,3400,-59,59,99,14,27,0.54,68576.000000,3,27,8.5,0.0,0.0,0.0,0.0,0.0,0.0,1.0
256470,0,1,3400,-59,59,101,15,27,0.50,46752.000000,0,27,8.5,0.0,0.0,0.0,0.0,0.0,0.0,1.0
256719,0,1,3400,-59,59,97,16,27,0.59,54080.000000,0,27,8.3,32,11968.000000,0,0.0,0.0,0.0,1.0
256968,0,1,3400,-59,59,94,15,27,0.50,21312.000000,0,27,0.036,0.0,9216.000000,0,0.0,0.0,0.0,1.0
257217,0,1,3400,-59,59,89,14,27,0.50,49152.000000,0,27,0.0,0.0,0.0,0.0,0.0,0.0,0.0,1.0
257466,0,1,3400,-59,59,85,15,27,0.50,31808.000000,0,27,0.0,0.0,0.0,0.0,0.0,0.0,0.0,1.0
257715,0,1,3400,-59,59,94,17,26,0.50,42336.000000,0,27,1.4,0.0,25312.000000,25,0.0,0.0,0.0,1.0
257964,0,1,3400,-59,59,94,17,27,0.50,47808.000000,0,27,4.5,0.0,2592.000000,0,0.0,0.0,0.0,1.0
258213,0,1,3400,-59,59,90,16,27,0.50,43296.000000,0,27,4.5,0.0,0.0,0.0,0.0,0.0,0.0,1.0
258462,0,1,3400,-59,59,91,17,27,0.50,42592.000000,0,27,4.5,0.0,0.0,0.0,0.0,0.0,0.0,1.0
258711,0,1,3400,-59,59,89,17,27,0.50,31744.000000,0,27,5.9,0.0,0.0,80,0.0,0.0,0.0,1.0
258960,0,1,3400,-59,59,89,15,27,0.50,26560.000000,0,27,8.5,0.0,0.0,0.0,0.0,0.0,0.0,1.0
259209,0,1,3400,-59,59,94,16,27,0.50,30752.000000,0,27,8.5,0.0,0.0,0.0,0.0,0.0,0.0,1.0
259458,0,1,3400,-60,60,96,16,27,0.50,59136.000000,0,27,8.5,0.0,0.0,0.0,0.0,0.0,0.0,1.0
259707,0,1,3400,-60,60,92,16,26,0.50,31968.000000,0,27,8.7,0.0,37504.000000,33,0.0,0.0,0.0,1.0
259956,0,1,3400,-60,60,89,17,26,0.50,31936.000000,0,27,9.1,0.0,9376.000000,0,0.0,0.0,0.0,1.0
260205,0,1,3400,-60,60,91,15,26,0.50,52832.000000,0,27,8.0,0.0,0.0,0.0,0.0,0.0,0.0,1.0
260454,0,1,3400,-60,60,92,16,26,0.50,15936.000000,0,27,8.0,0.0,0.0,0.0,0.0,0.0,0.0,1.0
260703,0,1,3400,-60,60,93,16,26,0.54,25568.000000,10,27,7.5,186,2592.000000,0,0.0,0.0,0.0,1.0
260952,0,1,3400,-60,60,89,20,26,0.70,36000.000000,8,27,2.3,0.0,18432.000000,0,0.0,0.0,0.0,1.0
261201,0,1,3400,-60,60,88,17,25,0.89,36288.000000,8,27,1.5,0.0,0.0,0.0,0.0,0.0,0.0,1.0
261450,0,1,3400,-61,61,89,13,25,0.50,32224.000000,0,27,1.5,0.0,0.0,0.0,0.0,0.0,0.0,1.0
261699,0,1,3400,-61,61,92,18,25,0.51,63840.000000,0,27,3.2,0.0,26368.000000,0,0.0,0.0,0.0,1.0
261948,0,1,3400,-61,61,93,16,26,0.50,42368.000000,0,27,5.5,0.0,0.0,0.0,0.0,0.0,0.0,1.0
262197,0,1,3400,-61,61,90,12,26,0.51,71648.000000,0,27,5.4,0.0,0.0,0.0,0.0,0.0,0.0,1.0
262446,0,1,3400,-60,60,93,15,26,0.50,32032.000000,0,27,5.5,0.0,0.0,0.0,0.0,0.0,0.0,1.0
262695,0,1,3400,-60,60,93,14,26,1.0,45568.000000,11,27,5.6,0.0,10912.000000,0,0.0,0.0,0.0,1.0
262944,0,1,3400,-60,60,92,15,26,0.54,31808.000000,0,27,8.0,0.0,7200.000000,0,0.0,0.0,0.0,1.0
263193,0,1,3400,-60,60,96,13,26,0.60,32128.000000,0,27,7.9,0.0,0.0,0.0,0.0,0.0,0.0,1.0
263442,0,1,3400,-59,59,97,15,26,0.50,47712.000000,0,27,8.0,0.0,0.0,0.0,0.0,0.0,0.0,1.0
263691,0,1,3400,-59,59,95,15,26,0.50,47936.000000,0,27,7.9,0.0,22752.000000,0,0.0,0.0,0.0,1.0
263940,0,1,3400,-59,59,96,14,27,0.50,47840.000000,0,27,9.9,0.0,0.0,0.0,0.0,0.0,0.0,1.0
264189,0,1,3400,-59,59,93,16,27,0.50,15840.000000,0,27,10,0.0,0.0,0.0,0.0,0.0,0.0,1.0
264438,0,1,3400,-59,59,94,14,27,0.50,37344.000000,0,27,10,0.0,0.0,0.0,0.0,0.0,0.0,1.0
264687,0,1,3400,-59,59,91,16,27,0.50,37184.000000,0,27,9.2,0.0,18912.000000,0,0.0,0.0,0.0,1.0
264936,0,1,3400,-59,59,89,14,27,0.50,42976.000000,0,27,8.0,0.0,0.0,0.0,0.0,0.0,0.0,1.0
265185,0,1,3400,-59,59,91,16,27,0.50,37184.000000,0,27,8.0,0.0,0.0,0.0,0.0,0.0,0.0,1.0
265434,0,1,3400,-59,59,95,17,27,0.50,42368.000000,0,27,8.0,0.0,0.0,0.0,0.0,0.0,0.0,1.0
265683,0,1,3400,-59,59,93,16,27,0.50,37152.000000,0,27,7.9,186,0.0,0.0,0.0,0.0,0.0,1.0
265932,0,1,3400,-59,59,95,13,26,0.50,32864.000000,0,27,4.0,0.0,24448.000000,0,0.0,0.0,0.0,1.0
266181,0,1,3400,-59,59,96,16,26,0.50,48096.000000,0,27,3.5,0.0,0.0,0.0,0.0,0.0,0.0,1.0
266430,0,1,3400,-59,59,90,14,26,0.50,64416.000000,0,27,3.5,0.0,0.0,0.0,0.0,0.0,0.0,1.0
266679,0,1,3400,-59,59,88,13,27,0.50,23200.000000,0,27,3.5,0.0,7200.000000,0,0.0,0.0,0.0,1.0
266928,0,1,3400,-59,59,88,14,27,0.50,58336.000000,0,27,6.0,0.0,6432.000000,0,0.0,0.0,0.0,1.0
267177,0,1,3400,-59,59,90,16,27,0.50,52928.000000,0,27,6.0,0.0,0.0,0.0,0.0,0.0,0.0,1.0
267426,0,1,3400,-59,59,94,15,27,0.50,22464.000000,0,27,6.0,0.0,0.0,0.0,0.0,0.0,0.0,1.0
267675,0,1,3400,-59,59,91,16,27,0.50,21344.000000,0,27,5.2,0.0,26176.000000,0,0.0,0.0,0.0,1.0
267924,0,1,3400,-59,59,92,17,27,0.50,26880.000000,0,27,3.0,0.0,0.0,0.0,0.0,0.0,0.0,1.0
268173,0,1,3400,-59,59,93,17,27,1.0,41152.000000,7,27,3.0,0.0,0.0,0.0,0.0,0.0,0.0,1.0
268422,0,1,3400,-59,59,88,16,27,0.50,31776.000000,0,27,3.0,0.0,0.0,0.0,0.0,0.0,0.0,1.0
268671,0,1,3400,-59,59,88,11,27,0.61,20160.000000,12,27,2.9,165,2592.000000,0,0.0,0.0,0.0,1.0
268920,0,1,3400,-59,59,89,16,26,0.54,26560.000000,0,27,9.1,0.0,31008.000000,0,0.0,0.0,0.0,1.0
269169,0,1,3400,-59,59,93,16,26,0.50,26400.000000,0,27,9.5,0.0,0.0,0.0,0.0,0.0,0.0,1.0
269418,0,1,3400,-59,59,94,16,26,0.50,31808.000000,0,27,9.5,0.0,0.0,0.0,0.0,0.0,0.0,1.0
269667,0,1,3400,-59,59,94,14,27,0.96,46720.000000,6,27,9.5,186,0.0,0.0,0.0,0.0,0.0,1.0
269916,0,1,3400,-59,59,93,16,27,0.50,31936.000000,0,27,2.2,0.0,13728.000000,0,0.0,0.0,0.0,1.0
270165,0,1,3400,-59,59,94,15,27,0.50,27040.000000,0,27,0.99,0.0,0.0,0.0,0.0,0.0,0.0,1.0
270414,0,1,3400,-59,59,82,17,27,0.50,26592.000000,0,27,1.0,0.0,0.0,0.0,0.0,0.0,0.0,1.0
270663,0,1,3400,-59,59,87,16,27,0.50,32064.000000,0,27,0.96,144,1568.000000,0,0.0,0.0,0.0,1.0
270912,0,1,3400,-59,59,91,14,27,0.50,43968.000000,0,27,0.0080,0.0,14336.000000,0,0.0,0.0,0.0,1.0
271161,0,1,3400,-59,59,88,14,27,0.50,43840.000000,0,27,0.0,0.0,0.0,0.0,0.0,0.0,0.0,1.0
271410,0,1,3400,-59,59,94,15,27,0.50,26848.000000,0,27,0.0,0.0,0.0,0.0,0.0,0.0,0.0,1.0
271659,0,1,3400,-59,59,91,11,26,0.50,32096.000000,0,27,4.7,0.0,44672.000000,31,0.0,0.0,0.0,1.0
271908,0,1,3400,-59,59,88,16,26,0.50,26592.000000,0,27,16,0.0,0.0,0.0,0.0,0.0,0.0,1.0
272157,0,1,3400,-59,59,92,17,26,0.50,57920.000000,0,27,16,0.0,0.0,0.0,0.0,0.0,0.0,1.0
272406,0,1,3400,-59,59,91,16,27,0.50,38624.000000,0,27,16,0.0,0.0,0.0,0.0,0.0,0.0,1.0
272655,0,1,3400,-59,59,88,15,27,0.53,70720.000000,0,27,12,0.0,12352.000000,0,0.0,0.0,0.0,1.0
272904,0,1,3400,-59,59,93,11,27,0.50,46368.000000,0,27,4.0,0.0,0.0,0.0,0.0,0.0,0.0,1.0
273153,0,1,3400,-59,59,94,16,27,0.60,51968.000000,5,27,4.0,0.0,0.0,0.0,0.0,0.0,0.0,1.0
273402,0,1,3400,-59,59,90,14,27,0.50,40416.000000,0,27,4.0,0.0,0.0,0.0,0.0,0.0,0.0,1.0
273651,0,1,3400,-59,59,99,16,27,0.51,43936.000000,0,27,5.0,0.0,13632.000000,0,0.0,0.0,0.0,1.0
273900,0,1,3400,-59,59,100,15,27,0.50,16064.000000,0,27,7.7,0.0,2592.000000,0,0.0,0.0,0.0,1.0
274149,0,1,3400,-59,59,97,14,26,0.64,25600.000000,10,27,7.0,0.0,0.0,0.0,0.0,0.0,0.0,1.0
274398,0,1,3400,-59,59,97,18,26,0.75,15072.000000,17,27,7.0,0.0,0.0,0.0,0.0,0.0,0.0,1.0
274647,0,1,3400,-59,59,95,15,26,1.6,20128.000000,12,27,7.1,0.0,30432.000000,38,0.0,0.0,0.0,1.0
274896,0,1,3400,-59,59,83,13,26,0.56,55840.000000,0,27,15,0.0,0.0,100.000000,0.0,0.0,0.0,1.0
275145,0,1,3400,-59,59,90,14,26,0.50,52224.000000,0,27,15,0.0,0.0,0.0,0.0,0.0,0.0,1.0
275394,0,1,3400,-60,60,87,13,26,0.50,33728.000000,0,27,15,0.0,0.0,0.0,0.0,0.0,0.0,1.0
275643,0,1,3400,-60,60,92,16,26,0.50,37152.000000,0,27,12,0.0,41856.000000,5,0.0,0.0,0.0,1.0
275892,0,1,3400,-60,60,94,17,26,0.50,21376.000000,0,27,8.0,0.0,0.0,0.0,0.0,0.0,0.0,1.0
276141,0,1,3400,-60,60,95,17,26,0.50,26304.000000,0,27,7.9,0.0,0.0,0.0,0.0,0.0,0.0,1.0
276390,0,1,3400,-60,60,91,15,26,0.50,26080.000000,0,27,7.9,0.0,0.0,0.0,0.0,0.0,0.0,1.0
276639,0,1,3400,-60,60,89,11,26,0.50,72896.000000,0,27,8.1,0.0,37120.000000,0,0.0,0.0,0.0,1.0
276888,0,1,3400,-60,60,94,16,26,0.53,46656.000000,6,27,7.0,0.0,0.0,0.0,0.0,0.0,0.0,1.0
277137,0,1,3400,-60,60,95,16,26,0.50,34336.000000,0,27,7.0,0.0,0.0,0.0,0.0,0.0,0.0,1.0
277386,0,1,3400,-60,60,89,17,26,0.50,26720.000000,0,27,7.0,0.0,0.0,0.0,0.0,0.0,0.0,1.0
277635,0,1,3400,-60,60,85,16,26,0.50,16128.000000,0,27,5.4,0.0,18048.000000,0,0.0,0.0,0.0,1.0
277884,0,1,3400,-60,60,90,14,26,0.50,21952.000000,0,27,1.00,0.0,0.0,0.0,0.0,0.0,0.0,1.0
278133,0,1,3400,-60,60,92,17,26,0.54,62656.000000,4,27,1.0,0.0,0.0,0.0,0.0,0.0,0.0,1.0
278382,0,1,3400,-61,61,93,19,26,0.50,10752.000000,0,27,1.00,0.0,0.0,0.0,0.0,0.0,0.0,1.0
278631,0,1,3400,-61,61,91,15,25,0.58,49120.000000,0,27,3.0,0.0,23744.000000,0,0.0,0.0,0.0,1.0
278880,0,1,3400,-61,61,90,15,25,0.60,42688.000000,0,27,12,0.0,0.0,0.0,0.0,0.0,0.0,1.0
279129,0,1,3400,-61,61,84,13,25,0.50,43456.000000,0,27,11,0.0,0.0,0.0,0.0,0.0,0.0,1.0
279378,0,1,3400,-61,61,86,16,25,0.50,42880.000000,0,27,11,0.0,0.0,0.0,0.0,0.0,0.0,1.0
279627,0,1,3400,-61,61,89,17,25,0.50,37120.000000,0,27,9.7,0.0,16064.000000,0,0.0,0.0,0.0,1.0
279876,0,1,3400,-61,61,94,17,25,0.95,56736.000000,9,27,0.024,0.0,0.0,0.0,0.0,0.0,0.0,1.0
280125,0,1,3400,-61,61,95,18,25,0.50,48064.000000,0,27,0.0,0.0,0.0,0.0,0.0,0.0,0.0,1.0
280374,0,1,3400,-61,61,97,14,25,0.50,56800.000000,0,27,0.024,0.0,0.0,0.0,0.0,0.0,0.0,1.0
280623,0,1,3400,-61,61,90,18,25,0.50,55424.000000,0,27,4.2,0.0,72384.000000,5,0.0,0.0,0.0,1.0
280872,0,1,3400,-61,61,87,12,25,0.50,54048.000000,0,27,15,0.0,0.0,0.0,0.0,0.0,0.0,1.0
281121,0,1,3400,-61,61,92,17,25,0.50,26816.000000,0,27,15,0.0,0.0,0.0,0.0,0.0,0.0,1.0
281370,0,1,3400,-62,62,90,11,25,0.50,67552.000000,0,27,15,0.0,0.0,0.0,0.0,0.0,0.0,1.0
281619,0,1,3400,-62,62,87,15,25,0.50,53216.000000,0,27,14,0.0,9920.000000,0,0.0,0.0,0.0,1.0
281868,0,1,3400,-62,62,91,13,25,0.53,45280.000000,0,27,8.9,0.0,0.0,0.0,0.0,0.0,0.0,1.0
282117,0,1,3400,-62,62,88,17,25,0.50,58816.000000,0,27,9.0,0.0,0.0,0.0,0.0,0.0,0.0,1.0
282366,0,1,3400,-62,62,87,18,24,0.50,42624.000000,0,27,9.0,0.0,0.0,0.0,0.0,0.0,0.0,1.0
282615,0,1,3400,-62,62,88,15,24,0.50,48064.000000,0,27,8.8,16,0.0,0,0.0,0.0,0.0,1.0
282864,0,1,3400,-62,62,88,16,25,0.50,36960.000000,0,27,1.5,0.0,7456.000000,0,0.0,0.0,0.0,1.0
283113,0,1,3400,-62,62,89,17,24,0.50,37696.000000,0,27,1.5,0.0,0.0,0.0,0.0,0.0,0.0,1.0
283362,0,1,3400,-63,63,91,16,24,0.50,53376.000000,0,27,1.5,0.0,0.0,0.0,0.0,0.0,0.0,1.0
283611,0,1,3400,-63,63,89,15,24,0.50,42976.000000,0,27,1.7,0.0,15520.000000,0,0.0,0.0,0.0,1.0
283860,0,1,3400,-63,63,92,13,24,0.50,31936.000000,0,27,10,0.0,18624.000000,0,0.0,0.0,0.0,1.0
284109,0,1,3400,-63,63,98,15,24,0.65,62784.000000,4,27,10.0,0.0,0.0,0.0,0.0,0.0,0.0,1.0
284358,0,1,3400,-63,63,101,13,24,0.50,32512.000000,0,27,10.0,0.0,0.0,0.0,0.0,0.0,0.0,1.0
284607,0,1,3400,-63,63,99,17,24,0.50,56544.000000,0,27,10,0.0,18112.000000,0,0.0,0.0,0.0,1.0
284856,0,1,3400,-63,63,92,12,24,0.50,56672.000000,0,27,12,0.0,0.0,0.0,0.0,0.0,0.0,1.0
285105,0,1,3400,-63,63,90,15,24,0.50,26336.000000,0,27,12,0.0,0.0,0.0,0.0,0.0,0.0,1.0
285354,0,1,3400,-62,62,92,17,24,0.50,53312.000000,0,27,12,0.0,0.0,0.0,0.0,0.0,0.0,1.0
285603,0,1,3400,-62,62,89,16,24,0.50,39488.000000,0,27,12,0.0,0.0,80,0.0,0.0,0.0,1.0
285852,0,1,3400,-62,62,91,16,24,0.50,42976.000000,0,27,8.7,0.0,1568.000000,0,0.0,0.0,0.0,1.0
286101,0,1,3400,-62,62,93,15,24,0.51,34602.410156,6,27,8.0,0.0,0.0,0.0,0.0,0.0,0.0,1.0
286350,0,1,3400,-62,62,90,16,24,0.50,37322.710938,0,27,8.0,0.0,0.0,0.0,0.0,0.0,0.0,1.0
286599,0,1,3400,-62,62,91,15,24,0.50,32416.000000,0,27,8.5,0.0,29824.000000,27,0.0,0.0,0.0,1.0
286848,0,1,3400,-62,62,92,16,25,0.50,53088.000000,0,27,5.5,0.0,0.0,0.0,0.0,0.0,0.0,1.0
287097,0,1,3400,-62,62,92,17,25,0.50,32000.000000,0,27,5.5,0.0,0.0,0.0,0.0,0.0,0.0,1.0
287346,0,1,3400,-61,61,95,18,25,0.50,47904.000000,0,27,5.6,0.0,0.0,0.0,0.0,0.0,0.0,1.0
287595,0,1,3400,-61,61,94,17,25,0.50,26688.000000,0,27,5.5,186,0.0,0.0,0.0,0.0,0.0,1.0
287844,0,1,3400,-61,61,99,16,25,0.50,64224.000000,0,27,6.5,0.0,26112.000000,0,0.0,0.0,0.0,1.0
288093,0,1,3400,-61,61,95,17,25,0.50,42784.000000,0,27,7.0,0.0,0.0,0.0,0.0,0.0,0.0,1.0
288342,0,1,3400,-61,61,89,18,25,0.50,37824.000000,0,27,7.0,0.0,0.0,0.0,0.0,0.0,0.0,1.0
288591,0,1,3400,-61,61,88,16,25,0.50,52896.000000,0,27,7.0,0.0,0.0,50,0.0,0.0,0.0,1.0
288840,0,1,3400,-61,61,85,13,25,0.50,54624.000000,0,27,9.5,0.0,25824.000000,29,0.0,0.0,0.0,1.0
289089,0,1,3400,-61,61,91,17,25,0.50,53824.000000,0,27,10,0.0,0.0,0.0,0.0,0.0,0.0,1.0
289338,0,1,3400,-61,61,98,16,25,0.53,49152.000000,0,27,10,0.0,0.0,0.0,0.0,0.0,0.0,1.0
289587,0,1,3400,-61,61,94,16,25,0.50,47936.000000,0,27,10,0.0,24032.000000,25,0.0,0.0,0.0,1.0
289836,0,1,3400,-61,61,95,17,25,0.51,37280.000000,0,27,10,0.0,0.0,0.0,0.0,0.0,0.0,1.0
290085,0,1,3400,-61,61,94,15,26,0.53,52512.000000,0,27,10,0.0,0.0,0.0,0.0,0.0,0.0,1.0
290334,0,1,3400,-60,60,92,16,26,0.50,32320.000000,0,27,10,0.0,0.0,0.0,0.0,0.0,0.0,1.0
290583,0,1,3400,-60,60,94,17,26,0.50,47552.000000,0,27,9.9,0.0,18848.000000,14,0.0,0.0,0.0,1.0
290832,0,1,3400,-60,60,96,16,26,0.50,21312.000000,0,27,14,0.0,0.0,0.0,0.0,0.0,0.0,1.0
291081,0,1,3400,-60,60,93,18,26,0.50,36576.000000,0,27,14,0.0,0.0,0.0,0.0,0.0,0.0,1.0
291330,0,1,3400,-60,60,93,17,26,0.51,33216.000000,0,27,14,0.0,0.0,0.0,0.0,0.0,0.0,1.0
291579,0,1,3400,-60,60,90,17,26,0.50,31840.000000,0,27,11,0.0,11488.000000,0,0.0,0.0,0.0,1.0
291828,0,1,3400,-60,60,89,18,26,0.50,16128.000000,0,27,9.0,0.0,7200.000000,0,0.0,0.0,0.0,1.0
292077,0,1,3400,-60,60,91,16,26,0.51,34944.000000,0,27,9.0,0.0,0.0,0.0,0.0,0.0,0.0,1.0
292326,0,1,3400,-59,59,95,16,26,0.50,44640.000000,0,27,9.1,0.0,0.0,0.0,0.0,0.0,0.0,1.0
292575,0,1,3400,-59,59,96,16,27,0.50,37184.000000,0,27,8.9,112,2592.000000,0,0.0,0.0,0.0,1.0
292824,0,1,3400,-59,59,92,17,27,0.50,21472.000000,0,27,6.8,0.0,32544.000000,0,0.0,0.0,0.0,1.0
293073,0,1,3400,-59,59,91,12,27,0.55,37600.000000,0,27,7.1,0.0,0.0,0.0,0.0,0.0,0.0,1.0
293322,0,1,3400,-59,59,92,16,27,0.54,37440.000000,0,27,7.0,0.0,0.0,0.0,0.0,0.0,0.0,1.0
293571,0,1,3400,-59,59,92,16,27,0.50,31872.000000,0,27,7.8,0.0,15808.000000,0,0.0,0.0,0.0,1.0
293820,0,1,3400,-59,59,89,17,26,0.61,31776.000000,0,27,11,0.0,0.0,0.0,0.0,0.0,0.0,1.0
294069,0,1,3400,-59,59,90,16,27,0.52,31744.000000,0,27,11,0.0,0.0,0.0,0.0,0.0,0.0,1.0
294318,0,1,3400,-59,59,86,15,26,0.50,26496.000000,0,27,10,0.0,0.0,0.0,0.0,0.0,0.0,1.0
294567,0,1,3400,-59,59,86,13,26,0.50,43136.000000,0,27,11,0.0,11936.000000,0,0.0,0.0,0.0,1.0
294816,0,1,3400,-59,59,88,15,27,0.50,48992.000000,0,27,6.5,0.0,6464.000000,0,0.0,0.0,0.0,1.0
295065,0,1,3400,-59,59,97,8.6,27,0.52,10784.000000,0,27,6.5,0.0,0.0,0.0,0.0,0.0,0.0,1.0
295314,0,1,3400,-59,59,99,16,27,0.64,52416.000000,5,27,6.6,0.0,0.0,0.0,0.0,0.0,0.0,1.0
295563,0,1,3400,-59,59,93,17,27,0.50,26592.000000,0,27,5.6,186,2592.000000,0,0.0,0.0,0.0,1.0
295812,0,1,3400,-59,59,95,10,27,0.50,26752.000000,0,27,0.93,0.0,14112.000000,0,0.0,0.0,0.0,1.0
296061,0,1,3400,-59,59,94,15,27,0.50,15840.000000,0,27,0.0,0.0,0.0,0.0,0.0,0.0,0.0,1.0
296310,0,1,3400,-59,59,95,15,27,0.50,42560.000000,0,27,0.064,0.0,0.0,0.0,0.0,0.0,0.0,1.0
296559,0,1,3400,-59,59,96,16,27,0.50,37088.000000,0,27,1.5,0.0,46208.000000,26,0.0,0.0,0.0,1.0
296808,0,1,3400,-59,59,97,16,26,0.55,26400.000000,0,27,12,0.0,23872.000000,50,0.0,0.0,0.0,1.0
297057,0,1,3400,-59,59,97,16,27,0.50,47872.000000,0,27,12,0.0,0.0,0.0,0.0,0.0,0.0,1.0
297306,0,1,3400,-59,59,91,16,26,0.50,37280.000000,0,27,12,0.0,0.0,0.0,0.0,0.0,0.0,1.0
297555,0,1,3400,-59,59,94,16,27,0.50,32096.000000,0,27,12,0.0,7200.000000,0,0.0,0.0,0.0,1.0
297804,0,1,3400,-59,59,98,16,27,0.50,58944.000000,0,27,8.6,0.0,224,57,0.0,0.0,0.0,1.0
298053,0,1,3400,-59,59,96,14,27,0.50,11200.000000,0,27,8.5,0.0,0.0,0.0,0.0,0.0,0.0,1.0
298302,0,1,3400,-59,59,93,16,27,0.50,47808.000000,0,27,8.5,0.0,0.0,0.0,0.0,0.0,0.0,1.0
298551,0,1,3400,-59,59,89,17,27,0.54,52192.000000,5,27,8.2,0.0,43392.000000,7,0.0,0.0,0.0,1.0
298800,0,1,3400,-59,59,89,9.1,27,0.50,44448.000000,0,27,11,0.0,0.0,0.0,0.0,0.0,0.0,1.0
299049,0,1,3400,-59,59,87,11,27,0.50,15904.000000,0,27,11,0.0,0.0,0.0,0.0,0.0,0.0,1.0
299298,0,1,3400,-59,59,89,16,27,0.68,31008.000000,8,27,11,0.0,0.0,0.0,0.0,0.0,0.0,1.0
299547,0,1,3400,-59,59,88,13,26,0.50,59840.000000,0,27,9.8,0.0,85600.000000,22,0.0,0.0,0.0,1.0
299796,0,1,3400,-59,59,90,16,26,0.50,49024.000000,0,27,8.0,0.0,0.0,0.0,0.0,0.0,0.0,1.0
300045,0,1,3400,-59,59,93,14,26,0.50,48064.000000,0,27,8.0,0.0,0.0,0.0,0.0,0.0,0.0,1.0
300294,0,1,3400,-60,60,88,17,26,0.53,42560.000000,0,27,8.0,0.0,0.0,0.0,0.0,0.0,0.0,1.0
300543,0,1,3400,-60,60,90,13,26,0.57,26496.000000,0,27,7.0,0.0,9216.000000,0,0.0,0.0,0.0,1.0
300792,0,1,3400,-60,60,94,17,26,0.50,37536.000000,0,27,1.5,0.0,0.0,0.0,0.0,0.0,0.0,1.0
301041,0,1,3400,-60,60,95,16,26,0.55,42560.000000,0,27,1.6,0.0,0.0,0.0,0.0,0.0,0.0,1.0
301290,0,1,3400,-60,60,97,17,25,0.58,52416.000000,5,27,1.6,0.0,0.0,0.0,0.0,0.0,0.0,1.0
301539,0,1,3400,-60,60,100,16,25,0.50,58976.000000,0,27,2.7,0.0,2592.000000,57,0.0,0.0,0.0,1.0
301788,0,1,3400,-60,60,97,16,25,0.50,48416.000000,0,27,2.1,0.0,0.0,0.0,0.0,0.0,0.0,1.0
302037,0,1,3400,-60,60,90,16,25,0.50,42688.000000,0,27,2.0,0.0,0.0,0.0,0.0,0.0,0.0,1.0
302286,0,1,3400,-60,60,88,16,25,0.51,32960.000000,6,27,2.0,0.0,0.0,0.0,0.0,0.0,0.0,1.0
302535,0,1,3400,-60,60,94,7.7,25,0.50,27776.000000,0,27,3.7,0.0,46720.000000,0,0.0,0.0,0.0,1.0
302784,0,1,3400,-60,60,97,15,25,0.50,51488.000000,0,27,13,0.0,0.0,0.0,0.0,0.0,0.0,1.0
303033,0,1,3400,-60,60,93,17,24,0.50,67072.000000,0,27,13,0.0,0.0,0.0,0.0,0.0,0.0,1.0
303282,0,1,3400,-61,61,89,17,25,0.50,36960.000000,0,27,13,0.0,0.0,0.0,0.0,0.0,0.0,1.0
303531,0,1,3400,-61,61,88,17,24,0.50,42272.000000,0,27,12,0.0,0.0,80,0.0,0.0,0.0,1.0
303780,0,1,3400,-61,61,95,15,24,0.50,52928.000000,0,27,6.3,0.0,2592.000000,0,0.0,0.0,0.0,1.0
304029,0,1,3400,-61,61,92,18,24,0.50,47808.000000,0,27,5.6,0.0,0.0,0.0,0.0,0.0,0.0,1.0
304278,0,1,3400,-60,60,97,15,25,0.50,48000.000000,0,27,5.5,0.0,0.0,0.0,0.0,0.0,0.0,1.0
304527,0,1,3400,-60,60,95,14,25,0.50,53344.000000,0,27,5.2,0.0,17696.000000,0,0.0,0.0,0.0,1.0
304776,0,1,3400,-60,60,93,15,25,0.50,37664.000000,0,27,4.0,0.0,0.0,0.0,0.0,0.0,0.0,1.0
305025,0,1,3400,-60,60,92,15,25,0.50,26752.000000,0,27,4.0,0.0,0.0,0.0,0.0,0.0,0.0,1.0
305274,0,1,3400,-60,60,92,18,24,0.50,47712.000000,0,27,4.0,0.0,0.0,0.0,0.0,0.0,0.0,1.0
305523,0,1,3400,-60,60,93,16,24,0.50,85590.359375,0,27,6.4,0.0,91084.335938,0,0.0,0.0,0.0,1.0
305772,0,1,3400,-60,60,92,17,24,0.50,58496.000000,0,27,10,0.0,0.0,0.0,0.0,0.0,0.0,1.0
306021,0,1,3400,-60,60,89,18,24,0.50,37035.855469,0,27,11,0.0,0.0,0.0,0.0,0.0,0.0,1.0
306270,0,1,3400,-61,61,92,17,24,0.50,53120.000000,0,27,11,0.0,0.0,0.0,0.0,0.0,0.0,1.0
306519,0,1,3400,-61,61,93,16,24,0.50,47776.000000,0,27,9.2,0.0,7360.000000,0,0.0,0.0,0.0,1.0
306768,0,1,3400,-61,61,90,16,24,0.50,58272.000000,0,27,3.0,0.0,0.0,0.0,0.0,0.0,0.0,1.0
307017,0,1,3400,-61,61,88,18,24,0.50,26560.000000,0,27,3.1,0.0,0.0,0.0,0.0,0.0,0.0,1.0
307266,0,1,3400,-60,60,87,18,24,0.50,37120.000000,0,27,3.1,0.0,0.0,0.0,0.0,0.0,0.0,1.0
307515,0,1,3400,-60,60,90,17,24,0.50,45088.000000,0,27,3.3,112,9728.000000,0,0.0,0.0,0.0,1.0
307764,0,1,3400,-60,60,90,17,24,0.50,34656.000000,0,27,8.9,0.0,48896.000000,0,0.0,0.0,0.0,1.0
308013,0,1,3400,-60,60,92,18,24,0.50,31872.000000,0,27,9.0,0.0,0.0,0.0,0.0,0.0,0.0,1.0
308262,0,1,3400,-61,61,91,18,23,0.50,21248.000000,0,27,9.0,0.0,0.0,0.0,0.0,0.0,0.0,1.0
308511,0,1,3400,-61,61,101,15,23,0.50,37376.000000,0,27,10.0,0.0,16064.000000,0,0.0,0.0,0.0,1.0
308760,0,1,3400,-61,61,98,17,23,0.50,42336.000000,0,27,12,0.0,0.0,0.0,0.0,0.0,0.0,1.0
309009,0,1,3400,-61,61,94,16,23,0.50,42880.000000,0,27,12,0.0,0.0,0.0,0.0,0.0,0.0,1.0
309258,0,1,3400,-61,61,90,17,23,0.50,21248.000000,0,27,12,0.0,0.0,0.0,0.0,0.0,0.0,1.0
309507,0,1,3400,-61,61,94,17,23,0.50,53120.000000,0,27,12,0.0,25184.000000,0,0.0,0.0,0.0,1.0
309756,0,1,3400,-61,61,93,18,23,0.50,42176.000000,0,27,11,0.0,0.0,0.0,0.0,0.0,0.0,1.0
310005,0,1,3400,-61,61,91,17,23,0.50,31808.000000,0,27,11,0.0,0.0,0.0,0.0,0.0,0.0,1.0
310254,0,1,3400,-60,60,90,17,24,0.50,42496.000000,0,27,11,0.0,0.0,0.0,0.0,0.0,0.0,1.0
310503,0,1,3400,-60,60,85,18,24,0.50,37184.000000,0,27,12,0.0,23488.000000,0,0.0,0.0,0.0,1.0
310752,0,1,3400,-60,60,87,17,24,0.50,37120.000000,0,27,14,0.0,17056.000000,0,0.0,0.0,0.0,1.0
311001,0,1,3400,-60,60,88,17,23,0.50,26688.000000,0,27,14,0.0,0.0,0.0,0.0,0.0,0.0,1.0
311250,0,1,3400,-61,61,93,17,23,0.50,42624.000000,0,27,14,0.0,0.0,0.0,0.0,0.0,0.0,1.0
311499,0,1,3400,-61,61,96,17,23,0.50,58432.000000,0,27,13,0.0,19552.000000,0,0.0,0.0,0.0,1.0
311748,0,1,3400,-61,61,95,16,23,0.50,31840.000000,0,27,11,0.0,0.0,0.0,0.0,0.0,0.0,1.0
311997,0,1,3400,-61,61,87,18,23,0.50,0.0,0.0,27,10,0.0,0.0,0.0,0.0,0.0,0.0,1.0
312246,0,1,3400,-62,62,91,16,23,0.50,16160.000000,0,27,10,0.0,0.0,0.0,0.0,0.0,0.0,1.0
312495,0,1,3400,-62,62,96,15,22,0.50,42645.417969,0,27,11,0.0,16988.046875,0,0.0,0.0,0.0,1.0
312744,0,1,3400,-62,62,95,13,22,0.50,55392.000000,0,27,12,0.0,6944.000000,0,0.0,0.0,0.0,1.0
312993,0,1,3400,-62,62,95,11,22,0.50,89632.000000,0,27,12,0.0,0.0,0.0,0.0,0.0,0.0,1.0
313242,0,1,3400,-62,62,94,14,22,0.50,53056.000000,0,27,13,0.0,0.0,0.0,0.0,0.0,0.0,1.0
313491,0,1,3400,-62,62,98,13,22,0.50,37728.000000,0,27,11,0.0,17408.000000,0,0.0,0.0,0.0,1.0
313740,0,1,3400,-62,62,90,14,22,0.50,42720.000000,0,27,6.6,0.0,0.0,0.0,0.0,0.0,0.0,1.0
313989,0,1,3400,-62,62,90,13,22,0.50,70240.000000,0,27,6.7,0.0,0.0,0.0,0.0,0.0,0.0,1.0
314238,0,1,3400,-63,63,88,12,22,0.50,48832.000000,0,27,6.6,0.0,0.0,0.0,0.0,0.0,0.0,1.0
314487,0,1,3400,-63,63,93,16,22,0.50,66688.000000,0,27,6.8,0.0,23552.000000,0,0.0,0.0,0.0,1.0
314736,0,1,3400,-63,63,95,15,22,0.50,46432.000000,0,27,6.7,0.0,0.0,0.0,0.0,0.0,0.0,1.0
314985,0,1,3400,-63,63,94,13,22,0.50,43104.000000,0,27,6.6,0.0,0.0,0.0,0.0,0.0,0.0,1.0
315234,0,1,3400,-63,63,93,14,22,0.50,54272.000000,0,27,6.5,0.0,0.0,0.0,0.0,0.0,0.0,1.0
315483,0,1,3400,-63,63,91,13,22,0.50,26912.000000,0,27,7.8,0.0,17856.000000,0,0.0,0.0,0.0,1.0
315732,0,1,3400,-63,63,90,16,22,0.50,69664.000000,0,27,12,0.0,15520.000000,0,0.0,0.0,0.0,1.0
315981,0,1,3400,-63,63,89,13,22,0.50,59616.000000,0,27,12,0.0,0.0,0.0,0.0,0.0,0.0,1.0
316230,0,1,3400,-63,63,90,13,22,0.50,37824.000000,0,27,12,0.0,0.0,0.0,0.0,0.0,0.0,1.0
316479,0,1,3400,-63,63,92,12,22,0.50,37760.000000,0,27,12,0.0,21952.000000,0,0.0,0.0,0.0,1.0
316728,0,1,3400,-63,63,90,15,22,0.50,53280.000000,0,27,11,0.0,0.0,0.0,0.0,0.0,0.0,1.0
316977,0,1,3400,-63,63,94,14,22,0.50,32448.000000,0,27,11,0.0,0.0,0.0,0.0,0.0,0.0,1.0
317226,0,1,3400,-63,63,89,13,22,0.50,59040.000000,0,27,11,0.0,0.0,0.0,0.0,0.0,0.0,1.0
317475,0,1,3400,-63,63,95,15,23,0.50,48352.000000,0,27,12,0.0,23488.000000,0,0.0,0.0,0.0,1.0
317724,0,1,3400,-63,63,102,14,22,0.50,53696.000000,0,27,14,0.0,0.0,0.0,0.0,0.0,0.0,1.0
317973,0,1,3400,-63,63,100,15,23,0.50,43008.000000,0,27,14,0.0,0.0,0.0,0.0,0.0,0.0,1.0
318222,0,1,3400,-63,63,89,15,23,0.50,26688.000000,0,27,14,0.0,0.0,0.0,0.0,0.0,0.0,1.0
318471,0,1,3400,-63,63,88,16,23,0.50,42784.000000,0,27,13,0.0,16576.000000,0,0.0,0.0,0.0,1.0
318720,0,1,3400,-63,63,93,18,23,0.50,16000.000000,0,27,8.0,0.0,0.0,0.0,0.0,0.0,0.0,1.0
318969,0,1,3400,-63,63,96,18,23,0.50,31745.019531,0,27,8.1,0.0,0.0,0.0,0.0,0.0,0.0,1.0
319218,0,1,3400,-63,63,97,18,23,0.50,79584.000000,0,27,8.1,0.0,0.0,0.0,0.0,0.0,0.0,1.0
319467,0,1,3400,-63,63,98,14,23,0.50,16256.000000,0,27,8.9,0.0,26112.000000,0,0.0,0.0,0.0,1.0
319716,0,1,3400,-63,63,95,12,23,0.50,42912.000000,0,27,12,0.0,0.0,0.0,0.0,0.0,0.0,1.0
319965,0,1,3400,-63,63,89,15,23,0.50,26752.000000,0,27,12,0.0,0.0,0.0,0.0,0.0,0.0,1.0
320214,0,1,3400,-63,63,91,16,23,0.50,21248.000000,0,27,12,0.0,0.0,0.0,0.0,0.0,0.0,1.0
320463,0,1,3400,-63,63,89,16,23,0.50,47936.000000,0,27,12,0.0,13632.000000,0,0.0,0.0,0.0,1.0
320712,0,1,3400,-63,63,87,17,24,0.50,32000.000000,0,27,14,0.0,0.0,0.0,0.0,0.0,0.0,1.0
320961,0,1,3400,-63,63,93,17,24,0.50,58336.000000,0,27,14,0.0,0.0,0.0,0.0,0.0,0.0,1.0
321210,0,1,3400,-62,62,96,16,24,0.50,26560.000000,0,27,14,0.0,0.0,0.0,0.0,0.0,0.0,1.0
321459,0,1,3400,-62,62,90,17,24,0.50,58400.000000,0,27,12,0.0,24032.000000,0,0.0,0.0,0.0,1.0
321708,0,1,3400,-62,62,91,16,24,0.50,47840.000000,0,27,8.1,0.0,0.0,0.0,0.0,0.0,0.0,1.0
321957,0,1,3400,-62,62,93,18,24,0.50,31872.000000,0,27,8.1,0.0,0.0,0.0,0.0,0.0,0.0,1.0
322206,0,1,3400,-63,63,93,17,24,0.50,21376.000000,0,27,8.0,0.0,0.0,0.0,0.0,0.0,0.0,1.0
322455,0,1,3400,-63,63,91,16,23,0.50,64128.000000,0,27,8.8,0.0,18368.000000,0,0.0,0.0,0.0,1.0
322704,0,1,3400,-63,63,94,18,23,0.50,47808.000000,0,27,12,0.0,0.0,0.0,0.0,0.0,0.0,1.0
322953,0,1,3400,-63,63,91,17,24,0.50,53184.000000,0,27,12,0.0,0.0,0.0,0.0,0.0,0.0,1.0
323202,0,1,3400,-62,62,89,15,24,0.50,16064.000000,0,27,12,0.0,0.0,0.0,0.0,0.0,0.0,1.0
323451,0,1,3400,-62,62,94,17,24,0.50,32000.000000,0,27,12,0.0,30048.000000,0,0.0,0.0,0.0,1.0
323700,0,1,3400,-62,62,94,17,24,0.50,31872.000000,0,27,12,0.0,0.0,0.0,0.0,0.0,0.0,1.0
323949,0,1,3400,-62,62,88,18,25,0.50,21248.000000,0,27,12,0.0,0.0,0.0,0.0,0.0,0.0,1.0
324198,0,1,3400,-62,62,88,16,24,0.50,42688.000000,0,27,12,0.0,0.0,0.0,0.0,0.0,0.0,1.0
324447,0,1,3400,-62,62,92,16,24,0.50,53024.000000,0,27,12,0.0,7328.000000,0,0.0,0.0,0.0,1.0
324696,0,1,3400,-62,62,97,17,24,0.50,32128.513672,0,27,11,0.0,0.0,0.0,0.0,0.0,0.0,1.0
324945,0,1,3400,-62,62,97,18,24,0.50,21163.345703,0,27,11,0.0,0.0,0.0,0.0,0.0,0.0,1.0
325194,0,1,3400,-62,62,89,16,24,0.50,42795.179688,0,27,11,0.0,0.0,0.0,0.0,0.0,0.0,1.0
325443,0,1,3400,-62,62,87,16,24,0.50,52908.367188,0,27,11,0.0,21864.541016,0,0.0,0.0,0.0,1.0
325692,0,1,3400,-62,62,93,17,24,0.50,42752.000000,0,27,13,0.0,0.0,0.0,0.0,0.0,0.0,1.0
325941,0,1,3400,-62,62,96,18,25,0.50,31936.000000,0,27,13,0.0,0.0,0.0,0.0,0.0,0.0,1.0
326190,0,1,3400,-61,61,101,18,25,0.50,37504.000000,0,27,13,0.0,0.0,0.0,0.0,0.0,0.0,1.0
326439,0,1,3400,-61,61,94,15,25,0.50,58944.000000,0,27,13,0.0,23744.000000,0,0.0,0.0,0.0,1.0
326688,0,1,3400,-61,61,90,17,25,0.50,32064.000000,0,27,12,0.0,0.0,0.0,0.0,0.0,0.0,1.0
326937,0,1,3400,-61,61,83,13,25,0.51,88832.000000,0,27,11,0.0,0.0,0.0,0.0,0.0,0.0,1.0
327186,0,1,3400,-62,62,86,16,25,0.50,42816.000000,0,27,12,0.0,0.0,0.0,0.0,0.0,0.0,1.0
327435,0,1,3400,-62,62,84,17,24,0.50,31808.000000,0,27,12,0.0,32768.000000,0,0.0,0.0,0.0,1.0
327684,0,1,3400,-62,62,84,16,24,0.50,37376.000000,0,27,11,0.0,4384.000000,0,0.0,0.0,0.0,1.0
327933,0,1,3400,-62,62,92,13,24,0.50,45888.000000,0,27,11,0.0,0.0,0.0,0.0,0.0,0.0,1.0
328182,0,1,3400,-62,62,95,16,24,0.50,33696.000000,0,27,11,0.0,0.0,0.0,0.0,0.0,0.0,1.0
328431,0,1,3400,-62,62,91,18,24,0.50,26560.000000,0,27,11,0.0,15776.000000,0,0.0,0.0,0.0,1.0
328680,0,1,3400,-62,62,88,18,24,0.50,53248.000000,0,27,14,0.0,17056.000000,0,0.0,0.0,0.0,1.0
328929,0,1,3400,-62,62,93,17,24,0.50,37216.000000,0,27,16,0.0,0.0,0.0,0.0,0.0,0.0,1.0
329178,0,1,3400,-61,61,96,14,25,0.50,26880.000000,0,27,15,0.0,0.0,0.0,0.0,0.0,0.0,1.0
329427,0,1,3400,-61,61,90,19,25,0.50,37344.000000,0,27,14,0.0,27040.000000,0,0.0,0.0,0.0,1.0
329676,0,1,3400,-61,61,98,17,25,0.50,53184.000000,0,27,6.1,0.0,0.0,0.0,0.0,0.0,0.0,1.0
329925,0,1,3400,-61,61,104,17,25,0.50,16000.000000,0,27,6.1,0.0,0.0,0.0,0.0,0.0,0.0,1.0
330174,0,1,3400,-61,61,93,18,25,0.50,32000.000000,0,27,6.0,0.0,0.0,0.0,0.0,0.0,0.0,1.0
330423,0,1,3400,-61,61,85,15,25,1.7,8416.000000,25,27,6.0,0.0,0.0,0.0,0.0,0.0,0.0,1.0
330672,0,1,3400,-61,61,90,16,25,1.0,10624.000000,0,27,7.1,0.0,23456.000000,0,0.0,0.0,0.0,1.0
330921,0,1,3400,-61,61,93,17,25,0.50,37312.000000,0,27,8.5,0.0,0.0,0.0,0.0,0.0,0.0,1.0
331170,0,1,3400,-60,60,93,16,25,0.50,32096.000000,0,27,8.5,0.0,0.0,0.0,0.0,0.0,0.0,1.0
331419,0,1,3400,-60,60,94,15,25,0.50,48384.000000,0,27,9.6,0.0,26016.000000,0,0.0,0.0,0.0,1.0
331668,0,1,3400,-60,60,93,16,26,0.50,42240.000000,0,27,9.5,0.0,0.0,0.0,0.0,0.0,0.0,1.0
331917,0,1,3400,-60,60,94,16,26,0.50,32032.128906,0,27,9.5,0.0,0.0,0.0,0.0,0.0,0.0,1.0
332166,0,1,3400,-60,60,92,13,26,0.50,16286.852539,0,27,9.5,0.0,0.0,0.0,0.0,0.0,0.0,1.0
332415,0,1,3400,-60,60,90,7.3,26,0.50,36992.000000,0,27,10,0.0,23488.000000,20,0.0,0.0,0.0,1.0
332664,0,1,3400,-60,60,92,14,26,0.50,31872.000000,0,27,14,0.0,0.0,0.0,0.0,0.0,0.0,1.0
332913,0,1,3400,-60,60,96,17,25,0.50,35776.000000,0,27,14,0.0,0.0,0.0,0.0,0.0,0.0,1.0
333162,0,1,3400,-61,61,97,17,25,0.50,55360.000000,0,27,14,0.0,0.0,0.0,0.0,0.0,0.0,1.0
333411,0,1,3400,-61,61,89,18,25,0.50,26560.000000,0,27,12,0.0,24384.000000,0,0.0,0.0,0.0,1.0
333660,0,1,3400,-61,61,90,18,25,0.50,31936.000000,0,27,9.1,0.0,0.0,0.0,0.0,0.0,0.0,1.0
333909,0,1,3400,-61,61,91,17,25,0.55,48224.000000,0,27,9.0,0.0,0.0,0.0,0.0,0.0,0.0,1.0
334158,0,1,3400,-60,60,93,18,25,0.50,16064.000000,0,27,9.0,0.0,0.0,0.0,0.0,0.0,0.0,1.0
334407,0,1,3400,-60,60,93,16,26,0.50,79552.000000,0,27,8.9,0.0,24320.000000,12,0.0,0.0,0.0,1.0
334656,0,1,3400,-60,60,92,16,26,0.50,37312.000000,0,27,9.0,0.0,0.0,0.0,0.0,0.0,0.0,1.0
334905,0,1,3400,-60,60,94,18,26,0.50,42720.000000,0,27,9.0,0.0,0.0,0.0,0.0,0.0,0.0,1.0
335154,0,1,3400,-61,61,89,16,25,0.50,44256.000000,0,27,9.1,0.0,0.0,0.0,0.0,0.0,0.0,1.0
335403,0,1,3400,-61,61,89,9.1,25,0.50,28768.000000,0,27,9.1,0.0,9376.000000,0,0.0,0.0,0.0,1.0
335652,0,1,3400,-61,61,90,17,25,0.50,32256.000000,0,27,7.1,0.0,6720.000000,0,0.0,0.0,0.0,1.0
335901,0,1,3400,-61,61,92,18,25,0.50,42496.000000,0,27,7.1,0.0,0.0,0.0,0.0,0.0,0.0,1.0
336150,0,1,3400,-61,61,92,13,25,0.50,66688.000000,0,27,7.1,0.0,0.0,0.0,0.0,0.0,0.0,1.0
336399,0,1,3400,-61,61,102,17,25,0.50,79840.000000,0,27,6.9,0.0,16160.000000,0,0.0,0.0,0.0,1.0
336648,0,1,3400,-61,61,92,17,25,0.50,32160.000000,0,27,6.5,0.0,0.0,0.0,0.0,0.0,0.0,1.0
336897,0,1,3400,-61,61,91,16,25,0.50,53536.000000,0,27,6.5,0.0,0.0,0.0,0.0,0.0,0.0,1.0
337146,0,1,3400,-60,60,95,16,26,0.50,21376.000000,0,27,6.5,0.0,0.0,0.0,0.0,0.0,0.0,1.0
337395,0,1,3400,-60,60,96,16,26,0.58,52160.000000,5,27,8.2,0.0,22112.000000,0,0.0,0.0,0.0,1.0
337644,0,1,3400,-60,60,100,14,26,0.89,71744.000000,5,27,11,0.0,0.0,0.0,0.0,0.0,0.0,1.0
337893,0,1,3400,-60,60,93,13,26,0.50,45686.746094,0,27,11,0.0,0.0,0.0,0.0,0.0,0.0,1.0
338142,0,1,3400,-60,60,88,16,26,0.50,21280.000000,0,27,11,0.0,0.0,0.0,0.0,0.0,0.0,1.0
338391,0,1,3400,-60,60,93,17,26,0.50,37120.000000,0,27,8.6,0.0,23584.000000,0,0.0,0.0,0.0,1.0
338640,0,1,3400,-60,60,92,15,26,0.50,42231.074219,0,27,3.5,0.0,0.0,0.0,0.0,0.0,0.0,1.0
338889,0,1,3400,-60,60,91,16,26,0.50,26752.000000,0,27,3.5,0.0,0.0,0.0,0.0,0.0,0.0,1.0
339138,0,1,3400,-60,60,97,13,25,0.50,43008.000000,0,27,3.7,0.0,0.0,0.0,0.0,0.0,0.0,1.0
339387,0,1,3400,-60,60,92,17,26,0.90,20128.000000,12,27,3.4,0.0,15264.000000,0,0.0,0.0,0.0,1.0
339636,0,1,3400,-60,60,87,7.0,25,0.57,65024.000000,1,27,4.0,0.0,0.0,0.0,0.0,0.0,0.0,1.0
339885,0,1,3400,-60,60,93,17,25,0.50,37504.000000,0,27,4.0,0.0,0.0,0.0,0.0,0.0,0.0,1.0
340134,0,1,3400,-61,61,95,7.8,25,0.50,33888.000000,0,27,4.0,0.0,0.0,0.0,0.0,0.0,0.0,1.0
340383,0,1,3400,-61,61,94,17,25,0.50,21376.000000,0,27,4.0,186,0.0,0.0,0.0,0.0,0.0,1.0
340632,0,1,3400,-61,61,91,12,25,0.50,44096.000000,0,27,8.9,0.0,28000.000000,0,0.0,0.0,0.0,1.0
340881,0,1,3400,-61,61,94,14,24,0.50,53248.000000,0,27,9.9,0.0,0.0,0.0,0.0,0.0,0.0,1.0
341130,0,1,3400,-62,62,93,14,24,0.50,44064.000000,0,27,9.9,0.0,0.0,0.0,0.0,0.0,0.0,1.0
341379,0,1,3400,-62,62,91,16,23,0.50,58432.000000,0,27,9.5,0.0,9056.000000,0,0.0,0.0,0.0,1.0
341628,0,1,3400,-62,62,93,18,23,0.52,47808.000000,0,27,7.5,0.0,0.0,0.0,0.0,0.0,0.0,1.0
341877,0,1,3400,-62,62,97,16,23,0.52,31872.000000,0,27,7.5,0.0,0.0,0.0,0.0,0.0,0.0,1.0
342126,0,1,3400,-62,62,95,12,23,0.50,27584.000000,0,27,7.5,0.0,0.0,0.0,0.0,0.0,0.0,1.0
342375,0,1,3400,-62,62,93,8.9,22,0.50,38624.000000,0,27,6.9,0.0,18496.000000,11,0.0,0.0,0.0,1.0
342624,0,1,3400,-62,62,87,13,22,0.50,37728.000000,0,27,7.2,0.0,17056.000000,0,0.0,0.0,0.0,1.0
342873,0,1,3400,-62,62,90,15,23,0.50,21536.000000,0,27,8.0,0.0,0.0,0.0,0.0,0.0,0.0,1.0
343122,0,1,3400,-61,61,92,17,23,0.50,21248.000000,0,27,8.0,0.0,0.0,0.0,0.0,0.0,0.0,1.0
343371,0,1,3400,-61,61,93,15,23,0.50,27104.000000,0,27,8.7,0.0,67488.000000,0,0.0,0.0,0.0,1.0
343620,0,1,3400,-61,61,94,12,23,0.50,50464.000000,0,27,6.3,0.0,2592.000000,0,0.0,0.0,0.0,1.0
343869,0,1,3400,-61,61,96,15,23,0.50,37312.000000,0,27,5.5,0.0,0.0,0.0,0.0,0.0,0.0,1.0
344118,0,1,3400,-61,61,90,13,22,0.50,43148.593750,0,27,5.4,0.0,0.0,0.0,0.0,0.0,0.0,1.0
344367,0,1,3400,-61,61,86,17,22,0.50,42784.000000,0,27,5.4,112,2592.000000,0,0.0,0.0,0.0,1.0
344616,0,1,3400,-61,61,89,16,22,0.50,38080.000000,0,27,16,0.0,121728.000000,27,0.0,0.0,0.0,1.0
344865,0,1,3400,-61,61,93,11,22,0.50,21888.000000,0,27,16,0.0,0.0,0.0,0.0,0.0,0.0,1.0
345114,0,1,3400,-62,62,94,6.6,21,0.50,22884.462891,0,27,16,0.0,0.0,0.0,0.0,0.0,0.0,1.0
345363,0,1,3400,-62,62,90,9.4,21,0.50,27680.000000,0,27,14,0.0,14176.000000,0,0.0,0.0,0.0,1.0
345612,0,1,3400,-62,62,90,12,21,0.50,32960.000000,0,27,10,0.0,0.0,0.0,0.0,0.0,0.0,1.0
345861,0,1,3400,-62,62,90,9.7,21,0.50,37856.000000,0,27,10,0.0,0.0,0.0,0.0,0.0,0.0,1.0
346110,0,1,3400,-61,61,86,15,21,0.50,48352.000000,0,27,10,0.0,0.0,0.0,0.0,0.0,0.0,1.0
346359,0,1,3400,-61,61,96,13,21,0.50,16224.000000,0,27,10,0.0,0.0,0.0,0.0,0.0,0.0,1.0
346608,0,1,3400,-61,61,101,14,21,0.50,37376.000000,0,27,11,0.0,22720.000000,0,0.0,0.0,0.0,1.0
346857,0,1,3400,-61,61,97,12,21,0.52,48736.000000,0,27,10,0.0,0.0,0.0,0.0,0.0,0.0,1.0
347106,0,1,3400,-62,62,97,10,20,0.50,29152.000000,0,27,10,0.0,0.0,0.0,0.0,0.0,0.0,1.0
347355,0,1,3400,-62,62,97,12,20,0.50,67936.000000,0,27,9.1,0.0,20992.000000,0,0.0,0.0,0.0,1.0
347604,0,1,3400,-62,62,94,12,20,0.50,21760.000000,0,27,6.5,0.0,0.0,0.0,0.0,0.0,0.0,1.0
347853,0,1,3400,-62,62,98,12,19,0.51,48640.000000,0,27,6.5,0.0,0.0,0.0,0.0,0.0,0.0,1.0
348102,0,1,3400,-63,63,97,14,19,0.50,32416.000000,0,27,6.5,0.0,0.0,0.0,0.0,0.0,0.0,1.0
348351,0,1,3400,-63,63,92,11,19,0.50,27360.000000,0,27,6.6,0.0,71712.000000,0,0.0,0.0,0.0,1.0
348600,0,1,3400,-63,63,92,12,19,0.50,38016.000000,0,27,7.0,0.0,0.0,0.0,0.0,0.0,0.0,1.0
348849,0,1,3400,-63,63,92,12,19,0.74,44832.000000,4,27,7.0,0.0,0.0,0.0,0.0,0.0,0.0,1.0
349098,0,1,3400,-63,63,91,11,19,0.55,65952.000000,0,27,7.0,0.0,0.0,0.0,0.0,0.0,0.0,1.0
349347,0,1,3400,-63,63,94,11,18,0.50,25568.000000,0,27,7.3,0.0,17408.000000,12,0.0,0.0,0.0,1.0
349596,0,1,3400,-63,63,93,11,18,0.50,38272.000000,0,27,10,0.0,11936.000000,0,0.0,0.0,0.0,1.0
349845,0,1,3400,-63,63,91,12,18,0.50,24416.000000,0,27,10,0.0,0.0,0.0,0.0,0.0,0.0,1.0
350094,0,1,3400,-63,63,97,14,18,0.50,51488.000000,0,27,10,0.0,0.0,0.0,0.0,0.0,0.0,1.0
350343,0,1,3400,-63,63,97,11,18,0.50,27328.000000,0,27,10,0.0,14144.000000,0,0.0,0.0,0.0,1.0
350592,0,1,3400,-63,63,94,14,18,0.50,21920.000000,0,27,8.5,0.0,0.0,0.0,0.0,0.0,0.0,1.0
350841,0,1,3400,-63,63,90,13,18,0.50,16417.669922,0,27,8.5,0.0,0.0,0.0,0.0,0.0,0.0,1.0
351090,0,1,3400,-63,63,89,11,18,0.50,26976.000000,0,27,8.5,0.0,0.0,0.0,0.0,0.0,0.0,1.0
351339,0,1,3400,-63,63,93,9.3,18,0.50,22752.000000,0,27,8.9,0.0,22720.000000,0,0.0,0.0,0.0,1.0
351588,0,1,3400,-63,63,97,11,18,0.50,38183.265625,0,27,10,0.0,7171.314941,0,0.0,0.0,0.0,1.0
351837,0,1,3400,-63,63,94,12,19,0.50,43584.000000,0,27,10,0.0,0.0,0.0,0.0,0.0,0.0,1.0
352086,0,1,3400,-62,62,96,12,19,0.50,50048.000000,0,27,10,0.0,0.0,0.0,0.0,0.0,0.0,1.0
352335,0,1,3400,-62,62,93,11,19,0.50,59584.000000,0,27,10,0.0,36000.000000,0,0.0,0.0,0.0,1.0
352584,0,1,3400,-62,62,94,11,19,0.50,38176.000000,0,27,9.0,0.0,0.0,0.0,0.0,0.0,0.0,1.0
352833,0,1,3400,-62,62,94,11,19,0.50,49056.000000,0,27,9.0,0.0,0.0,0.0,0.0,0.0,0.0,1.0
353082,0,1,3400,-62,62,94,10,20,0.50,22592.000000,0,27,9.0,0.0,0.0,0.0,0.0,0.0,0.0,1.0
353331,0,1,3400,-62,62,98,9.9,20,0.50,32224.000000,0,27,9.1,0.0,0.0,50,0.0,0.0,0.0,1.0
353580,0,1,3400,-62,62,91,13,20,0.50,65696.000000,0,27,8.1,0.0,24256.000000,0,0.0,0.0,0.0,1.0
353829,0,1,3400,-62,62,91,12,20,0.50,43488.000000,0,27,8.0,0.0,0.0,0.0,0.0,0.0,0.0,1.0
354078,0,1,3400,-62,62,92,11,20,0.50,34912.000000,0,27,8.0,0.0,0.0,0.0,0.0,0.0,0.0,1.0
354327,0,1,3400,-62,62,94,12,20,0.50,70368.000000,0,27,7.8,0.0,16064.000000,0,0.0,0.0,0.0,1.0
354576,0,1,3400,-62,62,90,7.3,20,0.50,56448.000000,0,27,7.5,0.0,0.0,0.0,0.0,0.0,0.0,1.0
354825,0,1,3400,-62,62,86,12,20,0.50,16352.000000,0,27,7.5,0.0,0.0,0.0,0.0,0.0,0.0,1.0
355074,0,1,3400,-62,62,93,11,20,0.50,48896.000000,0,27,7.5,0.0,0.0,0.0,0.0,0.0,0.0,1.0
355323,0,1,3400,-62,62,96,11,20,0.50,32800.000000,0,27,8.2,0.0,31200.000000,0,0.0,0.0,0.0,1.0
355572,0,1,3400,-62,62,97,9.1,20,0.88,25888.000000,5,27,15,0.0,17056.000000,0,0.0,0.0,0.0,1.0
355821,0,1,3400,-62,62,93,11,21,0.50,38016.000000,0,27,15,0.0,0.0,0.0,0.0,0.0,0.0,1.0
356070,0,1,3400,-62,62,92,10,21,0.50,22432.000000,0,27,15,0.0,0.0,0.0,0.0,0.0,0.0,1.0
356319,0,1,3400,-62,62,96,11,21,0.50,38112.000000,0,27,15,0.0,7200.000000,0,0.0,0.0,0.0,1.0
356568,0,1,3400,-62,62,93,10,21,0.50,40768.000000,0,27,0.028,0.0,6688.000000,0,0.0,0.0,0.0,1.0
356817,0,1,3400,-62,62,93,10,21,0.50,50592.000000,0,27,0.056,0.0,0.0,0.0,0.0,0.0,0.0,1.0
357066,0,1,3400,-63,63,92,10,21,0.50,38400.000000,0,27,0.028,0.0,0.0,0.0,0.0,0.0,0.0,1.0
357315,0,1,3400,-63,63,91,15,21,0.50,43148.593750,0,27,1.2,0.0,18184.738281,0,0.0,0.0,0.0,1.0
357564,0,1,3400,-63,63,91,13,20,0.50,43488.000000,0,27,6.0,0.0,0.0,0.0,0.0,0.0,0.0,1.0
357813,0,1,3400,-63,63,98,13,20,0.50,32416.000000,0,27,6.0,0.0,0.0,0.0,0.0,0.0,0.0,1.0
358062,0,1,3400,-64,64,97,10,20,0.50,22240.000000,0,27,6.0,0.0,0.0,0.0,0.0,0.0,0.0,1.0
358311,0,1,3400,-64,64,92,11,20,0.50,33593.625000,0,27,6.6,0.0,19059.761719,0,0.0,0.0,0.0,1.0
358560,0,1,3400,-64,64,87,8.8,20,0.50,22400.000000,0,27,9.5,0.0,11936.000000,0,0.0,0.0,0.0,1.0
358809,0,1,3400,-64,64,86,5.4,21,0.50,28672.000000,0,27,9.5,0.0,0.0,0.0,0.0,0.0,0.0,1.0
359058,0,1,3400,-64,64,87,3.9,21,0.50,17408.000000,0,27,9.5,0.0,0.0,0.0,0.0,0.0,0.0,1.0
359307,0,1,3400,-64,64,93,12,21,0.50,39008.000000,0,27,10,0.0,25440.000000,14,0.0,0.0,0.0,1.0
359556,0,1,3400,-64,64,92,14,21,0.50,43072.000000,0,27,11,0.0,0.0,0.0,0.0,0.0,0.0,1.0
359805,0,1,3400,-64,64,94,8.3,21,0.50,56448.000000,0,27,12,0.0,0.0,0.0,0.0,0.0,0.0,1.0
360054,0,1,3400,-63,63,96,12,22,0.50,32992.000000,0,27,11,0.0,0.0,0.0,0.0,0.0,0.0,1.0
360303,0,1,3400,-63,63,92,15,22,0.50,70400.000000,0,27,11,0.0,30656.000000,0,0.0,0.0,0.0,1.0
360552,0,1,3400,-63,63,89,9.4,22,0.50,44064.000000,0,27,7.5,0.0,7200.000000,0,0.0,0.0,0.0,1.0
360801,0,1,3400,-63,63,94,7.5,22,0.50,51200.000000,0,27,7.0,0.0,0.0,0.0,0.0,0.0,0.0,1.0
361050,0,1,3400,-63,63,96,11,22,0.50,38752.000000,0,27,7.0,0.0,0.0,0.0,0.0,0.0,0.0,1.0
361299,0,1,3400,-63,63,93,9.1,23,0.50,27616.000000,0,27,7.7,0.0,22720.000000,20,0.0,0.0,0.0,1.0
361548,0,1,3400,-63,63,90,10.0,23,0.50,28256.000000,0,27,10,0.0,0.0,0.0,0.0,0.0,0.0,1.0
361797,0,1,3400,-63,63,91,16,23,0.50,59328.000000,0,27,10,0.0,0.0,0.0,0.0,0.0,0.0,1.0
362046,0,1,3400,-63,63,95,12,23,0.50,22176.000000,0,27,10,0.0,0.0,0.0,0.0,0.0,0.0,1.0
362295,0,1,3400,-63,63,97,16,23,0.50,37280.000000,0,27,9.8,0.0,13920.000000,0,0.0,0.0,0.0,1.0
362544,0,1,3400,-63,63,90,14,23,0.50,21376.000000,0,27,7.0,0.0,0.0,0.0,0.0,0.0,0.0,1.0
362793,0,1,3400,-63,63,88,13,23,0.50,62912.000000,0,27,7.0,0.0,0.0,0.0,0.0,0.0,0.0,1.0
363042,0,1,3400,-63,63,87,16,23,0.50,48064.000000,0,27,7.0,0.0,0.0,0.0,0.0,0.0,0.0,1.0
363291,0,1,3400,-63,63,90,12,23,0.51,42720.000000,4,27,7.5,0.0,16064.000000,0,0.0,0.0,0.0,1.0
363540,0,1,3400,-63,63,96,5.8,23,0.50,50056.226562,0,27,8.5,0.0,0.0,0.0,0.0,0.0,0.0,1.0
363789,0,1,3400,-63,63,95,12,23,0.50,38848.000000,0,27,8.7,0.0,9376.000000,0,0.0,0.0,0.0,1.0
364038,0,1,3400,-63,63,94,14,23,0.53,50368.000000,4,27,9.0,0.0,0.0,0.0,0.0,0.0,0.0,1.0
364287,0,1,3400,-63,63,92,11,23,0.50,33440.000000,0,27,8.9,0.0,10656.000000,0,0.0,0.0,0.0,1.0
364536,0,1,3400,-63,63,94,4.8,23,0.50,16992.000000,0,27,8.5,0.0,0.0,0.0,0.0,0.0,0.0,1.0
364785,0,1,3400,-63,63,94,14,24,0.50,36812.750000,0,27,8.5,0.0,0.0,0.0,0.0,0.0,0.0,1.0
365034,0,1,3400,-62,62,85,13,24,0.50,54432.000000,0,27,8.5,0.0,0.0,0.0,0.0,0.0,0.0,1.0
365283,0,1,3400,-62,62,87,17,24,0.50,79808.000000,0,27,8.1,0.0,17344.000000,20,0.0,0.0,0.0,1.0
365532,0,1,3400,-62,62,90,15,24,0.50,32000.000000,0,27,6.5,0.0,0.0,0.0,0.0,0.0,0.0,1.0
365781,0,1,3400,-62,62,94,16,24,0.50,42880.000000,0,27,6.5,0.0,0.0,0.0,0.0,0.0,0.0,1.0
366030,0,1,3400,-62,62,92,11,24,0.50,43456.000000,0,27,6.5,0.0,0.0,0.0,0.0,0.0,0.0,1.0
366279,0,1,3400,-62,62,93,16,24,0.50,38880.000000,0,27,4.9,0.0,19360.000000,5,0.0,0.0,0.0,1.0
366528,0,1,3400,-62,62,92,13,24,0.50,47776.000000,0,27,0.0,0.0,0.0,0.0,0.0,0.0,0.0,1.0
366777,0,1,3400,-62,62,92,13,24,0.50,32480.000000,0,27,0.0,0.0,0.0,0.0,0.0,0.0,0.0,1.0
367026,0,1,3400,-62,62,96,14,24,0.50,43680.000000,0,27,0.028,0.0,0.0,0.0,0.0,0.0,0.0,1.0
367275,0,1,3400,-62,62,93,15,24,0.50,69728.000000,0,27,1.5,0.0,22048.000000,0,0.0,0.0,0.0,1.0
367524,0,1,3400,-62,62,96,16,24,0.50,26592.000000,0,27,7.4,0.0,15520.000000,33,0.0,0.0,0.0,1.0
367773,0,1,3400,-62,62,91,13,24,0.50,32960.000000,0,27,9.0,0.0,0.0,0.0,0.0,0.0,0.0,1.0
368022,0,1,3400,-61,61,88,15,24,0.50,59456.000000,0,27,8.9,0.0,0.0,0.0,0.0,0.0,0.0,1.0
368271,0,1,3400,-61,61,87,16,24,0.50,38336.000000,0,27,9.3,0.0,15808.000000,0,0.0,0.0,0.0,1.0
368520,0,1,3400,-61,61,95,13,24,0.50,49408.000000,0,27,14,0.0,15520.000000,60,0.0,0.0,0.0,1.0
368769,0,1,3400,-61,61,96,14,25,0.50,32576.000000,0,27,14,0.0,0.0,0.0,0.0,0.0,0.0,1.0
369018,0,1,3400,-60,60,89,15,25,0.50,53536.000000,0,27,14,0.0,0.0,0.0,0.0,0.0,0.0,1.0
369267,0,1,3400,-60,60,94,17,25,0.50,26688.000000,0,27,14,0.0,7200.000000,0,0.0,0.0,0.0,1.0
369516,0,1,3400,-60,60,96,14,25,0.50,70496.000000,0,27,11,0.0,22208.000000,20,0.0,0.0,0.0,1.0
369765,0,1,3400,-60,60,95,17,25,0.50,32192.000000,0,27,11,0.0,0.0,0.0,0.0,0.0,0.0,1.0
370014,0,1,3400,-60,60,96,15,25,0.50,38040.160156,0,27,11,0.0,0.0,0.0,0.0,0.0,0.0,1.0
370263,0,1,3400,-60,60,96,13,25,0.50,38944.000000,0,27,11,0.0,23488.000000,0,0.0,0.0,0.0,1.0
370512,0,1,3400,-60,60,98,16,25,0.50,42144.000000,0,27,14,0.0,0.0,0.0,0.0,0.0,0.0,1.0
370761,0,1,3400,-60,60,95,17,25,0.50,56192.000000,0,27,14,0.0,0.0,0.0,0.0,0.0,0.0,1.0
371010,0,1,3400,-60,60,96,12,25,0.50,59776.000000,0,27,14,0.0,0.0,0.0,0.0,0.0,0.0,1.0
371259,0,1,3400,-60,60,95,14,25,0.50,21896.414062,0,27,14,0.0,40892.429688,14,0.0,0.0,0.0,1.0
371508,0,1,3400,-60,60,99,12,25,0.50,49344.000000,0,27,15,0.0,0.0,0.0,0.0,0.0,0.0,1.0
371757,0,1,3400,-60,60,98,15,25,0.56,38752.000000,0,27,15,0.0,0.0,0.0,0.0,0.0,0.0,1.0
372006,0,1,3400,-60,60,98,17,25,0.50,21248.000000,0,27,15,0.0,0.0,0.0,0.0,1.0,0.0,1.0
372255,0,1,3400,-60,60,93,17,25,0.54,63840.000000,0,27,14,0.0,21984.000000,0,0.0,0.0,0.0,1.0
372504,0,1,3400,-60,60,92,16,25,0.53,54656.000000,0,27,6.5,0.0,0.0,0.0,0.0,0.0,0.0,1.0
372753,0,1,3400,-60,60,94,14,25,0.50,44192.000000,0,27,6.5,0.0,0.0,0.0,0.0,0.0,0.0,1.0
373002,0,1,3400,-60,60,98,15,25,0.50,60000.000000,0,27,6.5,0.0,0.0,0.0,0.0,0.0,0.0,1.0
373251,0,1,3400,-60,60,98,15,25,0.50,32864.000000,0,27,8.0,0.0,18880.000000,0,0.0,0.0,0.0,1.0
373500,0,1,3400,-60,60,100,11,25,0.50,57728.000000,0,27,11,0.0,0.0,0.0,0.0,0.0,0.0,1.0
373749,0,1,3400,-60,60,94,14,25,0.57,58688.000000,0,27,11,0.0,0.0,0.0,0.0,0.0,0.0,1.0
373998,0,1,3400,-60,60,93,17,25,0.52,59040.000000,0,27,11,0.0,0.0,0.0,0.0,0.0,0.0,1.0
374247,0,1,3400,-60,60,93,11,25,0.50,27168.000000,0,27,11,0.0,7328.000000,0,0.0,0.0,0.0,1.0
374496,0,1,3400,-60,60,91,15,25,0.50,43200.000000,0,27,9.5,0.0,0.0,0.0,0.0,0.0,0.0,1.0
374745,0,1,3400,-60,60,90,8.9,25,0.50,61824.000000,0,27,9.9,0.0,11936.000000,0,0.0,0.0,0.0,1.0
374994,0,1,3400,-60,60,91,11,25,0.50,37568.000000,0,27,10,0.0,0.0,0.0,0.0,0.0,0.0,1.0
375243,0,1,3400,-60,60,91,13,26,0.64,49280.000000,3,27,11,0.0,17056.000000,0,0.0,0.0,0.0,1.0
375492,0,1,3400,-60,60,93,13,26,0.50,53760.000000,0,27,11,0.0,7200.000000,0,0.0,0.0,0.0,1.0
375741,0,1,3400,-60,60,97,15,26,0.63,41952.000000,5,27,11,0.0,0.0,0.0,0.0,0.0,0.0,1.0
375990,0,1,3400,-60,60,95,9.3,26,0.74,34464.000000,5,27,11,0.0,0.0,0.0,0.0,0.0,0.0,1.0
376239,0,1,3400,-60,60,100,16,26,0.84,32032.000000,0,27,11,0.0,7200.000000,0,0.0,0.0,0.0,1.0
376488,0,1,3400,-60,60,98,17,26,0.65,36128.000000,8,27,7.0,0.0,11584.000000,0,0.0,0.0,0.0,1.0
376737,0,1,3400,-60,60,94,12,26,0.50,60640.000000,0,27,7.0,0.0,0.0,0.0,0.0,0.0,0.0,1.0
376986,0,1,3400,-60,60,98,16,26,0.56,26538.152344,0,27,7.0,0.0,0.0,0.0,0.0,0.0,0.0,1.0
377235,0,1,3400,-60,60,90,19,26,0.50,42496.000000,0,27,6.2,0.0,33120.000000,0,0.0,0.0,0.0,1.0
377484,0,1,3400,-60,60,89,17,26,0.50,21344.000000,0,27,7.5,0.0,0.0,0.0,0.0,0.0,0.0,1.0
377733,0,1,3400,-60,60,89,9.2,26,0.50,22215.138672,0,27,7.5,0.0,0.0,0.0,0.0,0.0,0.0,1.0
377982,0,1,3400,-61,61,91,12,25,0.50,16736.000000,0,27,7.5,0.0,0.0,0.0,0.0,0.0,0.0,1.0
378231,0,1,3400,-61,61,94,7.6,25,0.50,56192.000000,0,27,9.7,0.0,23488.000000,0,0.0,0.0,0.0,1.0
378480,0,1,3400,-61,61,96,12,25,0.55,49792.000000,0,27,12,0.0,11936.000000,0,0.0,0.0,0.0,1.0
378729,0,1,3400,-61,61,89,9.0,25,0.50,22272.000000,0,27,12,0.0,0.0,0.0,0.0,0.0,0.0,1.0
378978,0,1,3400,-61,61,90,10,25,0.60,27296.000000,0,27,12,0.0,0.0,0.0,0.0,0.0,0.0,1.0
379227,0,1,3400,-61,61,92,15,25,0.50,48704.000000,0,27,9.6,0.0,9952.000000,0,0.0,0.0,0.0,1.0
379476,0,1,3400,-61,61,95,17,25,0.50,36736.000000,0,27,3.6,0.0,0.0,0.0,0.0,0.0,0.0,1.0
379725,0,1,3400,-61,61,95,13,25,0.55,40416.000000,0,27,3.5,0.0,0.0,0.0,0.0,0.0,0.0,1.0
379974,0,1,3400,-61,61,95,17,24,0.50,31872.000000,0,27,3.6,0.0,0.0,0.0,0.0,0.0,0.0,1.0
380223,0,1,3400,-61,61,90,11,24,0.50,60416.000000,0,27,3.8,0.0,11936.000000,0,0.0,0.0,0.0,1.0
380472,0,1,3400,-61,61,90,12,24,0.50,21664.000000,0,27,6.5,0.0,6464.000000,0,0.0,0.0,0.0,1.0
380721,0,1,3400,-61,61,85,16,24,0.50,58752.000000,0,27,6.5,0.0,0.0,0.0,0.0,0.0,0.0,1.0
380970,0,1,3400,-60,60,88,11,25,0.50,40192.000000,0,27,6.5,0.0,0.0,0.0,0.0,0.0,0.0,1.0
381219,0,1,3400,-60,60,93,18,25,0.50,42272.000000,0,27,6.5,186,0.0,0.0,0.0,0.0,0.0,1.0
381468,0,1,3400,-60,60,99,17,25,0.50,21376.000000,0,27,6.9,0.0,10976.000000,0,0.0,0.0,0.0,1.0
381717,0,1,3400,-60,60,100,12,24,0.50,27680.000000,0,27,7.0,0.0,0.0,0.0,0.0,0.0,0.0,1.0
381966,0,1,3400,-61,61,95,14,24,0.50,49536.000000,0,27,7.0,0.0,0.0,0.0,0.0,0.0,0.0,1.0
382215,0,1,3400,-61,61,96,11,23,0.50,5984.000000,0,27,6.9,0.0,2592.000000,0,0.0,0.0,0.0,1.0
382464,0,1,3400,-61,61,97,13,23,0.50,38400.000000,0,27,11,0.0,22464.000000,0,0.0,0.0,0.0,1.0
382713,0,1,3400,-61,61,96,15,23,0.50,42368.000000,0,27,12,0.0,0.0,0.0,0.0,0.0,0.0,1.0
382962,0,1,3400,-60,60,92,13,23,0.50,49349.398438,0,27,12,0.0,0.0,0.0,0.0,0.0,0.0,1.0
383211,0,1,3400,-60,60,95,13,23,0.57,53728.000000,0,27,12,0.0,0.0,0,0.0,0.0,0.0,1.0
383460,0,1,3400,-60,60,91,8.5,23,0.50,43648.000000,0,27,13,0.0,17856.000000,0,0.0,0.0,0.0,1.0
383709,0,1,3400,-60,60,91,12,23,0.50,64736.000000,0,27,13,0.0,0.0,0.0,0.0,0.0,0.0,1.0
383958,0,1,3400,-61,61,92,15,22,0.50,62528.000000,0,27,13,0.0,0.0,0.0,0.0,0.0,0.0,1.0
384207,0,1,3400,-61,61,99,13,22,0.50,51601.593750,0,27,13,0.0,11888.446289,0,0.0,0.0,0.0,1.0
384456,0,1,3400,-61,61,96,9.7,21,0.50,38720.000000,0,27,7.5,0.0,6400.000000,0,0.0,0.0,0.0,1.0
384705,0,1,3400,-61,61,94,16,21,0.50,23520.000000,0,27,7.5,0.0,0.0,0.0,0.0,0.0,0.0,1.0
384954,0,1,3400,-62,62,99,11,21,0.50,73408.000000,0,27,7.5,0.0,0.0,0.0,0.0,0.0,0.0,1.0
385203,0,1,3400,-62,62,90,10,20,0.50,21728.000000,0,27,8.7,0.0,23488.000000,0,0.0,0.0,0.0,1.0
385452,0,1,3400,-62,62,85,9.9,20,0.50,49248.000000,0,27,13,0.0,28992.000000,0,0.0,0.0,0.0,1.0
385701,0,1,3400,-62,62,87,11,20,0.50,43424.000000,0,27,13,0.0,0.0,0.0,0.0,0.0,0.0,1.0
385950,0,1,3400,-61,61,90,12,20,0.50,49024.000000,0,27,13,0.0,0.0,0.0,0.0,0.0,0.0,1.0
386199,0,1,3400,-61,61,97,14,20,0.50,43264.000000,0,27,14,0.0,17056.000000,0,0.0,0.0,0.0,1.0
386448,0,1,3400,-61,61,99,9.7,20,0.50,35552.000000,0,27,13,0.0,15552.000000,0,0.0,0.0,0.0,1.0
386697,0,1,3400,-61,61,99,8.7,20,0.50,53152.000000,0,27,13,0.0,0.0,0.0,0.0,0.0,0.0,1.0
386946,0,1,3400,-61,61,100,12,20,0.50,49952.000000,0,27,13,0.0,0.0,0.0,0.0,0.0,0.0,1.0
387195,0,1,3400,-61,61,101,11,20,0.50,40864.000000,0,27,12,0.0,18432.000000,0,0.0,0.0,0.0,1.0
387444,0,1,3400,-61,61,93,12,20,0.50,62208.000000,0,27,6.5,0.0,0.0,0.0,0.0,0.0,0.0,1.0
387693,0,1,3400,-61,61,94,13,20,0.50,32448.000000,0,27,6.5,0.0,0.0,0.0,0.0,0.0,0.0,1.0
387942,0,1,3400,-60,60,95,10.0,21,0.50,60064.000000,0,27,6.5,0.0,0.0,0.0,0.0,0.0,0.0,1.0
388191,0,1,3400,-60,60,94,11,21,0.50,27456.000000,0,27,6.8,0.0,11840.000000,0,0.0,0.0,0.0,1.0
388440,0,1,3400,-60,60,91,11,21,0.50,16352.000000,0,27,8.5,0.0,0.0,0.0,0.0,0.0,0.0,1.0
388689,0,1,3400,-60,60,98,15,20,0.50,10688.000000,0,27,8.5,0.0,0.0,0.0,0.0,0.0,0.0,1.0
388938,0,1,3400,-61,61,100,17,20,0.50,16417.669922,0,27,8.5,0.0,0.0,0.0,0.0,0.0,0.0,1.0
389187,0,1,3400,-61,61,94,12,20,0.50,54151.394531,0,27,9.1,0.0,21864.541016,0,0.0,0.0,0.0,1.0
389436,0,1,3400,-61,61,94,15,20,0.50,5493.976074,0,27,10.0,0.0,0.0,0.0,0.0,0.0,0.0,1.0
389685,0,1,3400,-61,61,94,13,20,0.50,70688.000000,0,27,10.0,0.0,0.0,0.0,0.0,0.0,0.0,1.0
389934,0,1,3400,-61,61,94,12,20,0.50,38048.000000,0,27,10.0,0.0,0.0,0.0,0.0,0.0,0.0,1.0
390183,0,1,3400,-61,61,98,12,20,0.50,52256.000000,0,27,11,0.0,40544.000000,0,0.0,0.0,0.0,1.0
390432,0,1,3400,-61,61,99,12,20,0.50,39584.000000,0,27,13,0.0,0.0,0.0,0.0,0.0,0.0,1.0
390681,0,1,3400,-61,61,100,13,20,0.50,43712.000000,0,27,13,0.0,0.0,0.0,0.0,0.0,0.0,1.0
390930,0,1,3400,-61,61,91,11,20,0.50,32573.705078,0,27,13,0.0,0.0,0.0,0.0,0.0,0.0,1.0
391179,0,1,3400,-61,61,95,13,20,0.50,21792.000000,0,27,13,186,0.0,0.0,0.0,0.0,0.0,1.0
391428,0,1,3400,-61,61,96,11,20,0.50,43392.000000,0,27,13,0.0,24000.000000,20,0.0,0.0,0.0,1.0
391677,0,1,3400,-61,61,91,11,20,0.50,43520.000000,0,27,12,0.0,0.0,0.0,0.0,0.0,0.0,1.0
391926,0,1,3400,-61,61,91,11,20,0.50,5472.000000,0,27,12,0.0,0.0,0.0,0.0,0.0,0.0,1.0
392175,0,1,3400,-61,61,91,11,20,0.64,37152.000000,5,27,12,0.0,27360.000000,0,0.0,0.0,0.0,1.0
392424,0,1,3400,-61,61,88,12,20,0.50,48768.000000,0,27,13,0.0,0.0,0.0,0.0,0.0,0.0,1.0
392673,0,1,3400,-61,61,89,11,20,0.50,37856.000000,0,27,13,0.0,0.0,0.0,0.0,0.0,0.0,1.0
392922,0,1,3400,-61,61,92,11,20,0.50,38208.000000,0,27,13,0.0,0.0,0.0,0.0,0.0,0.0,1.0
393171,0,1,3400,-61,61,93,14,20,0.50,64832.000000,0,27,13,0.0,40800.000000,0,0.0,0.0,0.0,1.0
393420,0,1,3400,-61,61,92,12,20,0.50,32736.000000,0,27,12,0.0,0.0,0.0,0.0,0.0,0.0,1.0
393669,0,1,3400,-61,61,97,11,20,0.50,38496.000000,0,27,12,0.0,0.0,0.0,0.0,0.0,0.0,1.0
393918,0,1,3400,-61,61,93,11,20,0.50,49440.000000,0,27,12,0.0,0.0,0.0,0.0,0.0,0.0,1.0
394167,0,1,3400,-61,61,93,10,21,0.50,60160.000000,0,27,11,0.0,27520.000000,0,0.0,0.0,0.0,1.0
394416,0,1,3400,-61,61,89,15,21,0.50,37824.000000,0,27,10,0.0,0.0,0.0,0.0,0.0,0.0,1.0
394665,0,1,3400,-61,61,89,13,21,0.50,26848.000000,0,27,10,0.0,0.0,0.0,0.0,0.0,0.0,1.0
394914,0,1,3400,-61,61,95,15,21,0.50,54016.000000,0,27,10.0,0.0,0.0,0.0,0.0,0.0,0.0,1.0
395163,0,1,3400,-61,61,91,12,21,0.50,37952.000000,0,27,10.0,0.0,13632.000000,0,0.0,0.0,0.0,1.0
395412,0,1,3400,-61,61,93,11,21,0.50,27200.000000,0,27,10,0.0,0.0,0.0,0.0,0.0,0.0,1.0
395661,0,1,3400,-61,61,101,13,21,0.50,27040.000000,0,27,10,0.0,0.0,0.0,0.0,0.0,0.0,1.0
395910,0,1,3400,-60,60,100,15,22,0.50,44016.062500,0,27,10.0,0.0,0.0,0.0,0.0,0.0,0.0,1.0
396159,0,1,3400,-60,60,96,15,22,0.50,38112.000000,0,27,10,0.0,19136.000000,0,0.0,0.0,0.0,1.0
396408,0,1,3400,-60,60,87,14,22,0.50,38240.000000,0,27,12,0.0,0.0,0.0,0.0,0.0,0.0,1.0
396657,0,1,3400,-60,60,87,14,22,0.50,37472.000000,0,27,12,0.0,0.0,0.0,0.0,0.0,0.0,1.0
396906,0,1,3400,-60,60,94,12,23,0.50,27328.000000,0,27,12,0.0,0.0,0.0,0.0,0.0,0.0,1.0
397155,0,1,3400,-60,60,98,15,23,0.50,32800.000000,0,27,12,0.0,15552.000000,0,0.0,0.0,0.0,1.0
397404,0,1,3400,-60,60,93,10,23,0.50,54756.972656,0,27,13,0.0,24541.832031,0,0.0,0.0,0.0,1.0
397653,0,1,3400,-60,60,89,9.8,23,0.50,66400.000000,0,27,13,0.0,0.0,0.0,0.0,0.0,0.0,1.0
397902,0,1,3400,-60,60,93,15,24,0.50,37152.000000,0,27,13,0.0,0.0,0.0,0.0,0.0,0.0,1.0
398151,0,1,3400,-60,60,98,14,24,0.50,54816.000000,0,27,13,0.0,31072.000000,14,0.0,0.0,0.0,1.0
398400,0,1,3400,-60,60,97,9.1,24,0.50,30592.000000,0,27,12,0.0,11936.000000,0,0.0,0.0,0.0,1.0
398649,0,1,3400,-60,60,95,12,23,0.50,45408.000000,0,27,12,0.0,0.0,0.0,0.0,0.0,0.0,1.0
398898,0,1,3400,-61,61,99,10,23,0.50,38272.000000,0,27,12,0.0,0.0,0.0,0.0,0.0,0.0,1.0
399147,0,1,3400,-61,61,96,13,23,0.50,16672.000000,0,27,12,0.0,11936.000000,0,0.0,0.0,0.0,1.0
399396,0,1,3400,-61,61,93,12,23,0.50,53088.000000,0,27,10.0,0.0,6688.000000,0,0.0,0.0,0.0,1.0
399645,0,1,3400,-61,61,96,7.0,24,0.50,31072.000000,0,27,10,0.0,0.0,0.0,0.0,0.0,0.0,1.0
399894,0,1,3400,-61,61,97,5.7,24,0.50,44384.000000,0,27,10.0,0.0,0.0,0.0,0.0,0.0,0.0,1.0
400143,0,1,3400,-61,61,94,9.0,24,0.50,32736.000000,0,27,11,0.0,27488.000000,0,0.0,0.0,0.0,1.0
400392,0,1,3400,-61,61,96,11,24,0.50,44000.000000,0,27,13,0.0,0.0,0.0,0.0,0.0,0.0,1.0
400641,0,1,3400,-61,61,95,5.4,24,0.50,41248.000000,0,27,13,0.0,0.0,0.0,0.0,0.0,0.0,1.0
400890,0,1,3400,-62,62,93,12,24,0.50,32640.000000,0,27,13,0.0,0.0,0.0,0.0,0.0,0.0,1.0
401139,0,1,3400,-62,62,94,12,24,0.50,27840.000000,0,27,15,0.0,32576.000000,0,0.0,0.0,0.0,1.0
401388,0,1,3400,-62,62,97,14,24,0.50,27648.000000,0,27,18,0.0,0.0,0.0,0.0,0.0,0.0,1.0
401637,0,1,3400,-62,62,97,8.4,24,0.50,40256.000000,0,27,18,0.0,0.0,0.0,0.0,0.0,0.0,1.0
401886,0,1,3400,-62,62,96,11,23,0.50,62714.859375,0,27,18,0.0,0.0,0.0,0.0,0.0,0.0,1.0
402135,0,1,3400,-62,62,99,10,24,0.50,55713.148438,0,27,15,0.0,18549.800781,0,0.0,0.0,0.0,1.0
402384,0,1,3400,-62,62,99,17,24,0.50,47936.000000,0,27,10,0.0,0.0,0.0,0.0,0.0,0.0,1.0
402633,0,1,3400,-62,62,100,10,24,0.50,27759.037109,0,27,10.0,0.0,0.0,0.0,0.0,0.0,0.0,1.0
402882,0,1,3400,-62,62,97,6.3,24,0.50,57760.000000,0,27,10.0,0.0,0.0,0.0,0.0,0.0,0.0,1.0
403131,0,1,3400,-62,62,96,16,24,0.50,58624.000000,0,27,9.9,0.0,0.0,50,0.0,0.0,0.0,1.0
403380,0,1,3400,-62,62,94,11,24,0.50,78048.000000,0,27,8.0,0.0,16576.000000,0,0.0,0.0,0.0,1.0
403629,0,1,3400,-62,62,90,12,24,0.50,44896.000000,0,27,8.0,0.0,0.0,0.0,0.0,0.0,0.0,1.0
403878,0,1,3400,-62,62,93,8.6,24,0.50,33816.734375,0,27,8.0,0.0,0.0,0.0,0.0,0.0,0.0,1.0
404127,0,1,3400,-62,62,91,12,24,0.50,43776.000000,0,27,8.5,0.0,32096.000000,0,0.0,0.0,0.0,1.0
404376,0,1,3400,-62,62,89,18,24,0.50,58432.000000,0,27,10,0.0,0.0,0.0,0.0,0.0,0.0,1.0
404625,0,1,3400,-62,62,91,11,24,0.50,55840.000000,0,27,10,0.0,0.0,0.0,0.0,0.0,0.0,1.0
404874,0,1,3400,-62,62,94,11,25,0.50,38848.000000,0,27,10,0.0,0.0,0.0,0.0,0.0,0.0,1.0
405123,0,1,3400,-62,62,96,10.0,25,0.50,33568.000000,0,27,10.0,0.0,18336.000000,0,0.0,0.0,0.0,1.0
405372,0,1,3400,-62,62,96,9.5,25,0.50,57120.000000,0,27,6.0,0.0,0.0,0.0,0.0,0.0,0.0,1.0
405621,0,1,3400,-62,62,98,11,25,0.50,39168.000000,0,27,6.0,0.0,0.0,0.0,0.0,0.0,0.0,1.0
405870,0,1,3400,-61,61,99,6.7,25,0.50,17632.000000,0,27,6.0,0.0,0.0,0.0,0.0,0.0,0.0,1.0
406119,0,1,3400,-61,61,91,11,25,0.51,54880.000000,0,27,14,0.0,39520.000000,0,0.0,0.0,0.0,1.0
406368,0,1,3400,-61,61,91,9.8,25,0.50,45024.000000,0,27,11,0.0,0.0,0.0,0.0,0.0,0.0,1.0
406617,0,1,3400,-61,61,92,7.6,25,0.50,34272.000000,0,27,11,0.0,0.0,0.0,0.0,0.0,0.0,1.0
406866,0,1,3400,-60,60,95,14,26,0.50,28096.000000,0,27,11,0.0,0.0,0.0,0.0,0.0,0.0,1.0
407115,0,1,3400,-60,60,91,15,26,0.50,26496.000000,0,27,11,0.0,22720.000000,0,0.0,0.0,0.0,1.0
407364,0,1,3400,-60,60,93,9.3,25,0.52,53504.000000,0,27,10,0.0,0.0,0.0,0.0,0.0,0.0,1.0
407613,0,1,3400,-60,60,94,8.6,25,0.50,50912.000000,0,27,10,0.0,0.0,0.0,0.0,0.0,0.0,1.0
407862,0,1,3400,-61,61,98,17,25,0.50,21632.000000,0,27,10,0.0,0.0,0.0,0.0,0.0,0.0,1.0
408111,0,1,3400,-61,61,99,17,25,0.52,59488.000000,0,27,9.9,0.0,14400.000000,0,0.0,0.0,0.0,1.0
408360,0,1,3400,-61,61,96,15,25,0.50,22592.000000,0,27,7.0,0.0,14400.000000,0,0.0,0.0,0.0,1.0
408609,0,1,3400,-61,61,101,12,25,0.50,43759.035156,0,27,7.0,0.0,0.0,0.0,0.0,0.0,0.0,1.0
408858,0,1,3400,-60,60,101,11,25,0.51,60128.000000,0,27,7.0,0.0,0.0,0.0,0.0,0.0,0.0,1.0
409107,0,1,3400,-60,60,97,14,26,0.51,66656.000000,0,27,9.0,0.0,22720.000000,0,0.0,0.0,0.0,1.0
409356,0,1,3400,-60,60,94,12,26,0.50,44064.000000,0,27,13,0.0,0.0,0.0,0.0,0.0,0.0,1.0
409605,0,1,3400,-60,60,95,17,25,0.50,5376.000000,0,27,13,0.0,0.0,0.0,0.0,0.0,0.0,1.0
409854,0,1,3400,-61,61,90,11,25,0.50,40352.000000,0,27,13,0.0,0.0,0.0,0.0,0.0,0.0,1.0
410103,0,1,3400,-61,61,94,14,25,0.50,38848.000000,0,27,13,0.0,19136.000000,0,0.0,0.0,0.0,1.0
410352,0,1,3400,-61,61,92,8.0,25,0.50,45450.199219,0,27,12,0.0,0.0,0.0,0.0,0.0,0.0,1.0
410601,0,1,3400,-61,61,94,13,25,0.50,65376.000000,0,27,12,0.0,0.0,0.0,0.0,0.0,0.0,1.0
410850,0,1,3400,-62,62,95,12,24,0.50,45408.000000,0,27,12,0.0,0.0,0.0,0.0,0.0,0.0,1.0
411099,0,1,3400,-62,62,94,17,24,0.50,34368.000000,0,27,12,0.0,21312.000000,0,0.0,0.0,0.0,1.0
411348,0,1,3400,-62,62,89,16,24,0.50,63552.000000,0,27,9.5,0.0,6944.000000,0,0.0,0.0,0.0,1.0
411597,0,1,3400,-62,62,93,17,24,0.50,32000.000000,0,27,9.5,0.0,0.0,0.0,0.0,0.0,0.0,1.0
411846,0,1,3400,-62,62,95,17,24,0.50,47968.000000,0,27,9.5,0.0,0.0,0.0,0.0,0.0,0.0,1.0
412095,0,1,3400,-62,62,94,17,24,0.50,37568.000000,0,27,10,0.0,30560.000000,0,0.0,0.0,0.0,1.0
412344,0,1,3400,-62,62,92,11,24,0.50,75360.000000,0,27,12,0.0,0.0,0.0,0.0,0.0,0.0,1.0
412593,0,1,3400,-62,62,95,9.5,24,0.50,52928.000000,0,27,12,0.0,0.0,0.0,0.0,0.0,0.0,1.0
412842,0,1,3400,-61,61,98,9.2,24,0.50,38464.000000,0,27,12,0.0,0.0,0.0,0.0,0.0,0.0,1.0
413091,0,1,3400,-61,61,94,9.8,25,0.50,44064.000000,0,27,12,0.0,18624.000000,0,0.0,0.0,0.0,1.0
413340,0,1,3400,-61,61,95,17,25,0.50,10784.000000,0,27,10,0.0,0.0,0.0,0.0,0.0,0.0,1.0
413589,0,1,3400,-61,61,98,12,25,0.50,55840.000000,0,27,10.0,0.0,0.0,0.0,0.0,0.0,0.0,1.0
413838,0,1,3400,-61,61,96,9.6,25,0.50,53376.000000,0,27,10.0,0.0,0.0,0.0,0.0,0.0,0.0,1.0
414087,0,1,3400,-61,61,94,11,25,0.50,33056.000000,0,27,10,0.0,28256.000000,0,0.0,0.0,0.0,1.0
414336,0,1,3400,-61,61,99,9.6,25,0.50,45792.000000,0,27,9.5,0.0,0.0,0.0,0.0,0.0,0.0,1.0
414585,0,1,3400,-61,61,96,13,25,0.53,32896.000000,0,27,9.5,0.0,0.0,0.0,0.0,0.0,0.0,1.0
414834,0,1,3400,-61,61,91,8.8,25,0.50,33888.000000,0,27,9.5,0.0,0.0,0.0,0.0,0.0,0.0,1.0
415083,0,1,3400,-61,61,95,13,25,0.50,51791.164062,0,27,10,0.0,28626.505859,0,0.0,0.0,0.0,1.0
415332,0,1,3400,-61,61,97,9.0,25,0.50,56224.000000,0,27,12,0.0,0.0,0.0,0.0,0.0,0.0,1.0
415581,0,1,3400,-61,61,94,7.9,25,0.50,40704.000000,0,27,12,0.0,0.0,0.0,0.0,0.0,0.0,1.0
415830,0,1,3400,-61,61,91,12,25,0.50,22496.000000,0,27,12,0.0,0.0,0.0,0.0,0.0,0.0,1.0
416079,0,1,3400,-61,61,91,9.2,25,0.50,35392.000000,0,27,12,0.0,30816.000000,0,0.0,0.0,0.0,1.0
416328,0,1,3400,-61,61,92,9.7,25,0.50,49312.000000,0,27,12,0.0,0.0,0.0,0.0,0.0,0.0,1.0
416577,0,1,3400,-61,61,90,12,25,0.98,56960.000000,2,27,12,0.0,0.0,0.0,0.0,0.0,0.0,1.0
416826,0,1,3400,-61,61,90,11,25,0.50,56256.000000,0,27,12,0.0,0.0,0.0,0.0,0.0,0.0,1.0
417075,0,1,3400,-61,61,96,7.6,25,0.51,51633.464844,0,27,12,0.0,15745.019531,17,0.0,0.0,0.0,1.0
417324,0,1,3400,-61,61,94,16,25,0.51,64960.000000,0,27,12,0.0,41952.000000,38,0.0,0.0,0.0,1.0
417573,0,1,3400,-61,61,95,8.3,25,0.50,48320.000000,0,27,13,0.0,20640.000000,0,0.0,0.0,0.0,1.0
417822,0,1,3400,-61,61,94,7.6,25,0.52,32864.000000,0,27,18,0.0,0.0,0.0,0.0,0.0,0.0,1.0
418071,0,1,3400,-61,61,94,8.7,25,0.50,16608.000000,0,27,17,0.0,15872.000000,14,0.0,0.0,0.0,1.0
418320,0,1,3400,-61,61,102,17,25,0.50,31008.000000,0,27,9.0,0.0,0.0,0.0,0.0,0.0,0.0,1.0
418569,0,1,3400,-61,61,98,6.5,26,0.50,44576.000000,0,27,14,0.0,20640.000000,0,0.0,0.0,0.0,1.0
418818,0,1,3400,-60,60,92,11,26,1.1,48512.000000,2,27,17,0.0,0.0,0.0,0.0,0.0,0.0,1.0
419067,0,1,3400,-60,60,87,6.4,26,0.50,45184.000000,0,27,16,0.0,31584.000000,0,0.0,0.0,0.0,1.0
419316,0,1,3400,-60,60,94,8.7,26,0.50,28096.000000,0,27,8.5,0.0,0.0,0.0,0.0,0.0,0.0,1.0
419565,0,1,3400,-60,60,93,10,26,0.90,37376.000000,6,27,8.5,0.0,0.0,0.0,0.0,0.0,0.0,1.0
419814,0,1,3400,-61,61,94,12,26,0.50,28320.000000,0,27,8.5,0.0,0.0,0.0,0.0,0.0,0.0,1.0
420063,0,1,3400,-61,61,98,11,25,0.52,83296.000000,0,27,8.9,0.0,19136.000000,0,0.0,0.0,0.0,1.0
420312,0,1,3400,-61,61,98,8.4,25,0.50,17536.000000,0,27,10,0.0,9376.000000,0,0.0,0.0,0.0,1.0
420561,0,1,3400,-61,61,96,8.3,25,0.50,13664.000000,0,27,10,0.0,0.0,0.0,0.0,0.0,0.0,1.0
420810,0,1,3400,-62,62,90,8.6,24,0.50,53824.000000,0,27,10,0.0,0.0,0.0,0.0,0.0,0.0,1.0
421059,0,1,3400,-62,62,93,9.9,24,0.50,48832.000000,0,27,9.7,0.0,13824.000000,11,0.0,0.0,0.0,1.0
421308,0,1,3400,-62,62,98,15,24,0.50,49060.242188,0,27,3.5,0.0,0.0,0.0,0.0,0.0,0.0,1.0
421557,0,1,3400,-62,62,94,16,24,0.50,42624.000000,0,27,3.5,0.0,0.0,0.0,0.0,0.0,0.0,1.0
421806,0,1,3400,-62,62,89,16,24,0.50,32128.000000,0,27,3.6,0.0,0.0,0.0,0.0,0.0,0.0,1.0
422055,0,1,3400,-62,62,89,17,24,0.50,26688.000000,0,27,5.8,0.0,35648.000000,0,0.0,0.0,0.0,1.0
422304,0,1,3400,-62,62,91,13,24,0.50,38880.000000,0,27,13,0.0,0.0,0.0,0.0,0.0,0.0,1.0
422553,0,1,3400,-62,62,93,5.3,24,0.50,41536.000000,0,27,13,0.0,0.0,0.0,0.0,0.0,0.0,1.0
422802,0,1,3400,-62,62,95,12,23,0.50,65440.000000,0,27,13,0.0,0.0,0.0,0.0,0.0,0.0,1.0
423051,0,1,3400,-62,62,99,16,23,0.50,31872.000000,0,27,13,0.0,0.0,0.0,0.0,0.0,0.0,1.0
423300,0,1,3400,-62,62,97,9.4,23,0.50,41632.000000,0,27,12,0.0,36704.000000,0,0.0,0.0,0.0,1.0
423549,0,1,3400,-62,62,94,4.7,23,0.50,39394.421875,0,27,12,0.0,0.0,0.0,0.0,0.0,0.0,1.0
423798,0,1,3400,-62,62,99,8.0,23,0.50,52320.000000,0,27,12,0.0,0.0,0.0,0.0,0.0,0.0,1.0
424047,0,1,3400,-62,62,98,10,23,0.50,22912.000000,0,27,12,0.0,28256.000000,0,0.0,0.0,0.0,1.0
424296,0,1,3400,-62,62,92,2.6,23,0.50,11872.000000,0,27,13,0.0,0.0,0.0,0.0,0.0,0.0,1.0
424545,0,1,3400,-62,62,91,13,23,0.50,27136.000000,0,27,13,0.0,0.0,0.0,0.0,0.0,0.0,1.0
424794,0,1,3400,-61,61,99,5.3,23,0.50,47456.000000,0,27,13,0.0,0.0,0.0,0.0,0.0,0.0,1.0
425043,0,1,3400,-61,61,99,10,23,0.50,62048.000000,0,27,12,0.0,16064.000000,0,0.0,0.0,0.0,1.0
425292,0,1,3400,-61,61,92,13,23,0.50,31552.000000,0,27,7.6,0.0,7200.000000,0,0.0,0.0,0.0,1.0
425541,0,1,3400,-61,61,87,12,23,0.50,32832.000000,0,27,7.5,0.0,0.0,0.0,0.0,0.0,0.0,1.0
425790,0,1,3400,-61,61,92,11,23,0.50,27584.000000,0,27,7.5,0.0,0.0,0.0,0.0,0.0,0.0,1.0
426039,0,1,3400,-61,61,96,16,23,0.50,48512.000000,0,27,7.5,0.0,0.0,50,0.0,0.0,0.0,1.0
426288,0,1,3400,-61,61,100,14,23,0.50,37792.000000,0,27,0.62,0.0,17632.000000,0,0.0,0.0,0.0,1.0
426537,0,1,3400,-61,61,98,14,23,0.50,60160.000000,0,27,0.056,0.0,0.0,0.0,0.0,0.0,0.0,1.0
426786,0,1,3400,-61,61,97,16,23,0.50,42688.000000,0,27,0.084,0.0,0.0,0.0,0.0,0.0,0.0,1.0
427035,0,1,3400,-61,61,92,17,23,0.50,31872.000000,0,27,0.95,0.0,16608.000000,0,0.0,0.0,0.0,1.0
427284,0,1,3400,-61,61,94,12,23,0.50,49696.000000,0,27,4.5,0.0,0.0,0.0,0.0,0.0,0.0,1.0
427533,0,1,3400,-61,61,94,12,23,0.50,27584.000000,0,27,4.6,0.0,0.0,0.0,0.0,0.0,0.0,1.0
427782,0,1,3400,-60,60,91,15,23,0.50,69975.906250,0,27,4.5,0.0,0.0,0.0,0.0,0.0,0.0,1.0
428031,0,1,3400,-60,60,92,17,23,0.50,32256.000000,0,27,4.2,0.0,15904.000000,0,0.0,0.0,0.0,1.0
428280,0,1,3400,-60,60,91,9.6,23,0.50,44160.000000,0,27,2.0,0.0,0.0,0.0,0.0,0.0,0.0,1.0
428529,0,1,3400,-60,60,96,13,24,0.50,21440.000000,0,27,2.0,0.0,0.0,0.0,0.0,0.0,0.0,1.0
428778,0,1,3400,-59,59,98,11,24,0.50,22432.000000,0,27,2.0,0.0,0.0,0.0,0.0,0.0,0.0,1.0
429027,0,1,3400,-59,59,98,14,24,0.50,38976.000000,0,27,2.0,114,0.0,0,0.0,0.0,0.0,1.0
429276,0,1,3400,-59,59,98,12,24,0.50,28384.000000,0,27,16,0.0,61472.000000,12,0.0,0.0,0.0,1.0
429525,0,1,3400,-59,59,98,12,24,0.50,42912.000000,0,27,16,0.0,0.0,0.0,0.0,0.0,0.0,1.0
429774,0,1,3400,-60,60,96,15,24,0.50,16096.000000,0,27,15,0.0,9376.000000,0,0.0,0.0,0.0,1.0
430023,0,1,3400,-60,60,95,13,23,0.50,21832.669922,0,27,12,0.0,29832.669922,0,0.0,0.0,0.0,1.0
430272,0,1,3400,-60,60,97,13,23,0.50,54432.000000,0,27,9.5,0.0,0.0,0.0,0.0,0.0,0.0,1.0
430521,0,1,3400,-60,60,94,13,23,0.50,39904.000000,0,27,9.5,0.0,0.0,0.0,0.0,0.0,0.0,1.0
430770,0,1,3400,-60,60,94,8.3,23,0.50,44384.000000,0,27,9.5,0.0,0.0,0.0,0.0,0.0,0.0,1.0
431019,0,1,3400,-60,60,99,13,23,0.50,26560.000000,0,27,9.6,0.0,39072.000000,0,0.0,0.0,0.0,1.0
431268,0,1,3400,-60,60,99,14,23,0.50,37856.000000,0,27,9.5,0.0,0.0,0.0,0.0,0.0,0.0,1.0
431517,0,1,3400,-60,60,98,10.0,23,0.50,23040.000000,0,27,9.5,0.0,0.0,0.0,0.0,0.0,0.0,1.0
431766,0,1,3400,-61,61,95,13,22,0.50,64896.000000,0,27,9.5,0.0,0.0,0.0,0.0,0.0,0.0,1.0
432015,0,1,3400,-61,61,93,15,23,0.50,37568.000000,0,27,9.9,0.0,9376.000000,25,0.0,0.0,0.0,1.0
432264,0,1,3400,-61,61,96,13,22,0.50,38144.000000,0,27,11,0.0,14144.000000,0,0.0,0.0,0.0,1.0
432513,0,1,3400,-61,61,93,11,22,0.50,44640.000000,0,27,11,0.0,0.0,0.0,0.0,0.0,0.0,1.0
432762,0,1,3400,-61,61,92,12,22,0.50,38976.000000,0,27,11,0.0,0.0,0.0,0.0,0.0,0.0,1.0
433011,0,1,3400,-61,61,89,13,23,0.50,32736.000000,0,27,11,0.0,11936.000000,0,0.0,0.0,0.0,1.0
433260,0,1,3400,-61,61,93,11,23,0.50,77696.000000,0,27,12,0.0,22464.000000,0,0.0,0.0,0.0,1.0
433509,0,1,3400,-61,61,92,14,23,0.50,43040.000000,0,27,12,0.0,0.0,0.0,0.0,0.0,0.0,1.0
433758,0,1,3400,-61,61,96,13,22,0.50,70144.000000,0,27,10.0,0.0,5664.000000,0,0.0,0.0,0.0,1.0
434007,0,1,3400,-61,61,94,13,23,0.50,43520.000000,0,27,9.6,0.0,18624.000000,0,0.0,0.0,0.0,1.0
434256,0,1,3400,-61,61,95,13,22,0.50,32448.000000,0,27,10.0,0.0,0.0,0.0,0.0,0.0,0.0,1.0
434505,0,1,3400,-61,61,96,16,22,0.50,38971.886719,0,27,8.6,0.0,9413.654297,33,0.0,0.0,0.0,1.0
434754,0,1,3400,-62,62,96,18,22,0.50,16032.000000,0,27,9.5,0.0,11936.000000,0,0.0,0.0,0.0,1.0
435003,0,1,3400,-62,62,103,14,22,0.50,32384.000000,0,27,10.0,0.0,31136.000000,11,0.0,0.0,0.0,1.0
435252,0,1,3400,-62,62,98,12,22,0.50,22016.000000,0,27,9.0,0.0,0.0,0.0,0.0,0.0,0.0,1.0
435501,0,1,3400,-62,62,98,11,22,0.50,32896.000000,0,27,9.0,0.0,0.0,0.0,0.0,0.0,0.0,1.0
435750,0,1,3400,-61,61,92,11,23,0.50,21664.000000,0,27,9.0,0.0,0.0,0.0,0.0,0.0,0.0,1.0
435999,0,1,3400,-61,61,94,4.1,23,0.50,41280.000000,0,27,9.2,0.0,11936.000000,0,0.0,0.0,0.0,1.0
436248,0,1,3400,-61,61,94,10.0,23,0.50,16352.000000,0,27,12,0.0,7200.000000,0,0.0,0.0,0.0,1.0
436497,0,1,3400,-61,61,95,11,24,0.50,48541.832031,0,27,12,0.0,0.0,0.0,0.0,0.0,0.0,1.0
436746,0,1,3400,-60,60,94,12,24,0.50,60640.000000,0,27,12,0.0,0.0,0.0,0.0,0.0,0.0,1.0
436995,0,1,3400,-60,60,95,14,24,0.50,27392.000000,0,27,12,0.0,11936.000000,0,0.0,0.0,0.0,1.0
437244,0,1,3400,-60,60,97,12,24,0.50,27616.000000,0,27,10,0.0,6688.000000,0,0.0,0.0,0.0,1.0
437493,0,1,3400,-60,60,99,15,25,0.50,37632.000000,0,27,10.0,0.0,0.0,0.0,0.0,0.0,0.0,1.0
437742,0,1,3400,-60,60,97,13,25,0.50,80224.000000,0,27,10.0,0.0,0.0,0.0,0.0,0.0,0.0,1.0
437991,0,1,3400,-60,60,99,13,25,0.50,77536.000000,0,27,11,0.0,32928.000000,0,0.0,0.0,0.0,1.0
438240,0,1,3400,-60,60,93,14,25,0.50,48288.000000,0,27,15,0.0,0.0,0.0,0.0,0.0,0.0,1.0
438489,0,1,3400,-60,60,87,15,25,0.51,78176.000000,0,27,15,0.0,0.0,0.0,0.0,0.0,0.0,1.0
438738,0,1,3400,-60,60,94,9.0,25,0.50,9152.000000,0,27,15,0.0,0.0,0.0,0.0,0.0,0.0,1.0
438987,0,1,3400,-60,60,98,14,25,0.50,43456.000000,0,27,14,0.0,15872.000000,0,0.0,0.0,0.0,1.0
439236,0,1,3400,-60,60,98,12,25,0.50,37600.000000,0,27,6.5,0.0,0.0,0.0,0.0,0.0,0.0,1.0
439485,0,1,3400,-60,60,98,11,25,0.50,39104.000000,0,27,6.5,0.0,0.0,0.0,0.0,0.0,0.0,1.0
439734,0,1,3400,-60,60,100,14,25,0.50,21856.000000,0,27,6.5,0.0,0.0,0.0,0.0,0.0,0.0,1.0
439983,0,1,3400,-60,60,101,11,25,0.50,22048.000000,0,27,7.2,0.0,18624.000000,0,0.0,0.0,0.0,1.0
440232,0,1,3400,-60,60,99,13,26,0.50,32128.000000,0,27,10.0,0.0,11936.000000,50,0.0,0.0,0.0,1.0
440481,0,1,3400,-60,60,96,18,26,0.50,26216.867188,0,27,10.0,0.0,0.0,0.0,0.0,0.0,0.0,1.0
440730,0,1,3400,-60,60,96,13,26,0.50,43968.000000,0,27,9.5,0.0,4384.000000,0,0.0,0.0,0.0,1.0
440979,0,1,3400,-60,60,99,16,26,0.50,47712.000000,0,27,10,0.0,22720.000000,0,0.0,0.0,0.0,1.0
441228,0,1,3400,-60,60,102,11,26,0.50,38208.000000,0,27,13,0.0,0.0,0.0,0.0,0.0,0.0,1.0
441477,0,1,3400,-60,60,102,14,26,0.50,74496.000000,0,27,13,0.0,0.0,0.0,0.0,0.0,0.0,1.0
441726,0,1,3400,-61,61,95,14,25,0.50,48864.000000,0,27,13,0.0,0.0,0.0,0.0,0.0,0.0,1.0
441975,0,1,3400,-61,61,93,17,25,0.53,68896.000000,0,27,13,0.0,22464.000000,0,0.0,0.0,0.0,1.0
442224,0,1,3400,-61,61,88,17,25,0.50,37472.000000,0,27,13,0.0,10912.000000,0,0.0,0.0,0.0,1.0
442473,0,1,3400,-61,61,92,16,25,0.50,48128.000000,0,27,13,0.0,0.0,0.0,0.0,0.0,0.0,1.0
442722,0,1,3400,-61,61,98,18,25,0.50,16128.000000,0,27,13,0.0,0.0,0.0,0.0,0.0,0.0,1.0
442971,0,1,3400,-61,61,101,17,25,0.50,42720.000000,0,27,13,0.0,19136.000000,0,0.0,0.0,0.0,1.0
443220,0,1,3400,-61,61,98,13,25,0.50,29258.964844,0,27,12,0.0,0.0,0.0,0.0,0.0,0.0,1.0
443469,0,1,3400,-61,61,104,10,25,0.79,50272.000000,2,27,12,0.0,0.0,0.0,0.0,0.0,0.0,1.0
443718,0,1,3400,-62,62,99,13,25,0.50,43840.000000,0,27,12,0.0,0.0,0.0,0.0,0.0,0.0,1.0
443967,0,1,3400,-62,62,93,13,25,0.50,59296.000000,0,27,11,0.0,13888.000000,0,0.0,0.0,0.0,1.0
444216,0,1,3400,-62,62,95,13,25,0.50,43840.000000,0,27,11,0.0,11936.000000,0,0.0,0.0,0.0,1.0
444465,0,1,3400,-62,62,94,16,24,0.50,37344.000000,0,27,12,0.0,0.0,0.0,0.0,0.0,0.0,1.0
444714,0,1,3400,-62,62,92,15,25,0.50,16064.000000,0,27,12,0.0,0.0,0.0,0.0,0.0,0.0,1.0
444963,0,1,3400,-62,62,93,9.0,24,0.50,33760.000000,0,27,12,186,9376.000000,0,0.0,0.0,0.0,1.0
445212,0,1,3400,-62,62,99,13,24,0.50,22048.000000,0,27,1.9,0.0,14688.000000,0,0.0,0.0,0.0,1.0
445461,0,1,3400,-62,62,97,17,25,0.56,32352.000000,0,27,0.11,0.0,0.0,0.0,0.0,0.0,0.0,1.0
445710,0,1,3400,-61,61,99,11,25,0.50,33408.000000,0,27,0.0,0.0,0.0,0.0,0.0,0.0,0.0,1.0
445959,0,1,3400,-61,61,97,9.9,25,0.50,44256.000000,0,27,2.9,0.0,14144.000000,0,0.0,0.0,0.0,1.0
446208,0,1,3400,-61,61,99,12,26,0.50,38336.000000,0,27,8.1,0.0,9376.000000,0,0.0,0.0,0.0,1.0
446457,0,1,3400,-61,61,100,9.7,26,0.50,30976.000000,0,27,8.0,0.0,9376.000000,0,0.0,0.0,0.0,1.0
446706,0,1,3400,-60,60,100,7.5,26,0.50,37440.000000,0,27,8.0,0.0,0.0,0.0,0.0,0.0,0.0,1.0
446955,0,1,3400,-60,60,93,9.2,26,0.50,39360.000000,0,27,9.4,0.0,23520.000000,0,0.0,0.0,0.0,1.0
447204,0,1,3400,-60,60,91,14,26,0.62,16642.570312,0,27,11,0.0,0.0,0.0,0.0,0.0,0.0,1.0
447453,0,1,3400,-60,60,92,15,26,0.50,43584.000000,0,27,11,0.0,0.0,0.0,0.0,0.0,0.0,1.0
447702,0,1,3400,-60,60,88,11,26,0.50,66944.000000,0,27,11,0.0,0.0,0.0,0.0,0.0,0.0,1.0
447951,0,1,3400,-60,60,94,16,26,0.50,31712.000000,0,27,11,0.0,0.0,0.0,0.0,0.0,0.0,1.0
448200,0,1,3400,-60,60,92,12,26,0.50,39584.000000,0,27,11,0.0,31840.000000,0,0.0,0.0,0.0,1.0
448449,0,1,3400,-60,60,91,12,27,0.50,43904.000000,0,27,9.5,0.0,0.0,0.0,0.0,0.0,0.0,1.0
448698,0,1,3400,-59,59,89,7.9,27,0.50,39264.000000,0,27,9.5,0.0,0.0,0.0,0.0,0.0,0.0,1.0
448947,0,1,3400,-59,59,95,14,27,0.50,32192.000000,0,27,9.5,186,0.0,0.0,0.0,0.0,0.0,1.0
449196,0,1,3400,-59,59,96,11,27,0.50,38784.000000,0,27,9.6,0.0,24000.000000,0,0.0,0.0,0.0,1.0
449445,0,1,3400,-59,59,97,11,27,0.50,16864.000000,0,27,9.5,0.0,0.0,0.0,0.0,0.0,0.0,1.0
449694,0,1,3400,-59,59,97,10,27,0.50,0.0,0.0,27,9.5,0.0,0.0,0.0,0.0,0.0,0.0,1.0
449943,0,1,3400,-59,59,96,10,27,0.50,0.0,0.0,27,9.5,0.0,0.0,0.0,0.0,0.0,0.0,1.0
450192,0,1,3400,-59,59,100,10,27,0.50,0.0,0.0,27,9.5,0.0,0.0,0.0,0.0,0.0,0.0,1.0
450441,0,1,3400,-59,59,97,10,26,0.50,0.0,0.0,27,9.5,0.0,0.0,0.0,0.0,0.0,0.0,1.0
450690,0,1,3400,-60,60,99,10,26,0.50,0.0,0.0,27,9.5,0.0,0.0,0.0,0.0,0.0,0.0,1.0
450939,0,1,3400,-60,60,99,10,26,0.50,0.0,0.0,27,9.5,0.0,0.0,0.0,0.0,0.0,0.0,1.0
451188,0,1,3400,-60,60,95,10,26,0.50,0.0,0.0,27,9.5,0.0,0.0,0.0,0.0,0.0,0.0,1.0
451437,0,1,3400,-60,60,96,10,26,0.50,0.0,0.0,27,10,0.0,17056.000000,0,0.0,0.0,0.0,1.0
451686,0,1,3400,-60,60,93,10,27,0.50,0.0,0.0,27,12,0.0,0.0,0.0,0.0,0.0,0.0,1.0
451935,0,1,3400,-60,60,97,10,26,0.50,0.0,0.0,27,12,0.0,0.0,0.0,0.0,0.0,0.0,1.0
452184,0,1,3400,-60,60,98,10,26,0.50,0.0,0.0,27,12,0.0,0.0,0.0,0.0,0.0,0.0,1.0
452433,0,1,3400,-60,60,98,10,26,0.50,0.0,0.0,27,12,0.0,0.0,0.0,0.0,0.0,0.0,1.0
452682,0,1,3400,-60,60,102,10,26,0.50,0.0,0.0,27,12,0.0,0.0,0.0,0.0,0.0,0.0,1.0
452931,0,1,3400,-60,60,102,10,26,0.50,0.0,0.0,27,12,0.0,0.0,0.0,0.0,0.0,0.0,1.0
453180,0,1,3400,-60,60,95,10,26,0.50,0.0,0.0,27,12,0.0,0.0,0.0,0.0,0.0,0.0,1.0
453429,0,1,3400,-60,60,97,10,26,0.50,0.0,0.0,27,12,0.0,0.0,0.0,0.0,0.0,0.0,1.0
453678,0,1,3400,-60,60,99,10,26,0.50,0.0,0.0,27,12,0.0,0.0,0.0,0.0,0.0,0.0,1.0
453927,0,1,3400,-60,60,95,10,26,0.50,0.0,0.0,27,12,0.0,0.0,0.0,0.0,0.0,0.0,1.0
454176,0,1,3400,-60,60,98,10,27,0.50,0.0,0.0,27,12,0.0,0.0,0.0,0.0,0.0,0.0,1.0
454425,0,1,3400,-60,60,95,10,26,0.50,0.0,0.0,27,12,0.0,0.0,0.0,0.0,0.0,0.0,1.0
454674,0,1,3400,-60,60,96,10,27,0.50,0.0,0.0,27,12,0.0,0.0,0.0,0.0,0.0,0.0,1.0
454923,0,1,3400,-60,60,96,10,26,0.50,0.0,0.0,27,12,0.0,0.0,0.0,0.0,0.0,0.0,1.0
455172,0,1,3400,-87,87,48,10,2.8,0.50,0.0,0.0,27,12,0.0,0.0,0.0,0.0,0.0,0.0,1.0
455421,0,1,3400,-89,89,-740,10,0.92,0.50,0.0,0.0,27,12,0.0,0.0,0.0,0.0,0.0,0.0,1.0
455670,0,1,3400,-88,88,-1137.522217,10,0.96,0.50,0.0,0.0,27,12,0.0,0.0,0.0,0.0,0.0,0.0,1.0
455919,0,1,3400,-89,89,-691,5.5,0.90,1.8,0.0,100.000000,27,12,0.0,0.0,0.0,0.0,0.0,0.0,1.0
456168,0,1,3400,-88,88,-422,4.0,0.89,2.3,0.0,0.0,27,12,0.0,0.0,0.0,0.0,0.0,0.0,1.0
456417,0,1,3400,-88,88,-422,4.0,0.89,2.3,0.0,0.0,27,12,0.0,0.0,0.0,0.0,0.0,0.0,1.0
456666,0,1,3400,-88,88,-422,4.0,0.89,2.3,0.0,0.0,27,12,0.0,0.0,0.0,0.0,0.0,0.0,1.0
456915,0,1,3400,-88,88,-422,4.0,0.89,2.3,0.0,0.0,27,12,0.0,0.0,0.0,0.0,0.0,0.0,1.0
457164,0,1,3400,-88,88,-422,4.0,0.89,2.3,0.0,0.0,27,12,0.0,0.0,0.0,0.0,0.0,0.0,0.0
457413,0,1,3400,-88,88,-422,4.0,0.89,2.3,0.0,0.0,27,12,0.0,0.0,0.0,0.0,0.0,0.0,0.0
457662,0,1,3400,-88,88,-422,4.0,0.89,2.3,0.0,0.0,27,12,0.0,0.0,0.0,0.0,0.0,0.0,0.0
457911,0,1,3400,-88,88,-422,4.0,0.89,2.3,0.0,0.0,27,12,0.0,