time,cc,pci,earfcn,rsrp,pl,cfo,dl_mcs,dl_snr,dl_turbo,dl_brate,dl_bler,ul_ta,ul_mcs,ul_buff,ul_brate,ul_bler,rf_o,rf_u,rf_l,is_attached
0,0,0,4294967295,0.0,0.0,0.0,0.0,0.0,0.0,0.0,0.0,0.0,0.0,0.0,0.0,0.0,0.0,0.0,0.0,0.0
249,0,0,3400,0.0,0.0,0.0,0.0,0.0,0.0,0.0,0.0,0.0,0.0,0.0,0.0,0.0,0.0,0.0,0.0,0.0
498,0,0,3400,0.0,0.0,0.0,0.0,0.0,0.0,0.0,0.0,0.0,0.0,0.0,0.0,0.0,0.0,0.0,0.0,0.0
747,0,1,3400,0.0,0.0,0.0,0.0,0.0,0.0,0.0,0.0,0.0,0.0,0.0,0.0,0.0,0.0,0.0,0.0,0.0
996,0,1,3400,-59,59,-75,0.0,20,0.0,0.0,0.0,0.0,0.0,0.0,0.0,0.0,0.0,0.0,0.0,0.0
1245,0,1,3400,-59,59,29,1.5,21,0.28,2912.000000,0,0.0,0.0,33,224,0,0.0,0.0,0.0,1.0
1494,0,1,3400,-59,59,37,2.5,20,0.50,0.0,0.0,27,0.0,33,0.0,0.0,0.0,0.0,0.0,1.0
1743,0,1,3400,-59,59,40,1.8,20,0.50,1976.095581,0,27,7.1,24,19697.210938,20,0.0,0.0,0.0,1.0
1992,0,1,3400,-60,60,42,3.8,19,0.50,6976.000000,0,27,4.4,36,27232.000000,5,0.0,0.0,0.0,1.0
2241,0,1,3400,-60,60,41,9.6,19,0.50,17408.000000,0,27,0.38,0.0,7296.000000,0,0.0,0.0,0.0,1.0
2490,0,1,3400,-60,60,42,16,19,0.49,162048.000000,0,27,2.2,0.0,103200.000000,6,0.0,0.0,0.0,1.0
2739,0,1,3400,-60,60,36,8.6,19,0.57,151808.000000,0,27,0.94,581,43776.000000,8,0.0,0.0,0.0,1.0
2988,0,1,3400,-60,60,34,14,19,0.50,131168.000000,0,27,1.0,0.0,42400.000000,32,0.0,0.0,0.0,1.0
3237,0,1,3400,-60,60,29,26,19,1.6,245408.000000,8,27,1.0,0.0,0.0,0.0,0.0,0.0,0.0,1.0
3486,0,1,3400,-59,59,22,17,20,0.54,232224.000000,0,27,1.1,0.0,26528.000000,7,0.0,0.0,0.0,1.0
3735,0,1,3400,-59,59,18,19,20,0.57,266752.000000,0,27,0.0,0.0,0.0,0.0,0.0,0.0,0.0,1.0
3984,0,1,3400,-59,59,23,17,20,0.98,227040.000000,0,27,0.0,0.0,0.0,0.0,0.0,0.0,0.0,1.0
4233,0,1,3400,-59,59,28,22,20,0.54,129216.000000,0,27,0.11,0.0,0.0,0.0,0.0,0.0,0.0,1.0
4482,0,1,3400,-58,58,30,18,21,0.50,85376.000000,0,27,3.5,0.0,84448.000000,17,0.0,0.0,0.0,1.0
4731,0,1,3400,-58,58,33,17,21,0.50,110464.000000,0,27,8.0,0.0,0.0,0.0,0.0,0.0,0.0,1.0
4980,0,1,3400,-58,58,37,13,21,0.50,66827.312500,0,27,8.0,0.0,0.0,0.0,0.0,0.0,0.0,1.0
5229,0,1,3400,-58,58,37,9.7,21,0.50,61376.000000,0,27,15,0.0,20640.000000,0,0.0,0.0,0.0,1.0
5478,0,1,3400,-58,58,40,9.7,21,0.50,98784.000000,0,27,17,0.0,49952.000000,11,0.0,0.0,0.0,1.0
5727,0,1,3400,-58,58,36,7.9,21,0.50,61792.000000,0,27,4.7,0.0,20640.000000,50,0.0,0.0,0.0,1.0
5976,0,1,3400,-58,58,32,13,21,0.50,85408.000000,0,27,25,0.0,41280.000000,0,0.0,0.0,0.0,1.0
6225,0,1,3400,-58,58,32,19,21,0.54,142144.000000,0,27,25,0.0,20640.000000,50,0.0,0.0,0.0,1.0
6474,0,1,3400,-57,57,29,21,21,0.50,177568.000000,0,27,13,0.0,33152.000000,0,0.0,0.0,0.0,1.0
6723,0,1,3400,-57,57,26,16,22,0.64,161504.000000,0,27,0.11,0.0,1568.000000,0,0.0,0.0,0.0,1.0
6972,0,1,3400,-57,57,29,9.0,22,0.50,63392.000000,0,27,0.056,0.0,0.0,0.0,0.0,0.0,0.0,1.0
7221,0,1,3400,-57,57,33,12,22,0.50,91744.000000,0,27,9.2,0.0,20640.000000,33,0.0,0.0,0.0,1.0
7470,0,1,3400,-57,57,30,0.0,22,0.50,6688.000000,0,27,12,0.0,0.0,0.0,0.0,0.0,0.0,1.0
7719,0,1,3400,-57,57,32,8.9,21,0.50,67392.000000,0,27,8.2,0.0,37792.000000,36,0.0,0.0,0.0,1.0
7968,0,1,3400,-58,58,32,19,21,0.50,141120.000000,0,27,2.5,0.0,2592.000000,0,0.0,0.0,0.0,1.0
8217,0,1,3400,-58,58,29,13,21,0.50,83187.250000,0,27,3.0,0.0,0.0,0.0,0.0,0.0,0.0,1.0
8466,0,1,3400,-58,58,33,10,21,0.50,163808.000000,0,27,3.6,0.0,36608.000000,6,0.0,0.0,0.0,1.0
8715,0,1,3400,-58,58,37,22,21,0.51,209024.000000,0,27,10,0.0,0.0,0.0,0.0,0.0,0.0,1.0
8964,0,1,3400,-59,59,38,26,20,0.69,242528.000000,0,27,10,0.0,0.0,0.0,0.0,0.0,0.0,1.0
9213,0,1,3400,-59,59,32,12,20,0.53,89280.000000,0,27,10,0.0,0.0,0.0,0.0,0.0,0.0,1.0
9462,0,1,3400,-59,59,29,12,20,0.50,77632.000000,0,27,8.5,0.0,35136.000000,0,0.0,0.0,0.0,1.0
9711,0,1,3400,-59,59,31,7.9,20,0.50,72608.000000,0,27,1.0,0.0,0.0,0.0,0.0,0.0,0.0,1.0
9960,0,1,3400,-59,59,28,17,20,0.50,111552.000000,0,27,1.1,0.0,0.0,0.0,0.0,0.0,0.0,1.0
10209,0,1,3400,-59,59,32,13,20,0.50,160640.000000,0,27,1.0,0.0,0.0,0.0,0.0,0.0,0.0,1.0
10458,0,1,3400,-59,59,25,4.4,20,0.50,26976.000000,0,27,1.0,0.0,0.0,0.0,0.0,0.0,0.0,1.0
10707,0,1,3400,-59,59,26,10,20,0.50,49216.000000,0,27,1.6,0.0,36256.000000,6,0.0,0.0,0.0,1.0
10956,0,1,3400,-59,59,32,9.7,20,0.50,74144.000000,0,27,2.0,0.0,0.0,0.0,0.0,0.0,0.0,1.0
11205,0,1,3400,-59,59,31,19,20,0.53,226016.000000,0,27,2.0,0.0,0.0,0.0,0.0,0.0,0.0,1.0
11454,0,1,3400,-58,58,33,18,21,0.61,163904.000000,0,27,2.5,0.0,67904.000000,8,0.0,0.0,0.0,1.0
11703,0,1,3400,-58,58,33,18,21,0.50,129863.453125,0,27,3.0,0.0,0.0,0.0,0.0,0.0,0.0,1.0
11952,0,1,3400,-58,58,33,22,21,0.50,162240.000000,0,27,3.1,0.0,0.0,0.0,0.0,0.0,0.0,1.0
12201,0,1,3400,-58,58,30,19,21,0.50,164704.000000,0,27,3.1,0.0,0.0,0.0,0.0,0.0,0.0,1.0
12450,0,1,3400,-57,57,32,27,22,0.53,337920.000000,0,27,2.7,0.0,38144.000000,0,0.0,0.0,0.0,1.0
12699,0,1,3400,-57,57,35,18,22,0.50,131520.000000,0,27,2.0,0.0,0.0,0.0,0.0,0.0,0.0,1.0
12948,0,1,3400,-57,57,41,6.0,22,0.50,45472.000000,0,27,2.0,0.0,0.0,0.0,0.0,0.0,0.0,1.0
13197,0,1,3400,-57,57,41,7.1,22,0.50,66976.000000,0,27,2.1,0.0,0.0,0.0,0.0,0.0,0.0,1.0
13446,0,1,3400,-57,57,41,16,22,0.50,106336.000000,0,27,5.2,0.0,61536.000000,19,0.0,0.0,0.0,1.0
13695,0,1,3400,-57,57,42,12,22,0.50,74144.000000,0,27,7.0,0.0,0.0,0.0,0.0,0.0,0.0,1.0
13944,0,1,3400,-57,57,37,9.6,22,0.50,60736.000000,0,27,7.1,0.0,0.0,0.0,0.0,0.0,0.0,1.0
14193,0,1,3400,-57,57,33,18,22,0.50,152448.000000,0,27,7.1,0.0,0.0,0.0,0.0,0.0,0.0,1.0
14442,0,1,3400,-57,57,34,15,22,0.53,106016.000000,0,27,5.2,0.0,39488.000000,0,0.0,0.0,0.0,1.0
14691,0,1,3400,-57,57,39,12,22,0.50,133641.437500,0,27,3.5,0.0,0.0,0.0,0.0,0.0,0.0,1.0
14940,0,1,3400,-57,57,38,20,22,0.50,114464.000000,0,27,3.6,0.0,0.0,0.0,0.0,0.0,0.0,1.0
15189,0,1,3400,-57,57,39,16,22,0.50,96544.000000,0,27,3.5,0.0,0.0,0.0,0.0,0.0,0.0,1.0
15438,0,1,3400,-57,57,40,13,22,0.50,89760.000000,0,27,3.5,249,1568.000000,0,0.0,0.0,0.0,1.0
15687,0,1,3400,-58,58,41,21,22,0.52,159264.000000,0,27,7.0,0.0,43552.000000,0,0.0,0.0,0.0,1.0
15936,0,1,3400,-58,58,36,13,21,0.50,89312.000000,0,27,7.1,0.0,0.0,0.0,0.0,0.0,0.0,1.0
16185,0,1,3400,-58,58,35,22,21,0.50,164608.000000,0,27,7.0,0.0,0.0,0.0,0.0,0.0,0.0,1.0
16434,0,1,3400,-58,58,36,11,21,0.52,71328.000000,0,27,9.4,233,24896.000000,0,0.0,0.0,0.0,1.0
16683,0,1,3400,-58,58,35,20,21,0.50,124064.000000,0,27,0.30,0.0,9408.000000,11,0.0,0.0,0.0,1.0
16932,0,1,3400,-58,58,34,22,21,0.50,200512.000000,0,27,0.056,0.0,0.0,0.0,0.0,0.0,0.0,1.0
17181,0,1,3400,-58,58,31,24,21,0.50,214944.000000,0,27,0.056,0.0,0.0,0.0,0.0,0.0,0.0,1.0
17430,0,1,3400,-58,58,32,12,21,0.50,61696.000000,0,27,1.4,0.0,45472.000000,29,0.0,0.0,0.0,1.0
17679,0,1,3400,-58,58,34,12,21,0.50,92768.000000,0,27,5.5,0.0,0.0,0.0,0.0,0.0,0.0,1.0
17928,0,1,3400,-58,58,33,12,21,0.50,95068.273438,0,27,5.5,0.0,0.0,0.0,0.0,0.0,0.0,1.0
18177,0,1,3400,-58,58,30,11,22,0.50,69120.000000,0,27,5.5,0.0,0.0,0.0,0.0,0.0,0.0,1.0
18426,0,1,3400,-58,58,34,17,22,0.50,123456.000000,0,27,3.5,0.0,31552.000000,8,0.0,0.0,0.0,1.0
18675,0,1,3400,-58,58,35,27,21,0.57,296928.000000,0,27,2.0,0.0,0.0,0.0,0.0,0.0,0.0,1.0
18924,0,1,3400,-58,58,37,28,22,0.64,229152.000000,0,27,2.1,0.0,0.0,0.0,0.0,0.0,0.0,1.0
19173,0,1,3400,-58,58,36,6.6,21,0.51,60256.000000,0,27,2.1,0.0,0.0,0.0,0.0,0.0,0.0,1.0
19422,0,1,3400,-58,58,31,4.4,21,0.50,15872.000000,0,27,1.5,0.0,32480.000000,22,0.0,0.0,0.0,1.0
19671,0,1,3400,-58,58,30,14,21,0.50,151456.000000,0,27,1.0,0.0,0.0,0.0,0.0,0.0,0.0,1.0
19920,0,1,3400,-58,58,38,1.1,21,0.50,13824.000000,0,27,1.0,0.0,0.0,0.0,0.0,0.0,0.0,1.0
20169,0,1,3400,-58,58,38,0.82,21,0.50,14336.000000,0,27,1.0,0.0,0.0,0.0,0.0,0.0,0.0,1.0
20418,0,1,3400,-58,58,40,11,22,0.50,69600.000000,0,27,1.0,507,0.0,50,0.0,0.0,0.0,1.0
20667,0,1,3400,-58,58,38,18,21,0.50,174592.000000,0,27,0.18,0.0,30624.000000,34,0.0,0.0,0.0,1.0
20916,0,1,3400,-58,58,39,13,21,0.67,147424.000000,2,27,0.0,0.0,0.0,0.0,0.0,0.0,0.0,1.0
21165,0,1,3400,-58,58,41,10.0,21,0.50,74720.000000,0,27,0.0,0.0,0.0,0.0,0.0,0.0,0.0,1.0
21414,0,1,3400,-57,57,37,9.6,22,0.50,38629.480469,0,27,0.23,0.0,50326.691406,5,0.0,0.0,0.0,1.0
21663,0,1,3400,-57,57,37,10.0,22,0.50,85696.000000,0,27,0.22,0.0,0.0,0.0,0.0,0.0,0.0,1.0
21912,0,1,3400,-57,57,39,1.9,22,0.50,15584.000000,0,27,0.056,0.0,0.0,0.0,0.0,0.0,0.0,1.0
22161,0,1,3400,-57,57,37,0.0,22,0.50,7744.000000,0,27,0.11,0.0,0.0,0.0,0.0,0.0,0.0,1.0
22410,0,1,3400,-57,57,36,12,23,0.50,116768.000000,0,27,0.51,0.0,54208.000000,0,0.0,0.0,0.0,1.0
22659,0,1,3400,-57,57,35,1.1,22,0.50,16224.000000,0,27,3.5,0.0,0.0,0.0,0.0,0.0,0.0,1.0
22908,0,1,3400,-57,57,33,20,23,0.50,144864.000000,0,27,3.5,0.0,0.0,0.0,0.0,0.0,0.0,1.0
23157,0,1,3400,-57,57,38,13,23,0.50,86016.000000,0,27,2.9,0.0,1568.000000,0,0.0,0.0,0.0,1.0
23406,0,1,3400,-57,57,42,20,23,0.50,143552.000000,0,27,2.5,0.0,45088.000000,15,0.0,0.0,0.0,1.0
23655,0,1,3400,-57,57,40,25,23,0.52,294656.000000,0,27,4.5,0.0,0.0,0.0,0.0,0.0,0.0,1.0
23904,0,1,3400,-57,57,38,14,22,0.50,98752.000000,0,27,4.5,0.0,1568.000000,0,0.0,0.0,0.0,1.0
24153,0,1,3400,-57,57,37,18,23,0.51,89472.000000,0,27,4.5,0.0,0.0,0.0,0.0,0.0,0.0,1.0
24402,0,1,3400,-57,57,40,14,23,0.50,131951.812500,0,27,2.4,0.0,53140.562500,0,0.0,0.0,0.0,1.0
24651,0,1,3400,-57,57,41,18,23,0.50,128480.000000,0,27,1.0,0.0,0.0,0.0,0.0,0.0,0.0,1.0
24900,0,1,3400,-57,57,36,14,23,0.50,151808.000000,0,27,1.0,0.0,0.0,0.0,0.0,0.0,0.0,1.0
25149,0,1,3400,-57,57,39,12,23,0.50,81664.000000,0,27,1.1,0.0,0.0,0.0,0.0,0.0,0.0,1.0
25398,0,1,3400,-57,57,38,16,23,0.50,66784.000000,0,27,4.8,0.0,34464.000000,31,0.0,0.0,0.0,1.0
25647,0,1,3400,-57,57,37,4.1,23,0.50,69120.000000,0,27,16,0.0,0.0,0.0,0.0,0.0,0.0,1.0
25896,0,1,3400,-57,57,36,21,23,0.50,227776.000000,0,27,16,0.0,0.0,0.0,0.0,0.0,0.0,1.0
26145,0,1,3400,-57,57,35,10,22,0.50,52704.000000,0,27,15,0.0,896,0,0.0,0.0,0.0,1.0
26394,0,1,3400,-57,57,37,14,22,0.50,153152.000000,0,27,3.8,0.0,46112.000000,0,0.0,0.0,0.0,1.0
26643,0,1,3400,-57,57,39,17,22,0.50,116640.000000,0,27,3.6,0.0,0.0,0.0,0.0,0.0,0.0,1.0
26892,0,1,3400,-57,57,46,10,23,0.50,62976.000000,0,27,3.5,0.0,0.0,0.0,0.0,0.0,0.0,1.0
27141,0,1,3400,-57,57,51,18,22,0.50,155872.000000,0,27,3.5,0.0,0.0,0.0,0.0,0.0,0.0,1.0
27390,0,1,3400,-57,57,53,21,22,0.50,122144.000000,0,27,2.6,0.0,15712.000000,0,0.0,0.0,0.0,1.0
27639,0,1,3400,-57,57,51,15,22,0.50,98912.000000,0,27,1.1,0.0,0.0,0.0,0.0,0.0,0.0,1.0
27888,0,1,3400,-57,57,48,16,22,0.50,113498.007812,0,27,1.0,0.0,0.0,0.0,0.0,0.0,0.0,1.0
28137,0,1,3400,-57,57,42,13,23,0.50,108032.000000,0,27,1.0,0.0,0.0,0.0,0.0,0.0,0.0,1.0
28386,0,1,3400,-57,57,36,16,23,0.50,128800.000000,0,27,2.0,0.0,38464.000000,12,0.0,0.0,0.0,1.0
28635,0,1,3400,-57,57,35,17,23,0.50,211008.000000,0,27,2.0,0.0,0.0,0.0,0.0,0.0,0.0,1.0
28884,0,1,3400,-57,57,45,14,23,0.50,117568.000000,0,27,2.0,0.0,0.0,0.0,0.0,0.0,0.0,1.0
29133,0,1,3400,-57,57,50,15,22,0.50,157984.000000,0,27,2.0,0.0,0.0,0.0,0.0,0.0,0.0,1.0
29382,0,1,3400,-57,57,48,21,22,0.50,220704.000000,0,27,1.1,0.0,13440.000000,15,0.0,0.0,0.0,1.0
29631,0,1,3400,-58,58,44,10,22,0.50,76320.000000,0,27,0.0,0.0,0.0,0.0,0.0,0.0,0.0,1.0
29880,0,1,3400,-58,58,38,18,22,0.52,191168.000000,0,27,0.0,0.0,0.0,0.0,0.0,0.0,0.0,1.0
30129,0,1,3400,-58,58,41,24,22,0.61,299264.000000,0,27,0.0,0.0,0.0,0.0,0.0,0.0,0.0,1.0
30378,0,1,3400,-58,58,42,20,22,0.50,128032.000000,0,27,0.14,0.0,24960.000000,14,0.0,0.0,0.0,1.0
30627,0,1,3400,-58,58,42,20,22,0.50,131712.000000,0,27,0.0,0.0,0.0,0.0,0.0,0.0,0.0,1.0
30876,0,1,3400,-58,58,41,14,22,0.50,171630.515625,0,27,0.0,0.0,0.0,0.0,0.0,0.0,0.0,1.0
31124,0,1,3400,-58,58,42,19,22,0.50,179168.000000,0,27,0.0,0.0,0.0,0.0,0.0,0.0,0.0,1.0
31373,0,1,3400,-58,58,38,21,21,0.50,184480.000000,0,27,3.2,0.0,41504.000000,7,0.0,0.0,0.0,1.0
31622,0,1,3400,-59,59,39,21,21,0.68,168064.000000,0,27,4.5,0.0,0.0,0.0,0.0,0.0,0.0,1.0
31871,0,1,3400,-59,59,43,14,21,0.50,131872.000000,0,27,4.5,0.0,0.0,0.0,0.0,1.0,0.0,1.0
32120,0,1,3400,-59,59,43,19,21,0.50,133888.000000,0,27,4.5,0.0,0.0,0.0,0.0,0.0,0.0,1.0
32369,0,1,3400,-59,59,45,18,21,0.50,163296.000000,0,27,2.2,0.0,28448.000000,7,0.0,0.0,0.0,1.0
32618,0,1,3400,-59,59,45,20,21,0.50,124768.000000,0,27,0.0,0.0,0.0,0.0,0.0,0.0,0.0,1.0
32867,0,1,3400,-59,59,42,11,21,0.50,99840.000000,0,27,0.0,0.0,0.0,0.0,0.0,0.0,0.0,1.0
33116,0,1,3400,-59,59,39,17,21,0.50,157120.000000,0,27,0.0,0.0,1568.000000,0,0.0,0.0,0.0,1.0
33365,0,1,3400,-59,59,45,23,21,0.50,152256.000000,0,27,1.2,0.0,23136.000000,0,0.0,0.0,0.0,1.0
33614,0,1,3400,-59,59,50,25,21,0.52,152160.000000,0,27,3.0,0.0,0.0,0.0,0.0,0.0,0.0,1.0
33863,0,1,3400,-59,59,53,9.2,21,0.50,70176.000000,0,27,3.0,0.0,0.0,0.0,0.0,0.0,0.0,1.0
34112,0,1,3400,-59,59,52,22,21,0.60,135264.000000,0,27,3.0,0.0,0.0,0.0,0.0,0.0,0.0,1.0
34361,0,1,3400,-59,59,51,12,21,0.56,119649.406250,0,27,2.7,0.0,48478.085938,0,0.0,0.0,0.0,1.0
34610,0,1,3400,-59,59,49,19,21,0.50,143136.000000,0,27,2.0,0.0,0.0,0.0,0.0,0.0,0.0,1.0
34859,0,1,3400,-59,59,47,21,21,0.50,154656.000000,0,27,8.7,0.0,5152.000000,0,0.0,0.0,0.0,1.0
35108,0,1,3400,-59,59,44,16,21,0.56,120704.000000,0,27,11,0.0,0.0,0.0,0.0,0.0,0.0,1.0
35357,0,1,3400,-59,59,40,17,21,0.50,149856.000000,0,27,5.0,0.0,12512.000000,0,0.0,0.0,0.0,1.0
35606,0,1,3400,-59,59,44,21,21,0.54,214880.000000,0,27,2.0,0.0,0.0,0.0,0.0,0.0,0.0,1.0
35855,0,1,3400,-59,59,44,20,21,0.50,104416.000000,0,27,2.0,0.0,0.0,0.0,0.0,0.0,0.0,1.0
36104,0,1,3400,-59,59,42,11,21,0.50,95968.000000,0,27,2.0,0.0,0.0,0.0,0.0,0.0,0.0,1.0
36353,0,1,3400,-59,59,41,21,21,0.65,183168.000000,4,27,3.1,0.0,61888.000000,12,0.0,0.0,0.0,1.0
36602,0,1,3400,-59,59,42,21,21,0.61,171008.000000,0,27,7.0,0.0,0.0,0.0,0.0,0.0,0.0,1.0
36851,0,1,3400,-59,59,44,20,21,0.58,203904.000000,0,27,6.9,0.0,0.0,0.0,0.0,0.0,0.0,1.0
37100,0,1,3400,-59,59,48,24,21,0.54,202827.312500,0,27,6.9,0.0,0.0,0.0,0.0,0.0,0.0,1.0
37349,0,1,3400,-59,59,48,20,21,0.50,167104.000000,0,27,7.0,0.0,23008.000000,15,0.0,0.0,0.0,1.0
37598,0,1,3400,-60,60,49,8.9,20,0.50,85888.000000,0,27,8.4,0.0,0.0,0.0,0.0,0.0,0.0,1.0
37847,0,1,3400,-60,60,46,16,20,0.50,133440.000000,0,27,8.5,0.0,0.0,0.0,0.0,0.0,0.0,1.0
38096,0,1,3400,-60,60,44,9.8,20,0.54,121824.000000,0,27,8.5,0.0,0.0,0.0,0.0,0.0,0.0,1.0
38345,0,1,3400,-59,59,43,17,21,0.50,127904.000000,0,27,7.4,0.0,50272.000000,0,0.0,0.0,0.0,1.0
38594,0,1,3400,-59,59,49,18,21,0.50,133152.000000,0,27,2.0,0.0,0.0,0.0,0.0,0.0,0.0,1.0
38843,0,1,3400,-59,59,59,14,21,0.50,82784.000000,0,27,2.0,0.0,0.0,0.0,0.0,0.0,0.0,1.0
39092,0,1,3400,-59,59,61,15,21,0.57,74976.000000,0,27,1.5,0.0,1568.000000,0,0.0,0.0,0.0,1.0
39341,0,1,3400,-58,58,56,14,21,0.50,108544.000000,0,27,3.9,0.0,66176.000000,12,0.0,0.0,0.0,1.0
39590,0,1,3400,-58,58,52,19,22,0.50,161440.000000,0,27,6.9,0.0,0.0,0.0,0.0,0.0,0.0,1.0
39839,0,1,3400,-58,58,50,18,22,0.50,162272.000000,0,27,6.8,0.0,0.0,0.0,0.0,0.0,0.0,1.0
40088,0,1,3400,-58,58,48,19,22,0.50,147776.000000,0,27,7.4,0.0,11936.000000,0,0.0,0.0,0.0,1.0
40337,0,1,3400,-58,58,45,19,22,0.50,161664.000000,0,27,5.3,0.0,47072.000000,0,0.0,0.0,0.0,1.0
40586,0,1,3400,-58,58,48,18,22,0.50,171648.000000,0,27,1.4,0.0,2592.000000,0,0.0,0.0,0.0,1.0
40835,0,1,3400,-58,58,56,19,22,0.50,123633.468750,0,27,2.0,0.0,0.0,0.0,0.0,0.0,0.0,1.0
41084,0,1,3400,-58,58,61,19,22,0.50,135936.000000,0,27,2.0,0.0,0.0,0.0,0.0,0.0,0.0,1.0
41333,0,1,3400,-58,58,60,19,22,0.50,157056.000000,0,27,6.7,0.0,132416.000000,17,0.0,0.0,0.0,1.0
41582,0,1,3400,-59,59,61,19,21,0.50,117408.000000,0,27,10,0.0,10944.000000,0,0.0,0.0,0.0,1.0
41831,0,1,3400,-59,59,58,18,21,0.50,108192.000000,0,27,4.4,0.0,0.0,0.0,0.0,1.0,0.0,1.0
42080,0,1,3400,-59,59,51,18,21,0.50,152448.000000,0,27,4.4,0.0,1568.000000,0,0.0,0.0,0.0,1.0
42329,0,1,3400,-59,59,50,22,21,0.60,242528.000000,0,27,9.3,0.0,25504.000000,20,0.0,0.0,0.0,1.0
42578,0,1,3400,-60,60,56,17,21,0.56,123296.000000,0,27,1.5,0.0,0.0,0.0,0.0,0.0,0.0,1.0
42827,0,1,3400,-60,60,55,15,20,0.50,82496.000000,0,27,0.20,0.0,3136.000000,0,0.0,0.0,0.0,1.0
43076,0,1,3400,-60,60,51,15,20,0.50,124384.000000,0,27,0.31,0.0,4160.000000,0,0.0,0.0,0.0,1.0
43325,0,1,3400,-59,59,55,15,21,0.50,99232.000000,0,27,1.3,0.0,57696.000000,9,0.0,0.0,0.0,1.0
43574,0,1,3400,-59,59,54,19,21,0.50,164288.000000,0,27,2.0,0.0,0.0,0.0,0.0,0.0,0.0,1.0
43823,0,1,3400,-59,59,51,7.5,21,0.54,79164.656250,0,27,2.0,0.0,0.0,0.0,0.0,0.0,0.0,1.0
44072,0,1,3400,-59,59,53,18,21,0.56,181312.000000,0,27,2.0,0.0,2592.000000,0,0.0,0.0,0.0,1.0
44321,0,1,3400,-59,59,54,18,21,0.50,145248.000000,0,27,3.5,0.0,54592.000000,4,0.0,0.0,0.0,1.0
44570,0,1,3400,-59,59,57,19,21,0.50,102080.000000,0,27,6.0,0.0,0.0,0.0,0.0,0.0,0.0,1.0
44819,0,1,3400,-59,59,57,14,21,0.55,101696.000000,0,27,7.4,0.0,5152.000000,0,0.0,0.0,0.0,1.0
45068,0,1,3400,-59,59,59,19,21,0.50,163360.000000,0,27,10,0.0,0.0,0.0,0.0,0.0,0.0,1.0
45317,0,1,3400,-59,59,58,14,21,0.50,70848.000000,0,27,8.3,0.0,22720.000000,0,0.0,0.0,0.0,1.0
45566,0,1,3400,-59,59,57,17,21,0.55,141408.000000,0,27,6.5,0.0,0.0,0.0,0.0,0.0,0.0,1.0
45815,0,1,3400,-59,59,57,19,21,0.50,148320.000000,0,27,6.5,0.0,0.0,0.0,0.0,0.0,0.0,1.0
46064,0,1,3400,-59,59,58,22,21,0.55,270784.000000,0,27,6.5,0.0,0.0,0.0,0.0,0.0,0.0,1.0
46313,0,1,3400,-59,59,54,19,21,0.50,135424.000000,0,27,5.6,0.0,56192.000000,0,0.0,0.0,0.0,1.0
46562,0,1,3400,-59,59,54,19,21,0.50,195712.000000,0,27,5.5,0.0,0.0,0.0,0.0,0.0,0.0,1.0
46811,0,1,3400,-59,59,56,17,21,0.50,153088.000000,0,27,5.5,0.0,0.0,0.0,0.0,0.0,0.0,1.0
47060,0,1,3400,-59,59,57,16,21,0.50,136448.000000,0,27,5.5,0.0,0.0,0.0,0.0,0.0,0.0,1.0
47309,0,1,3400,-58,58,61,9.8,22,0.50,78880.000000,0,27,5.5,455,4256.000000,0,0.0,0.0,0.0,1.0
47558,0,1,3400,-58,58,59,20,22,0.50,184063.750000,0,27,2.1,0.0,12175.298828,0,0.0,0.0,0.0,1.0
47807,0,1,3400,-58,58,60,19,22,0.50,167840.000000,0,27,2.0,0.0,0.0,0.0,0.0,0.0,0.0,1.0
48056,0,1,3400,-58,58,59,19,22,0.56,179616.000000,0,27,2.0,0.0,0.0,0.0,0.0,0.0,0.0,1.0
48305,0,1,3400,-57,57,54,20,22,0.54,120992.000000,0,27,2.8,0.0,67072.000000,0,0.0,0.0,0.0,1.0
48554,0,1,3400,-57,57,50,20,22,0.51,183968.000000,0,27,4.5,0.0,0.0,0.0,0.0,0.0,0.0,1.0
48803,0,1,3400,-57,57,56,20,23,0.50,159040.000000,0,27,4.5,0.0,0.0,0.0,0.0,0.0,0.0,1.0
49052,0,1,3400,-57,57,59,17,23,0.50,116000.000000,0,27,4.5,0.0,0.0,0.0,0.0,0.0,0.0,1.0
49301,0,1,3400,-57,57,59,20,23,0.50,177536.000000,0,27,1.7,0.0,27136.000000,0,0.0,0.0,0.0,1.0
49550,0,1,3400,-57,57,57,21,23,0.50,170272.000000,0,27,0.016,0.0,0.0,0.0,0.0,0.0,0.0,1.0
49799,0,1,3400,-57,57,56,19,23,0.50,132448.000000,0,27,0.016,0.0,0.0,0.0,0.0,0.0,0.0,1.0
50048,0,1,3400,-57,57,53,22,23,0.52,258249.000000,0,27,0.032,0.0,0.0,0.0,0.0,0.0,0.0,1.0
50297,0,1,3400,-57,57,52,22,23,0.50,173312.000000,0,27,2.9,0.0,17216.000000,31,0.0,0.0,0.0,1.0
50546,0,1,3400,-58,58,57,22,22,0.54,231456.000000,0,27,5.9,0.0,0.0,0.0,0.0,0.0,0.0,1.0
50795,0,1,3400,-58,58,57,22,22,0.59,184192.000000,0,27,4.3,0.0,1568.000000,0,0.0,0.0,0.0,1.0
51044,0,1,3400,-58,58,60,20,22,0.50,200064.000000,0,27,0.0,0.0,0.0,0.0,0.0,0.0,0.0,1.0
51293,0,1,3400,-58,58,63,19,22,0.50,145408.000000,0,27,3.9,0.0,106720.000000,26,0.0,0.0,0.0,1.0
51542,0,1,3400,-58,58,59,17,22,0.50,140032.000000,0,27,12,0.0,0.0,0.0,0.0,0.0,0.0,1.0
51791,0,1,3400,-58,58,60,20,22,0.50,121216.000000,0,27,12,0.0,0.0,0.0,0.0,0.0,0.0,1.0
52040,0,1,3400,-58,58,59,18,22,0.50,150496.000000,0,27,12,0.0,0.0,0.0,0.0,0.0,0.0,1.0
52289,0,1,3400,-58,58,54,13,22,0.50,85568.000000,0,27,12,0.0,28896.000000,0,0.0,0.0,0.0,1.0
52538,0,1,3400,-59,59,50,19,21,0.50,156512.000000,0,27,13,0.0,15520.000000,60,0.0,0.0,0.0,1.0
52787,0,1,3400,-59,59,55,17,21,0.54,111840.000000,0,27,13,0.0,9376.000000,33,0.0,0.0,0.0,1.0
53036,0,1,3400,-59,59,53,22,21,0.54,190272.000000,0,27,11,0.0,0.0,0.0,0.0,0.0,0.0,1.0
53285,0,1,3400,-59,59,51,18,21,0.50,121408.000000,0,27,6.4,0.0,41728.000000,10,0.0,0.0,0.0,1.0
53534,0,1,3400,-60,60,51,13,21,0.50,82720.000000,0,27,3.0,0.0,0.0,0.0,0.0,0.0,0.0,1.0
53783,0,1,3400,-60,60,56,19,20,0.54,177024.000000,0,27,3.0,0.0,0.0,0.0,0.0,0.0,0.0,1.0
54032,0,1,3400,-60,60,56,22,20,0.77,200988.046875,0,27,3.0,0.0,0.0,0.0,0.0,0.0,0.0,1.0
54281,0,1,3400,-60,60,54,18,20,0.51,98976.000000,0,27,2.5,0.0,14816.000000,0,0.0,0.0,0.0,1.0
54530,0,1,3400,-60,60,55,20,20,0.73,148128.000000,5,27,2.0,0.0,0.0,0.0,0.0,0.0,0.0,1.0
54779,0,1,3400,-60,60,56,18,20,0.50,129664.000000,0,27,2.0,0.0,0.0,0.0,0.0,0.0,0.0,1.0
55028,0,1,3400,-60,60,51,19,21,0.53,124544.000000,0,27,2.0,0.0,0.0,0.0,0.0,0.0,0.0,1.0
55277,0,1,3400,-59,59,50,19,21,0.50,206624.000000,0,27,3.8,0.0,52544.000000,0,0.0,0.0,0.0,1.0
55526,0,1,3400,-59,59,56,14,21,0.59,250592.000000,0,27,5.5,0.0,0.0,0.0,0.0,0.0,0.0,1.0
55775,0,1,3400,-59,59,53,21,21,0.55,251616.000000,0,27,5.5,0.0,0.0,0.0,0.0,0.0,0.0,1.0
56024,0,1,3400,-59,59,49,20,22,0.50,173984.000000,0,27,5.5,0.0,0.0,0.0,0.0,0.0,0.0,1.0
56273,0,1,3400,-59,59,55,19,21,0.50,144160.000000,0,27,4.0,0.0,21376.000000,0,0.0,0.0,0.0,1.0
56522,0,1,3400,-59,59,55,21,21,0.60,185600.000000,0,27,1.0,0.0,0.0,0.0,0.0,0.0,0.0,1.0
56771,0,1,3400,-59,59,58,18,21,0.50,120128.515625,0,27,1.0,0.0,0.0,0.0,0.0,0.0,0.0,1.0
57020,0,1,3400,-59,59,59,16,21,0.50,200128.000000,0,27,1.0,0.0,0.0,0.0,0.0,0.0,0.0,1.0
57269,0,1,3400,-59,59,57,16,21,0.50,138944.000000,0,27,0.61,0.0,23744.000000,0,0.0,0.0,0.0,1.0
57518,0,1,3400,-60,60,55,19,21,0.50,125824.000000,0,27,0.22,0.0,4256.000000,0,0.0,0.0,0.0,1.0
57767,0,1,3400,-60,60,55,17,20,0.50,148256.000000,0,27,2.0,0.0,0.0,0.0,0.0,0.0,0.0,1.0
58016,0,1,3400,-60,60,57,19,20,0.64,186944.000000,0,27,2.0,0.0,0.0,0.0,0.0,0.0,0.0,1.0
58265,0,1,3400,-59,59,58,20,21,0.84,159840.000000,4,27,2.1,0.0,25824.000000,18,0.0,0.0,0.0,1.0
58514,0,1,3400,-59,59,58,19,21,0.50,155456.000000,0,27,2.0,0.0,0.0,0.0,0.0,0.0,0.0,1.0
58763,0,1,3400,-59,59,59,19,21,0.50,170912.000000,0,27,2.0,0.0,0.0,0.0,0.0,0.0,0.0,1.0
59012,0,1,3400,-59,59,55,21,22,0.51,220896.000000,0,27,2.0,0.0,0.0,0.0,0.0,0.0,0.0,1.0
59261,0,1,3400,-59,59,54,25,21,0.95,239008.000000,0,27,1.2,0.0,22208.000000,5,0.0,0.0,0.0,1.0
59510,0,1,3400,-59,59,56,23,22,0.62,110240.000000,0,27,0.0,0.0,0.0,0.0,0.0,0.0,0.0,1.0
59759,0,1,3400,-59,59,59,23,22,0.55,173536.000000,0,27,0.048,0.0,0.0,0.0,0.0,0.0,0.0,1.0
60008,0,1,3400,-59,59,62,23,22,0.56,172512.000000,0,27,0.032,0.0,0.0,0.0,0.0,0.0,0.0,1.0
60257,0,1,3400,-59,59,62,18,21,0.50,178752.000000,0,27,0.58,0.0,25088.000000,12,0.0,0.0,0.0,1.0
60506,0,1,3400,-60,60,61,12,21,0.50,79968.125000,0,27,0.016,0.0,0.0,0.0,0.0,0.0,0.0,1.0
60755,0,1,3400,-60,60,54,14,21,0.50,110848.000000,0,27,0.79,0.0,6752.000000,0,0.0,0.0,0.0,1.0
61004,0,1,3400,-60,60,47,20,21,0.51,208704.000000,0,27,1.0,0.0,0.0,0.0,0.0,0.0,0.0,1.0
61253,0,1,3400,-60,60,51,18,21,0.50,167712.000000,0,27,2.1,0.0,21056.000000,0,0.0,0.0,0.0,1.0
61502,0,1,3400,-60,60,57,6.6,21,0.50,50880.000000,0,27,3.0,0.0,0.0,0.0,0.0,0.0,0.0,1.0
61751,0,1,3400,-60,60,58,5.1,21,0.50,43968.000000,0,27,3.0,0.0,0.0,0.0,0.0,0.0,0.0,1.0
62000,0,1,3400,-60,60,58,12,21,0.50,130240.000000,0,27,3.0,0.0,0.0,0.0,0.0,0.0,0.0,1.0
62249,0,1,3400,-60,60,58,18,20,0.50,104608.000000,0,27,6.5,0.0,78240.000000,14,0.0,0.0,0.0,1.0
62498,0,1,3400,-60,60,58,24,20,1.1,209376.000000,4,27,9.0,0.0,0.0,0.0,0.0,0.0,0.0,1.0
62747,0,1,3400,-60,60,58,14,21,0.50,107456.000000,0,27,9.0,0.0,0.0,0.0,0.0,0.0,0.0,1.0
62996,0,1,3400,-60,60,54,19,20,0.50,132722.890625,0,27,9.0,0.0,0.0,0.0,0.0,0.0,0.0,1.0
63245,0,1,3400,-60,60,56,18,20,0.50,94016.000000,0,27,7.5,0.0,47200.000000,4,0.0,0.0,0.0,1.0
63494,0,1,3400,-60,60,60,21,20,0.64,205504.000000,0,27,1.1,0.0,2592.000000,0,0.0,0.0,0.0,1.0
63743,0,1,3400,-60,60,59,15,21,0.50,98976.000000,0,27,1.0,0.0,0.0,0.0,0.0,0.0,0.0,1.0
63992,0,1,3400,-60,60,58,4.0,20,0.50,34752.000000,0,27,1.0,0.0,0.0,0.0,0.0,0.0,0.0,1.0
64241,0,1,3400,-60,60,56,15,20,0.50,96672.000000,0,27,5.3,0.0,66912.000000,0,0.0,0.0,0.0,1.0
64490,0,1,3400,-60,60,57,19,20,0.50,116768.000000,0,27,9.4,0.0,4256.000000,0,0.0,0.0,0.0,1.0
64739,0,1,3400,-61,61,58,22,20,0.85,234144.000000,0,27,8.0,0.0,0.0,0.0,0.0,0.0,0.0,1.0
64988,0,1,3400,-61,61,61,12,19,0.50,117984.000000,0,27,8.0,0.0,0.0,0.0,0.0,0.0,0.0,1.0
65237,0,1,3400,-61,61,58,19,19,0.95,138880.000000,4,27,5.5,0.0,51040.000000,9,0.0,0.0,0.0,1.0
65486,0,1,3400,-61,61,53,18,19,0.51,144224.000000,0,27,4.0,0.0,0.0,0.0,0.0,0.0,0.0,1.0
65735,0,1,3400,-62,62,48,7.9,19,0.58,107040.000000,3,27,4.0,0.0,0.0,0.0,0.0,0.0,0.0,1.0
65984,0,1,3400,-62,62,49,10.0,18,1.0,71808.000000,9,27,4.0,0.0,0.0,0.0,0.0,0.0,0.0,1.0
66233,0,1,3400,-62,62,49,18,19,1.4,113600.000000,21,27,4.0,0.0,0.0,0.0,0.0,0.0,0.0,1.0
66482,0,1,3400,-62,62,55,26,19,1.1,270208.000000,0,27,4.0,0.0,47168.000000,0,0.0,0.0,0.0,1.0
66731,0,1,3400,-62,62,59,27,19,1.2,293760.000000,0,27,4.0,0.0,0.0,0.0,0.0,0.0,0.0,1.0
66980,0,1,3400,-62,62,54,26,18,0.75,209561.750000,0,27,4.0,0.0,0.0,0.0,0.0,0.0,0.0,1.0
67229,0,1,3400,-62,62,52,13,18,0.51,75232.000000,0,27,4.7,0.0,36704.000000,0,0.0,0.0,0.0,1.0
67478,0,1,3400,-62,62,52,24,18,0.82,247360.000000,0,27,5.5,0.0,0.0,0.0,0.0,0.0,0.0,1.0
67727,0,1,3400,-63,63,51,16,18,0.67,191776.000000,0,27,5.5,0.0,0.0,0.0,0.0,0.0,0.0,1.0
67976,0,1,3400,-63,63,50,5.4,18,0.50,60288.000000,0,27,5.5,0.0,0.0,0.0,0.0,0.0,0.0,1.0
68225,0,1,3400,-63,63,51,14,18,0.50,102848.000000,0,27,6.7,0.0,52576.000000,0,0.0,0.0,0.0,1.0
68474,0,1,3400,-63,63,51,27,18,1.8,240640.000000,17,27,10.0,0.0,0.0,0.0,0.0,0.0,0.0,1.0
68723,0,1,3400,-63,63,52,21,18,0.90,98944.000000,11,27,10.0,0.0,0.0,0.0,0.0,0.0,0.0,1.0
68972,0,1,3400,-63,63,55,21,18,0.79,125632.000000,0,27,10,0.0,0.0,0.0,0.0,0.0,0.0,1.0
69221,0,1,3400,-62,62,54,18,18,0.70,119807.226562,0,27,7.3,0.0,32257.027344,0,0.0,0.0,0.0,1.0
69470,0,1,3400,-62,62,60,25,18,1.1,222432.000000,8,27,2.0,0.0,0.0,0.0,0.0,0.0,0.0,1.0
69719,0,1,3400,-62,62,57,22,19,0.64,186464.000000,4,27,2.0,0.0,0.0,0.0,0.0,0.0,0.0,1.0
69968,0,1,3400,-62,62,56,18,19,0.50,98272.000000,0,27,2.0,0.0,0.0,0.0,0.0,0.0,0.0,1.0
70217,0,1,3400,-62,62,59,20,19,0.58,145760.000000,0,27,1.3,0.0,56224.000000,0,0.0,0.0,0.0,1.0
70466,0,1,3400,-62,62,61,19,19,0.56,140864.000000,0,27,0.032,0.0,0.0,0.0,0.0,0.0,0.0,1.0
70715,0,1,3400,-62,62,56,19,19,0.83,111040.000000,5,27,0.0,0.0,0.0,0.0,0.0,0.0,0.0,1.0
70964,0,1,3400,-62,62,54,18,18,0.64,140416.000000,0,27,0.016,0.0,1568.000000,0,0.0,0.0,0.0,1.0
71213,0,1,3400,-62,62,56,15,18,0.55,108320.000000,0,27,3.6,0.0,31328.000000,0,0.0,0.0,0.0,1.0
71462,0,1,3400,-62,62,57,15,18,0.55,175136.000000,0,27,10,0.0,0.0,0.0,0.0,0.0,0.0,1.0
71711,0,1,3400,-63,63,56,20,18,0.63,127168.000000,0,27,10,0.0,0.0,0.0,0.0,0.0,0.0,1.0
71960,0,1,3400,-63,63,55,14,18,0.51,114112.000000,0,27,10,0.0,0.0,0.0,0.0,0.0,0.0,1.0
72209,0,1,3400,-62,62,52,14,18,0.50,74080.000000,0,27,11,0.0,74048.000000,21,0.0,0.0,0.0,1.0
72458,0,1,3400,-62,62,55,15,18,0.50,86368.000000,0,27,13,0.0,0.0,0.0,0.0,0.0,0.0,1.0
72707,0,1,3400,-62,62,54,22,19,0.84,196736.000000,0,27,13,0.0,0.0,0.0,0.0,0.0,0.0,1.0
72956,0,1,3400,-62,62,53,20,18,1.1,162208.000000,0,27,13,0.0,0.0,0.0,0.0,0.0,0.0,1.0
73205,0,1,3400,-62,62,60,20,19,0.59,149504.000000,0,27,13,0.0,31456.000000,0,0.0,0.0,0.0,1.0
73454,0,1,3400,-62,62,63,15,18,0.50,101408.000000,0,27,13,0.0,0.0,0.0,0.0,0.0,0.0,1.0
73703,0,1,3400,-63,63,57,18,18,0.50,153466.140625,0,27,13,0.0,0.0,0.0,0.0,0.0,0.0,1.0
73952,0,1,3400,-63,63,57,12,18,0.58,93824.000000,0,27,13,0.0,15520.000000,0,0.0,0.0,0.0,1.0
74201,0,1,3400,-63,63,63,21,18,1.1,194496.000000,6,27,13,0.0,23808.000000,12,0.0,0.0,0.0,1.0
74450,0,1,3400,-63,63,61,16,18,0.51,129856.000000,0,27,8.5,0.0,0.0,0.0,0.0,0.0,0.0,1.0
74699,0,1,3400,-63,63,58,17,18,0.59,101120.000000,0,27,8.5,0.0,0.0,0.0,0.0,0.0,0.0,1.0
74948,0,1,3400,-63,63,57,17,18,0.62,120576.000000,0,27,8.5,0.0,0.0,0.0,0.0,0.0,0.0,1.0
75197,0,1,3400,-63,63,59,15,18,0.50,87232.000000,0,27,10.0,0.0,94080.000000,9,0.0,0.0,0.0,1.0
75446,0,1,3400,-63,63,54,15,17,0.61,89120.000000,9,27,12,0.0,0.0,0.0,0.0,0.0,0.0,1.0
75695,0,1,3400,-64,64,53,18,17,1.5,105312.000000,12,27,12,0.0,0.0,0.0,0.0,0.0,0.0,1.0
75944,0,1,3400,-64,64,52,14,17,0.50,92369.476562,0,27,12,0.0,0.0,0.0,0.0,0.0,0.0,1.0
76193,0,1,3400,-64,64,52,14,17,0.50,115232.000000,0,27,11,0.0,34912.000000,0,0.0,0.0,0.0,1.0
76442,0,1,3400,-64,64,53,14,17,0.50,95232.000000,0,27,10,0.0,0.0,0.0,0.0,0.0,0.0,1.0
76691,0,1,3400,-64,64,53,14,17,0.50,99232.000000,0,27,8.9,0.0,2592.000000,0,0.0,0.0,0.0,1.0
76940,0,1,3400,-64,64,54,15,16,0.55,113216.000000,0,27,7.0,0.0,0.0,0.0,0.0,0.0,0.0,1.0
77189,0,1,3400,-64,64,51,18,17,0.96,80768.000000,0,27,7.0,0.0,44512.000000,0,0.0,0.0,0.0,1.0
77438,0,1,3400,-64,64,47,17,17,1.3,106432.000000,12,27,8.0,0.0,0.0,0.0,0.0,0.0,0.0,1.0
77687,0,1,3400,-64,64,48,13,17,0.50,76704.000000,0,27,8.0,0.0,0.0,0.0,0.0,0.0,0.0,1.0
77936,0,1,3400,-64,64,56,12,17,0.50,66112.000000,0,27,8.0,0.0,0.0,0.0,0.0,0.0,0.0,1.0
78185,0,1,3400,-64,64,57,14,17,0.50,86848.000000,0,27,6.8,0.0,42400.000000,8,0.0,0.0,0.0,1.0
78434,0,1,3400,-64,64,57,14,17,0.51,147616.000000,0,27,5.5,0.0,0.0,0.0,0.0,0.0,0.0,1.0
78683,0,1,3400,-64,64,55,14,17,0.50,111232.000000,0,27,5.5,0.0,0.0,0.0,0.0,0.0,0.0,1.0
78932,0,1,3400,-64,64,53,16,17,0.68,171840.000000,6,27,4.7,0.0,2592.000000,0,0.0,0.0,0.0,1.0
79181,0,1,3400,-63,63,55,14,17,0.50,83616.000000,0,27,4.8,0.0,31264.000000,0,0.0,0.0,0.0,1.0
79430,0,1,3400,-63,63,55,14,18,0.50,104000.000000,0,27,5.5,0.0,0.0,0.0,0.0,0.0,0.0,1.0
79679,0,1,3400,-63,63,55,15,17,0.96,153952.000000,6,27,5.5,0.0,0.0,0.0,0.0,0.0,0.0,1.0
79928,0,1,3400,-63,63,52,16,18,0.53,116256.000000,0,27,5.5,0.0,0.0,0.0,0.0,0.0,0.0,1.0
80177,0,1,3400,-62,62,54,17,18,0.51,167808.765625,0,27,5.7,0.0,40478.085938,17,0.0,0.0,0.0,1.0
80426,0,1,3400,-62,62,57,19,18,0.57,120384.000000,0,27,3.0,0.0,0.0,0.0,0.0,0.0,0.0,1.0
80675,0,1,3400,-62,62,54,19,18,0.54,104032.000000,0,27,3.0,0.0,0.0,0.0,0.0,0.0,0.0,1.0
80924,0,1,3400,-62,62,54,19,18,0.50,156032.000000,0,27,3.0,0.0,0.0,0.0,0.0,0.0,0.0,1.0
81173,0,1,3400,-62,62,56,19,19,0.50,104800.000000,0,27,8.1,0.0,40672.000000,0,0.0,0.0,0.0,1.0
81422,0,1,3400,-62,62,60,18,19,0.50,174208.000000,0,27,12,0.0,0.0,0.0,0.0,0.0,0.0,1.0
81671,0,1,3400,-62,62,62,19,19,0.50,127712.000000,0,27,12,0.0,0.0,0.0,0.0,0.0,0.0,1.0
81920,0,1,3400,-62,62,64,19,19,0.50,108928.000000,0,27,12,0.0,7200.000000,0,0.0,0.0,0.0,1.0
82169,0,1,3400,-62,62,62,18,19,0.50,135903.609375,0,27,11,0.0,51630.523438,20,0.0,0.0,0.0,1.0
82418,0,1,3400,-62,62,55,19,19,0.52,146656.000000,0,27,3.5,0.0,0.0,0.0,0.0,0.0,0.0,1.0
82667,0,1,3400,-62,62,57,18,19,0.50,141152.000000,0,27,3.5,0.0,0.0,0.0,0.0,0.0,0.0,1.0
82916,0,1,3400,-62,62,57,17,19,0.50,113888.000000,0,27,5.9,0.0,17056.000000,0,0.0,0.0,0.0,1.0
83165,0,1,3400,-62,62,58,17,18,0.62,144896.000000,0,27,12,0.0,28896.000000,0,0.0,0.0,0.0,1.0
83414,0,1,3400,-62,62,63,19,18,0.74,210496.000000,0,27,13,0.0,0.0,0.0,0.0,0.0,0.0,1.0
83663,0,1,3400,-63,63,58,17,18,0.50,112992.000000,0,27,13,0.0,0.0,0.0,0.0,0.0,0.0,1.0
83912,0,1,3400,-63,63,52,15,18,0.50,106784.000000,0,27,13,0.0,0.0,0.0,0.0,0.0,0.0,1.0
84161,0,1,3400,-63,63,55,17,18,0.50,151712.000000,0,27,8.2,0.0,36384.000000,0,0.0,0.0,0.0,1.0
84410,0,1,3400,-63,63,59,15,18,0.56,96096.000000,0,27,5.5,0.0,0.0,0.0,0.0,0.0,0.0,1.0
84659,0,1,3400,-63,63,59,15,17,0.55,119648.000000,0,27,5.5,0.0,0.0,0.0,0.0,0.0,0.0,1.0
84908,0,1,3400,-63,63,59,14,17,0.75,81632.000000,5,27,5.5,0.0,0.0,0.0,0.0,0.0,0.0,1.0
85157,0,1,3400,-63,63,57,14,17,0.50,111232.000000,0,27,5.7,0.0,23488.000000,0,0.0,0.0,0.0,1.0
85406,0,1,3400,-63,63,53,14,17,0.50,75008.000000,0,27,5.5,0.0,0.0,0.0,0.0,0.0,0.0,1.0
85655,0,1,3400,-64,64,51,13,17,0.50,101088.000000,0,27,5.5,0.0,0.0,0.0,0.0,0.0,0.0,1.0
85904,0,1,3400,-64,64,54,14,17,0.50,120000.000000,0,27,5.5,0.0,0.0,0.0,0.0,0.0,0.0,1.0
86153,0,1,3400,-64,64,60,15,17,0.54,89152.000000,0,27,6.6,0.0,131328.000000,9,0.0,0.0,0.0,1.0
86402,0,1,3400,-64,64,65,14,17,0.69,93920.000000,0,27,14,0.0,0.0,0.0,0.0,0.0,0.0,1.0
86651,0,1,3400,-64,64,71,13,17,0.50,82294.820312,0,27,14,0.0,0.0,0.0,0.0,0.0,0.0,1.0
86900,0,1,3400,-64,64,70,9.7,17,0.50,92096.000000,0,27,14,0.0,0.0,0.0,0.0,0.0,0.0,1.0
87149,0,1,3400,-64,64,65,13,17,0.50,136480.000000,0,27,11,0.0,45792.000000,0,0.0,0.0,0.0,1.0
87398,0,1,3400,-64,64,61,14,17,0.50,112160.000000,0,27,5.0,0.0,0.0,0.0,0.0,0.0,0.0,1.0
87647,0,1,3400,-64,64,59,13,17,0.50,89856.000000,0,27,5.0,0.0,0.0,0.0,0.0,0.0,0.0,1.0
87896,0,1,3400,-64,64,50,14,17,0.50,91232.000000,0,27,5.0,0.0,0.0,0.0,0.0,0.0,0.0,1.0
88145,0,1,3400,-64,64,51,14,17,0.50,91232.000000,0,27,6.9,0.0,95200.000000,9,0.0,0.0,0.0,1.0
88394,0,1,3400,-64,64,57,14,17,0.50,107616.000000,0,27,9.0,0.0,0.0,0.0,0.0,0.0,0.0,1.0
88643,0,1,3400,-64,64,58,14,17,0.50,102875.500000,0,27,9.0,0.0,0.0,0.0,0.0,0.0,0.0,1.0
88892,0,1,3400,-64,64,59,13,17,0.50,97856.000000,0,27,9.5,0.0,11936.000000,0,0.0,0.0,0.0,1.0
89141,0,1,3400,-64,64,62,14,17,0.50,132000.000000,0,27,5.1,0.0,22464.000000,0,0.0,0.0,0.0,1.0
89390,0,1,3400,-64,64,60,14,17,0.55,91936.000000,5,27,2.0,0.0,0.0,0.0,0.0,0.0,0.0,1.0
89639,0,1,3400,-64,64,58,16,17,0.93,133248.000000,0,27,2.1,0.0,0.0,0.0,0.0,0.0,0.0,1.0
89888,0,1,3400,-64,64,57,14,17,0.50,108000.000000,0,27,2.1,0.0,0.0,0.0,0.0,0.0,0.0,1.0
90137,0,1,3400,-64,64,54,14,17,0.50,83616.000000,0,27,3.5,0.0,69984.000000,0,0.0,0.0,0.0,1.0
90386,0,1,3400,-64,64,51,14,17,0.50,128000.000000,0,27,12,0.0,0.0,0.0,0.0,0.0,0.0,1.0
90635,0,1,3400,-64,64,54,16,17,0.51,94720.000000,0,27,12,0.0,0.0,0.0,0.0,0.0,0.0,1.0
90884,0,1,3400,-64,64,50,14,16,0.50,103616.000000,0,27,12,0.0,15520.000000,0,0.0,0.0,0.0,1.0
91133,0,1,3400,-64,64,50,11,16,0.59,56096.000000,5,27,12,0.0,15520.000000,0,0.0,0.0,0.0,1.0
91382,0,1,3400,-64,64,57,9.1,16,0.50,59840.000000,0,27,12,0.0,51968.000000,0,0.0,0.0,0.0,1.0
91631,0,1,3400,-65,65,63,11,16,0.64,53184.000000,5,27,10,0.0,0.0,0.0,0.0,0.0,0.0,1.0
91880,0,1,3400,-65,65,64,12,15,0.50,54720.000000,0,27,10,0.0,0.0,0.0,0.0,0.0,0.0,1.0
92129,0,1,3400,-65,65,62,13,15,0.75,69568.000000,4,27,13,55,0.0,80,0.0,0.0,0.0,1.0
92378,0,1,3400,-65,65,61,11,15,0.50,80032.000000,0,27,11,0.0,2336.000000,0,0.0,0.0,0.0,1.0
92627,0,1,3400,-66,66,59,12,15,0.50,53184.000000,0,27,0.66,0.0,0.0,0.0,0.0,0.0,0.0,1.0
92876,0,1,3400,-66,66,58,11,14,0.50,76672.000000,0,27,0.56,0.0,0.0,0.0,0.0,0.0,0.0,1.0
93125,0,1,3400,-66,66,60,9.0,14,0.50,61960.160156,0,27,0.56,0.0,0.0,0.0,0.0,0.0,0.0,1.0
93374,0,1,3400,-66,66,62,9.6,14,0.50,51936.000000,0,27,5.5,0.0,80864.000000,0,0.0,0.0,0.0,1.0
93623,0,1,3400,-67,67,56,9.8,14,0.50,36256.000000,0,27,6.5,0.0,0.0,0.0,0.0,0.0,0.0,1.0
93872,0,1,3400,-66,66,53,9.8,14,0.51,65952.000000,4,27,7.5,0.0,7200.000000,0,0.0,0.0,0.0,1.0
94121,0,1,3400,-66,66,54,14,14,1.5,100384.000000,12,27,8.0,0.0,0.0,0.0,0.0,0.0,0.0,1.0
94370,0,1,3400,-66,66,55,10,14,0.52,72320.000000,0,27,7.4,0.0,38080.000000,0,0.0,0.0,0.0,1.0
94619,0,1,3400,-66,66,55,9.9,15,0.50,57760.000000,0,27,6.9,0.0,7200.000000,0,0.0,0.0,0.0,1.0
94868,0,1,3400,-66,66,60,11,15,0.50,71775.101562,0,27,10,0.0,0.0,0.0,0.0,0.0,0.0,1.0
95117,0,1,3400,-66,66,55,11,14,0.50,81600.000000,0,27,9.9,0.0,22400.000000,0,0.0,0.0,0.0,1.0
95366,0,1,3400,-66,66,53,11,15,0.50,54400.000000,0,27,8.5,0.0,0.0,0.0,0.0,0.0,0.0,1.0
95615,0,1,3400,-66,66,57,14,15,0.91,107456.000000,0,27,8.5,0.0,0.0,0.0,0.0,0.0,0.0,1.0
95864,0,1,3400,-66,66,56,11,15,0.50,41568.000000,0,27,8.5,0.0,0.0,0.0,0.0,0.0,0.0,1.0
96113,0,1,3400,-66,66,55,12,15,0.50,72576.000000,0,27,9.2,0.0,31328.000000,0,0.0,0.0,0.0,1.0
96362,0,1,3400,-66,66,55,14,14,0.65,117856.000000,0,27,9.1,0.0,4256.000000,0,0.0,0.0,0.0,1.0
96611,0,1,3400,-67,67,53,10,14,0.50,59392.000000,0,27,8.0,0.0,0.0,0.0,0.0,0.0,0.0,1.0
96860,0,1,3400,-66,66,53,11,14,0.53,113280.000000,0,27,8.0,0.0,0.0,0.0,0.0,0.0,0.0,1.0
97109,0,1,3400,-66,66,58,17,14,1.6,98816.000000,17,27,8.0,0.0,0.0,0.0,0.0,0.0,0.0,1.0
97358,0,1,3400,-66,66,60,11,14,0.50,80192.000000,0,27,8.5,0.0,33184.000000,0,0.0,0.0,0.0,1.0
97607,0,1,3400,-66,66,59,11,15,0.50,80768.000000,0,27,8.5,0.0,0.0,0.0,0.0,0.0,0.0,1.0
97856,0,1,3400,-66,66,58,10,15,0.50,58528.000000,0,27,8.5,0.0,0.0,0.0,0.0,0.0,0.0,1.0
98105,0,1,3400,-66,66,52,11,15,0.50,79552.000000,0,27,10,0.0,54784.000000,22,0.0,0.0,0.0,1.0
98354,0,1,3400,-66,66,53,9.0,15,0.50,42496.000000,0,27,15,0.0,0.0,0.0,0.0,1.0,0.0,1.0
98603,0,1,3400,-66,66,53,11,15,0.51,66400.000000,0,27,15,0.0,0.0,0.0,0.0,0.0,0.0,1.0
98852,0,1,3400,-66,66,53,8.9,15,0.50,64704.000000,0,27,15,0.0,0.0,0.0,0.0,0.0,0.0,1.0
99101,0,1,3400,-65,65,57,9.1,15,0.50,52992.000000,0,27,13,0.0,66496.000000,0,0.0,0.0,0.0,1.0
99350,0,1,3400,-65,65,59,11,15,0.57,57504.000000,5,27,11,0.0,0.0,0.0,0.0,0.0,0.0,1.0
99599,0,1,3400,-65,65,58,18,16,1.3,132992.000000,10,27,11,0.0,0.0,0.0,0.0,0.0,0.0,1.0
99848,0,1,3400,-65,65,58,13,16,1.1,53418.328125,0,27,11,0.0,0.0,0.0,0.0,0.0,0.0,1.0
100097,0,1,3400,-65,65,65,13,16,0.52,74688.000000,0,27,11,55,0.0,50,0.0,0.0,0.0,1.0
100346,0,1,3400,-65,65,61,13,16,0.50,58912.000000,0,27,16,0.0,43040.000000,0,0.0,0.0,0.0,1.0
100595,0,1,3400,-65,65,57,12,16,0.51,78016.000000,0,27,17,0.0,0.0,0.0,0.0,0.0,0.0,1.0
100844,0,1,3400,-65,65,58,16,16,1.3,83328.000000,11,27,17,0.0,20640.000000,33,0.0,0.0,0.0,1.0
101093,0,1,3400,-64,64,59,10,16,0.60,54272.000000,0,27,17,0.0,0.0,0.0,0.0,0.0,0.0,1.0
101342,0,1,3400,-64,64,58,8.2,16,0.58,94168.671875,0,27,5.8,0.0,39228.914062,0,0.0,0.0,0.0,1.0
101591,0,1,3400,-64,64,56,6.1,17,0.51,39200.000000,0,27,4.0,0.0,0.0,0.0,0.0,0.0,0.0,1.0
101840,0,1,3400,-64,64,60,8.9,17,0.50,56160.000000,0,27,4.0,0.0,0.0,0.0,0.0,0.0,0.0,1.0
102089,0,1,3400,-64,64,58,15,16,0.59,121792.000000,0,27,5.7,0.0,93184.000000,30,0.0,0.0,0.0,1.0
102338,0,1,3400,-64,64,58,12,16,0.53,76224.000000,0,27,9.0,0.0,0.0,0.0,0.0,0.0,0.0,1.0
102587,0,1,3400,-65,65,57,7.5,16,0.51,63232.000000,0,27,9.0,0.0,0.0,0.0,0.0,0.0,0.0,1.0
102836,0,1,3400,-65,65,58,1.4,16,0.50,26336.000000,0,27,7.3,0.0,2592.000000,0,0.0,0.0,0.0,1.0
103085,0,1,3400,-65,65,64,14,15,1.2,86560.000000,8,27,5.6,0.0,0.0,0.0,0.0,0.0,0.0,1.0
103334,0,1,3400,-65,65,62,7.8,15,0.50,77792.000000,0,27,7.7,0.0,125984.000000,0,0.0,0.0,0.0,1.0
103583,0,1,3400,-65,65,58,14,16,1.1,73600.000000,11,27,8.9,0.0,0.0,0.0,0.0,0.0,0.0,1.0
103832,0,1,3400,-65,65,54,19,16,1.00,148960.000000,4,27,9.0,0.0,0.0,0.0,0.0,0.0,0.0,1.0
104081,0,1,3400,-65,65,54,25,16,1.5,169696.000000,10,27,5.2,0.0,24608.000000,0,0.0,0.0,0.0,1.0
104330,0,1,3400,-65,65,56,19,16,1.3,181536.000000,14,27,3.0,0.0,0.0,0.0,0.0,0.0,0.0,1.0
104579,0,1,3400,-65,65,59,16,15,0.87,148320.000000,4,27,3.0,0.0,0.0,0.0,0.0,0.0,0.0,1.0
104828,0,1,3400,-65,65,57,11,16,0.58,90144.000000,0,27,3.4,0.0,9376.000000,0,0.0,0.0,0.0,1.0
105077,0,1,3400,-65,65,62,7.9,16,0.50,79712.000000,0,27,4.5,363,7200.000000,0,0.0,0.0,0.0,1.0
105326,0,1,3400,-65,65,62,13,16,0.52,81184.000000,0,27,8.7,0.0,71872.000000,37,0.0,0.0,0.0,1.0
105575,0,1,3400,-65,65,59,13,16,0.53,100512.000000,0,27,9.0,0.0,0.0,0.0,0.0,0.0,0.0,1.0
105824,0,1,3400,-65,65,57,15,16,0.99,109568.000000,4,27,9.0,0.0,0.0,0.0,0.0,0.0,0.0,1.0
106073,0,1,3400,-65,65,57,7.4,16,0.52,92576.000000,0,27,8.8,377,2592.000000,0,0.0,0.0,0.0,1.0
106322,0,1,3400,-65,65,57,8.3,16,0.57,56988.046875,0,27,6.1,0.0,49944.222656,0,0.0,0.0,0.0,1.0
106571,0,1,3400,-65,65,59,8.9,16,0.54,48192.000000,0,27,6.5,0.0,0.0,0.0,0.0,0.0,0.0,1.0
106820,0,1,3400,-65,65,58,16,16,0.59,149696.000000,0,27,6.5,0.0,0.0,0.0,0.0,0.0,0.0,1.0
107069,0,1,3400,-65,65,60,9.0,16,1.1,68096.000000,8,27,7.3,0.0,62624.000000,0,0.0,0.0,0.0,1.0
107318,0,1,3400,-65,65,62,9.2,16,0.64,65728.000000,0,27,12,0.0,0.0,0.0,0.0,0.0,0.0,1.0
107567,0,1,3400,-65,65,62,14,16,0.91,127808.000000,3,27,12,0.0,0.0,0.0,0.0,0.0,0.0,1.0
107816,0,1,3400,-65,65,65,14,16,1.7,74176.000000,21,27,12,0.0,0.0,0.0,0.0,0.0,0.0,1.0
108065,0,1,3400,-65,65,65,12,16,0.98,75662.648438,8,27,12,215,11983.935547,0,0.0,0.0,0.0,1.0
108314,0,1,3400,-65,65,64,11,16,0.90,133600.000000,3,27,10,0.0,30688.000000,0,0.0,0.0,0.0,1.0
108563,0,1,3400,-65,65,62,16,16,0.71,140512.000000,0,27,10,0.0,0.0,0.0,0.0,0.0,0.0,1.0
108812,0,1,3400,-65,65,56,14,16,0.50,89856.000000,0,27,10,0.0,0.0,0.0,0.0,0.0,0.0,1.0
109061,0,1,3400,-65,65,53,24,16,1.7,132832.000000,25,27,10,0.0,0.0,0.0,0.0,0.0,0.0,1.0
109310,0,1,3400,-65,65,55,16,16,0.81,101472.000000,0,27,10,0.0,39648.000000,12,0.0,0.0,0.0,1.0
109559,0,1,3400,-65,65,56,16,16,0.71,125792.000000,4,27,12,0.0,27712.000000,60,0.0,0.0,0.0,1.0
109808,0,1,3400,-65,65,52,15,16,0.98,69280.000000,11,27,13,0.0,20640.000000,33,0.0,0.0,0.0,1.0
110057,0,1,3400,-65,65,50,0.45,16,0.56,9504.000000,0,27,17,0.0,0.0,0.0,0.0,0.0,0.0,1.0
110306,0,1,3400,-65,65,47,9.5,15,0.56,63616.000000,0,27,17,0.0,0.0,0.0,0.0,0.0,0.0,1.0
110555,0,1,3400,-66,66,51,15,15,1.2,83904.000000,25,27,3.6,0.0,34240.000000,0,0.0,0.0,0.0,1.0
110804,0,1,3400,-66,66,58,11,15,0.53,74816.000000,0,27,2.0,0.0,0.0,0.0,0.0,0.0,0.0,1.0
111053,0,1,3400,-66,66,67,14,15,0.80,96416.000000,8,27,3.9,0.0,94144.000000,0,0.0,0.0,0.0,1.0
111302,0,1,3400,-66,66,65,9.9,15,0.54,47200.000000,0,27,6.0,0.0,0.0,0.0,0.0,0.0,0.0,1.0
111551,0,1,3400,-66,66,62,12,15,0.59,106816.000000,0,27,5.8,0.0,0.0,0.0,0.0,0.0,0.0,1.0
111800,0,1,3400,-66,66,60,10,15,0.54,66240.000000,0,27,5.9,0.0,0.0,0.0,0.0,0.0,0.0,1.0
112049,0,1,3400,-65,65,60,13,15,0.76,119872.000000,4,27,4.7,0.0,27360.000000,0,0.0,0.0,0.0,1.0
112298,0,1,3400,-65,65,54,7.9,16,0.57,41120.000000,0,27,4.2,0.0,6976.000000,0,0.0,0.0,0.0,1.0
112547,0,1,3400,-65,65,49,10,16,0.51,97024.000000,0,27,4.5,0.0,0.0,0.0,0.0,0.0,0.0,1.0
112796,0,1,3400,-65,65,53,9.4,16,0.97,62247.011719,3,27,6.9,0.0,11888.446289,0,0.0,0.0,0.0,1.0
113045,0,1,3400,-65,65,54,10,15,0.91,71968.000000,12,27,9.5,0.0,0.0,0.0,0.0,0.0,0.0,1.0
113294,0,1,3400,-65,65,55,11,16,0.58,69952.000000,0,27,9.8,0.0,31328.000000,0,0.0,0.0,0.0,1.0
113543,0,1,3400,-65,65,55,15,15,1.0,94880.000000,7,27,10,0.0,0.0,0.0,0.0,0.0,0.0,1.0
113792,0,1,3400,-65,65,54,17,15,0.79,109760.000000,4,27,12,0.0,20640.000000,0,0.0,0.0,0.0,1.0
114041,0,1,3400,-65,65,60,11,15,0.50,62425.703125,0,27,15,0.0,36594.378906,0,0.0,0.0,0.0,1.0
114290,0,1,3400,-65,65,62,18,15,2.1,106528.000000,24,27,10,0.0,0.0,0.0,0.0,0.0,0.0,1.0
114539,0,1,3400,-65,65,56,10.0,15,0.92,55904.000000,6,27,10,0.0,0.0,0.0,0.0,0.0,0.0,1.0
114788,0,1,3400,-65,65,56,12,15,0.50,71808.000000,0,27,8.3,0.0,1568.000000,0,0.0,0.0,0.0,1.0
115037,0,1,3400,-65,65,59,15,15,0.88,89952.000000,5,27,9.1,0.0,36832.000000,0,0.0,0.0,0.0,1.0
115286,0,1,3400,-65,65,60,12,15,1.1,51424.000000,15,27,7.0,0.0,4256.000000,0,0.0,0.0,0.0,1.0
115535,0,1,3400,-65,65,58,17,15,1.4,106464.000000,16,27,3.9,0.0,0.0,0.0,0.0,0.0,0.0,1.0
115784,0,1,3400,-65,65,53,13,15,0.89,76960.000000,7,27,4.0,0.0,0.0,0.0,0.0,0.0,0.0,1.0
116033,0,1,3400,-65,65,58,18,15,0.97,116096.000000,0,27,4.2,0.0,45952.000000,5,0.0,0.0,0.0,1.0
116282,0,1,3400,-65,65,63,15,15,0.60,82784.000000,0,27,2.0,0.0,0.0,0.0,0.0,0.0,0.0,1.0
116531,0,1,3400,-65,65,64,9.8,15,0.50,69952.000000,0,27,2.0,0.0,0.0,0.0,0.0,0.0,0.0,1.0
116780,0,1,3400,-65,65,63,8.7,15,0.50,45152.000000,0,27,2.0,0.0,0.0,0.0,0.0,0.0,0.0,1.0
117029,0,1,3400,-65,65,63,16,15,1.7,82304.000000,29,27,3.2,0.0,35072.000000,0,0.0,0.0,0.0,1.0
117278,0,1,3400,-65,65,65,15,15,0.81,48288.000000,5,27,4.0,0.0,0.0,0.0,0.0,0.0,0.0,1.0
117527,0,1,3400,-65,65,61,13,15,1.4,50240.000000,14,27,3.7,0.0,1568.000000,0,0.0,0.0,0.0,1.0
117776,0,1,3400,-65,65,51,14,15,0.84,135936.000000,3,27,2.0,0.0,0.0,0.0,0.0,0.0,0.0,1.0
118025,0,1,3400,-65,65,47,17,15,1.5,106336.000000,15,27,2.0,0.0,0.0,0.0,0.0,0.0,0.0,1.0
118274,0,1,3400,-65,65,50,14,15,0.92,69632.000000,9,27,4.2,0.0,26720.000000,0,0.0,0.0,0.0,1.0
118523,0,1,3400,-65,65,52,17,15,0.63,81728.000000,0,27,13,0.0,0.0,0.0,0.0,0.0,0.0,1.0
118772,0,1,3400,-65,65,55,8.9,15,0.50,72672.000000,0,27,13,0.0,0.0,0.0,0.0,0.0,0.0,1.0
119021,0,1,3400,-65,65,55,8.1,15,0.50,60928.000000,0,27,13,0.0,36416.000000,0,0.0,0.0,0.0,1.0
119270,0,1,3400,-65,65,52,12,15,0.50,70342.632812,0,27,12,0.0,0.0,0.0,0.0,0.0,0.0,1.0
119519,0,1,3400,-66,66,53,13,15,0.52,87680.000000,0,27,12,0.0,0.0,0.0,0.0,0.0,0.0,1.0
119768,0,1,3400,-66,66,53,9.8,15,0.50,69856.000000,0,27,12,0.0,0.0,0.0,0.0,0.0,0.0,1.0
120017,0,1,3400,-65,65,52,11,15,0.63,132369.484375,0,27,13,0.0,60273.093750,0,0.0,0.0,0.0,1.0
120266,0,1,3400,-65,65,51,17,16,1.4,76224.000000,25,27,14,0.0,15520.000000,0,0.0,0.0,0.0,1.0
120515,0,1,3400,-65,65,54,13,16,0.50,92015.937500,0,27,14,0.0,0.0,0.0,0.0,0.0,0.0,1.0
120764,0,1,3400,-65,65,56,14,16,0.51,94714.859375,0,27,14,0.0,0.0,0.0,0.0,0.0,0.0,1.0
121013,0,1,3400,-65,65,59,14,16,0.66,114976.000000,0,27,12,0.0,40160.000000,17,0.0,0.0,0.0,1.0
121262,0,1,3400,-65,65,67,14,16,0.65,82752.000000,8,27,9.5,0.0,0.0,0.0,0.0,0.0,0.0,1.0
121511,0,1,3400,-65,65,67,19,16,1.9,77376.000000,25,27,11,0.0,7200.000000,0,0.0,0.0,0.0,1.0
121760,0,1,3400,-65,65,60,18,17,0.75,176128.000000,0,27,12,0.0,0.0,0.0,0.0,0.0,0.0,1.0
122009,0,1,3400,-65,65,53,13,17,0.50,91584.000000,0,27,12,103,15520.000000,0,0.0,0.0,0.0,1.0
122258,0,1,3400,-65,65,49,4.1,16,0.50,18176.000000,0,27,8.6,0.0,86912.000000,13,0.0,0.0,0.0,1.0
122507,0,1,3400,-65,65,44,12,16,0.59,56640.000000,0,27,9.0,0.0,0.0,0.0,0.0,0.0,0.0,1.0
122756,0,1,3400,-65,65,44,12,16,0.55,99680.000000,0,27,5.3,0.0,1568.000000,0,0.0,0.0,0.0,1.0
123005,0,1,3400,-65,65,49,14,16,0.52,87328.000000,0,27,3.6,0.0,30368.000000,0,0.0,0.0,0.0,1.0
123254,0,1,3400,-65,65,58,5.6,16,0.50,42496.000000,0,27,2.0,0.0,0.0,0.0,0.0,0.0,0.0,1.0
123503,0,1,3400,-66,66,56,14,16,0.62,153632.000000,0,27,1.9,0.0,0.0,0.0,0.0,0.0,0.0,1.0
123752,0,1,3400,-66,66,58,12,15,0.50,86944.000000,0,27,1.9,0.0,1568.000000,0,0.0,0.0,0.0,1.0
124001,0,1,3400,-66,66,56,17,15,1.3,105440.000000,21,27,7.2,0.0,50336.000000,0,0.0,0.0,0.0,1.0
124250,0,1,3400,-66,66,55,17,15,1.6,58688.000000,25,27,9.9,0.0,0.0,0.0,0.0,0.0,0.0,1.0
124499,0,1,3400,-66,66,52,19,15,2.0,76832.000000,56,27,9.9,0.0,0.0,0.0,0.0,0.0,0.0,1.0
124748,0,1,3400,-66,66,48,12,14,0.67,67200.000000,8,27,9.9,0.0,0.0,0.0,0.0,0.0,0.0,1.0
124997,0,1,3400,-66,66,48,12,14,1.8,31328.000000,43,27,15,0.0,0.0,80,0.0,0.0,0.0,1.0
125246,0,1,3400,-66,66,53,6.6,14,1.1,18016.000000,23,27,15,0.0,0.0,0.0,0.0,0.0,0.0,1.0
125495,0,1,3400,-67,67,54,18,14,2.0,123968.000000,28,27,15,581,0.0,0.0,0.0,0.0,0.0,1.0
125744,0,1,3400,-66,66,59,9.4,14,0.50,69408.000000,0,27,9.9,0.0,102752.000000,8,0.0,0.0,0.0,1.0
125993,0,1,3400,-66,66,60,11,14,0.76,80956.171875,8,27,8.8,85,8478.087891,0,0.0,0.0,0.0,1.0
126242,0,1,3400,-66,66,60,13,14,0.83,96160.000000,0,27,0.32,0.0,26272.000000,0,0.0,0.0,0.0,1.0
126491,0,1,3400,-66,66,63,12,14,0.54,68864.000000,0,27,0.048,0.0,0.0,0.0,0.0,1.0,0.0,1.0
126740,0,1,3400,-66,66,68,15,14,1.2,102272.000000,15,27,0.016,0.0,0.0,0.0,0.0,0.0,0.0,1.0
126989,0,1,3400,-66,66,65,17,14,1.0,109815.257812,0,27,10,0.0,156979.921875,35,0.0,0.0,0.0,1.0
127238,0,1,3400,-66,66,58,12,14,0.50,51792.828125,0,27,16,0.0,0.0,0.0,0.0,0.0,0.0,1.0
127487,0,1,3400,-66,66,56,15,14,1.3,98088.351562,24,27,16,0.0,0.0,0.0,0.0,0.0,0.0,1.0
127736,0,1,3400,-66,66,55,23,14,3.0,79936.000000,39,27,16,0.0,0.0,0.0,0.0,0.0,0.0,1.0
127985,0,1,3400,-66,66,53,7.1,14,0.53,35552.000000,0,27,16,0.0,9376.000000,0,0.0,0.0,0.0,1.0
128234,0,1,3400,-66,66,52,8.5,13,0.78,70208.000000,9,27,12,0.0,41664.000000,0,0.0,0.0,0.0,1.0
128483,0,1,3400,-67,67,52,17,13,1.8,90112.000000,14,27,8.9,0.0,38976.000000,0,0.0,0.0,0.0,1.0
128732,0,1,3400,-67,67,56,9.5,13,0.51,61024.000000,0,27,9.0,0.0,0.0,0.0,0.0,0.0,0.0,1.0
128981,0,1,3400,-67,67,53,7.4,13,0.50,41312.000000,0,27,9.0,581,0.0,0.0,0.0,0.0,0.0,1.0
129230,0,1,3400,-67,67,53,18,13,2.2,32576.000000,58,27,10.0,0.0,40064.000000,12,0.0,0.0,0.0,1.0
129479,0,1,3400,-68,68,57,12,13,0.92,34048.000000,7,27,10,0.0,0.0,0.0,0.0,0.0,0.0,1.0
129728,0,1,3400,-68,68,59,9.3,13,0.50,55584.000000,0,27,10,0.0,0.0,0.0,0.0,0.0,0.0,1.0
129977,0,1,3400,-68,68,55,6.0,13,0.68,42656.000000,11,27,10,0.0,34912.000000,0,0.0,0.0,0.0,1.0
130226,0,1,3400,-68,68,54,10.0,13,0.50,68000.000000,0,27,10,0.0,0.0,0.0,0.0,0.0,0.0,1.0
130475,0,1,3400,-68,68,57,6.2,13,0.68,59904.000000,3,27,10,0.0,0.0,0.0,0.0,0.0,0.0,1.0
130724,0,1,3400,-68,68,56,11,13,0.50,72960.000000,0,27,10,0.0,0.0,0.0,0.0,0.0,0.0,1.0
130973,0,1,3400,-68,68,59,10,13,0.50,74656.000000,0,27,11,0.0,31328.000000,0,0.0,0.0,0.0,1.0
131222,0,1,3400,-68,68,65,9.8,13,0.50,65568.000000,0,27,10,0.0,0.0,0.0,0.0,0.0,0.0,1.0
131471,0,1,3400,-68,68,62,8.4,14,0.50,56480.000000,0,27,10,0.0,0.0,0.0,0.0,0.0,0.0,1.0
131720,0,1,3400,-68,68,56,13,13,1.2,43008.000000,10,27,10,0.0,0.0,0.0,0.0,0.0,0.0,1.0
131969,0,1,3400,-68,68,58,9.3,14,0.76,73344.000000,0,27,10,539,1568.000000,0,0.0,0.0,0.0,1.0
132218,0,1,3400,-68,68,60,11,14,0.52,66048.000000,0,27,12,0.0,114624.000000,0,0.0,0.0,0.0,1.0
132467,0,1,3400,-68,68,51,12,14,0.67,48127.488281,0,27,12,0.0,0.0,0.0,0.0,0.0,0.0,1.0
132716,0,1,3400,-67,67,49,6.3,14,0.50,46016.000000,0,27,12,0.0,0.0,0.0,0.0,0.0,0.0,1.0
132965,0,1,3400,-67,67,52,18,14,1.6,82048.000000,26,27,12,0.0,0.0,0.0,0.0,0.0,0.0,1.0
133214,0,1,3400,-67,67,51,7.9,15,0.61,48704.000000,0,27,13,0.0,69920.000000,0,0.0,0.0,0.0,1.0
133463,0,1,3400,-67,67,53,11,15,0.50,66016.000000,0,27,14,0.0,0.0,0.0,0.0,0.0,0.0,1.0
133712,0,1,3400,-66,66,57,13,15,0.74,66570.281250,8,27,14,0.0,0.0,0.0,0.0,0.0,0.0,1.0
133961,0,1,3400,-66,66,54,13,16,0.80,117120.000000,0,27,13,0.0,125664.000000,19,0.0,0.0,0.0,1.0
134210,0,1,3400,-66,66,52,12,16,0.50,90816.000000,0,27,12,0.0,0.0,0.0,0.0,0.0,0.0,1.0
134459,0,1,3400,-66,66,51,12,16,0.50,99648.000000,0,27,12,0.0,0.0,80,0.0,0.0,0.0,1.0
134708,0,1,3400,-66,66,50,21,16,1.8,93088.000000,24,27,12,0.0,0.0,0.0,0.0,0.0,0.0,1.0
134957,0,1,3400,-66,66,56,16,16,1.2,90112.000000,4,27,12,539,1568.000000,0,0.0,0.0,0.0,1.0
135206,0,1,3400,-66,66,62,12,16,0.51,102784.000000,0,27,11,0.0,108416.000000,30,0.0,0.0,0.0,1.0
135455,0,1,3400,-66,66,64,15,15,0.94,103776.000000,13,27,12,0.0,0.0,0.0,0.0,0.0,0.0,1.0
135704,0,1,3400,-66,66,64,12,15,0.50,85408.000000,0,27,10,0.0,1568.000000,0,0.0,0.0,0.0,1.0
135953,0,1,3400,-65,65,59,12,16,0.50,67072.000000,0,27,6.9,0.0,71136.000000,0,0.0,0.0,0.0,1.0
136202,0,1,3400,-65,65,53,16,16,0.68,103392.000000,0,27,15,0.0,11936.000000,60,0.0,0.0,0.0,1.0
136451,0,1,3400,-65,65,47,15,16,0.58,120192.000000,0,27,14,0.0,0.0,0.0,0.0,0.0,0.0,1.0
136700,0,1,3400,-65,65,52,18,16,0.71,206720.000000,0,27,14,0.0,11936.000000,0,0.0,0.0,0.0,1.0
136949,0,1,3400,-65,65,61,14,16,0.53,126624.000000,0,27,12,0.0,28768.000000,14,0.0,0.0,0.0,1.0
137198,0,1,3400,-65,65,62,11,15,0.50,98912.000000,0,27,10,0.0,0.0,0.0,0.0,0.0,0.0,1.0
137447,0,1,3400,-65,65,60,16,15,0.70,131168.000000,0,27,8.4,0.0,1568.000000,0,0.0,0.0,0.0,1.0
137696,0,1,3400,-65,65,60,17,15,0.73,127680.000000,0,27,6.0,0.0,0.0,0.0,0.0,0.0,0.0,1.0
137945,0,1,3400,-65,65,65,13,15,0.57,106688.000000,0,27,6.6,0.0,130560.000000,4,0.0,0.0,0.0,1.0
138194,0,1,3400,-65,65,64,17,14,0.70,84032.000000,0,27,9.4,0.0,0.0,0.0,0.0,0.0,0.0,1.0
138443,0,1,3400,-66,66,61,18,14,0.81,168640.000000,0,27,9.4,0.0,0.0,0.0,0.0,0.0,0.0,1.0
138692,0,1,3400,-66,66,64,14,14,0.75,91424.000000,4,27,9.4,0.0,0.0,0.0,0.0,0.0,0.0,1.0
138941,0,1,3400,-65,65,59,17,14,1.6,81721.117188,26,27,9.4,0.0,0.0,0.0,0.0,0.0,0.0,1.0
139190,0,1,3400,-65,65,57,12,14,0.62,117120.000000,0,27,7.9,0.0,22464.000000,0,0.0,0.0,0.0,1.0
139439,0,1,3400,-65,65,62,9.3,15,0.62,82688.000000,4,27,0.99,0.0,0.0,0.0,0.0,0.0,0.0,1.0
139688,0,1,3400,-65,65,58,12,14,0.82,87616.000000,7,27,1.0,0.0,0.0,0.0,0.0,0.0,0.0,1.0
139937,0,1,3400,-65,65,57,12,14,0.94,95325.304688,4,27,0.88,0.0,31068.273438,12,0.0,0.0,0.0,1.0
140186,0,1,3400,-65,65,60,17,14,1.3,148896.000000,11,27,0.0,0.0,0.0,0.0,0.0,0.0,0.0,1.0
140435,0,1,3400,-66,66,62,19,14,1.6,128288.000000,17,27,0.0,0.0,1568.000000,0,0.0,0.0,0.0,1.0
140684,0,1,3400,-66,66,60,8.8,13,0.88,69536.000000,17,27,0.0,0.0,0.0,0.0,0.0,0.0,0.0,1.0
140933,0,1,3400,-66,66,57,11,13,1.4,49024.000000,0,27,0.0,0.0,0.0,0.0,0.0,0.0,0.0,1.0
141182,0,1,3400,-66,66,57,9.3,13,0.50,62208.000000,0,27,1.6,0.0,92832.000000,19,0.0,0.0,0.0,1.0
141431,0,1,3400,-67,67,63,7.2,13,0.50,58176.000000,0,27,8.0,0.0,0.0,0.0,0.0,0.0,0.0,1.0
141680,0,1,3400,-66,66,64,8.7,13,0.50,56864.000000,0,27,7.2,0.0,4256.000000,0,0.0,0.0,0.0,1.0
141929,0,1,3400,-66,66,62,12,13,1.1,42432.000000,22,27,6.4,0.0,0.0,0.0,0.0,0.0,0.0,1.0
142178,0,1,3400,-66,66,62,13,14,1.2,91552.000000,12,27,6.5,0.0,0.0,0.0,0.0,0.0,0.0,1.0
142427,0,1,3400,-66,66,56,8.3,14,0.51,47904.000000,0,27,4.5,0.0,896,0,0.0,0.0,0.0,1.0
142676,0,1,3400,-66,66,50,12,15,0.55,113696.000000,0,27,4.0,0.0,103968.000000,16,0.0,0.0,0.0,1.0
142925,0,1,3400,-65,65,46,16,15,1.4,52832.000000,29,27,7.0,0.0,0.0,0.0,0.0,0.0,0.0,1.0
143174,0,1,3400,-65,65,46,16,15,0.95,80064.000000,10,27,7.0,0.0,0.0,0.0,0.0,0.0,0.0,1.0
143423,0,1,3400,-65,65,46,20,16,1.4,104864.000000,26,27,7.0,0.0,64864.000000,0,0.0,0.0,0.0,1.0
143672,0,1,3400,-65,65,45,17,16,0.50,124608.000000,0,27,7.0,0.0,0.0,0.0,0.0,0.0,0.0,1.0
143921,0,1,3400,-64,64,46,12,17,0.50,94208.000000,0,27,6.3,0.0,90240.000000,3,0.0,0.0,0.0,1.0
144170,0,1,3400,-64,64,45,18,17,0.63,166816.000000,0,27,8.0,0.0,7200.000000,0,0.0,0.0,0.0,1.0
144419,0,1,3400,-64,64,44,13,17,0.72,110624.000000,6,27,8.0,0.0,0.0,0.0,0.0,0.0,0.0,1.0
144668,0,1,3400,-64,64,41,16,17,1.3,111712.000000,8,27,8.0,0.0,0.0,0.0,0.0,0.0,0.0,1.0
144917,0,1,3400,-64,64,39,24,17,2.4,151520.000000,37,27,7.9,0.0,0.0,0.0,0.0,0.0,0.0,1.0
145166,0,1,3400,-64,64,40,20,18,1.2,135296.000000,8,27,9.6,0.0,26592.000000,0,0.0,0.0,0.0,1.0
145415,0,1,3400,-64,64,41,13,17,0.50,98932.273438,0,27,10,0.0,0.0,0.0,0.0,0.0,0.0,1.0
145664,0,1,3400,-64,64,44,13,17,0.80,159264.000000,0,27,10,0.0,0.0,0.0,0.0,0.0,0.0,1.0
145913,0,1,3400,-64,64,43,19,17,1.2,208672.000000,3,27,3.7,0.0,63136.000000,2,0.0,0.0,0.0,1.0
146162,0,1,3400,-64,64,49,14,17,0.57,138976.000000,0,27,0.0,0.0,0.0,0.0,0.0,0.0,0.0,1.0
146411,0,1,3400,-65,65,50,14,17,0.77,133429.718750,0,27,0.0,0.0,0.0,0.0,0.0,0.0,0.0,1.0
146660,0,1,3400,-65,65,46,15,17,0.50,86848.000000,0,27,1.6,0.0,4256.000000,0,0.0,0.0,0.0,1.0
146909,0,1,3400,-65,65,44,22,16,1.2,140416.000000,13,27,3.8,0.0,46720.000000,0,0.0,0.0,0.0,1.0
147158,0,1,3400,-65,65,42,9.1,16,0.52,44384.000000,0,27,4.0,0.0,0.0,0.0,0.0,0.0,0.0,1.0
147407,0,1,3400,-66,66,46,11,15,0.50,61760.000000,0,27,4.0,0.0,0.0,0.0,0.0,0.0,0.0,1.0
147656,0,1,3400,-66,66,43,7.9,15,0.89,32352.000000,7,27,4.2,0.0,7200.000000,33,0.0,0.0,0.0,1.0
147905,0,1,3400,-66,66,44,10,15,0.57,66560.000000,0,27,5.4,0.0,0.0,0.0,0.0,0.0,0.0,1.0
148154,0,1,3400,-66,66,45,8.3,15,0.50,44960.000000,0,27,4.1,0.0,27200.000000,0,0.0,0.0,0.0,1.0
148403,0,1,3400,-66,66,44,3.9,15,0.50,28832.000000,0,27,3.0,0.0,0.0,0.0,0.0,0.0,0.0,1.0
148652,0,1,3400,-66,66,46,11,14,0.50,80320.000000,0,27,3.0,0.0,0.0,0.0,0.0,0.0,0.0,1.0
148901,0,1,3400,-66,66,50,9.7,15,0.50,93664.000000,0,27,2.6,0.0,39392.000000,0,0.0,0.0,0.0,1.0
149150,0,1,3400,-66,66,49,12,14,0.50,102624.000000,0,27,0.0,0.0,0.0,0.0,0.0,0.0,0.0,1.0
149399,0,1,3400,-66,66,56,20,14,2.3,33376.000000,61,27,0.0,0.0,0.0,0.0,0.0,0.0,0.0,1.0
149648,0,1,3400,-66,66,62,17,14,1.9,124832.000000,23,27,0.0,0.0,0.0,0.0,0.0,0.0,0.0,1.0
149897,0,1,3400,-66,66,58,16,14,1.4,73952.000000,27,27,0.90,295,0.0,80,0.0,0.0,0.0,1.0
150146,0,1,3400,-66,66,54,11,14,0.51,73696.000000,0,27,6.6,0.0,11840.000000,36,0.0,0.0,0.0,1.0
150395,0,1,3400,-66,66,55,12,14,0.50,64544.000000,0,27,5.0,0.0,1568.000000,0,0.0,0.0,0.0,1.0
150644,0,1,3400,-66,66,55,6.6,14,0.50,42720.000000,0,27,4.5,0.0,0.0,0.0,0.0,0.0,0.0,1.0
150893,0,1,3400,-66,66,52,8.1,13,0.52,35744.000000,0,27,4.4,0.0,0.0,0.0,0.0,0.0,0.0,1.0
151142,0,1,3400,-66,66,54,6.4,14,0.58,36768.000000,4,27,3.0,0.0,21504.000000,0,0.0,0.0,0.0,1.0
151391,0,1,3400,-67,67,51,12,13,1.0,57184.000000,15,27,0.0,0.0,0.0,0.0,0.0,0.0,0.0,1.0
151640,0,1,3400,-67,67,48,14,13,1.5,41984.000000,12,27,0.64,0.0,4256.000000,0,0.0,0.0,0.0,1.0
151889,0,1,3400,-67,67,49,13,13,0.93,49248.000000,15,27,2.0,0.0,0.0,0.0,0.0,0.0,0.0,1.0
152138,0,1,3400,-67,67,50,11,13,0.66,94597.609375,0,27,1.9,0.0,17274.900391,0,0.0,0.0,0.0,1.0
152387,0,1,3400,-67,67,51,9.7,13,0.50,74464.000000,0,27,1.0,0.0,0.0,0.0,0.0,0.0,0.0,1.0
152636,0,1,3400,-67,67,51,4.9,13,0.50,32385.542969,0,27,1.0,0.0,0.0,0.0,0.0,0.0,0.0,1.0
152885,0,1,3400,-66,66,54,10,13,1.1,39840.636719,19,27,1.0,0.0,0.0,0.0,0.0,0.0,0.0,1.0
153134,0,1,3400,-66,66,52,18,14,1.7,133461.843750,10,27,0.99,581,0.0,0.0,0.0,0.0,0.0,1.0
153383,0,1,3400,-66,66,50,14,14,1.1,68320.000000,12,27,5.3,0.0,79872.000000,0,0.0,0.0,0.0,1.0
153632,0,1,3400,-66,66,50,11,14,0.92,44416.000000,8,27,9.9,0.0,0.0,0.0,0.0,0.0,0.0,1.0
153881,0,1,3400,-66,66,49,12,14,1.1,28992.000000,29,27,9.7,0.0,0.0,0.0,0.0,0.0,0.0,1.0
154130,0,1,3400,-66,66,50,17,15,2.0,41760.000000,21,27,9.9,0.0,0.0,0.0,0.0,0.0,0.0,1.0
154379,0,1,3400,-66,66,51,11,15,0.83,107008.000000,11,27,9.9,0.0,0.0,0.0,0.0,0.0,0.0,1.0
154628,0,1,3400,-66,66,50,13,15,0.81,91296.000000,6,27,9.5,0.0,33760.000000,8,0.0,0.0,0.0,1.0
154877,0,1,3400,-65,65,48,13,16,0.50,88128.000000,0,27,4.9,0.0,33216.000000,0,0.0,0.0,0.0,1.0
155126,0,1,3400,-65,65,48,14,15,1.2,58880.000000,30,27,4.0,0.0,0.0,0.0,0.0,0.0,0.0,1.0
155375,0,1,3400,-65,65,51,24,16,2.4,148448.000000,30,27,4.0,0.0,0.0,0.0,0.0,0.0,0.0,1.0
155624,0,1,3400,-65,65,55,14,16,0.74,66848.000000,0,27,4.0,0.0,0.0,0.0,0.0,0.0,0.0,1.0
155873,0,1,3400,-65,65,57,13,17,0.50,74656.000000,0,27,6.2,0.0,26592.000000,0,0.0,0.0,0.0,1.0
156122,0,1,3400,-65,65,54,14,16,0.96,55104.000000,14,27,10,0.0,0.0,0.0,0.0,0.0,0.0,1.0
156371,0,1,3400,-66,66,55,12,16,0.50,83392.000000,0,27,10,0.0,0.0,0.0,0.0,0.0,0.0,1.0
156620,0,1,3400,-66,66,56,13,16,0.52,110304.000000,3,27,10,0.0,0.0,0.0,0.0,0.0,0.0,1.0
156869,0,1,3400,-66,66,55,17,15,1.1,123488.000000,15,27,10,455,4256.000000,0,0.0,0.0,0.0,1.0
157118,0,1,3400,-66,66,54,13,16,0.58,64800.000000,0,27,6.7,0.0,58400.000000,21,0.0,0.0,0.0,1.0
157367,0,1,3400,-67,67,54,11,15,0.55,48160.000000,0,27,6.9,0.0,0.0,0.0,0.0,0.0,0.0,1.0
157616,0,1,3400,-67,67,55,11,14,0.53,71488.000000,0,27,7.0,0.0,0.0,0.0,0.0,0.0,0.0,1.0
157865,0,1,3400,-67,67,57,13,14,1.1,75520.000000,23,27,6.0,0.0,61952.000000,0,0.0,0.0,0.0,1.0
158114,0,1,3400,-67,67,56,21,14,2.5,60864.000000,40,27,4.5,0.0,0.0,0.0,0.0,0.0,0.0,1.0
158363,0,1,3400,-68,68,60,10,14,0.50,64608.000000,0,27,4.5,0.0,0.0,0.0,0.0,0.0,0.0,1.0
158612,0,1,3400,-68,68,65,15,14,1.4,106486.054688,22,27,4.5,0.0,0.0,0.0,0.0,0.0,0.0,1.0
158861,0,1,3400,-68,68,64,12,14,1.1,43680.000000,8,27,4.5,0.0,0.0,0.0,0.0,0.0,0.0,1.0
159110,0,1,3400,-68,68,59,14,13,1.0,97188.757812,5,27,3.5,0.0,29783.132812,0,0.0,0.0,0.0,1.0
159359,0,1,3400,-69,69,59,20,13,1.4,124896.000000,0,27,1.0,0.0,0.0,0.0,0.0,0.0,0.0,1.0
159608,0,1,3400,-69,69,61,8.3,13,0.75,29984.000000,8,27,1.0,0.0,0.0,0.0,0.0,0.0,0.0,1.0
159857,0,1,3400,-69,69,61,12,13,1.2,80640.000000,3,27,1.0,0.0,0.0,0.0,0.0,0.0,0.0,1.0
160106,0,1,3400,-69,69,57,15,13,1.0,69344.000000,14,27,1.0,0.0,0.0,0.0,0.0,0.0,0.0,1.0
160355,0,1,3400,-69,69,55,10,13,0.99,51680.000000,8,27,1.0,0.0,0.0,0.0,0.0,0.0,0.0,1.0
160604,0,1,3400,-69,69,56,15,13,0.90,102784.000000,8,27,1.0,581,0.0,0.0,0.0,0.0,0.0,1.0
160853,0,1,3400,-69,69,56,14,12,2.5,12832.000000,43,27,3.0,0.0,44096.000000,0,0.0,0.0,0.0,1.0
161102,0,1,3400,-69,69,60,12,13,1.8,65184.000000,19,27,3.0,0.0,0.0,0.0,0.0,0.0,0.0,1.0
161351,0,1,3400,-69,69,65,7.4,13,0.51,58048.000000,0,27,2.9,0.0,38528.000000,0,0.0,0.0,0.0,1.0
161600,0,1,3400,-69,69,64,8.5,12,0.54,52736.000000,0,27,3.0,0.0,0.0,0.0,0.0,0.0,0.0,1.0
161849,0,1,3400,-69,69,58,5.3,12,0.50,36704.000000,0,27,3.0,0.0,0.0,0.0,0.0,0.0,0.0,1.0
162098,0,1,3400,-69,69,51,19,12,1.9,139520.000000,26,27,3.0,0.0,0.0,0.0,0.0,0.0,0.0,1.0
162347,0,1,3400,-69,69,47,10,12,0.58,39872.000000,0,27,4.7,0.0,57696.000000,15,0.0,0.0,0.0,1.0
162596,0,1,3400,-69,69,54,5.5,12,0.50,28192.000000,0,27,5.0,0.0,0.0,0.0,0.0,0.0,0.0,1.0
162845,0,1,3400,-69,69,59,2.0,12,0.50,21312.000000,0,27,5.0,0.0,0.0,0.0,0.0,0.0,0.0,1.0
163094,0,1,3400,-69,69,59,7.0,12,1.1,18816.000000,25,27,5.0,0.0,0.0,0.0,0.0,0.0,0.0,1.0
163343,0,1,3400,-69,69,61,9.2,12,1.6,11168.000000,20,27,5.0,0.0,0.0,0.0,0.0,0.0,0.0,1.0
163592,0,1,3400,-69,69,64,4.9,12,0.50,35808.000000,0,27,5.0,0.0,0.0,0.0,0.0,0.0,0.0,1.0
163841,0,1,3400,-69,69,62,11,12,1.5,34656.000000,47,27,4.4,0.0,38048.000000,12,0.0,0.0,0.0,1.0
164090,0,1,3400,-69,69,58,20,12,2.8,28672.000000,60,27,2.0,0.0,0.0,0.0,0.0,0.0,0.0,1.0
164339,0,1,3400,-69,69,55,12,12,0.93,78784.000000,4,27,2.2,0.0,47552.000000,0,0.0,0.0,0.0,1.0
164588,0,1,3400,-69,69,56,15,12,1.7,82848.000000,28,27,3.0,0.0,0.0,0.0,0.0,0.0,0.0,1.0
164837,0,1,3400,-69,69,53,15,12,2.1,28896.000000,41,27,3.0,0.0,0.0,0.0,0.0,0.0,0.0,1.0
165086,0,1,3400,-69,69,54,10.0,12,0.70,57752.988281,10,27,1.9,0.0,29896.414062,8,0.0,0.0,0.0,1.0
165335,0,1,3400,-69,69,53,22,13,1.9,149952.000000,21,27,0.0,0.0,0.0,0.0,0.0,0.0,0.0,1.0
165584,0,1,3400,-69,69,52,12,12,1.5,40320.000000,33,27,0.0,0.0,0.0,0.0,0.0,0.0,0.0,1.0
165833,0,1,3400,-69,69,52,7.8,13,1.0,112449.796875,3,27,0.0,539,1574.297241,0,0.0,0.0,0.0,1.0
166082,0,1,3400,-69,69,56,1.4,13,0.70,8800.000000,14,27,5.4,0.0,45120.000000,0,0.0,0.0,0.0,1.0
166331,0,1,3400,-69,69,56,21,13,3.2,28128.000000,66,27,5.4,0.0,0.0,0.0,0.0,0.0,0.0,1.0
166580,0,1,3400,-69,69,55,7.5,13,0.76,53504.000000,10,27,5.5,0.0,0.0,0.0,0.0,0.0,0.0,1.0
166829,0,1,3400,-69,69,53,16,13,2.2,27776.000000,44,27,5.5,0.0,0.0,0.0,0.0,0.0,0.0,1.0
167078,0,1,3400,-69,69,49,26,13,3.7,30432.000000,86,27,5.5,0.0,0.0,0.0,0.0,0.0,0.0,1.0
167327,0,1,3400,-69,69,57,22,13,2.4,117664.000000,29,27,5.2,0.0,26560.000000,0,0.0,0.0,0.0,1.0
167576,0,1,3400,-69,69,63,8.3,13,0.60,54144.000000,0,27,1.0,0.0,0.0,0.0,0.0,0.0,0.0,1.0
167825,0,1,3400,-69,69,63,9.8,13,1.2,62048.000000,9,27,1.5,0.0,42176.000000,3,0.0,0.0,0.0,1.0
168074,0,1,3400,-69,69,66,9.0,13,0.54,47936.000000,0,27,3.7,0.0,3616.000000,33,0.0,0.0,0.0,1.0
168323,0,1,3400,-69,69,61,7.7,13,0.50,33056.000000,0,27,10,0.0,0.0,0.0,0.0,0.0,0.0,1.0
168572,0,1,3400,-69,69,59,9.2,13,0.64,73248.000000,0,27,10.0,0.0,0.0,0.0,0.0,0.0,0.0,1.0
168821,0,1,3400,-69,69,62,9.7,13,0.81,71840.000000,0,27,8.1,0.0,35264.000000,8,0.0,0.0,0.0,1.0
169070,0,1,3400,-69,69,62,7.6,13,0.58,61632.000000,0,27,0.0,0.0,0.0,0.0,0.0,0.0,0.0,1.0
169319,0,1,3400,-69,69,64,12,13,1.1,84800.000000,4,27,0.0,0.0,0.0,0.0,0.0,0.0,0.0,1.0
169568,0,1,3400,-69,69,65,11,14,0.83,73472.000000,3,27,0.0,0.0,0.0,0.0,0.0,0.0,0.0,1.0
169817,0,1,3400,-69,69,65,20,13,2.8,41824.000000,68,27,0.0,0.0,0.0,0.0,0.0,0.0,0.0,1.0
170066,0,1,3400,-69,69,61,20,13,3.0,41152.000000,52,27,0.0080,0.0,0.0,0.0,0.0,0.0,0.0,1.0
170315,0,1,3400,-70,70,60,10,13,0.50,69184.000000,0,27,1.6,0.0,49792.000000,0,0.0,0.0,0.0,1.0
170564,0,1,3400,-70,70,67,8.3,12,1.5,5984.000000,35,27,4.0,0.0,0.0,0.0,0.0,0.0,0.0,1.0
170813,0,1,3400,-70,70,66,12,12,1.5,55648.000000,11,27,4.0,0.0,0.0,0.0,0.0,0.0,0.0,1.0
171062,0,1,3400,-70,70,61,7.9,11,0.86,42112.000000,9,27,3.0,0.0,32512.000000,8,0.0,0.0,0.0,1.0
171311,0,1,3400,-70,70,59,9.6,12,0.98,41984.000000,19,27,2.0,0.0,0.0,0.0,0.0,0.0,0.0,1.0
171560,0,1,3400,-71,71,58,10,11,1.1,56159.363281,10,27,2.0,0.0,0.0,0.0,0.0,0.0,0.0,1.0
171809,0,1,3400,-70,70,54,10,11,1.1,61088.000000,18,27,2.0,0.0,0.0,0.0,0.0,0.0,0.0,1.0
172058,0,1,3400,-70,70,60,5.9,11,0.50,47136.000000,0,27,2.0,0.0,8768.000000,0,0.0,0.0,0.0,1.0
172307,0,1,3400,-70,70,59,6.7,11,1.0,16514.056641,17,27,4.4,0.0,24385.542969,31,0.0,0.0,0.0,1.0
172556,0,1,3400,-70,70,58,9.5,11,1.7,26432.000000,33,27,4.5,0.0,0.0,0.0,0.0,0.0,0.0,1.0
172805,0,1,3400,-71,71,64,4.3,11,0.50,32576.000000,0,27,4.5,0.0,0.0,0.0,0.0,0.0,0.0,1.0
173054,0,1,3400,-71,71,60,6.3,12,0.55,41120.000000,0,27,4.5,0.0,0.0,0.0,0.0,0.0,0.0,1.0
173303,0,1,3400,-71,71,59,7.8,11,1.3,39424.000000,15,27,4.5,0.0,0.0,0.0,0.0,0.0,0.0,1.0
173552,0,1,3400,-70,70,61,18,11,2.9,40384.000000,74,27,4.5,0.0,0.0,0.0,0.0,0.0,0.0,1.0
173801,0,1,3400,-70,70,62,17,11,2.1,71648.000000,40,27,4.5,0.0,0.0,0.0,0.0,0.0,0.0,1.0
174050,0,1,3400,-70,70,61,15,11,1.4,85984.000000,12,27,4.5,0.0,0.0,0.0,0.0,0.0,0.0,1.0
174299,0,1,3400,-70,70,62,16,11,1.8,78944.000000,10,27,4.5,0.0,0.0,0.0,0.0,0.0,0.0,1.0
174548,0,1,3400,-71,71,62,4.2,11,0.50,31232.000000,0,27,4.5,0.0,0.0,0.0,0.0,0.0,0.0,1.0
174797,0,1,3400,-71,71,63,16,11,2.3,78208.000000,31,27,4.5,0.0,0.0,0.0,0.0,0.0,0.0,1.0
175046,0,1,3400,-71,71,62,5.1,11,0.50,43744.000000,0,27,4.5,0.0,0.0,0.0,0.0,0.0,0.0,1.0
175295,0,1,3400,-71,71,59,15,11,2.0,30848.000000,33,27,4.5,0.0,0.0,0.0,0.0,0.0,0.0,1.0
175544,0,1,3400,-70,70,61,5.9,11,0.50,50176.000000,0,27,4.5,0.0,0.0,0.0,0.0,0.0,0.0,1.0
175793,0,1,3400,-71,71,58,5.7,11,0.93,21696.000000,4,27,3.2,0.0,50688.000000,0,0.0,0.0,0.0,1.0
176042,0,1,3400,-71,71,53,8.9,11,1.1,45280.000000,8,27,3.0,0.0,0.0,0.0,0.0,0.0,0.0,1.0
176291,0,1,3400,-71,71,56,14,11,1.9,58272.000000,28,27,3.0,581,0.0,0.0,0.0,0.0,0.0,1.0
176540,0,1,3400,-70,70,58,11,11,1.6,29696.000000,36,27,6.6,0.0,47040.000000,0,0.0,0.0,0.0,1.0
176789,0,1,3400,-71,71,58,9.6,11,0.94,47808.000000,0,27,7.0,0.0,0.0,0.0,0.0,0.0,0.0,1.0
177038,0,1,3400,-70,70,56,2.9,11,0.50,16320.000000,0,27,6.0,0.0,25568.000000,6,0.0,0.0,0.0,1.0
177287,0,1,3400,-70,70,54,16,11,1.9,64896.000000,41,27,3.0,0.0,0.0,0.0,0.0,0.0,0.0,1.0
177536,0,1,3400,-71,71,55,20,11,3.5,71776.000000,50,27,3.0,0.0,0.0,0.0,0.0,0.0,0.0,1.0
177785,0,1,3400,-71,71,50,12,11,1.3,61248.000000,26,27,3.0,0.0,0.0,0.0,0.0,0.0,0.0,1.0
178034,0,1,3400,-71,71,51,8.5,12,0.92,29792.000000,17,27,3.0,0.0,0.0,0.0,0.0,0.0,0.0,1.0
178283,0,1,3400,-70,70,55,8.4,11,1.2,25440.000000,19,27,3.0,0.0,0.0,0.0,0.0,0.0,0.0,1.0
178532,0,1,3400,-70,70,52,5.9,11,0.54,50176.000000,3,27,3.0,581,0.0,0.0,0.0,0.0,0.0,1.0
178781,0,1,3400,-70,70,50,6.0,11,0.50,20384.000000,0,27,2.0,0.0,38944.000000,0,0.0,0.0,0.0,1.0
179030,0,1,3400,-70,70,52,5.5,12,0.85,14912.000000,10,27,2.0,0.0,0.0,0.0,0.0,0.0,0.0,1.0
179279,0,1,3400,-70,70,50,4.7,12,0.54,35104.000000,0,27,2.0,0.0,0.0,0.0,0.0,0.0,0.0,1.0
179528,0,1,3400,-70,70,51,8.7,12,0.75,49536.000000,0,27,0.58,0.0,39392.000000,0,0.0,0.0,0.0,1.0
179777,0,1,3400,-70,70,48,13,12,1.6,75488.000000,17,27,1.9,0.0,58976.000000,0,0.0,0.0,0.0,1.0
180026,0,1,3400,-70,70,46,18,12,2.0,107072.000000,35,27,3.0,0.0,0.0,0.0,0.0,0.0,0.0,1.0
180275,0,1,3400,-70,70,51,6.8,11,0.50,42656.000000,0,27,3.7,0.0,65152.000000,0,0.0,0.0,0.0,1.0
180524,0,1,3400,-70,70,48,12,11,1.5,20384.000000,32,27,5.8,0.0,74080.000000,16,0.0,0.0,0.0,1.0
180773,0,1,3400,-71,71,46,22,12,3.2,20352.000000,60,27,7.0,0.0,0.0,0.0,0.0,0.0,0.0,1.0
181022,0,1,3400,-71,71,48,17,12,1.5,110432.000000,12,27,6.9,581,0.0,0.0,0.0,0.0,0.0,1.0
181271,0,1,3400,-71,71,49,12,12,0.93,76128.000000,13,27,7.7,0.0,43840.000000,9,0.0,0.0,0.0,1.0
181520,0,1,3400,-70,70,52,26,12,3.7,0.0,100.000000,27,7.9,0.0,0.0,0.0,0.0,0.0,0.0,1.0
181769,0,1,3400,-71,71,45,22,12,3.3,19808.000000,68,27,8.0,0.0,0.0,0.0,0.0,0.0,0.0,1.0
182018,0,1,3400,-70,70,46,19,11,3.1,30048.000000,56,27,8.0,0.0,4256.000000,0,0.0,0.0,0.0,1.0
182267,0,1,3400,-70,70,46,5.6,11,0.53,29984.000000,0,27,8.0,0.0,0.0,0.0,0.0,0.0,0.0,1.0
182516,0,1,3400,-70,70,46,19,11,3.2,17152.000000,65,27,8.0,0.0,0.0,0.0,0.0,0.0,0.0,1.0
182765,0,1,3400,-71,71,51,10,12,1.3,29792.000000,14,27,7.9,0.0,0.0,0.0,0.0,0.0,0.0,1.0
183014,0,1,3400,-71,71,56,17,12,2.4,57120.000000,27,27,8.0,0.0,0.0,0.0,0.0,0.0,0.0,1.0
183263,0,1,3400,-71,71,56,8.8,12,1.0,47904.000000,10,27,8.0,0.0,0.0,0.0,0.0,0.0,0.0,1.0
183512,0,1,3400,-71,71,48,5.0,12,0.52,40800.000000,0,27,8.0,581,0.0,0.0,0.0,0.0,0.0,1.0
183761,0,1,3400,-71,71,46,5.0,11,0.54,27232.000000,0,27,5.3,0.0,60192.000000,0,0.0,0.0,0.0,1.0
184010,0,1,3400,-71,71,50,10,11,1.1,58784.000000,17,27,5.8,0.0,68928.000000,12,0.0,0.0,0.0,1.0
184259,0,1,3400,-71,71,49,6.4,11,0.89,36576.000000,0,27,7.0,0.0,0.0,0.0,0.0,0.0,0.0,1.0
184508,0,1,3400,-71,71,46,17,11,2.5,9152.000000,62,27,6.9,0.0,0.0,0.0,0.0,0.0,0.0,1.0
184757,0,1,3400,-72,72,47,5.1,11,1.0,13195.218750,0,27,7.0,0.0,0.0,0.0,0.0,0.0,0.0,1.0
185006,0,1,3400,-71,71,49,7.6,11,1.6,14200.802734,36,27,6.9,0.0,0.0,0.0,0.0,0.0,0.0,1.0
185255,0,1,3400,-71,71,52,21,11,3.5,60704.000000,62,27,6.9,0.0,0.0,0.0,0.0,0.0,0.0,1.0
185504,0,1,3400,-71,71,55,22,11,3.0,40288.000000,42,27,4.7,0.0,896,0,0.0,0.0,0.0,1.0
185753,0,1,3400,-72,72,58,25,11,3.6,12352.000000,88,27,3.5,0.0,0.0,0.0,0.0,0.0,0.0,1.0
186002,0,1,3400,-71,71,56,7.4,10,1.3,25792.000000,11,27,3.4,0.0,4256.000000,33,0.0,0.0,0.0,1.0
186251,0,1,3400,-71,71,54,20,10,3.3,84608.000000,54,27,2.0,0.0,0.0,0.0,0.0,0.0,0.0,1.0
186500,0,1,3400,-71,71,54,22,11,3.0,136288.000000,50,27,2.0,0.0,0.0,0.0,0.0,0.0,0.0,1.0
186749,0,1,3400,-71,71,56,15,11,2.3,56128.000000,38,27,2.0,0.0,0.0,0.0,0.0,0.0,0.0,1.0
186998,0,1,3400,-71,71,51,17,11,2.4,73504.000000,43,27,2.0,0.0,0.0,0.0,0.0,0.0,0.0,1.0
187247,0,1,3400,-71,71,51,6.0,11,0.56,30496.000000,5,27,2.0,0.0,0.0,0.0,0.0,0.0,0.0,1.0
187496,0,1,3400,-70,70,57,6.6,11,0.96,30080.000000,11,27,2.0,0.0,0.0,0.0,0.0,0.0,0.0,1.0
187745,0,1,3400,-70,70,64,5.2,11,0.60,25312.000000,5,27,2.0,0.0,0.0,0.0,0.0,0.0,0.0,1.0
187994,0,1,3400,-70,70,65,21,12,2.9,29568.000000,76,27,2.0,0.0,0.0,0.0,0.0,0.0,0.0,1.0
188243,0,1,3400,-70,70,64,11,12,1.4,23488.000000,22,27,2.0,0.0,0.0,0.0,0.0,0.0,0.0,1.0
188492,0,1,3400,-70,70,58,9.9,12,0.92,72416.000000,8,27,2.0,581,0.0,0.0,0.0,0.0,0.0,1.0
188741,0,1,3400,-70,70,51,4.0,12,0.78,19520.000000,0,27,5.3,0.0,51968.000000,21,0.0,0.0,0.0,1.0
188990,0,1,3400,-70,70,49,4.0,13,0.50,23488.000000,0,27,5.5,0.0,0.0,0.0,0.0,0.0,0.0,1.0
189239,0,1,3400,-70,70,51,8.8,12,0.50,72160.000000,0,27,4.9,0.0,18272.000000,5,0.0,0.0,0.0,1.0
189488,0,1,3400,-70,70,56,14,13,0.70,111232.000000,0,27,2.3,0.0,62464.000000,9,0.0,0.0,0.0,1.0
189737,0,1,3400,-70,70,56,4.6,12,0.68,16736.000000,15,27,3.0,455,2592.000000,0,0.0,0.0,0.0,1.0
189986,0,1,3400,-70,70,57,7.4,13,1.5,6944.000000,39,27,0.11,0.0,25376.000000,0,0.0,0.0,0.0,1.0
190235,0,1,3400,-70,70,52,13,13,2.1,11744.000000,53,27,0.040,0.0,0.0,0.0,0.0,0.0,0.0,1.0
190484,0,1,3400,-70,70,50,0.38,13,0.56,8448.000000,0,27,0.032,0.0,1568.000000,0,0.0,0.0,0.0,1.0
190733,0,1,3400,-70,70,52,8.5,13,0.63,57344.000000,4,27,0.016,0.0,0.0,0.0,0.0,0.0,0.0,1.0
190982,0,1,3400,-70,70,56,9.1,12,0.60,69728.000000,4,27,2.8,0.0,36576.000000,17,0.0,0.0,0.0,1.0
191231,0,1,3400,-71,71,51,9.3,12,0.74,25944.222656,20,27,4.0,0.0,0.0,0.0,0.0,0.0,0.0,1.0
191480,0,1,3400,-71,71,47,19,11,3.0,77590.359375,48,27,4.0,0.0,0.0,0.0,0.0,0.0,0.0,1.0
191729,0,1,3400,-71,71,49,15,11,2.2,27616.000000,38,27,4.0,0.0,0.0,0.0,0.0,0.0,0.0,1.0
191978,0,1,3400,-71,71,53,14,11,1.9,39616.000000,38,27,4.0,0.0,0.0,0.0,0.0,0.0,0.0,1.0
192227,0,1,3400,-71,71,56,23,11,3.9,20832.000000,91,27,3.9,0.0,0.0,0.0,0.0,1.0,0.0,1.0
192476,0,1,3400,-71,71,54,16,12,2.2,23520.000000,46,27,4.0,0.0,0.0,0.0,0.0,0.0,0.0,1.0
192725,0,1,3400,-71,71,56,11,11,0.95,64128.000000,0,27,4.0,0.0,0.0,0.0,0.0,0.0,0.0,1.0
192974,0,1,3400,-71,71,57,14,11,2.3,10976.000000,67,27,3.9,0.0,0.0,0.0,0.0,0.0,0.0,1.0
193223,0,1,3400,-71,71,62,15,12,1.6,60736.000000,23,27,4.0,0.0,0.0,0.0,0.0,0.0,0.0,1.0
193472,0,1,3400,-71,71,62,8.2,12,0.72,45856.000000,10,27,3.9,0.0,92288.000000,0,0.0,0.0,0.0,1.0
193721,0,1,3400,-71,71,58,9.0,12,0.55,45696.000000,0,27,4.6,0.0,35904.000000,0,0.0,0.0,0.0,1.0
193970,0,1,3400,-71,71,61,7.3,12,0.64,40256.000000,14,27,5.3,0.0,33728.000000,0,0.0,0.0,0.0,1.0
194219,0,1,3400,-71,71,65,8.7,11,0.99,23520.000000,38,27,4.5,0.0,0.0,0.0,0.0,0.0,0.0,1.0
194468,0,1,3400,-71,71,59,9.8,12,0.88,34400.000000,10,27,4.5,0.0,0.0,0.0,0.0,0.0,0.0,1.0
194717,0,1,3400,-71,71,53,7.6,11,0.50,40512.000000,4,27,4.9,0.0,43200.000000,0,0.0,0.0,0.0,1.0
194966,0,1,3400,-71,71,51,8.3,12,0.50,44096.000000,0,27,7.4,0.0,19136.000000,0,0.0,0.0,0.0,1.0
195215,0,1,3400,-71,71,49,8.0,13,0.50,55744.000000,0,27,3.5,0.0,38560.000000,9,0.0,0.0,0.0,1.0
195464,0,1,3400,-70,70,49,7.4,13,0.52,39072.000000,0,27,0.024,581,0.0,0.0,0.0,0.0,0.0,1.0
195713,0,1,3400,-70,70,47,8.7,13,0.50,61280.000000,0,27,6.9,0.0,77312.000000,0,0.0,0.0,0.0,1.0
195962,0,1,3400,-70,70,48,7.6,13,0.50,74656.000000,0,27,8.4,0.0,0.0,0.0,0.0,0.0,0.0,1.0
196211,0,1,3400,-70,70,47,11,15,0.55,75712.000000,0,27,8.4,0.0,0.0,0.0,0.0,0.0,0.0,1.0
196460,0,1,3400,-70,70,45,9.5,14,0.50,60448.000000,0,27,8.4,0.0,0.0,0.0,0.0,0.0,0.0,1.0
196709,0,1,3400,-70,70,48,11,14,0.53,83904.000000,0,27,8.8,0.0,75872.000000,0,0.0,0.0,0.0,1.0
196958,0,1,3400,-70,70,45,15,14,1.5,35264.000000,33,27,12,0.0,0.0,0.0,0.0,0.0,0.0,1.0
197207,0,1,3400,-70,70,41,9.3,14,0.51,60672.000000,0,27,15,0.0,20640.000000,0,0.0,0.0,0.0,1.0
197456,0,1,3400,-70,70,42,9.3,14,0.50,49280.000000,0,27,17,0.0,0.0,0.0,0.0,0.0,0.0,1.0
197705,0,1,3400,-70,70,50,8.5,13,0.53,59729.082031,0,27,17,363,7171.314941,0,0.0,0.0,0.0,1.0
197954,0,1,3400,-70,70,50,11,13,0.73,90506.023438,0,27,7.8,0.0,52144.578125,0,0.0,0.0,0.0,1.0
198203,0,1,3400,-71,71,48,9.6,12,0.50,64288.000000,0,27,8.0,0.0,0.0,0.0,0.0,0.0,0.0,1.0
198452,0,1,3400,-71,71,52,8.9,12,0.50,69440.000000,0,27,8.0,0.0,0.0,0.0,0.0,0.0,0.0,1.0
198701,0,1,3400,-71,71,51,8.0,12,0.50,62176.000000,0,27,6.3,0.0,23488.000000,0,0.0,0.0,0.0,1.0
198950,0,1,3400,-70,70,49,12,11,1.1,84672.000000,4,27,5.5,0.0,0.0,0.0,0.0,0.0,0.0,1.0
199199,0,1,3400,-71,71,47,9.8,12,1.1,49760.000000,19,27,5.5,0.0,0.0,0.0,0.0,0.0,0.0,1.0
199448,0,1,3400,-71,71,47,14,12,1.5,32896.000000,33,27,8.9,0.0,17056.000000,50,0.0,0.0,0.0,1.0
199697,0,1,3400,-71,71,48,12,13,1.4,34176.000000,31,27,11,0.0,0.0,0.0,0.0,0.0,0.0,1.0
199946,0,1,3400,-71,71,49,4.7,12,0.50,33504.000000,0,27,11,0.0,0.0,0.0,0.0,0.0,0.0,1.0
200195,0,1,3400,-71,71,53,6.0,12,0.50,56448.000000,0,27,9.8,0.0,52672.000000,0,0.0,0.0,0.0,1.0
200444,0,1,3400,-72,72,54,7.1,11,0.72,61952.000000,11,27,9.5,0.0,0.0,0.0,0.0,0.0,0.0,1.0
200693,0,1,3400,-72,72,58,12,11,1.6,52160.000000,27,27,9.4,0.0,0.0,0.0,0.0,0.0,0.0,1.0
200942,0,1,3400,-72,72,59,5.8,11,0.50,31840.000000,0,27,9.5,0.0,0.0,0.0,0.0,0.0,0.0,1.0
201191,0,1,3400,-72,72,57,9.8,11,1.1,29120.000000,18,27,8.8,0.0,43072.000000,0,0.0,0.0,0.0,1.0
201440,0,1,3400,-72,72,58,5.5,10,0.53,43072.000000,0,27,6.0,0.0,4256.000000,0,0.0,0.0,0.0,1.0
201689,0,1,3400,-72,72,59,7.5,11,0.59,42208.000000,0,27,5.5,0.0,0.0,0.0,0.0,0.0,0.0,1.0
201938,0,1,3400,-72,72,53,6.3,10,0.56,43904.000000,0,27,5.5,0.0,26528.000000,0,0.0,0.0,0.0,1.0
202187,0,1,3400,-72,72,54,8.1,10,1.1,24000.000000,29,27,6.5,0.0,0.0,80,0.0,0.0,0.0,1.0
202436,0,1,3400,-73,73,56,9.8,10,1.1,53472.000000,4,27,4.1,0.0,1568.000000,0,0.0,0.0,0.0,1.0
202685,0,1,3400,-73,73,55,5.2,10,0.60,30848.000000,0,27,1.0,0.0,0.0,0.0,0.0,0.0,0.0,1.0
202934,0,1,3400,-73,73,59,6.3,9.8,0.78,29664.000000,9,27,2.8,0.0,47552.000000,0,0.0,0.0,0.0,1.0
203183,0,1,3400,-73,73,61,6.4,9.7,0.72,28096.000000,17,27,3.5,0.0,0.0,0.0,0.0,0.0,0.0,1.0
203432,0,1,3400,-73,73,55,16,9.4,2.3,17408.000000,53,27,3.5,0.0,0.0,0.0,0.0,0.0,0.0,1.0
203681,0,1,3400,-73,73,54,4.0,9.8,0.50,26144.000000,0,27,3.5,0.0,0.0,0.0,0.0,0.0,0.0,1.0
203930,0,1,3400,-73,73,53,5.1,9.8,0.50,37856.000000,0,27,5.3,0.0,30400.000000,0,0.0,0.0,0.0,1.0
204179,0,1,3400,-73,73,55,4.6,10,0.50,32480.000000,0,27,6.5,0.0,0.0,0.0,0.0,0.0,0.0,1.0
204428,0,1,3400,-74,74,57,5.8,11,0.51,34496.000000,0,27,6.5,0.0,0.0,0.0,0.0,0.0,0.0,1.0
204677,0,1,3400,-74,74,55,5.3,10,0.50,31168.000000,0,27,9.9,215,0.0,80,0.0,0.0,0.0,1.0
204926,0,1,3400,-74,74,50,3.5,10,0.50,33088.000000,0,27,11,0.0,45440.000000,22,0.0,0.0,0.0,1.0
205175,0,1,3400,-74,74,49,6.3,10,0.58,51072.000000,0,27,8.6,0.0,0.0,0.0,0.0,0.0,0.0,1.0
205424,0,1,3400,-74,74,46,9.9,9.6,1.8,33792.000000,19,27,8.6,0.0,0.0,0.0,0.0,0.0,0.0,1.0
205673,0,1,3400,-75,75,51,3.0,9.8,0.50,24000.000000,0,27,8.6,0.0,0.0,0.0,0.0,0.0,0.0,1.0
205922,0,1,3400,-75,75,58,5.5,9.7,0.52,40096.000000,0,27,3.8,0.0,31264.000000,0,0.0,0.0,0.0,1.0
206171,0,1,3400,-75,75,60,6.9,8.0,1.1,29632.000000,6,27,1.6,0.0,0.0,0.0,0.0,0.0,0.0,1.0
206420,0,1,3400,-75,75,61,12,7.6,2.1,6368.000000,55,27,1.7,0.0,0.0,0.0,0.0,0.0,0.0,1.0
206669,0,1,3400,-75,75,59,7.0,8.0,1.2,14848.000000,28,27,1.7,0.0,0.0,0.0,0.0,0.0,0.0,1.0
206918,0,1,3400,-75,75,54,1.8,7.5,0.50,24192.000000,0,27,1.7,0.0,0.0,0.0,0.0,0.0,0.0,1.0
207167,0,1,3400,-76,76,56,3.7,7.3,0.82,12928.000000,24,27,1.7,0.0,0.0,0.0,0.0,0.0,0.0,1.0
207416,0,1,3400,-76,76,57,2.7,7.9,0.53,14528.000000,0,27,1.7,0.0,0.0,0.0,0.0,0.0,0.0,1.0
207665,0,1,3400,-76,76,60,2.1,7.8,0.50,18432.000000,0,27,1.2,0.0,1568.000000,0,0.0,0.0,0.0,1.0
207914,0,1,3400,-76,76,65,6.4,7.0,1.7,10528.000000,46,27,0.50,0.0,0.0,0.0,0.0,0.0,0.0,1.0
208163,0,1,3400,-76,76,61,20,7.8,3.0,9216.000000,72,27,0.63,0.0,0.0,0.0,0.0,0.0,0.0,1.0
208412,0,1,3400,-76,76,54,8.1,8.5,1.9,8064.000000,48,27,0.69,0.0,0.0,0.0,0.0,0.0,0.0,1.0
208661,0,1,3400,-76,76,48,6.5,7.8,1.2,27840.000000,10,27,0.50,0.0,0.0,0.0,0.0,0.0,0.0,1.0
208910,0,1,3400,-76,76,53,3.4,7.7,0.76,16320.000000,10,27,0.56,0.0,0.0,0.0,0.0,0.0,0.0,1.0
209159,0,1,3400,-76,76,55,6.7,7.1,1.1,20384.000000,20,27,0.62,0.0,0.0,0.0,0.0,0.0,0.0,1.0
209408,0,1,3400,-76,76,59,4.9,7.4,1.0,15968.000000,0,27,0.63,0.0,0.0,0.0,0.0,0.0,0.0,1.0
209657,0,1,3400,-75,75,65,5.7,7.6,0.66,28064.000000,12,27,0.69,0.0,0.0,0.0,0.0,0.0,0.0,1.0
209906,0,1,3400,-75,75,64,17,8.0,2.5,12288.000000,52,27,0.69,0.0,0.0,0.0,0.0,0.0,0.0,1.0
210155,0,1,3400,-75,75,63,3.7,8.1,0.53,25568.000000,0,27,0.75,0.0,0.0,0.0,0.0,0.0,0.0,1.0
210404,0,1,3400,-75,75,60,1.7,7.9,0.56,13760.000000,0,27,0.62,0.0,0.0,0.0,0.0,0.0,0.0,1.0
210653,0,1,3400,-75,75,56,1.8,8.2,0.57,15552.000000,0,27,1.1,295,9376.000000,0,0.0,0.0,0.0,1.0
210902,0,1,3400,-75,75,49,2.2,8.2,0.50,22656.000000,0,27,8.2,0.0,43840.000000,0,0.0,0.0,0.0,1.0
211151,0,1,3400,-75,75,49,4.0,8.2,0.50,25600.000000,0,27,8.1,0.0,0.0,0.0,0.0,0.0,0.0,1.0
211400,0,1,3400,-75,75,53,4.0,8.2,0.51,24576.000000,0,27,12,0.0,63424.000000,0,0.0,0.0,0.0,1.0
211649,0,1,3400,-75,75,54,9.6,8.9,1.3,14336.000000,44,27,13,0.0,0.0,0.0,0.0,0.0,0.0,1.0
211898,0,1,3400,-75,75,56,5.6,10,0.71,43968.000000,3,27,13,0.0,0.0,0.0,0.0,0.0,0.0,1.0
212147,0,1,3400,-74,74,56,3.5,10,0.50,25312.000000,0,27,13,0.0,0.0,0.0,0.0,0.0,0.0,1.0
212396,0,1,3400,-74,74,53,6.2,10,0.57,50112.000000,0,27,11,0.0,80480.000000,17,0.0,0.0,0.0,1.0
212645,0,1,3400,-74,74,49,6.5,10,0.51,47040.000000,0,27,6.2,0.0,51904.000000,0,0.0,0.0,0.0,1.0
212894,0,1,3400,-74,74,48,7.9,9.8,0.89,57568.000000,4,27,3.0,0.0,0.0,0.0,0.0,0.0,0.0,1.0
213143,0,1,3400,-74,74,52,9.0,10,1.0,30016.000000,19,27,4.6,363,0.0,80,0.0,0.0,0.0,1.0
213392,0,1,3400,-74,74,55,17,10,3.1,6144.000000,71,27,5.4,0.0,38560.000000,0,0.0,0.0,0.0,1.0
213641,0,1,3400,-74,74,51,16,9.8,2.3,14528.000000,50,27,4.2,0.0,4256.000000,0,0.0,0.0,0.0,1.0
213890,0,1,3400,-74,74,54,19,9.9,3.4,6272.000000,80,27,4.1,0.0,0.0,0.0,0.0,0.0,0.0,1.0
214139,0,1,3400,-74,74,55,11,10,1.8,25376.000000,17,27,4.1,0.0,0.0,0.0,0.0,0.0,0.0,1.0
214388,0,1,3400,-74,74,46,12,9.1,2.7,18080.000000,77,27,4.1,0.0,0.0,0.0,0.0,0.0,0.0,1.0
214637,0,1,3400,-75,75,54,6.8,9.8,1.2,43968.000000,3,27,4.2,0.0,0.0,0.0,0.0,0.0,0.0,1.0
214886,0,1,3400,-75,75,57,8.6,8.8,1.9,8000.000000,39,27,4.2,0.0,0.0,0.0,0.0,0.0,0.0,1.0
215135,0,1,3400,-75,75,58,0.0,9.8,0.50,9504.000000,0,27,4.2,0.0,0.0,0.0,0.0,0.0,0.0,1.0
215384,0,1,3400,-75,75,58,0.68,8.7,0.53,13216.000000,0,27,4.4,0.0,0.0,0.0,0.0,0.0,0.0,1.0
215633,0,1,3400,-75,75,57,2.4,8.5,0.54,17536.000000,0,27,4.1,0.0,0.0,0.0,0.0,0.0,0.0,1.0
215882,0,1,3400,-74,74,54,10,9.0,2.0,14336.000000,36,27,4.1,0.0,0.0,0.0,0.0,0.0,0.0,1.0
216131,0,1,3400,-74,74,56,15,8.9,3.2,33344.000000,74,27,4.0,0.0,0.0,0.0,0.0,0.0,0.0,1.0
216380,0,1,3400,-74,74,47,16,9.0,3.0,56000.000000,40,27,4.1,0.0,0.0,0.0,0.0,0.0,0.0,1.0
216629,0,1,3400,-75,75,49,4.0,8.4,0.50,32768.000000,0,27,4.1,0.0,0.0,0.0,0.0,0.0,0.0,1.0
216878,0,1,3400,-75,75,56,3.3,8.5,0.51,25024.000000,0,27,4.2,0.0,0.0,0.0,0.0,0.0,0.0,1.0
217127,0,1,3400,-75,75,62,11,8.2,1.5,27488.000000,44,27,4.3,0.0,0.0,0.0,0.0,0.0,0.0,1.0
217376,0,1,3400,-75,75,63,17,8.1,3.7,13536.000000,91,27,4.1,0.0,0.0,0.0,0.0,0.0,0.0,1.0
217625,0,1,3400,-75,75,57,11,7.8,2.1,23520.000000,32,27,4.2,0.0,0.0,0.0,0.0,0.0,0.0,1.0
217874,0,1,3400,-76,76,62,2.0,7.8,0.56,17376.000000,0,27,4.2,0.0,0.0,0.0,0.0,0.0,0.0,1.0
218123,0,1,3400,-76,76,61,1.1,7.4,0.53,18432.000000,0,27,3.9,227,8416.000000,11,0.0,0.0,0.0,1.0
218372,0,1,3400,-76,76,58,13,7.3,2.8,38848.000000,57,27,3.1,0.0,35744.000000,25,0.0,0.0,0.0,1.0
218621,0,1,3400,-75,75,54,12,7.6,3.3,17824.000000,47,27,3.1,0.0,0.0,0.0,0.0,0.0,0.0,1.0
218870,0,1,3400,-75,75,54,0.19,8.2,0.52,11968.000000,0,27,3.2,0.0,0.0,0.0,0.0,0.0,0.0,1.0
219119,0,1,3400,-75,75,50,0.19,8.3,0.52,6688.000000,0,27,3.2,0.0,0.0,0.0,0.0,0.0,0.0,1.0
219368,0,1,3400,-75,75,53,15,8.0,2.6,2816.000000,67,27,3.2,0.0,0.0,0.0,0.0,0.0,0.0,1.0
219617,0,1,3400,-75,75,54,13,8.0,2.4,7616.000000,50,27,3.3,0.0,0.0,0.0,0.0,0.0,0.0,1.0
219866,0,1,3400,-75,75,52,4.2,7.5,0.54,24576.000000,0,27,3.3,0.0,0.0,0.0,0.0,0.0,0.0,1.0
220115,0,1,3400,-76,76,47,2.7,7.2,0.54,17856.000000,0,27,3.0,0.0,0.0,0.0,0.0,0.0,0.0,1.0
220364,0,1,3400,-76,76,50,11,7.9,2.4,7488.000000,55,27,3.1,0.0,0.0,0.0,0.0,0.0,0.0,1.0
220613,0,1,3400,-76,76,56,22,8.3,4.0,0.0,100.000000,27,3.1,0.0,0.0,0.0,0.0,0.0,0.0,1.0
220862,0,1,3400,-76,76,61,21,8.5,3.7,6208.000000,94,27,3.2,0.0,0.0,0.0,0.0,0.0,0.0,1.0
221111,0,1,3400,-76,76,60,7.8,8.8,1.4,19264.000000,5,27,6.7,0.0,15008.000000,33,0.0,0.0,0.0,1.0
221360,0,1,3400,-76,76,62,16,8.6,3.3,1152.000000,92,27,15,0.0,0.0,0.0,0.0,0.0,0.0,1.0
221609,0,1,3400,-76,76,65,20,8.9,4.0,0.0,100.000000,27,15,0.0,0.0,0.0,0.0,0.0,0.0,1.0
221858,0,1,3400,-75,75,61,19,9.0,4.0,0.0,100.000000,27,14,0.0,0.0,0.0,0.0,0.0,0.0,1.0
222107,0,1,3400,-75,75,56,7.9,9.4,1.1,31360.000000,5,27,15,0.0,0.0,0.0,0.0,0.0,0.0,1.0
222356,0,1,3400,-75,75,55,5.2,9.2,0.54,30624.000000,0,27,15,0.0,0.0,0.0,0.0,0.0,0.0,1.0
222605,0,1,3400,-75,75,56,4.3,8.3,0.56,28672.000000,0,27,4.2,0.0,29888.000000,0,0.0,0.0,0.0,1.0
222854,0,1,3400,-75,75,58,16,8.3,3.3,1024.000000,95,27,2.1,0.0,0.0,0.0,0.0,0.0,0.0,1.0
223103,0,1,3400,-75,75,55,17,8.0,3.9,13536.000000,89,27,2.1,0.0,0.0,0.0,0.0,0.0,0.0,1.0
223352,0,1,3400,-75,75,53,19,8.7,3.9,35008.000000,67,27,2.2,0.0,0.0,0.0,0.0,0.0,0.0,1.0
223601,0,1,3400,-75,75,51,17,9.8,3.0,11936.000000,72,27,2.1,0.0,0.0,0.0,0.0,0.0,0.0,1.0
223850,0,1,3400,-74,74,50,6.1,8.8,0.57,40768.000000,0,27,2.2,0.0,0.0,0.0,0.0,0.0,0.0,1.0
224099,0,1,3400,-74,74,50,15,9.5,2.0,32928.000000,32,27,1.5,0.0,44608.000000,14,0.0,0.0,0.0,1.0
224348,0,1,3400,-74,74,55,28,10,4.0,0.0,100.000000,27,1.1,0.0,0.0,0.0,0.0,0.0,0.0,1.0
224597,0,1,3400,-75,75,60,28,10,4.0,0.0,100.000000,27,1.1,0.0,0.0,0.0,0.0,0.0,0.0,1.0
224846,0,1,3400,-75,75,56,18,9.8,2.5,23520.000000,44,27,1.1,0.0,0.0,0.0,0.0,0.0,0.0,1.0
225095,0,1,3400,-75,75,49,6.6,8.2,0.91,56000.000000,6,27,1.3,581,0.0,0.0,0.0,0.0,0.0,1.0
225344,0,1,3400,-75,75,47,13,8.6,2.2,31296.000000,45,27,0.088,0.0,18368.000000,62,0.0,0.0,0.0,1.0
225593,0,1,3400,-75,75,44,19,8.3,4.0,6176.000000,96,27,0.0,0.0,0.0,0.0,0.0,0.0,0.0,1.0
225842,0,1,3400,-74,74,41,19,8.3,4.0,0.0,100.000000,27,0.0,0.0,0.0,0.0,0.0,0.0,0.0,1.0
226091,0,1,3400,-74,74,46,18,8.8,4.0,5152.000000,97,27,0.0,0.0,0.0,0.0,0.0,0.0,0.0,1.0
226340,0,1,3400,-74,74,55,19,9.4,4.0,0.0,100.000000,27,0.0,0.0,0.0,0.0,0.0,0.0,0.0,1.0
226589,0,1,3400,-74,74,54,18,9.0,4.0,6176.000000,98,27,0.0,0.0,0.0,0.0,0.0,0.0,0.0,1.0
226838,0,1,3400,-74,74,50,20,8.6,4.0,0.0,100.000000,27,0.0,0.0,0.0,0.0,0.0,0.0,0.0,1.0
227087,0,1,3400,-74,74,53,25,8.6,4.0,0.0,100.000000,27,0.0,0.0,0.0,0.0,0.0,0.0,0.0,1.0
227336,0,1,3400,-74,74,52,28,9.1,4.0,0.0,100.000000,27,0.0,0.0,0.0,0.0,0.0,0.0,0.0,1.0
227585,0,1,3400,-74,74,51,28,8.9,4.0,0.0,100.000000,27,0.0,0.0,0.0,0.0,0.0,0.0,0.0,1.0
227834,0,1,3400,-74,74,49,28,8.9,4.0,0.0,100.000000,27,0.0,0.0,0.0,0.0,0.0,0.0,0.0,1.0
228083,0,1,3400,-74,74,50,23,8.8,4.0,0.0,100.000000,27,0.0,0.0,0.0,0.0,0.0,0.0,0.0,1.0
228332,0,1,3400,-74,74,52,18,8.5,4.0,0.0,100.000000,27,0.0,0.0,0.0,0.0,0.0,0.0,0.0,1.0
228581,0,1,3400,-74,74,55,19,9.3,3.9,16480.000000,91,27,0.0,0.0,0.0,0.0,0.0,0.0,0.0,1.0
228830,0,1,3400,-74,74,52,20,9.4,4.0,30368.000000,83,27,0.0,0.0,0.0,0.0,0.0,0.0,0.0,1.0
229079,0,1,3400,-74,74,51,14,9.1,2.5,25344.000000,55,27,0.0,0.0,0.0,0.0,0.0,0.0,0.0,1.0
229328,0,1,3400,-74,74,58,9.3,9.1,1.2,69728.000000,10,27,0.0,0.0,0.0,0.0,0.0,0.0,0.0,1.0
229577,0,1,3400,-74,74,65,4.0,8.9,0.53,14336.000000,0,27,0.0,0.0,0.0,0.0,0.0,0.0,0.0,1.0
229826,0,1,3400,-74,74,64,4.0,8.9,0.50,26624.000000,0,27,0.0,0.0,0.0,0.0,0.0,0.0,0.0,1.0
230075,0,1,3400,-74,74,61,7.5,8.7,0.66,52800.000000,0,27,0.0080,581,23872.000000,45,0.0,0.0,0.0,1.0
230324,0,1,3400,-74,74,54,9.6,9.1,0.71,47360.000000,0,27,0.10,581,48768.000000,8,0.0,0.0,0.0,1.0
230573,0,1,3400,-74,74,54,9.7,9.2,0.73,60544.000000,0,27,0.15,581,34336.000000,13,0.0,0.0,0.0,1.0
230822,0,1,3400,-74,74,57,7.0,9.2,0.64,38368.000000,0,27,0.040,581,30496.000000,10,0.0,0.0,0.0,1.0
231071,0,1,3400,-74,74,56,2.9,9.0,0.51,12000.000000,0,27,0.33,0.0,30816.000000,18,0.0,0.0,0.0,1.0
231320,0,1,3400,-74,74,58,4.0,9.2,0.50,29696.000000,0,27,0.50,0.0,0.0,0.0,0.0,0.0,0.0,1.0
231569,0,1,3400,-74,74,57,4.0,9.0,0.50,25600.000000,0,27,0.27,0.0,29952.000000,10,0.0,0.0,0.0,1.0
231818,0,1,3400,-74,74,53,4.0,9.9,0.50,18432.000000,0,27,0.0,0.0,0.0,0.0,0.0,0.0,0.0,1.0
232067,0,1,3400,-74,74,55,16,9.6,3.2,12352.000000,87,27,0.0,0.0,1568.000000,33,0.0,0.0,0.0,1.0
232316,0,1,3400,-74,74,58,20,9.0,4.0,6176.000000,97,27,0.0,0.0,0.0,0.0,0.0,0.0,0.0,1.0
232565,0,1,3400,-74,74,54,20,9.3,3.9,10304.000000,94,27,0.0,0.0,0.0,0.0,0.0,0.0,0.0,1.0
232814,0,1,3400,-74,74,55,20,9.6,4.0,12352.000000,91,27,0.72,0.0,4160.000000,0,0.0,0.0,0.0,1.0
233063,0,1,3400,-74,74,56,20,8.9,4.0,18528.000000,90,27,0.68,0.0,1568.000000,50,0.0,0.0,0.0,1.0
233312,0,1,3400,-74,74,56,19,9.2,3.9,22656.000000,85,27,0.98,0.0,0.0,83,0.0,0.0,0.0,1.0
233561,0,1,3400,-74,74,56,20,9.2,4.0,0.0,100.000000,27,1.0,0.0,2464.000000,43,0.0,0.0,0.0,1.0
233810,0,1,3400,-74,74,56,18,9.3,3.3,10720.000000,77,27,0.99,0.0,0.0,0.0,0.0,0.0,0.0,1.0
234059,0,1,3400,-74,74,61,27,9.2,3.9,0.0,100.000000,27,0.98,0.0,0.0,0.0,0.0,0.0,0.0,1.0
234308,0,1,3400,-74,74,64,28,9.5,4.0,0.0,100.000000,27,0.67,0.0,1568.000000,60,0.0,0.0,0.0,1.0
234557,0,1,3400,-74,74,66,28,9.4,4.0,0.0,100.000000,27,0.0,0.0,1568.000000,50,0.0,0.0,0.0,1.0
234806,0,1,3400,-74,74,61,28,9.0,4.0,0.0,100.000000,27,0.0,0.0,1568.000000,0,0.0,0.0,0.0,1.0
235055,0,1,3400,-74,74,56,27,8.9,4.0,0.0,100.000000,27,0.0,0.0,1568.000000,50,0.0,0.0,0.0,1.0
235304,0,1,3400,-74,74,55,23,8.9,3.9,9024.000000,93,27,0.0,0.0,0.0,0.0,0.0,0.0,0.0,1.0
235553,0,1,3400,-74,74,57,28,9.2,4.0,0.0,100.000000,27,0.36,0.0,7296.000000,10,0.0,0.0,0.0,1.0
235802,0,1,3400,-74,74,56,15,9.0,1.7,39968.000000,32,27,0.28,0.0,5728.000000,40,0.0,0.0,0.0,1.0
236051,0,1,3400,-74,74,55,9.0,8.7,0.84,54016.000000,4,27,0.0,581,0.0,0.0,0.0,0.0,0.0,1.0
236300,0,1,3400,-74,74,55,9.7,8.7,0.83,70176.000000,3,27,0.15,417,37472.000000,14,0.0,0.0,0.0,1.0
236549,0,1,3400,-75,75,60,9.1,8.8,1.2,55520.000000,4,27,0.0,0.0,25312.000000,20,0.0,0.0,0.0,1.0
236798,0,1,3400,-75,75,54,9.5,8.9,0.87,73184.000000,0,27,0.0,537,1568.000000,60,0.0,0.0,0.0,1.0
237047,0,1,3400,-75,75,55,8.4,8.7,0.73,49600.000000,4,27,0.0,537,0.0,100.000000,0.0,0.0,0.0,1.0
237296,0,1,3400,-75,75,60,7.9,8.6,1.1,24352.000000,30,27,0.048,0.0,26144.000000,48,0.0,0.0,0.0,1.0
237545,0,1,3400,-75,75,57,6.1,8.3,0.56,51328.000000,0,27,0.0080,0.0,36608.000000,11,0.0,1.0,0.0,1.0
237794,0,1,3400,-76,76,54,1.2,7.8,0.53,20160.000000,0,27,0.0,0.0,0.0,0.0,0.0,0.0,0.0,1.0
238043,0,1,3400,-76,76,56,1.2,7.0,0.53,13248.000000,0,27,0.0,0.0,0.0,0.0,0.0,0.0,0.0,1.0
238292,0,1,3400,-76,76,53,1.6,7.0,0.54,19520.000000,0,27,1.0,0.0,26400.000000,19,0.0,0.0,0.0,1.0
238541,0,1,3400,-76,76,50,8.1,7.4,1.7,30432.000000,33,27,3.4,0.0,9376.000000,0,0.0,0.0,0.0,1.0
238790,0,1,3400,-76,76,55,11,7.7,2.0,69728.000000,24,27,1.9,0.0,1568.000000,0,0.0,0.0,0.0,1.0
239039,0,1,3400,-76,76,58,1.1,7.8,0.51,16128.000000,0,27,0.99,0.0,832,75,0.0,0.0,0.0,1.0
239288,0,1,3400,-76,76,59,1.0,7.3,0.50,14976.000000,0,27,0.98,0.0,0.0,0.0,0.0,0.0,0.0,1.0
239537,0,1,3400,-76,76,57,2.9,7.3,0.50,29888.000000,0,27,0.98,0.0,0.0,0.0,0.0,0.0,0.0,1.0
239786,0,1,3400,-76,76,62,2.6,7.5,0.51,31584.000000,0,27,0.89,0.0,29408.000000,11,0.0,0.0,0.0,1.0
240035,0,1,3400,-76,76,64,12,7.6,2.6,60544.000000,47,27,0.98,0.0,0.0,0.0,0.0,0.0,0.0,1.0
240284,0,1,3400,-76,76,59,13,7.1,3.6,27232.000000,71,27,0.99,0.0,0.0,0.0,0.0,0.0,0.0,1.0
240533,0,1,3400,-76,76,55,14,7.8,2.7,92000.000000,47,27,0.78,0.0,3136.000000,0,0.0,0.0,0.0,1.0
240782,0,1,3400,-76,76,52,14,7.5,2.7,76000.000000,39,27,0.0,0.0,1568.000000,0,0.0,0.0,0.0,1.0
241031,0,1,3400,-76,76,53,2.6,7.5,0.65,18112.000000,0,27,0.0,0.0,1568.000000,0,0.0,0.0,0.0,1.0
241280,0,1,3400,-76,76,52,3.7,7.6,0.53,35648.000000,0,27,0.0,0.0,0.0,0.0,0.0,0.0,0.0,1.0
241529,0,1,3400,-75,75,52,0.73,7.4,0.50,15744.000000,0,27,0.0,0.0,1568.000000,0,0.0,0.0,0.0,1.0
241778,0,1,3400,-75,75,49,4.4,8.1,0.54,43360.000000,0,27,0.21,0.0,38848.000000,18,0.0,0.0,0.0,1.0
242027,0,1,3400,-75,75,56,4.0,8.1,0.52,27648.000000,0,27,0.62,507,0.0,80,0.0,0.0,0.0,1.0
242276,0,1,3400,-75,75,60,5.6,8.5,1.0,41312.000000,18,27,1.1,0.0,27488.000000,15,0.0,0.0,0.0,1.0
242525,0,1,3400,-75,75,65,9.4,8.4,1.3,72256.000000,19,27,2.0,0.0,0.0,100.000000,0.0,0.0,0.0,1.0
242774,0,1,3400,-75,75,61,2.9,8.5,0.51,28992.000000,3,27,2.0,0.0,0.0,0.0,0.0,0.0,0.0,1.0
243023,0,1,3400,-75,75,56,1.1,8.3,0.50,9472.000000,0,27,1.1,0.0,47328.000000,28,0.0,0.0,0.0,1.0
243272,0,1,3400,-75,75,55,0.11,8.4,0.50,11968.000000,0,27,0.056,0.0,0.0,0.0,0.0,0.0,0.0,1.0
243521,0,1,3400,-75,75,48,0.032,8.7,0.50,11616.000000,0,27,0.016,0.0,0.0,0.0,0.0,0.0,0.0,1.0
243770,0,1,3400,-75,75,48,0.0,8.6,0.50,12672.000000,0,27,0.0,0.0,0.0,0.0,0.0,0.0,0.0,1.0
244019,0,1,3400,-75,75,50,0.032,8.4,0.50,13376.000000,0,27,0.016,0.0,0.0,0.0,0.0,0.0,0.0,1.0
244268,0,1,3400,-75,75,51,0.048,8.4,0.50,9152.000000,0,27,0.024,0.0,0.0,0.0,0.0,0.0,0.0,1.0
244517,0,1,3400,-75,75,59,2.5,8.4,0.50,31552.000000,0,27,0.53,0.0,30368.000000,0,0.0,0.0,0.0,1.0
244766,0,1,3400,-75,75,62,4.0,8.5,0.50,38912.000000,0,27,1.1,0.0,30880.000000,5,0.0,0.0,0.0,1.0
245015,0,1,3400,-75,75,64,8.7,9.0,0.87,70240.000000,3,27,2.0,541,1504.000000,33,0.0,0.0,0.0,1.0
245264,0,1,3400,-75,75,60,4.6,8.7,0.55,39968.000000,0,27,2.0,541,0.0,0.0,0.0,0.0,0.0,1.0
245513,0,1,3400,-75,75,56,13,8.3,1.7,34688.000000,34,27,4.3,0.0,57504.000000,0,0.0,0.0,0.0,1.0
245762,0,1,3400,-75,75,52,1.2,8.6,0.64,11616.000000,0,27,5.4,0.0,0.0,0.0,0.0,0.0,0.0,1.0
246011,0,1,3400,-75,75,42,0.032,8.3,0.50,9856.000000,0,27,5.4,0.0,0.0,0.0,0.0,0.0,0.0,1.0
246260,0,1,3400,-75,75,45,1.8,8.3,0.79,8448.000000,17,27,5.3,0.0,0.0,0.0,0.0,0.0,0.0,1.0
246509,0,1,3400,-75,75,52,17,8.3,3.1,19008.000000,69,27,5.4,0.0,6848.000000,20,0.0,0.0,0.0,1.0
246758,0,1,3400,-75,75,55,3.8,8.6,0.53,39744.000000,0,27,3.0,0.0,0.0,0.0,0.0,0.0,0.0,1.0
247007,0,1,3400,-75,75,55,3.3,8.5,0.50,25280.000000,0,27,2.6,0.0,160,0,0.0,0.0,0.0,1.0
247256,0,1,3400,-75,75,56,4.5,8.4,0.93,15168.000000,14,27,2.5,0.0,0.0,0.0,0.0,0.0,0.0,1.0
247505,0,1,3400,-75,75,58,8.1,8.2,1.7,6336.000000,25,27,2.5,0.0,0.0,0.0,0.0,0.0,0.0,1.0
247754,0,1,3400,-75,75,56,0.60,7.4,0.51,11712.000000,0,27,2.5,0.0,0.0,0.0,0.0,0.0,0.0,1.0
248003,0,1,3400,-76,76,61,26,7.7,3.9,0.0,100.000000,27,2.5,0.0,0.0,0.0,0.0,0.0,0.0,1.0
248252,0,1,3400,-76,76,59,23,7.3,3.3,14144.000000,82,27,2.5,0.0,0.0,0.0,0.0,0.0,0.0,1.0
248501,0,1,3400,-75,75,57,3.8,7.7,0.59,25024.000000,0,27,2.5,0.0,0.0,0.0,0.0,0.0,0.0,1.0
248750,0,1,3400,-75,75,56,19,7.8,2.9,10368.000000,76,27,2.5,0.0,0.0,0.0,0.0,0.0,0.0,1.0
248999,0,1,3400,-75,75,48,3.8,8.5,0.90,15552.000000,13,27,2.5,0.0,0.0,0.0,0.0,0.0,0.0,1.0
249248,0,1,3400,-75,75,54,1.1,8.4,0.61,19296.000000,3,27,2.5,0.0,0.0,0.0,0.0,0.0,0.0,1.0
249497,0,1,3400,-75,75,56,5.9,8.3,1.3,44768.000000,8,27,2.4,0.0,39520.000000,12,0.0,0.0,0.0,1.0
249746,0,1,3400,-75,75,60,12,9.0,1.8,24576.000000,43,27,2.0,0.0,0.0,0.0,0.0,0.0,0.0,1.0
249995,0,1,3400,-75,75,62,22,8.6,4.0,0.0,100.000000,27,2.0,0.0,0.0,0.0,0.0,0.0,0.0,1.0
250244,0,1,3400,-75,75,61,20,8.8,4.0,0.0,100.000000,27,2.0,0.0,0.0,0.0,0.0,0.0,0.0,1.0
250493,0,1,3400,-75,75,66,2.9,8.6,0.77,21696.000000,0,27,2.0,0.0,0.0,0.0,0.0,0.0,0.0,1.0
250742,0,1,3400,-75,75,63,3.1,8.3,0.50,15776.000000,0,27,2.0,0.0,0.0,0.0,0.0,0.0,0.0,1.0
250991,0,1,3400,-75,75,61,0.96,8.3,0.50,12000.000000,0,27,2.0,0.0,0.0,0.0,0.0,0.0,0.0,1.0
251240,0,1,3400,-75,75,61,2.9,8.1,0.50,37760.000000,0,27,2.0,581,0.0,0.0,0.0,0.0,0.0,1.0
251489,0,1,3400,-75,75,55,8.5,8.0,1.3,17664.000000,41,27,2.0,0.0,45792.000000,0,0.0,0.0,0.0,1.0
251738,0,1,3400,-76,76,50,25,8.0,4.0,0.0,100.000000,27,2.0,0.0,0.0,0.0,0.0,0.0,0.0,1.0
251987,0,1,3400,-76,76,55,14,7.5,2.5,13536.000000,55,27,2.0,0.0,2592.000000,0,0.0,0.0,0.0,1.0
252236,0,1,3400,-76,76,59,6.4,8.3,1.2,22144.000000,16,27,2.0,0.0,0.0,0.0,0.0,0.0,0.0,1.0
252485,0,1,3400,-76,76,60,1.0,7.4,0.50,21312.000000,0,27,2.0,0.0,0.0,0.0,0.0,0.0,0.0,1.0
252734,0,1,3400,-76,76,59,1.0,7.2,0.50,14976.000000,0,27,2.0,0.0,0.0,0.0,0.0,0.0,0.0,1.0
252983,0,1,3400,-76,76,59,1.0,7.7,0.50,16704.000000,0,27,2.0,0.0,0.0,0.0,0.0,0.0,0.0,1.0
253232,0,1,3400,-76,76,56,1.0,7.4,0.50,20736.000000,0,27,2.0,0.0,0.0,0.0,0.0,0.0,0.0,1.0
253481,0,1,3400,-76,76,61,0.68,7.2,0.50,16768.000000,0,27,2.0,0.0,39296.000000,0,0.0,0.0,0.0,1.0
253730,0,1,3400,-76,76,63,2.6,7.7,1.1,21824.000000,17,27,2.0,0.0,0.0,0.0,0.0,0.0,0.0,1.0
253979,0,1,3400,-76,76,66,1.2,7.9,0.66,18528.000000,3,27,11,0.0,2208.000000,0,0.0,0.0,0.0,1.0
254228,0,1,3400,-76,76,65,15,7.8,2.4,6944.000000,59,27,14,0.0,0.0,0.0,0.0,0.0,0.0,1.0
254477,0,1,3400,-76,76,62,18,7.0,2.8,5280.000000,52,27,14,0.0,0.0,0.0,0.0,0.0,0.0,1.0
254726,0,1,3400,-76,76,56,0.0080,7.6,0.50,9856.000000,0,27,13,0.0,0.0,0.0,0.0,0.0,0.0,1.0
254975,0,1,3400,-76,76,48,2.7,7.5,0.50,23648.000000,0,27,13,0.0,0.0,0.0,0.0,0.0,0.0,1.0
255224,0,1,3400,-76,76,50,0.56,7.7,0.50,9472.000000,0,27,13,0.0,0.0,0.0,0.0,0.0,0.0,1.0
255473,0,1,3400,-76,76,51,17,7.3,2.8,12160.000000,77,27,13,0.0,0.0,0.0,0.0,0.0,0.0,1.0
255722,0,1,3400,-76,76,51,1.5,7.1,0.52,20256.000000,0,27,13,0.0,0.0,0.0,0.0,0.0,0.0,1.0
255971,0,1,3400,-77,77,52,3.0,7.0,0.54,34112.000000,0,27,13,581,0.0,0.0,0.0,0.0,0.0,1.0
256220,0,1,3400,-77,77,52,1.0,6.5,0.50,16128.000000,0,27,13,0.0,50656.000000,33,0.0,0.0,0.0,1.0
256469,0,1,3400,-77,77,54,3.9,6.1,0.98,17856.000000,14,27,14,0.0,0.0,0.0,0.0,0.0,0.0,1.0
256718,0,1,3400,-77,77,61,0.032,6.1,0.50,12320.000000,0,27,14,0.0,0.0,0.0,0.0,0.0,0.0,1.0
256967,0,1,3400,-77,77,58,1.9,6.1,0.75,14400.000000,14,27,14,0.0,0.0,0.0,0.0,0.0,0.0,1.0
257216,0,1,3400,-77,77,58,4.2,6.2,0.77,22528.000000,3,27,12,0.0,7200.000000,0,0.0,0.0,0.0,1.0
257465,0,1,3400,-77,77,69,0.95,6.3,0.52,17088.000000,0,27,10,0.0,0.0,0.0,0.0,0.0,0.0,1.0
257714,0,1,3400,-76,76,69,4.2,5.6,1.1,11616.000000,23,27,10,0.0,7200.000000,0,0.0,0.0,0.0,1.0
257963,0,1,3400,-77,77,62,0.71,6.8,0.50,15392.000000,0,27,8.4,0.0,7200.000000,0,0.0,0.0,0.0,1.0
258212,0,1,3400,-76,76,58,0.49,6.5,0.50,9056.000000,0,27,7.6,0.0,9376.000000,0,0.0,0.0,0.0,1.0
258461,0,1,3400,-76,76,58,4.9,6.2,1.1,11520.000000,18,27,8.0,0.0,0.0,0.0,0.0,0.0,0.0,1.0
258710,0,1,3400,-76,76,61,5.5,6.8,1.3,11936.000000,14,27,8.0,0.0,0.0,0.0,0.0,0.0,0.0,1.0
258959,0,1,3400,-76,76,66,1.0,6.4,0.52,20160.000000,0,27,8.0,0.0,0.0,0.0,0.0,0.0,0.0,1.0
259208,0,1,3400,-77,77,65,12,6.7,2.2,10944.000000,50,27,7.0,0.0,11456.000000,0,0.0,0.0,0.0,1.0
259457,0,1,3400,-77,77,66,5.9,7.1,2.0,13472.000000,46,27,7.0,0.0,0.0,0.0,0.0,0.0,0.0,1.0
259706,0,1,3400,-77,77,57,1.1,7.4,0.50,18432.000000,0,27,7.2,0.0,9376.000000,0,0.0,0.0,0.0,1.0
259955,0,1,3400,-77,77,55,12,6.3,2.1,9216.000000,48,27,7.1,0.0,7200.000000,0,0.0,0.0,0.0,1.0
260204,0,1,3400,-77,77,63,0.80,6.2,0.50,17696.000000,0,27,7.8,0.0,9376.000000,0,0.0,0.0,0.0,1.0
260453,0,1,3400,-77,77,58,0.17,5.9,0.50,9600.000000,0,27,8.0,0.0,0.0,0.0,0.0,0.0,0.0,1.0
260702,0,1,3400,-78,78,56,0.048,5.7,0.52,14432.000000,0,27,8.0,0.0,0.0,0.0,0.0,0.0,0.0,1.0
260951,0,1,3400,-78,78,55,0.0,5.7,0.55,9856.000000,0,27,8.0,0.0,9376.000000,0,0.0,0.0,0.0,1.0
261200,0,1,3400,-78,78,59,3.3,5.9,0.94,13152.000000,11,27,8.0,0.0,7200.000000,0,0.0,0.0,0.0,1.0
261449,0,1,3400,-78,78,51,0.74,5.9,0.50,14464.000000,0,27,8.0,0.0,0.0,0.0,0.0,0.0,0.0,1.0
261698,0,1,3400,-77,77,50,3.9,6.1,0.92,14048.000000,11,27,8.0,0.0,0.0,0.0,0.0,0.0,0.0,1.0
261947,0,1,3400,-77,77,53,12,6.5,2.5,3520.000000,63,27,7.9,0.0,7200.000000,33,0.0,0.0,0.0,1.0
262196,0,1,3400,-77,77,54,22,6.2,4.0,352,97,27,3.4,0.0,5824.000000,58,0.0,0.0,0.0,1.0
262445,0,1,3400,-77,77,50,1.2,6.4,0.60,11360.000000,0,27,2.8,0.0,7200.000000,0,0.0,0.0,0.0,1.0
262694,0,1,3400,-77,77,51,4.9,6.8,1.3,13824.000000,27,27,6.6,0.0,7200.000000,0,0.0,0.0,0.0,1.0
262943,0,1,3400,-77,77,53,7.6,6.5,1.3,47200.000000,22,27,7.0,0.0,0.0,0.0,0.0,0.0,0.0,1.0
263192,0,1,3400,-77,77,54,0.81,6.6,0.58,12320.000000,0,27,6.5,0.0,11456.000000,0,0.0,0.0,0.0,1.0
263441,0,1,3400,-77,77,52,1.2,6.3,0.55,19008.000000,0,27,5.5,0.0,4256.000000,0,0.0,0.0,0.0,1.0
263690,0,1,3400,-77,77,50,0.88,6.4,0.61,18720.000000,0,27,5.5,0.0,0.0,0.0,0.0,0.0,0.0,1.0
263939,0,1,3400,-77,77,50,1.0,6.1,0.53,19584.000000,0,27,5.6,0.0,0.0,0.0,0.0,0.0,0.0,1.0
264188,0,1,3400,-77,77,46,22,6.4,3.3,3456.000000,79,27,2.8,0.0,26080.000000,16,0.0,0.0,0.0,1.0
264437,0,1,3400,-77,77,46,15,6.4,2.6,6272.000000,61,27,2.0,0.0,0.0,0.0,0.0,0.0,0.0,1.0
264686,0,1,3400,-77,77,48,8.3,6.4,1.7,11072.000000,17,27,1.5,0.0,1568.000000,0,0.0,0.0,0.0,1.0
264935,0,1,3400,-77,77,51,1.6,6.4,0.58,25344.000000,0,27,0.0,0.0,0.0,0.0,0.0,0.0,0.0,1.0
265184,0,1,3400,-77,77,57,3.3,6.4,1.2,24256.000000,24,27,1.6,0.0,4256.000000,0,0.0,0.0,0.0,1.0
265433,0,1,3400,-77,77,62,18,6.3,3.4,2112.000000,78,27,2.0,0.0,0.0,0.0,0.0,0.0,0.0,1.0
265682,0,1,3400,-77,77,61,9.4,6.4,1.7,11488.000000,24,27,3.6,0.0,15712.000000,25,0.0,0.0,0.0,1.0
265931,0,1,3400,-77,77,66,11,6.3,2.0,40928.000000,36,27,3.9,0.0,4256.000000,0,0.0,0.0,0.0,1.0
266180,0,1,3400,-77,77,56,24,6.4,3.9,0.0,100.000000,27,3.9,0.0,0.0,0.0,0.0,0.0,0.0,1.0
266429,0,1,3400,-77,77,55,14,6.6,2.3,6336.000000,48,27,3.9,0.0,0.0,0.0,0.0,0.0,0.0,1.0
266678,0,1,3400,-77,77,51,11,6.9,2.2,4800.000000,57,27,4.0,0.0,0.0,0.0,0.0,0.0,0.0,1.0
266927,0,1,3400,-78,78,56,12,7.3,2.0,8000.000000,41,27,3.9,0.0,0.0,0.0,0.0,0.0,0.0,1.0
267176,0,1,3400,-77,77,62,1.2,6.5,0.57,16128.000000,0,27,3.9,0.0,0.0,0.0,0.0,0.0,0.0,1.0
267425,0,1,3400,-77,77,59,0.83,6.5,0.50,23328.000000,0,27,3.9,0.0,0.0,0.0,0.0,0.0,0.0,1.0
267674,0,1,3400,-78,78,55,0.040,7.3,0.50,11584.000000,0,27,4.0,0.0,0.0,0.0,0.0,0.0,0.0,1.0
267923,0,1,3400,-77,77,52,1.0,7.0,0.57,25344.000000,0,27,3.9,0.0,0.0,0.0,0.0,0.0,0.0,1.0
268172,0,1,3400,-78,78,52,22,7.3,3.2,3456.000000,81,27,4.0,0.0,0.0,0.0,0.0,0.0,0.0,1.0
268421,0,1,3400,-78,78,55,25,7.3,3.8,15520.000000,84,27,3.9,0.0,0.0,0.0,0.0,0.0,0.0,1.0
268670,0,1,3400,-78,78,56,2.7,6.2,1.1,13664.000000,11,27,4.0,0.0,0.0,0.0,0.0,0.0,0.0,1.0
268919,0,1,3400,-78,78,59,7.6,6.9,1.5,9120.000000,29,27,3.9,0.0,0.0,0.0,0.0,0.0,0.0,1.0
269168,0,1,3400,-78,78,64,17,5.6,3.2,2816.000000,75,27,3.9,0.0,0.0,0.0,0.0,0.0,0.0,1.0
269417,0,1,3400,-78,78,61,1.2,5.8,0.55,18336.000000,0,27,4.0,0.0,0.0,0.0,0.0,0.0,0.0,1.0
269666,0,1,3400,-78,78,61,0.0,5.6,0.55,11264.000000,0,27,3.9,0.0,0.0,0.0,0.0,0.0,0.0,1.0
269915,0,1,3400,-78,78,54,0.0,5.7,0.57,8448.000000,0,27,3.9,0.0,0.0,0.0,0.0,0.0,0.0,1.0
270164,0,1,3400,-78,78,44,0.11,5.8,0.52,11616.000000,3,27,3.9,0.0,4256.000000,0,0.0,0.0,0.0,1.0
270413,0,1,3400,-79,79,52,0.49,6.6,0.53,18432.000000,0,27,3.9,0.0,0.0,0.0,0.0,0.0,0.0,1.0
270662,0,1,3400,-79,79,57,0.98,6.4,0.56,21888.000000,0,27,3.9,0.0,0.0,0.0,0.0,0.0,0.0,1.0
270911,0,1,3400,-78,78,62,7.8,5.1,1.6,10944.000000,32,27,3.9,0.0,0.0,0.0,0.0,0.0,0.0,1.0
271160,0,1,3400,-78,78,56,2.3,4.9,0.94,11264.000000,6,27,3.3,0.0,2592.000000,0,0.0,0.0,0.0,1.0
271409,0,1,3400,-78,78,58,0.10,4.8,0.53,15840.000000,2,27,2.9,0.0,0.0,0.0,0.0,0.0,0.0,1.0
271658,0,1,3400,-79,79,58,12,5.5,2.3,4576.000000,63,27,3.0,0.0,0.0,0.0,0.0,0.0,0.0,1.0
271907,0,1,3400,-79,79,53,17,5.5,3.2,11680.000000,70,27,3.0,0.0,0.0,0.0,0.0,0.0,0.0,1.0
272156,0,1,3400,-79,79,49,22,6.3,3.2,1760.000000,80,27,2.9,0.0,0.0,0.0,0.0,0.0,0.0,1.0
272405,0,1,3400,-79,79,55,28,6.3,4.0,0.0,100.000000,27,3.0,0.0,0.0,0.0,0.0,0.0,0.0,1.0
272654,0,1,3400,-79,79,58,28,6.5,4.0,0.0,100.000000,27,3.0,0.0,0.0,0.0,0.0,0.0,0.0,1.0
272903,0,1,3400,-79,79,56,16,5.6,2.6,3520.000000,67,27,3.0,0.0,4256.000000,0,0.0,0.0,0.0,1.0
273152,0,1,3400,-79,79,60,0.22,5.5,0.69,7744.000000,4,27,3.0,0.0,0.0,0.0,0.0,0.0,0.0,1.0
273401,0,1,3400,-79,79,60,5.0,6.1,1.6,7392.000000,28,27,3.0,0.0,2592.000000,0,0.0,0.0,0.0,1.0
273650,0,1,3400,-79,79,59,7.7,6.0,3.0,33792.000000,54,27,3.0,0.0,2592.000000,0,0.0,0.0,0.0,1.0
273899,0,1,3400,-79,79,57,15,4.8,3.1,2816.000000,72,27,3.0,0.0,0.0,0.0,0.0,0.0,0.0,1.0
274148,0,1,3400,-79,79,63,5.2,4.8,2.0,4576.000000,57,27,3.0,0.0,0.0,0.0,0.0,0.0,0.0,1.0
274397,0,1,3400,-79,79,65,6.8,4.8,1.8,6688.000000,39,27,3.0,0.0,0.0,0.0,0.0,0.0,0.0,1.0
274646,0,1,3400,-79,79,53,27,4.6,3.9,0.0,100.000000,27,3.0,0.0,0.0,0.0,0.0,0.0,0.0,1.0
274895,0,1,3400,-79,79,55,27,4.4,3.9,0.0,100.000000,27,3.0,0.0,0.0,0.0,0.0,0.0,0.0,1.0
275144,0,1,3400,-79,79,52,5.3,4.6,1.6,11936.000000,27,27,3.0,0.0,0.0,0.0,0.0,0.0,0.0,1.0
275393,0,1,3400,-79,79,59,0.0,4.6,0.65,8448.000000,4,27,3.0,0.0,0.0,0.0,0.0,0.0,0.0,1.0
275642,0,1,3400,-79,79,61,13,4.2,2.7,3520.000000,67,27,3.0,0.0,0.0,0.0,0.0,0.0,0.0,1.0
275891,0,1,3400,-79,79,53,11,4.9,2.6,3872.000000,54,27,3.0,0.0,0.0,0.0,0.0,0.0,0.0,1.0
276140,0,1,3400,-79,79,55,6.2,4.5,2.1,25472.000000,29,27,3.0,0.0,0.0,0.0,0.0,0.0,0.0,1.0
276389,0,1,3400,-79,79,53,0.0,4.4,0.50,9504.000000,0,27,3.0,0.0,0.0,0.0,0.0,0.0,0.0,1.0
276638,0,1,3400,-80,80,59,20,4.4,3.7,0.0,100.000000,27,3.6,0.0,7200.000000,33,0.0,0.0,0.0,1.0
276887,0,1,3400,-80,80,49,21,4.1,4.0,0.0,100.000000,27,4.5,0.0,0.0,0.0,0.0,0.0,0.0,1.0
277136,0,1,3400,-80,80,53,6.2,4.0,1.6,10208.000000,19,27,4.4,0.0,2592.000000,0,0.0,0.0,0.0,1.0
277385,0,1,3400,-80,80,64,0.35,4.2,0.72,11616.000000,6,27,4.5,0.0,0.0,0.0,0.0,0.0,0.0,1.0
277634,0,1,3400,-80,80,59,2.5,4.0,1.2,10560.000000,17,27,4.4,0.0,0.0,0.0,0.0,0.0,0.0,1.0
277883,0,1,3400,-80,80,66,22,4.5,4.0,0.0,100.000000,27,4.5,0.0,0.0,0.0,0.0,0.0,0.0,1.0
278132,0,1,3400,-80,80,55,17,4.8,3.0,3168.000000,75,27,4.5,0.0,0.0,0.0,0.0,0.0,0.0,1.0
278381,0,1,3400,-80,80,50,1.6,4.0,0.89,7392.000000,16,27,4.5,0.0,0.0,0.0,0.0,0.0,0.0,1.0
278630,0,1,3400,-80,80,64,1.5,4.2,0.93,9856.000000,20,27,4.5,0.0,0.0,0.0,0.0,0.0,0.0,1.0
278879,0,1,3400,-79,79,57,17,3.9,3.3,1760.000000,83,27,4.5,0.0,0.0,0.0,0.0,0.0,0.0,1.0
279128,0,1,3400,-80,80,53,7.4,4.1,1.7,9504.000000,16,27,4.4,0.0,0.0,0.0,0.0,0.0,0.0,1.0
279377,0,1,3400,-79,79,54,0.97,4.4,0.77,16704.000000,0,27,5.2,0.0,4256.000000,0,0.0,0.0,0.0,1.0
279626,0,1,3400,-79,79,50,16,4.5,2.7,14400.000000,44,27,5.4,0.0,0.0,0.0,0.0,0.0,0.0,1.0
279875,0,1,3400,-79,79,50,5.0,4.6,1.2,8448.000000,11,27,3.2,0.0,2592.000000,0,0.0,0.0,0.0,1.0
280124,0,1,3400,-79,79,54,0.088,4.5,0.64,11616.000000,3,27,3.0,0.0,0.0,0.0,0.0,0.0,0.0,1.0
280373,0,1,3400,-79,79,60,1.7,4.5,1.1,15552.000000,13,27,3.0,0.0,0.0,0.0,0.0,0.0,0.0,1.0
280622,0,1,3400,-79,79,69,5.5,4.5,2.3,17408.000000,45,27,3.0,0.0,0.0,0.0,0.0,0.0,0.0,1.0
280871,0,1,3400,-79,79,67,13,4.6,4.0,0.0,100.000000,27,3.0,0.0,0.0,0.0,0.0,0.0,0.0,1.0
281120,0,1,3400,-79,79,64,6.2,4.9,2.1,9856.000000,33,27,3.0,0.0,0.0,0.0,0.0,0.0,0.0,1.0
281369,0,1,3400,-79,79,61,1.8,5.5,1.1,14720.000000,8,27,3.0,0.0,2592.000000,0,0.0,0.0,0.0,1.0
281618,0,1,3400,-79,79,58,12,5.1,4.0,3104.000000,96,27,3.0,0.0,0.0,0.0,0.0,0.0,0.0,1.0
281867,0,1,3400,-79,79,56,7.1,5.5,2.6,5280.000000,58,27,3.0,0.0,0.0,0.0,0.0,0.0,0.0,1.0
282116,0,1,3400,-79,79,49,9.7,5.1,2.1,3520.000000,68,27,3.0,0.0,0.0,0.0,0.0,0.0,0.0,1.0
282365,0,1,3400,-79,79,50,20,5.2,4.0,0.0,100.000000,27,3.0,0.0,0.0,0.0,0.0,0.0,0.0,1.0
282614,0,1,3400,-79,79,55,1.8,5.3,1.0,19264.000000,5,27,3.6,0.0,1568.000000,33,0.0,0.0,0.0,1.0
282863,0,1,3400,-78,78,56,0.56,5.0,0.72,13120.000000,0,27,4.0,0.0,0.0,0.0,0.0,0.0,0.0,1.0
283112,0,1,3400,-79,79,61,0.0,4.9,0.53,11968.000000,0,27,4.0,0.0,0.0,0.0,0.0,0.0,0.0,1.0
283361,0,1,3400,-79,79,57,0.0,4.9,0.54,11968.000000,0,27,4.0,0.0,0.0,0.0,0.0,0.0,0.0,1.0
283610,0,1,3400,-79,79,60,0.0,4.5,0.50,12672.000000,0,27,3.8,0.0,2592.000000,33,0.0,0.0,0.0,1.0
283859,0,1,3400,-79,79,59,5.6,4.6,2.5,3904.000000,78,27,2.0,0.0,0.0,0.0,0.0,0.0,0.0,1.0
284108,0,1,3400,-79,79,66,19,4.6,4.0,0.0,100.000000,27,2.0,0.0,2592.000000,0,0.0,0.0,0.0,1.0
284357,0,1,3400,-79,79,67,22,4.5,4.0,0.0,100.000000,27,2.0,0.0,0.0,0.0,0.0,0.0,0.0,1.0
284606,0,1,3400,-79,79,64,22,4.6,4.0,0.0,100.000000,27,2.0,0.0,0.0,0.0,0.0,0.0,0.0,1.0
284855,0,1,3400,-79,79,61,21,4.7,4.0,0.0,100.000000,27,2.0,0.0,0.0,0.0,0.0,0.0,0.0,1.0
285104,0,1,3400,-79,79,55,18,4.9,3.5,2816.000000,75,27,2.0,0.0,0.0,0.0,0.0,0.0,0.0,1.0
285353,0,1,3400,-79,79,46,0.0,4.9,0.94,8448.000000,4,27,2.0,0.0,0.0,0.0,0.0,0.0,0.0,1.0
285602,0,1,3400,-78,78,51,5.1,4.6,2.1,7040.000000,43,27,2.0,0.0,0.0,0.0,0.0,0.0,0.0,1.0
285851,0,1,3400,-79,79,49,14,5.2,2.7,5632.000000,53,27,2.0,0.0,0.0,0.0,0.0,0.0,0.0,1.0
286100,0,1,3400,-79,79,52,0.0,5.3,0.51,12320.000000,0,27,2.0,0.0,0.0,0.0,0.0,0.0,0.0,1.0
286349,0,1,3400,-79,79,56,0.024,5.2,0.53,11232.000000,0,27,2.0,0.0,0.0,0.0,0.0,0.0,0.0,1.0
286598,0,1,3400,-78,78,63,17,5.2,3.0,2784.000000,82,27,2.0,0.0,0.0,0.0,0.0,0.0,0.0,1.0
286847,0,1,3400,-78,78,66,5.6,5.2,1.2,21952.000000,10,27,2.0,0.0,0.0,0.0,0.0,0.0,0.0,1.0
287096,0,1,3400,-79,79,61,5.7,5.2,1.5,23232.000000,25,27,2.0,0.0,0.0,0.0,0.0,0.0,0.0,1.0
287345,0,1,3400,-79,79,53,18,5.4,3.4,2304.000000,89,27,2.0,0.0,0.0,0.0,0.0,0.0,0.0,1.0
287594,0,1,3400,-78,78,60,2.1,5.0,1.2,12928.000000,14,27,2.0,0.0,0.0,0.0,0.0,0.0,0.0,1.0
287843,0,1,3400,-79,79,52,8.9,5.5,2.5,15840.000000,71,27,2.0,0.0,0.0,0.0,0.0,0.0,0.0,1.0
288092,0,1,3400,-78,78,52,7.3,5.3,1.7,6688.000000,14,27,2.0,0.0,0.0,0.0,0.0,0.0,0.0,1.0
288341,0,1,3400,-78,78,59,10,5.2,2.2,5280.000000,46,27,2.0,0.0,0.0,0.0,0.0,0.0,0.0,1.0
288590,0,1,3400,-78,78,60,11,5.5,2.0,7040.000000,49,27,2.0,0.0,0.0,0.0,0.0,0.0,0.0,1.0
288839,0,1,3400,-78,78,55,0.16,5.5,0.54,13728.000000,0,27,2.7,0.0,7200.000000,0,0.0,0.0,0.0,1.0
289088,0,1,3400,-78,78,60,0.49,5.7,0.60,12064.000000,4,27,4.5,0.0,0.0,0.0,0.0,0.0,0.0,1.0
289337,0,1,3400,-78,78,53,1.0,6.0,0.54,20160.000000,0,27,4.5,0.0,0.0,0.0,0.0,0.0,0.0,1.0
289586,0,1,3400,-78,78,54,1.1,5.9,0.66,21888.000000,0,27,4.5,0.0,0.0,0.0,0.0,0.0,0.0,1.0
289835,0,1,3400,-78,78,55,2.4,5.5,1.0,17888.000000,7,27,4.5,0.0,0.0,0.0,0.0,0.0,0.0,1.0
290084,0,1,3400,-78,78,51,4.1,6.0,1.1,18752.000000,14,27,4.5,0.0,0.0,0.0,0.0,0.0,0.0,1.0
290333,0,1,3400,-78,78,55,0.084,5.3,0.53,15488.000000,0,27,4.5,0.0,0.0,0.0,0.0,0.0,0.0,1.0
290582,0,1,3400,-78,78,55,0.040,5.6,0.56,14784.000000,0,27,4.5,0.0,0.0,0.0,0.0,0.0,0.0,1.0
290831,0,1,3400,-78,78,61,0.040,5.1,0.53,11968.000000,0,27,8.0,0.0,0.0,80,0.0,0.0,0.0,1.0
291080,0,1,3400,-79,79,52,0.080,5.9,0.57,15488.000000,0,27,9.9,0.0,0.0,0.0,0.0,0.0,0.0,1.0
291329,0,1,3400,-79,79,61,0.54,5.7,0.54,11648.000000,0,27,9.8,0.0,0.0,0.0,0.0,0.0,0.0,1.0
291578,0,1,3400,-79,79,58,3.0,6.2,0.80,21312.000000,14,27,10,0.0,0.0,0.0,0.0,0.0,0.0,1.0
291827,0,1,3400,-78,78,57,18,4.9,3.1,2464.000000,72,27,10.0,0.0,0.0,0.0,0.0,0.0,0.0,1.0
292076,0,1,3400,-78,78,56,0.73,4.9,0.88,16000.000000,13,27,9.8,0.0,0.0,0.0,0.0,0.0,0.0,1.0
292325,0,1,3400,-79,79,48,0.0,5.2,0.52,13024.000000,0,27,10,0.0,0.0,0.0,0.0,0.0,0.0,1.0
292574,0,1,3400,-79,79,57,4.2,5.0,1.2,10208.000000,15,27,9.9,0.0,0.0,0.0,0.0,0.0,0.0,1.0
292823,0,1,3400,-79,79,54,18,4.7,3.4,1760.000000,85,27,10,0.0,0.0,0.0,0.0,0.0,0.0,1.0
293072,0,1,3400,-79,79,57,8.6,4.9,1.6,7040.000000,29,27,10.0,0.0,0.0,0.0,0.0,0.0,0.0,1.0
293321,0,1,3400,-79,79,63,19,4.8,3.8,0.0,100.000000,27,10,0.0,0.0,0.0,0.0,0.0,0.0,1.0
293570,0,1,3400,-79,79,52,19,4.3,3.9,0.0,100.000000,27,9.8,0.0,0.0,0.0,0.0,0.0,0.0,1.0
293819,0,1,3400,-79,79,50,5.0,4.7,1.4,9152.000000,13,27,9.9,0.0,0.0,0.0,0.0,0.0,0.0,1.0
294068,0,1,3400,-79,79,49,0.0,5.0,0.54,10912.000000,0,27,9.9,0.0,0.0,0.0,0.0,0.0,0.0,1.0
294317,0,1,3400,-79,79,50,0.76,5.0,0.93,12320.000000,5,27,9.9,0.0,0.0,0.0,0.0,1.0,0.0,1.0
294566,0,1,3400,-79,79,51,2.9,5.0,1.5,8800.000000,22,27,9.9,0.0,0.0,0.0,0.0,0.0,0.0,1.0
294815,0,1,3400,-79,79,51,8.1,4.7,2.0,8096.000000,30,27,9.9,0.0,0.0,0.0,0.0,0.0,0.0,1.0
295064,0,1,3400,-79,79,59,9.1,4.4,3.2,704,93,27,9.3,0.0,4256.000000,0,0.0,0.0,0.0,1.0
295313,0,1,3400,-79,79,58,0.43,5.0,0.77,11968.000000,3,27,8.4,0.0,4256.000000,0,0.0,0.0,0.0,1.0
295562,0,1,3400,-79,79,63,1.1,5.4,0.89,11616.000000,13,27,8.4,0.0,0.0,0.0,0.0,0.0,0.0,1.0
295811,0,1,3400,-78,78,54,0.0,4.9,0.56,10912.000000,0,27,8.3,0.0,0.0,0.0,0.0,0.0,0.0,1.0
296060,0,1,3400,-79,79,56,0.0,5.2,0.50,10208.000000,0,27,8.4,0.0,0.0,0.0,0.0,0.0,0.0,1.0
296309,0,1,3400,-79,79,46,0.53,5.1,0.61,12672.000000,3,27,8.3,0.0,0.0,0.0,0.0,0.0,0.0,1.0
296558,0,1,3400,-78,78,45,20,5.0,3.8,1056.000000,91,27,8.4,0.0,0.0,0.0,0.0,0.0,0.0,1.0
296807,0,1,3400,-78,78,47,21,5.2,3.3,704,94,27,8.3,0.0,0.0,0.0,0.0,0.0,0.0,1.0
297056,0,1,3400,-79,79,55,11,5.3,1.9,9152.000000,32,27,8.0,0.0,9376.000000,0,0.0,0.0,0.0,1.0
297305,0,1,3400,-78,78,47,6.6,4.9,1.9,6336.000000,40,27,6.5,0.0,0.0,0.0,0.0,0.0,0.0,1.0
297554,0,1,3400,-78,78,44,2.9,5.2,1.6,4224.000000,57,27,6.4,0.0,0.0,75,0.0,0.0,0.0,1.0
297803,0,1,3400,-78,78,47,8.4,4.5,3.5,6912.000000,82,27,6.3,0.0,0.0,0.0,0.0,0.0,0.0,1.0
298052,0,1,3400,-78,78,40,4.1,4.5,2.0,10208.000000,32,27,6.4,0.0,0.0,0.0,0.0,0.0,0.0,1.0
298301,0,1,3400,-78,78,50,3.3,4.3,1.8,18176.000000,26,27,4.8,0.0,1568.000000,0,0.0,0.0,0.0,1.0
298550,0,1,3400,-79,79,48,0.48,4.3,1.0,14656.000000,13,27,2.0,0.0,0.0,0.0,0.0,0.0,0.0,1.0
298799,0,1,3400,-79,79,50,0.0,4.5,0.53,8800.000000,0,27,3.2,0.0,11936.000000,0,0.0,0.0,0.0,1.0
299048,0,1,3400,-79,79,45,2.8,4.3,1.3,5280.000000,25,27,6.0,0.0,0.0,0.0,0.0,0.0,0.0,1.0
299297,0,1,3400,-79,79,48,22,4.5,4.0,0.0,100.000000,27,6.0,0.0,0.0,0.0,0.0,0.0,0.0,1.0
299546,0,1,3400,-79,79,49,23,4.4,4.0,0.0,100.000000,27,5.9,0.0,0.0,0.0,0.0,0.0,0.0,1.0
299795,0,1,3400,-79,79,59,3.2,4.4,1.2,11968.000000,6,27,6.0,0.0,0.0,0.0,0.0,0.0,0.0,1.0
300044,0,1,3400,-79,79,52,2.4,4.5,1.3,7040.000000,20,27,4.9,0.0,21600.000000,0,0.0,0.0,0.0,1.0
300293,0,1,3400,-79,79,53,10,4.4,3.9,0.0,100.000000,27,6.4,0.0,16192.000000,0,0.0,0.0,0.0,1.0
300542,0,1,3400,-79,79,49,10,4.6,4.0,0.0,100.000000,27,9.3,0.0,7200.000000,0,0.0,0.0,0.0,1.0
300791,0,1,3400,-79,79,46,1.4,4.3,0.92,13376.000000,7,27,7.8,0.0,16192.000000,0,0.0,0.0,0.0,1.0
301040,0,1,3400,-79,79,45,13,4.1,3.7,2112.000000,79,27,9.4,0.0,0.0,0.0,0.0,0.0,0.0,1.0
301289,0,1,3400,-79,79,54,2.8,4.3,0.95,10560.000000,14,27,9.4,0.0,0.0,0.0,0.0,0.0,0.0,1.0
301538,0,1,3400,-79,79,54,8.4,4.3,3.0,2464.000000,80,27,9.5,0.0,0.0,0.0,0.0,0.0,0.0,1.0
301787,0,1,3400,-79,79,69,3.9,4.1,1.6,12064.000000,34,27,9.5,0.0,0.0,0.0,0.0,0.0,0.0,1.0
302036,0,1,3400,-79,79,62,0.0,4.2,0.96,10912.000000,11,27,9.5,0.0,0.0,0.0,0.0,0.0,0.0,1.0
302285,0,1,3400,-79,79,66,3.8,4.0,1.7,9152.000000,28,27,9.5,0.0,0.0,0.0,0.0,0.0,0.0,1.0
302534,0,1,3400,-79,79,53,14,4.8,3.7,1760.000000,81,27,9.4,0.0,0.0,0.0,0.0,0.0,0.0,1.0
302783,0,1,3400,-79,79,62,11,4.6,2.8,4224.000000,68,27,9.5,0.0,0.0,0.0,0.0,0.0,0.0,1.0
303032,0,1,3400,-79,79,60,6.5,4.8,1.6,7744.000000,45,27,10,0.0,9376.000000,0,0.0,0.0,0.0,1.0
303281,0,1,3400,-79,79,53,12,4.2,4.0,0.0,100.000000,27,8.3,0.0,4256.000000,0,0.0,0.0,0.0,1.0
303530,0,1,3400,-79,79,58,10.0,4.7,3.5,2112.000000,80,27,8.0,0.0,0.0,0.0,0.0,0.0,0.0,1.0
303779,0,1,3400,-79,79,68,1.0,4.1,0.81,8096.000000,12,27,7.9,0.0,0.0,0.0,0.0,0.0,0.0,1.0
304028,0,1,3400,-79,79,52,0.0,4.5,0.59,10208.000000,0,27,8.0,0.0,0.0,0.0,0.0,0.0,0.0,1.0
304277,0,1,3400,-79,79,57,2.4,4.6,1.0,13024.000000,16,27,8.0,0.0,0.0,0.0,0.0,0.0,0.0,1.0
304526,0,1,3400,-78,78,57,0.0,4.6,0.53,10912.000000,0,27,8.0,0.0,0.0,0.0,0.0,0.0,0.0,1.0
304775,0,1,3400,-79,79,58,0.0,5.1,0.57,14080.000000,0,27,7.9,0.0,0.0,0.0,0.0,0.0,0.0,1.0
305024,0,1,3400,-79,79,53,5.1,5.0,1.6,11648.000000,24,27,7.2,0.0,9376.000000,0,0.0,0.0,0.0,1.0
305273,0,1,3400,-79,79,57,0.75,5.4,0.97,18848.000000,5,27,6.9,0.0,7200.000000,0,0.0,0.0,0.0,1.0
305522,0,1,3400,-79,79,49,0.0,4.8,0.54,13376.000000,0,27,8.1,0.0,9376.000000,0,0.0,0.0,0.0,1.0
305771,0,1,3400,-79,79,49,0.076,4.3,0.94,11456.000000,3,27,8.9,0.0,0.0,0.0,0.0,0.0,0.0,1.0
306020,0,1,3400,-79,79,53,13,4.4,2.5,4576.000000,65,27,9.0,0.0,0.0,0.0,0.0,0.0,0.0,1.0
306269,0,1,3400,-79,79,52,6.5,4.6,2.4,12320.000000,47,27,8.9,0.0,0.0,0.0,0.0,0.0,0.0,1.0
306518,0,1,3400,-79,79,21,3.2,4.9,1.7,11264.000000,32,27,8.9,0.0,0.0,0.0,0.0,0.0,0.0,1.0
306767,0,1,3400,-79,79,50,13,4.9,2.4,4576.000000,55,27,8.9,0.0,0.0,0.0,0.0,0.0,0.0,1.0
307016,0,1,3400,-79,79,45,17,5.8,3.3,3488.000000,76,27,8.9,0.0,0.0,0.0,0.0,0.0,0.0,1.0
307265,0,1,3400,-79,79,47,1.0,5.8,0.78,12672.000000,0,27,8.9,0.0,0.0,0.0,0.0,0.0,0.0,1.0
307514,0,1,3400,-79,79,52,4.4,5.8,1.4,14240.000000,29,27,8.8,0.0,0.0,0.0,0.0,0.0,0.0,1.0
307763,0,1,3400,-79,79,51,16,5.3,3.8,4128.000000,90,27,9.0,0.0,0.0,0.0,0.0,0.0,0.0,1.0
308012,0,1,3400,-79,79,46,4.5,5.5,1.7,9792.000000,41,27,8.9,0.0,9376.000000,0,0.0,0.0,0.0,1.0
308261,0,1,3400,-78,78,43,0.59,5.0,0.71,11264.000000,3,27,8.9,0.0,0.0,0.0,0.0,0.0,0.0,1.0
308510,0,1,3400,-78,78,54,3.8,5.6,1.2,11520.000000,18,27,8.9,0.0,9376.000000,0,0.0,0.0,0.0,1.0
308759,0,1,3400,-78,78,54,4.8,6.0,1.2,9792.000000,11,27,9.0,0.0,0.0,0.0,0.0,0.0,0.0,1.0
309008,0,1,3400,-78,78,53,2.4,6.1,0.95,10560.000000,17,27,8.9,0.0,9376.000000,0,0.0,0.0,0.0,1.0
309257,0,1,3400,-78,78,60,5.3,6.0,1.5,14400.000000,19,27,8.0,0.0,26336.000000,0,0.0,0.0,0.0,1.0
309506,0,1,3400,-77,77,50,1.6,6.1,0.74,16960.000000,6,27,7.0,0.0,0.0,0.0,0.0,0.0,0.0,1.0
309755,0,1,3400,-77,77,51,13,6.4,3.1,3040.000000,76,27,7.0,0.0,0.0,0.0,0.0,0.0,0.0,1.0
310004,0,1,3400,-77,77,56,1.00,7.0,0.58,21888.000000,0,27,7.4,0.0,9376.000000,0,0.0,0.0,0.0,1.0
310253,0,1,3400,-77,77,54,3.3,7.0,1.0,14176.000000,24,27,7.9,0.0,0.0,0.0,0.0,0.0,0.0,1.0
310502,0,1,3400,-77,77,49,0.86,7.7,0.50,15008.000000,0,27,8.0,0.0,0.0,0.0,0.0,0.0,0.0,1.0
310751,0,1,3400,-77,77,51,1.0,6.8,0.50,22464.000000,0,27,8.0,0.0,9376.000000,0,0.0,0.0,0.0,1.0
311000,0,1,3400,-77,77,53,2.7,6.9,0.83,18432.000000,9,27,8.2,0.0,25216.000000,0,0.0,0.0,0.0,1.0
311249,0,1,3400,-76,76,51,14,6.8,2.2,9184.000000,50,27,8.8,0.0,9376.000000,0,0.0,0.0,0.0,1.0
311498,0,1,3400,-77,77,54,9.9,7.3,1.7,10944.000000,34,27,8.6,0.0,16576.000000,0,0.0,0.0,0.0,1.0
311747,0,1,3400,-77,77,57,3.4,7.2,0.96,13824.000000,17,27,8.9,0.0,0.0,0.0,0.0,0.0,0.0,1.0
311996,0,1,3400,-77,77,56,1.0,6.8,0.51,19584.000000,0,27,9.0,0.0,0.0,0.0,0.0,0.0,0.0,1.0
312245,0,1,3400,-77,77,57,1.0,7.1,0.51,20160.000000,0,27,10,0.0,21312.000000,0,0.0,0.0,0.0,1.0
312494,0,1,3400,-77,77,54,1.0,6.8,0.54,20160.000000,0,27,10,0.0,0.0,0.0,0.0,0.0,0.0,1.0
312743,0,1,3400,-77,77,53,1.0,6.7,0.51,18432.000000,0,27,10,0.0,0.0,0.0,0.0,0.0,0.0,1.0
312992,0,1,3400,-77,77,52,10,6.6,2.0,9792.000000,47,27,10,0.0,0.0,0.0,0.0,0.0,0.0,1.0
313241,0,1,3400,-77,77,55,0.72,6.2,0.50,13408.000000,0,27,10,0.0,0.0,0.0,0.0,0.0,0.0,1.0
313490,0,1,3400,-77,77,53,3.1,6.4,0.99,14112.000000,18,27,9.1,0.0,25952.000000,0,0.0,0.0,0.0,1.0
313739,0,1,3400,-77,77,45,11,6.4,2.5,5120.000000,66,27,9.3,0.0,34656.000000,14,0.0,0.0,0.0,1.0
313988,0,1,3400,-77,77,54,2.9,6.3,1.2,21600.000000,8,27,4.6,0.0,2592.000000,0,0.0,0.0,0.0,1.0
314237,0,1,3400,-77,77,57,0.43,6.1,0.50,10336.000000,0,27,4.3,0.0,1568.000000,0,0.0,0.0,0.0,1.0
314486,0,1,3400,-77,77,60,9.5,6.9,2.1,7616.000000,60,27,3.5,0.0,0.0,0.0,0.0,0.0,0.0,1.0
314735,0,1,3400,-77,77,59,13,6.6,2.7,14880.000000,65,27,3.5,0.0,0.0,0.0,0.0,0.0,0.0,1.0
314984,0,1,3400,-77,77,60,1.0,7.0,0.65,18272.000000,0,27,3.5,0.0,0.0,0.0,0.0,0.0,0.0,1.0
315233,0,1,3400,-77,77,55,1.00,6.5,0.60,19168.000000,0,27,3.5,0.0,0.0,0.0,0.0,0.0,0.0,1.0
315482,0,1,3400,-77,77,44,0.75,6.2,0.64,14368.000000,0,27,3.5,0.0,0.0,0.0,0.0,0.0,0.0,1.0
315731,0,1,3400,-77,77,43,1.0,6.8,0.52,23616.000000,0,27,3.5,0.0,0.0,0.0,0.0,0.0,0.0,1.0
315980,0,1,3400,-77,77,47,9.1,6.6,2.0,8064.000000,55,27,8.2,0.0,100832.000000,0,0.0,0.0,0.0,1.0
316229,0,1,3400,-77,77,48,1.8,6.6,0.64,15552.000000,0,27,12,0.0,11936.000000,0,0.0,0.0,0.0,1.0
316478,0,1,3400,-77,77,57,0.85,6.7,0.56,23456.000000,0,27,11,0.0,7200.000000,0,0.0,0.0,0.0,1.0
316727,0,1,3400,-77,77,64,4.4,6.4,1.2,16704.000000,17,27,9.4,0.0,0.0,0.0,0.0,0.0,0.0,1.0
316976,0,1,3400,-77,77,63,3.8,6.7,1.1,14976.000000,19,27,9.5,0.0,0.0,0.0,0.0,0.0,0.0,1.0
317225,0,1,3400,-77,77,58,20,6.8,4.0,0.0,100.000000,27,9.5,0.0,0.0,0.0,0.0,0.0,0.0,1.0
317474,0,1,3400,-77,77,64,13,6.5,2.9,4608.000000,68,27,9.4,0.0,0.0,0.0,0.0,0.0,0.0,1.0
317723,0,1,3400,-77,77,67,19,6.7,3.8,1728.000000,89,27,9.5,0.0,0.0,0.0,0.0,0.0,0.0,1.0
317972,0,1,3400,-77,77,64,3.9,6.7,1.1,15552.000000,16,27,9.5,0.0,0.0,0.0,0.0,0.0,0.0,1.0
318221,0,1,3400,-77,77,47,5.9,6.7,1.4,17280.000000,14,27,9.4,0.0,0.0,0.0,0.0,0.0,0.0,1.0
318470,0,1,3400,-77,77,51,3.7,6.7,1.1,21312.000000,16,27,9.5,0.0,0.0,0.0,0.0,0.0,0.0,1.0
318719,0,1,3400,-77,77,54,4.5,6.9,1.2,17856.000000,18,27,9.4,0.0,0.0,0.0,0.0,0.0,0.0,1.0
318968,0,1,3400,-77,77,51,2.4,6.8,0.77,14400.000000,7,27,9.5,0.0,0.0,0.0,0.0,0.0,0.0,1.0
319217,0,1,3400,-77,77,45,3.6,7.1,0.99,14400.000000,19,27,8.9,0.0,3744.000000,0,0.0,0.0,0.0,1.0
319466,0,1,3400,-77,77,47,19,7.5,3.8,1408.000000,89,27,7.9,0.0,0.0,0.0,0.0,0.0,0.0,1.0
319715,0,1,3400,-77,77,50,2.7,7.5,0.66,26784.000000,0,27,11,0.0,26432.000000,0,0.0,0.0,0.0,1.0
319964,0,1,3400,-77,77,48,16,7.6,3.3,8192.000000,77,27,12,0.0,0.0,0.0,0.0,0.0,0.0,1.0
320213,0,1,3400,-77,77,55,11,7.3,2.4,8064.000000,59,27,7.9,0.0,7200.000000,0,0.0,0.0,0.0,1.0
320462,0,1,3400,-77,77,59,16,6.8,3.5,1728.000000,91,27,8.0,0.0,0.0,0.0,0.0,0.0,0.0,1.0
320711,0,1,3400,-77,77,52,8.6,6.4,2.2,44270.917969,30,27,8.0,0.0,9338.645508,0,0.0,0.0,0.0,1.0
320960,0,1,3400,-77,77,55,2.9,6.5,1.0,18432.000000,3,27,8.0,0.0,0.0,0.0,0.0,0.0,0.0,1.0
321209,0,1,3400,-78,78,57,18,6.3,2.8,2880.000000,84,27,8.0,0.0,0.0,0.0,0.0,0.0,0.0,1.0
321458,0,1,3400,-78,78,60,18,6.2,3.0,7488.000000,58,27,8.0,0.0,0.0,0.0,0.0,0.0,0.0,1.0
321707,0,1,3400,-78,78,69,0.22,5.7,0.51,13376.000000,0,27,8.0,0.0,0.0,0.0,0.0,0.0,0.0,1.0
321956,0,1,3400,-78,78,69,2.0,5.7,1.1,14560.000000,22,27,8.0,0.0,0.0,0.0,0.0,0.0,0.0,1.0
322205,0,1,3400,-78,78,76,4.8,5.8,1.9,26752.000000,29,27,8.0,0.0,0.0,0.0,0.0,0.0,0.0,1.0
322454,0,1,3400,-78,78,71,12,6.2,3.5,20992.000000,79,27,8.0,0.0,9376.000000,0,0.0,0.0,0.0,1.0
322703,0,1,3400,-78,78,67,7.9,6.2,2.0,5280.000000,44,27,8.0,0.0,0.0,0.0,0.0,0.0,0.0,1.0
322952,0,1,3400,-78,78,59,4.5,5.9,1.3,8768.000000,21,27,7.8,0.0,7200.000000,0,0.0,0.0,0.0,1.0
323201,0,1,3400,-78,78,53,8.3,5.6,1.8,25824.000000,42,27,7.0,0.0,0.0,0.0,0.0,0.0,0.0,1.0
323450,0,1,3400,-78,78,46,2.8,5.7,0.78,13824.000000,14,27,7.0,0.0,0.0,0.0,0.0,0.0,0.0,1.0
323699,0,1,3400,-78,78,56,13,5.6,2.3,8096.000000,48,27,6.9,0.0,0.0,0.0,0.0,0.0,0.0,1.0
323948,0,1,3400,-78,78,54,13,5.7,2.9,2816.000000,71,27,7.0,0.0,0.0,0.0,0.0,0.0,0.0,1.0
324197,0,1,3400,-78,78,54,19,5.5,4.0,0.0,100.000000,27,7.0,0.0,0.0,0.0,0.0,0.0,0.0,1.0
324446,0,1,3400,-78,78,56,19,5.3,4.0,0.0,100.000000,27,6.9,0.0,0.0,0.0,0.0,0.0,0.0,1.0
324695,0,1,3400,-79,79,55,13,5.5,2.9,4576.000000,64,27,7.0,0.0,0.0,0.0,0.0,0.0,0.0,1.0
324944,0,1,3400,-78,78,52,6.7,5.2,1.9,12960.000000,48,27,7.0,0.0,0.0,0.0,0.0,0.0,0.0,1.0
325193,0,1,3400,-78,78,48,0.38,5.2,0.57,12672.000000,3,27,8.7,0.0,11936.000000,0,0.0,0.0,0.0,1.0
325442,0,1,3400,-78,78,50,9.8,5.6,2.7,11264.000000,63,27,8.2,0.0,9376.000000,0,0.0,0.0,0.0,1.0
325691,0,1,3400,-78,78,47,8.7,6.2,3.0,29664.000000,53,27,8.0,0.0,0.0,0.0,0.0,0.0,0.0,1.0
325940,0,1,3400,-78,78,55,8.6,5.5,2.2,20384.000000,40,27,8.0,0.0,0.0,0.0,0.0,0.0,0.0,1.0
326189,0,1,3400,-78,78,61,5.7,5.9,2.1,17952.000000,16,27,8.0,0.0,0.0,0.0,0.0,0.0,0.0,1.0
326438,0,1,3400,-78,78,58,7.9,6.1,1.8,13248.000000,42,27,8.0,0.0,0.0,0.0,0.0,0.0,0.0,1.0
326687,0,1,3400,-78,78,63,5.8,6.2,1.4,15104.000000,23,27,8.0,0.0,0.0,0.0,0.0,0.0,0.0,1.0
326936,0,1,3400,-78,78,65,1.9,6.2,0.56,20096.000000,0,27,7.3,0.0,23392.000000,0,0.0,0.0,0.0,1.0
327185,0,1,3400,-78,78,61,1.9,5.7,1.0,8096.000000,21,27,7.3,0.0,9376.000000,0,0.0,0.0,0.0,1.0
327434,0,1,3400,-78,78,56,17,5.6,2.8,4576.000000,68,27,8.0,0.0,0.0,0.0,0.0,0.0,0.0,1.0
327683,0,1,3400,-79,79,53,0.58,6.2,0.54,17696.000000,0,27,8.0,0.0,18752.000000,0,0.0,0.0,0.0,1.0
327932,0,1,3400,-79,79,54,0.20,5.3,0.58,8800.000000,0,27,7.9,0.0,0.0,0.0,0.0,0.0,0.0,1.0
328181,0,1,3400,-79,79,56,19,5.3,3.1,3872.000000,66,27,8.0,0.0,0.0,80,0.0,0.0,0.0,1.0
328430,0,1,3400,-79,79,52,0.0,5.1,0.52,12672.000000,0,27,7.9,0.0,0.0,0.0,0.0,0.0,0.0,1.0
328679,0,1,3400,-79,79,58,20,5.2,3.5,704,94,27,11,0.0,12448.000000,33,0.0,0.0,0.0,1.0
328928,0,1,3400,-79,79,54,14,5.4,2.7,3168.000000,73,27,7.7,0.0,1568.000000,0,0.0,0.0,0.0,1.0
329177,0,1,3400,-79,79,62,11,5.0,2.0,7392.000000,38,27,3.5,0.0,0.0,0.0,0.0,0.0,0.0,1.0
329426,0,1,3400,-79,79,60,24,4.7,4.0,0.0,100.000000,27,3.5,0.0,0.0,0.0,0.0,0.0,0.0,1.0
329675,0,1,3400,-79,79,50,9.5,4.9,1.8,9504.000000,21,27,3.5,0.0,7200.000000,0,0.0,0.0,0.0,1.0
329924,0,1,3400,-79,79,52,0.11,5.0,0.73,8800.000000,0,27,4.5,0.0,21312.000000,0,0.0,0.0,0.0,1.0
330173,0,1,3400,-79,79,61,6.4,5.0,2.1,5632.000000,58,27,7.3,0.0,27904.000000,11,0.0,0.0,0.0,1.0
330422,0,1,3400,-79,79,53,10.0,5.0,4.0,0.0,100.000000,27,7.9,0.0,0.0,67,0.0,0.0,0.0,1.0
330671,0,1,3400,-79,79,53,6.5,4.9,2.6,12224.000000,59,27,7.0,0.0,7200.000000,33,0.0,0.0,0.0,1.0
330920,0,1,3400,-79,79,50,0.0,4.6,0.59,12672.000000,0,27,4.8,0.0,13536.000000,0,0.0,0.0,0.0,1.0
331169,0,1,3400,-79,79,59,0.0,5.2,0.56,10208.000000,0,27,4.1,0.0,11936.000000,0,0.0,0.0,0.0,1.0
331418,0,1,3400,-79,79,58,5.4,5.0,1.6,15904.000000,19,27,7.0,0.0,0.0,0.0,0.0,0.0,0.0,1.0
331667,0,1,3400,-79,79,58,7.8,5.5,1.5,12704.000000,12,27,7.0,0.0,0.0,0.0,0.0,0.0,0.0,1.0
331916,0,1,3400,-79,79,53,0.20,5.3,0.51,13312.000000,0,27,7.1,0.0,0.0,0.0,0.0,0.0,0.0,1.0
332165,0,1,3400,-79,79,55,0.64,5.4,0.55,19552.000000,0,27,7.0,0.0,0.0,0.0,0.0,0.0,0.0,1.0
332414,0,1,3400,-79,79,46,1.5,5.0,0.96,12192.000000,18,27,6.0,0.0,9376.000000,0,0.0,0.0,0.0,1.0
332663,0,1,3400,-79,79,47,0.0,4.7,0.61,12320.000000,3,27,5.2,0.0,19136.000000,0,0.0,0.0,0.0,1.0
332912,0,1,3400,-79,79,46,9.6,4.5,2.6,6720.000000,60,27,6.2,0.0,15040.000000,33,0.0,0.0,0.0,1.0
333161,0,1,3400,-79,79,52,4.3,4.4,1.3,12672.000000,10,27,9.0,0.0,9376.000000,50,0.0,0.0,0.0,1.0
333410,0,1,3400,-80,80,54,0.0,4.8,0.55,9504.000000,0,27,8.3,0.0,16576.000000,33,0.0,0.0,0.0,1.0
333659,0,1,3400,-80,80,44,0.0,4.4,0.53,9504.000000,0,27,5.7,0.0,4256.000000,0,0.0,0.0,0.0,1.0
333908,0,1,3400,-80,80,50,4.1,4.2,2.0,6336.000000,47,27,5.6,0.0,0.0,0.0,0.0,0.0,0.0,1.0
334157,0,1,3400,-80,80,54,4.1,4.3,2.1,10944.000000,28,27,5.6,0.0,0.0,0.0,0.0,0.0,0.0,1.0
334406,0,1,3400,-79,79,52,16,4.1,3.0,2464.000000,73,27,5.6,0.0,0.0,0.0,0.0,0.0,0.0,1.0
334655,0,1,3400,-80,80,55,24,4.3,4.0,0.0,100.000000,27,5.5,0.0,0.0,0.0,0.0,0.0,0.0,1.0
334904,0,1,3400,-80,80,61,25,4.5,4.0,0.0,100.000000,27,7.1,0.0,9376.000000,33,0.0,0.0,0.0,1.0
335153,0,1,3400,-79,79,54,22,4.4,4.0,0.0,100.000000,27,9.0,0.0,0.0,0.0,0.0,0.0,0.0,1.0
335402,0,1,3400,-79,79,66,20,4.7,3.8,1760.000000,84,27,9.0,0.0,0.0,0.0,0.0,0.0,0.0,1.0
335651,0,1,3400,-79,79,64,4.4,4.7,2.0,13184.000000,46,27,7.1,0.0,8768.000000,0,0.0,0.0,0.0,1.0
335900,0,1,3400,-79,79,61,0.36,5.0,0.61,11072.000000,0,27,8.0,0.0,7200.000000,0,0.0,0.0,0.0,1.0
336149,0,1,3400,-79,79,58,0.0,5.0,0.56,13728.000000,0,27,8.6,0.0,9376.000000,0,0.0,0.0,0.0,1.0
336398,0,1,3400,-79,79,53,1.4,4.6,1.1,5984.000000,11,27,9.0,0.0,0.0,0.0,0.0,0.0,0.0,1.0
336647,0,1,3400,-79,79,48,9.2,4.6,3.2,2464.000000,73,27,9.0,0.0,0.0,0.0,0.0,0.0,0.0,1.0
336896,0,1,3400,-79,79,49,0.0,4.6,0.58,10912.000000,0,27,9.0,0.0,0.0,0.0,0.0,0.0,0.0,1.0
337145,0,1,3400,-79,79,27,0.0,4.8,0.69,10912.000000,3,27,9.0,0.0,0.0,0.0,0.0,0.0,0.0,1.0
337394,0,1,3400,-79,79,41,14,5.0,3.4,2816.000000,81,27,9.0,0.0,0.0,0.0,0.0,0.0,0.0,1.0
337643,0,1,3400,-79,79,41,10,4.8,2.4,5280.000000,48,27,9.0,0.0,0.0,0.0,0.0,0.0,0.0,1.0
337892,0,1,3400,-79,79,49,4.2,4.8,1.3,13728.000000,19,27,9.0,0.0,0.0,0.0,0.0,0.0,0.0,1.0
338141,0,1,3400,-79,79,50,4.0,4.6,2.0,7744.000000,39,27,7.1,0.0,15968.000000,0,0.0,0.0,0.0,1.0
338390,0,1,3400,-80,80,57,1.6,4.6,1.0,10912.000000,11,27,6.0,0.0,7200.000000,0,0.0,0.0,0.0,1.0
338639,0,1,3400,-80,80,58,0.0,4.3,0.55,12672.000000,0,27,7.3,0.0,9376.000000,0,0.0,0.0,0.0,1.0
338888,0,1,3400,-80,80,56,0.0,4.3,0.56,11968.000000,0,27,6.8,0.0,11456.000000,0,0.0,0.0,0.0,1.0
339137,0,1,3400,-80,80,57,17,4.2,3.4,1056.000000,89,27,5.6,0.0,0.0,0.0,0.0,0.0,0.0,1.0
339386,0,1,3400,-80,80,57,15,4.1,3.3,10240.000000,67,27,5.5,0.0,0.0,0.0,0.0,0.0,0.0,1.0
339635,0,1,3400,-80,80,62,3.3,3.7,2.8,17504.000000,49,27,5.5,0.0,0.0,0.0,0.0,0.0,0.0,1.0
339884,0,1,3400,-80,80,54,4.3,3.8,1.9,16768.000000,26,27,5.5,0.0,0.0,0.0,0.0,0.0,0.0,1.0
340133,0,1,3400,-80,80,51,9.3,3.9,2.2,5632.000000,48,27,5.6,0.0,0.0,0.0,0.0,0.0,0.0,1.0
340382,0,1,3400,-80,80,55,3.5,4.2,1.4,10560.000000,14,27,5.5,0.0,0.0,0.0,0.0,0.0,0.0,1.0
340631,0,1,3400,-80,80,55,7.8,4.1,2.6,6336.000000,47,27,5.9,0.0,7200.000000,0,0.0,0.0,0.0,1.0
340880,0,1,3400,-81,81,51,0.0,4.1,1.2,9856.000000,10,27,7.0,0.0,0.0,0.0,0.0,0.0,0.0,1.0
341129,0,1,3400,-81,81,57,0.0,3.9,1.2,11264.000000,9,27,7.1,0.0,0.0,0.0,0.0,0.0,0.0,1.0
341378,0,1,3400,-81,81,54,0.96,3.7,0.83,6688.000000,14,27,7.0,0.0,0.0,0.0,0.0,0.0,0.0,1.0
341627,0,1,3400,-81,81,61,6.9,3.3,2.8,5120.000000,76,27,7.0,0.0,0.0,0.0,0.0,0.0,0.0,1.0
341876,0,1,3400,-81,81,54,6.6,3.3,2.1,8096.000000,21,27,7.1,0.0,0.0,0.0,0.0,0.0,0.0,1.0
342125,0,1,3400,-81,81,51,0.0,3.4,0.99,10208.000000,6,27,7.8,0.0,9376.000000,0,0.0,0.0,0.0,1.0
342374,0,1,3400,-81,81,54,0.048,3.6,1.2,10912.000000,9,27,7.7,0.0,20832.000000,0,0.0,0.0,0.0,1.0
342623,0,1,3400,-81,81,56,5.0,3.5,1.5,8096.000000,28,27,8.0,0.0,0.0,0.0,0.0,0.0,0.0,1.0
342872,0,1,3400,-81,81,48,9.0,3.5,2.0,7040.000000,26,27,8.1,0.0,0.0,0.0,0.0,0.0,0.0,1.0
343121,0,1,3400,-81,81,78,1.1,3.7,1.0,9504.000000,10,27,8.0,0.0,0.0,0.0,0.0,0.0,0.0,1.0
343370,0,1,3400,-80,80,49,21,3.7,3.9,0.0,100.000000,27,8.0,0.0,0.0,0.0,0.0,0.0,0.0,1.0
343619,0,1,3400,-80,80,53,11,3.7,2.2,10208.000000,28,27,8.0,0.0,4384.000000,0,0.0,0.0,0.0,1.0
343868,0,1,3400,-80,80,51,5.0,3.9,1.9,7744.000000,27,27,8.8,0.0,11936.000000,0,0.0,0.0,0.0,1.0
344117,0,1,3400,-81,81,57,3.5,3.8,1.2,8800.000000,19,27,9.7,0.0,16576.000000,0,0.0,0.0,0.0,1.0
344366,0,1,3400,-80,80,60,3.0,3.5,1.1,10208.000000,6,27,9.5,0.0,11936.000000,0,0.0,0.0,0.0,1.0
344615,0,1,3400,-81,81,61,2.3,3.5,1.1,7744.000000,8,27,9.5,0.0,0.0,0.0,0.0,0.0,0.0,1.0
344864,0,1,3400,-81,81,58,5.8,3.4,2.1,8448.000000,20,27,9.5,0.0,0.0,0.0,0.0,0.0,0.0,1.0
345113,0,1,3400,-80,80,66,7.2,3.3,2.8,4224.000000,66,27,9.5,0.0,0.0,0.0,0.0,0.0,0.0,1.0
345362,0,1,3400,-80,80,48,0.0,3.7,0.55,10912.000000,0,27,9.5,0.0,0.0,0.0,0.0,0.0,0.0,1.0
345611,0,1,3400,-80,80,14,0.99,3.3,1.3,6688.000000,21,27,9.6,0.0,0.0,0.0,0.0,0.0,0.0,1.0
345860,0,1,3400,-80,80,41,8.8,3.5,2.4,5280.000000,53,27,9.5,0.0,0.0,0.0,0.0,0.0,0.0,1.0
346109,0,1,3400,-80,80,51,1.3,3.5,0.80,11264.000000,3,27,9.5,0.0,0.0,0.0,0.0,0.0,0.0,1.0
346358,0,1,3400,-81,81,52,0.0,3.7,0.67,11616.000000,3,27,9.5,0.0,0.0,0.0,0.0,0.0,0.0,1.0
346607,0,1,3400,-81,81,52,2.6,3.5,1.3,5984.000000,29,27,9.5,0.0,0.0,0.0,0.0,0.0,0.0,1.0
346856,0,1,3400,-81,81,45,6.7,3.5,2.1,5632.000000,43,27,9.5,0.0,0.0,0.0,0.0,0.0,0.0,1.0
347105,0,1,3400,-80,80,50,0.0,3.1,1.5,8096.000000,18,27,9.5,0.0,0.0,0.0,0.0,0.0,0.0,1.0
347354,0,1,3400,-81,81,57,0.0,3.4,0.65,8448.000000,0,27,9.5,0.0,0.0,0.0,0.0,0.0,0.0,1.0
347603,0,1,3400,-81,81,58,1.5,3.3,1.1,8800.000000,7,27,9.5,0.0,0.0,0.0,0.0,0.0,0.0,1.0
347852,0,1,3400,-81,81,60,14,3.5,2.6,4928.000000,44,27,9.5,0.0,0.0,0.0,0.0,0.0,0.0,1.0
348101,0,1,3400,-81,81,76,0.14,3.5,0.74,10208.000000,9,27,9.5,0.0,0.0,0.0,0.0,0.0,0.0,1.0
348350,0,1,3400,-81,81,62,0.93,3.7,1.4,13664.000000,17,27,9.5,0.0,0.0,0.0,0.0,0.0,0.0,1.0
348599,0,1,3400,-81,81,59,18,3.5,4.0,0.0,100.000000,27,9.5,0.0,0.0,0.0,0.0,0.0,0.0,1.0
348848,0,1,3400,-81,81,63,3.0,3.7,1.3,9504.000000,13,27,9.6,0.0,0.0,0.0,0.0,0.0,0.0,1.0
349097,0,1,3400,-81,81,46,1.2,3.5,1.6,11104.000000,29,27,9.5,0.0,0.0,0.0,0.0,0.0,0.0,1.0
349346,0,1,3400,-81,81,55,12,3.5,3.6,5120.000000,85,27,9.5,0.0,0.0,0.0,0.0,0.0,0.0,1.0
349595,0,1,3400,-81,81,54,28,3.5,4.0,0.0,100.000000,27,9.5,0.0,0.0,0.0,0.0,0.0,0.0,1.0
349844,0,1,3400,-80,80,44,11,3.2,2.9,4544.000000,56,27,9.5,0.0,0.0,0.0,0.0,0.0,0.0,1.0
350093,0,1,3400,-80,80,52,13,3.1,3.6,704,80,27,9.5,0.0,0.0,0.0,0.0,0.0,0.0,1.0
350342,0,1,3400,-81,81,58,5.7,3.1,3.1,5984.000000,35,27,9.5,0.0,0.0,0.0,0.0,0.0,0.0,1.0
350591,0,1,3400,-81,81,65,0.22,2.9,1.3,12672.000000,12,27,9.5,0.0,0.0,0.0,0.0,0.0,0.0,1.0
350840,0,1,3400,-81,81,61,4.9,3.1,1.9,7040.000000,26,27,9.5,0.0,0.0,0.0,0.0,0.0,0.0,1.0
351089,0,1,3400,-81,81,-8.7,0.22,2.9,2.4,7744.000000,27,27,9.5,0.0,0.0,0.0,0.0,0.0,0.0,1.0
351338,0,1,3400,-81,81,3.4,14,3.0,2.7,3872.000000,42,27,9.5,0.0,0.0,0.0,0.0,0.0,0.0,1.0
351587,0,1,3400,-80,80,44,9.7,2.8,3.5,1408.000000,75,27,9.5,0.0,0.0,0.0,0.0,0.0,0.0,1.0
351836,0,1,3400,-80,80,65,0.22,2.8,3.0,2103.585693,68,27,8.6,0.0,1561.752930,0,0.0,0.0,0.0,1.0
352085,0,1,3400,-81,81,39,11,3.0,2.5,4224.000000,48,27,3.5,0.0,0.0,0.0,0.0,0.0,0.0,1.0
352334,0,1,3400,-81,81,33,28,3.0,4.0,0.0,100.000000,27,3.6,0.0,0.0,0.0,0.0,0.0,0.0,1.0
352583,0,1,3400,-81,81,61,28,2.9,4.0,0.0,100.000000,27,3.5,0.0,0.0,0.0,0.0,0.0,0.0,1.0
352832,0,1,3400,-81,81,64,22,2.9,4.0,0.0,100.000000,27,3.5,0.0,0.0,0.0,0.0,0.0,0.0,1.0
353081,0,1,3400,-81,81,54,12,3.0,3.5,1760.000000,76,27,3.5,0.0,0.0,0.0,0.0,0.0,0.0,1.0
353330,0,1,3400,-81,81,58,14,3.1,3.9,0.0,100.000000,27,3.5,0.0,0.0,0.0,0.0,0.0,0.0,1.0
353579,0,1,3400,-81,81,26,13,3.1,3.8,704,87,27,3.5,0.0,0.0,0.0,0.0,0.0,0.0,1.0
353828,0,1,3400,-81,81,60,1.2,3.0,1.9,6336.000000,25,27,3.6,0.0,0.0,0.0,0.0,0.0,0.0,1.0
354077,0,1,3400,-80,80,59,1.2,2.6,2.4,5984.000000,43,27,3.5,0.0,0.0,0.0,0.0,0.0,0.0,1.0
354326,0,1,3400,-81,81,65,0.33,2.9,1.5,9152.000000,37,27,2.7,0.0,4256.000000,0,0.0,0.0,0.0,1.0
354575,0,1,3400,-81,81,-18,14,3.1,2.9,0.0,100.000000,27,2.1,0.0,0.0,0.0,0.0,0.0,0.0,1.0
354824,0,1,3400,-81,81,55,12,3.2,3.9,3072.000000,88,27,2.1,0.0,0.0,0.0,0.0,0.0,0.0,1.0
355073,0,1,3400,-80,80,153,12,3.1,4.0,0.0,100.000000,27,2.0,0.0,0.0,0.0,0.0,0.0,0.0,1.0
355322,0,1,3400,-81,81,60,0.0,3.2,1.2,10912.000000,21,27,2.1,0.0,0.0,0.0,0.0,0.0,0.0,1.0
355571,0,1,3400,-81,81,63,0.0,3.4,1.00,9504.000000,13,27,2.1,0.0,0.0,0.0,0.0,0.0,0.0,1.0
355820,0,1,3400,-81,81,57,0.0,3.7,1.1,11968.000000,13,27,2.1,0.0,0.0,0.0,0.0,0.0,0.0,1.0
356069,0,1,3400,-80,80,49,5.8,3.4,3.2,3168.000000,69,27,2.1,0.0,0.0,0.0,0.0,0.0,0.0,1.0
356318,0,1,3400,-80,80,57,12,3.5,4.0,0.0,100.000000,27,2.1,0.0,0.0,0.0,0.0,0.0,0.0,1.0
356567,0,1,3400,-80,80,51,12,3.7,3.7,1056.000000,90,27,2.1,0.0,0.0,0.0,0.0,0.0,0.0,1.0
356816,0,1,3400,-80,80,63,13,3.6,4.0,0.0,100.000000,27,2.0,0.0,0.0,0.0,0.0,0.0,0.0,1.0
357065,0,1,3400,-80,80,68,6.0,3.8,2.3,9152.000000,41,27,2.0,0.0,0.0,75,0.0,0.0,0.0,1.0
357314,0,1,3400,-80,80,60,7.7,3.7,2.9,4224.000000,61,27,2.1,0.0,0.0,0.0,0.0,0.0,0.0,1.0
357563,0,1,3400,-80,80,57,5.7,3.6,2.0,8096.000000,18,27,2.0,0.0,0.0,0.0,0.0,0.0,0.0,1.0
357812,0,1,3400,-80,80,48,0.0,3.6,0.85,11616.000000,8,27,2.0,0.0,4256.000000,0,0.0,0.0,0.0,1.0
358061,0,1,3400,-80,80,46,0.0,3.4,0.94,7392.000000,12,27,2.0,0.0,0.0,0.0,0.0,0.0,0.0,1.0
358310,0,1,3400,-80,80,48,19,3.4,3.2,2464.000000,63,27,2.0,0.0,0.0,0.0,0.0,0.0,0.0,1.0
358559,0,1,3400,-81,81,41,25,3.4,3.7,1760.000000,81,27,2.0,0.0,0.0,0.0,0.0,0.0,0.0,1.0
358808,0,1,3400,-80,80,31,9.1,3.2,2.3,4928.000000,42,27,2.0,0.0,0.0,0.0,0.0,0.0,0.0,1.0
359057,0,1,3400,-80,80,36,0.048,3.1,2.5,5280.000000,59,27,2.1,0.0,0.0,0.0,0.0,0.0,0.0,1.0
359306,0,1,3400,-81,81,41,18,3.3,3.1,2464.000000,68,27,2.0,0.0,0.0,0.0,0.0,0.0,0.0,1.0
359555,0,1,3400,-81,81,49,14,3.4,2.4,6688.000000,17,27,2.0,0.0,0.0,0.0,0.0,0.0,0.0,1.0
359804,0,1,3400,-80,80,70,4.3,3.3,1.3,9856.000000,18,27,2.6,0.0,4256.000000,0,0.0,0.0,0.0,1.0
360053,0,1,3400,-80,80,66,8.6,3.2,3.4,2080.000000,85,27,3.8,0.0,6848.000000,0,0.0,0.0,0.0,1.0
360302,0,1,3400,-81,81,73,1.7,3.5,1.3,6336.000000,28,27,4.0,0.0,4256.000000,0,0.0,0.0,0.0,1.0
360551,0,1,3400,-80,80,59,12,3.1,3.8,1056.000000,86,27,4.0,0.0,0.0,0.0,0.0,0.0,0.0,1.0
360800,0,1,3400,-81,81,50,8.7,3.5,2.1,4576.000000,50,27,4.0,0.0,0.0,0.0,0.0,0.0,0.0,1.0
361049,0,1,3400,-80,80,48,12,3.3,4.0,0.0,100.000000,27,4.0,0.0,0.0,0.0,0.0,0.0,0.0,1.0
361298,0,1,3400,-80,80,-36,12,3.3,4.0,0.0,100.000000,27,4.1,0.0,7200.000000,0,0.0,0.0,0.0,1.0
361547,0,1,3400,-80,80,46,21,3.0,4.0,0.0,100.000000,27,5.5,0.0,0.0,0.0,0.0,0.0,0.0,1.0
361796,0,1,3400,-80,80,57,25,3.0,4.0,0.0,100.000000,27,5.5,0.0,0.0,0.0,0.0,0.0,0.0,1.0
362045,0,1,3400,-80,80,49,16,3.3,3.7,2816.000000,70,27,5.9,0.0,2464.000000,0,0.0,0.0,0.0,1.0
362294,0,1,3400,-81,81,49,0.0,3.4,0.87,10912.000000,11,27,6.5,0.0,0.0,0.0,0.0,0.0,0.0,1.0
362543,0,1,3400,-80,80,36,0.0,2.9,1.5,8096.000000,26,27,6.5,0.0,0.0,0.0,0.0,0.0,0.0,1.0
362792,0,1,3400,-81,81,67,5.7,3.1,3.0,2816.000000,68,27,6.5,0.0,0.0,0.0,0.0,0.0,0.0,1.0
363041,0,1,3400,-81,81,57,12,3.2,4.0,0.0,100.000000,27,6.5,0.0,0.0,0.0,0.0,0.0,0.0,1.0
363290,0,1,3400,-81,81,71,12,3.1,4.0,0.0,100.000000,27,6.5,0.0,0.0,0.0,0.0,0.0,0.0,1.0
363539,0,1,3400,-81,81,53,15,3.1,3.5,1408.000000,81,27,6.5,0.0,0.0,0.0,0.0,0.0,0.0,1.0
363788,0,1,3400,-81,81,61,9.1,3.2,2.4,4224.000000,59,27,6.5,0.0,0.0,0.0,0.0,0.0,0.0,1.0
364037,0,1,3400,-81,81,55,11,3.0,3.3,3136.000000,63,27,6.6,0.0,0.0,0.0,0.0,0.0,0.0,1.0
364286,0,1,3400,-81,81,56,14,3.1,3.7,0.0,100.000000,27,6.5,0.0,0.0,0.0,0.0,0.0,0.0,1.0
364535,0,1,3400,-81,81,66,11,3.1,3.8,1056.000000,90,27,6.5,0.0,0.0,0.0,0.0,0.0,0.0,1.0
364784,0,1,3400,-81,81,163,6.3,3.2,2.8,3520.000000,44,27,6.5,0.0,0.0,0.0,0.0,0.0,0.0,1.0
365033,0,1,3400,-81,81,82,13,3.0,2.7,2112.000000,60,27,6.5,0.0,0.0,0.0,0.0,0.0,0.0,1.0
365282,0,1,3400,-81,81,63,23,3.0,3.8,352,90,27,6.5,0.0,0.0,0.0,0.0,0.0,0.0,1.0
365531,0,1,3400,-81,81,61,5.6,2.8,1.8,3168.000000,47,27,6.5,0.0,0.0,0.0,0.0,0.0,0.0,1.0
365780,0,1,3400,-81,81,65,18,3.1,3.9,0.0,100.000000,27,6.5,0.0,0.0,0.0,0.0,0.0,0.0,1.0
366029,0,1,3400,-81,81,60,22,3.2,4.0,0.0,100.000000,27,6.5,0.0,0.0,0.0,0.0,0.0,0.0,1.0
366278,0,1,3400,-80,80,54,5.9,3.1,2.2,3520.000000,47,27,6.6,0.0,0.0,0.0,0.0,0.0,0.0,1.0
366527,0,1,3400,-81,81,53,0.096,3.3,0.71,11616.000000,3,27,6.6,0.0,0.0,0.0,0.0,0.0,0.0,1.0
366776,0,1,3400,-80,80,50,1.7,3.2,1.8,9856.000000,36,27,6.7,0.0,0.0,0.0,0.0,0.0,0.0,1.0
367025,0,1,3400,-81,81,50,12,3.2,4.0,0.0,100.000000,27,6.5,0.0,0.0,0.0,0.0,0.0,0.0,1.0
367274,0,1,3400,-81,81,-42,2.3,3.0,2.3,9152.000000,32,27,6.5,0.0,0.0,0.0,0.0,0.0,0.0,1.0
367523,0,1,3400,-81,81,41,0.096,2.8,1.5,7744.000000,24,27,6.1,0.0,2592.000000,0,0.0,0.0,0.0,1.0
367772,0,1,3400,-81,81,57,0.096,2.8,1.7,9856.000000,15,27,3.4,0.0,9376.000000,0,0.0,0.0,0.0,1.0
368021,0,1,3400,-81,81,124,12,2.9,4.0,0.0,100.000000,27,6.8,0.0,0.0,75,0.0,0.0,0.0,1.0
368270,0,1,3400,-81,81,69,14,2.9,3.9,704,92,27,9.0,0.0,0.0,0.0,0.0,0.0,0.0,1.0
368519,0,1,3400,-81,81,54,7.7,3.0,3.5,2112.000000,71,27,9.0,0.0,0.0,0.0,0.0,0.0,0.0,1.0
368768,0,1,3400,-81,81,49,3.0,2.8,2.1,8448.000000,27,27,9.0,0.0,0.0,0.0,0.0,0.0,0.0,1.0
369017,0,1,3400,-81,81,52,0.0,3.0,1.9,8800.000000,17,27,9.0,0.0,0.0,0.0,0.0,0.0,0.0,1.0
369266,0,1,3400,-80,80,77,0.14,2.5,2.5,6688.000000,51,27,9.0,0.0,0.0,0.0,0.0,0.0,0.0,1.0
369515,0,1,3400,-81,81,65,1.0,2.8,1.8,8448.000000,33,27,9.0,0.0,0.0,0.0,0.0,0.0,0.0,1.0
369764,0,1,3400,-81,81,58,4.9,3.1,3.0,5632.000000,47,27,9.0,0.0,0.0,0.0,0.0,0.0,0.0,1.0
370013,0,1,3400,-81,81,77,2.0,3.0,1.9,6336.000000,36,27,9.0,0.0,0.0,0.0,0.0,0.0,0.0,1.0
370262,0,1,3400,-81,81,56,0.0,3.1,1.0,10208.000000,12,27,9.0,0.0,0.0,0.0,0.0,0.0,0.0,1.0
370511,0,1,3400,-81,81,52,8.3,3.0,1.8,3520.000000,29,27,9.0,0.0,0.0,0.0,0.0,0.0,0.0,1.0
370760,0,1,3400,-81,81,65,1.7,2.8,2.0,6688.000000,42,27,6.9,0.0,1568.000000,0,0.0,0.0,0.0,1.0
371009,0,1,3400,-81,81,52,7.7,2.8,3.8,1408.000000,82,27,4.6,0.0,0.0,0.0,0.0,0.0,0.0,1.0
371258,0,1,3400,-81,81,51,2.7,2.9,1.7,9152.000000,26,27,3.1,0.0,4256.000000,0,0.0,0.0,0.0,1.0
371507,0,1,3400,-81,81,49,12,2.9,4.0,0.0,100.000000,27,2.1,0.0,0.0,0.0,0.0,0.0,0.0,1.0
371756,0,1,3400,-81,81,50,8.1,3.0,3.3,2816.000000,69,27,2.0,0.0,0.0,0.0,0.0,0.0,0.0,1.0
372005,0,1,3400,-80,80,26,2.3,2.8,2.3,5984.000000,35,27,2.1,0.0,0.0,0.0,0.0,0.0,0.0,1.0
372254,0,1,3400,-80,80,32,4.6,2.7,3.4,3155.378418,50,27,2.1,0.0,0.0,0.0,0.0,0.0,0.0,1.0
372503,0,1,3400,-81,81,47,5.2,3.1,2.5,7712.000000,33,27,2.0,0.0,0.0,0.0,0.0,0.0,0.0,1.0
372752,0,1,3400,-81,81,60,0.048,3.0,1.6,8448.000000,29,27,2.0,0.0,0.0,0.0,0.0,0.0,0.0,1.0
373001,0,1,3400,-81,81,59,4.6,3.4,2.5,6688.000000,32,27,2.0,0.0,0.0,0.0,0.0,0.0,0.0,1.0
373250,0,1,3400,-81,81,67,0.096,2.9,2.3,8800.000000,36,27,2.1,0.0,0.0,0.0,0.0,0.0,0.0,1.0
373499,0,1,3400,-80,80,61,2.0,2.8,1.5,7040.000000,13,27,2.1,0.0,0.0,0.0,0.0,0.0,0.0,1.0
373748,0,1,3400,-81,81,59,0.0,3.0,0.99,7392.000000,9,27,2.0,0.0,0.0,0.0,0.0,0.0,0.0,1.0
373997,0,1,3400,-81,81,59,0.0,2.8,1.8,7040.000000,35,27,2.1,0.0,0.0,0.0,0.0,0.0,0.0,1.0
374246,0,1,3400,-81,81,56,0.0,2.8,2.5,7040.000000,35,27,2.1,0.0,0.0,0.0,0.0,0.0,0.0,1.0
374495,0,1,3400,-81,81,59,4.1,2.8,2.7,3872.000000,67,27,2.1,0.0,0.0,0.0,0.0,0.0,0.0,1.0
374744,0,1,3400,-81,81,65,0.0,3.0,0.69,7392.000000,12,27,2.0,0.0,0.0,0.0,0.0,0.0,0.0,1.0
374993,0,1,3400,-81,81,60,0.84,2.8,2.5,4224.000000,57,27,2.0,0.0,0.0,0.0,0.0,0.0,0.0,1.0
375242,0,1,3400,-80,80,59,0.0,2.7,2.3,4928.000000,42,27,2.1,0.0,0.0,0.0,0.0,0.0,0.0,1.0
375491,0,1,3400,-80,80,60,0.0,2.7,2.0,4224.000000,50,27,2.0,0.0,0.0,0.0,0.0,0.0,0.0,1.0
375740,0,1,3400,-81,81,56,0.0,3.1,1.2,8448.000000,17,27,2.1,0.0,0.0,0.0,0.0,0.0,0.0,1.0
375989,0,1,3400,-81,81,69,0.0,3.0,1.6,8800.000000,29,27,5.0,0.0,7200.000000,0,0.0,0.0,0.0,1.0
376238,0,1,3400,-81,81,65,0.0,3.4,1.1,14080.000000,13,27,5.8,0.0,9376.000000,0,0.0,0.0,0.0,1.0
376487,0,1,3400,-80,80,85,2.1,3.1,2.1,6688.000000,32,27,6.5,0.0,9376.000000,0,0.0,0.0,0.0,1.0
376736,0,1,3400,-80,80,55,7.9,3.1,2.9,5632.000000,45,27,7.3,0.0,11936.000000,0,0.0,0.0,0.0,1.0
376985,0,1,3400,-81,81,44,0.0,3.4,0.71,10560.000000,0,27,8.0,0.0,0.0,0.0,0.0,0.0,0.0,1.0
377234,0,1,3400,-81,81,48,0.0,3.4,0.79,10560.000000,12,27,8.1,0.0,0.0,0.0,0.0,0.0,0.0,1.0
377483,0,1,3400,-80,80,48,0.0,3.3,1.4,7744.000000,21,27,8.0,0.0,0.0,0.0,0.0,0.0,0.0,1.0
377732,0,1,3400,-80,80,33,0.0,3.2,2.0,6688.000000,46,27,8.0,0.0,4256.000000,0,0.0,0.0,0.0,1.0
377981,0,1,3400,-80,80,24,0.0,3.0,2.5,5984.000000,50,27,8.1,0.0,0.0,0.0,0.0,0.0,0.0,1.0
378230,0,1,3400,-80,80,54,11,3.3,2.5,4928.000000,44,27,8.0,0.0,0.0,0.0,0.0,0.0,0.0,1.0
378479,0,1,3400,-81,81,49,12,3.3,3.5,2464.000000,56,27,7.8,0.0,7200.000000,33,0.0,0.0,0.0,1.0
378728,0,1,3400,-80,80,54,4.6,3.4,1.9,4576.000000,43,27,5.5,0.0,7200.000000,0,0.0,0.0,0.0,1.0
378977,0,1,3400,-80,80,63,0.14,3.3,1.2,12320.000000,5,27,5.6,0.0,0.0,0.0,0.0,0.0,0.0,1.0
379226,0,1,3400,-80,80,55,0.0,3.4,1.0,10912.000000,11,27,5.5,0.0,0.0,0.0,0.0,0.0,0.0,1.0
379475,0,1,3400,-80,80,45,2.4,3.5,1.6,10560.000000,23,27,6.7,0.0,11936.000000,0,0.0,0.0,0.0,1.0
379724,0,1,3400,-80,80,53,0.0,3.6,1.3,6688.000000,30,27,9.5,0.0,0.0,0.0,0.0,0.0,0.0,1.0
379973,0,1,3400,-80,80,36,11,3.7,2.9,2112.000000,78,27,9.5,0.0,0.0,0.0,0.0,0.0,0.0,1.0
380222,0,1,3400,-81,81,52,6.2,3.5,2.2,6688.000000,46,27,9.5,0.0,0.0,0.0,0.0,0.0,0.0,1.0
380471,0,1,3400,-81,81,50,2.0,3.5,2.2,9856.000000,30,27,9.5,0.0,0.0,0.0,0.0,0.0,0.0,1.0
380720,0,1,3400,-80,80,58,0.0,3.6,1.6,8800.000000,22,27,9.5,0.0,0.0,0.0,0.0,0.0,0.0,1.0
380969,0,1,3400,-81,81,55,0.0,3.7,0.60,14080.000000,2,27,9.5,0.0,0.0,0.0,0.0,0.0,0.0,1.0
381218,0,1,3400,-80,80,66,7.5,3.3,3.2,1056.000000,85,27,9.5,0.0,0.0,0.0,0.0,0.0,0.0,1.0
381467,0,1,3400,-80,80,53,1.2,3.4,1.4,9152.000000,21,27,9.5,0.0,0.0,0.0,0.0,0.0,0.0,1.0
381716,0,1,3400,-80,80,47,1.9,3.3,2.3,5984.000000,47,27,9.5,0.0,0.0,0.0,0.0,0.0,0.0,1.0
381965,0,1,3400,-80,80,47,1.8,3.1,2.0,6688.000000,44,27,9.5,0.0,0.0,0.0,0.0,0.0,0.0,1.0
382214,0,1,3400,-80,80,-2.0,1.7,3.1,2.5,7392.000000,49,27,9.5,0.0,0.0,0.0,0.0,0.0,0.0,1.0
382463,0,1,3400,-80,80,39,0.0,3.2,1.3,11264.000000,18,27,15,0.0,4256.000000,33,0.0,0.0,0.0,1.0
382712,0,1,3400,-81,81,75,0.96,3.2,1.2,7040.000000,20,27,19,0.0,0.0,0.0,0.0,0.0,0.0,1.0
382961,0,1,3400,-81,81,60,0.0,3.2,1.1,11968.000000,3,27,19,0.0,0.0,0.0,0.0,0.0,0.0,1.0
383210,0,1,3400,-80,80,63,0.0,2.8,1.3,9504.000000,18,27,19,0.0,0.0,0.0,0.0,0.0,0.0,1.0
383459,0,1,3400,-80,80,64,0.0,2.7,2.9,3520.000000,71,27,19,0.0,0.0,0.0,0.0,0.0,0.0,1.0
383708,0,1,3400,-81,81,61,0.088,2.8,2.2,8544.000000,47,27,19,0.0,0.0,0.0,0.0,0.0,0.0,1.0
383957,0,1,3400,-81,81,58,8.3,2.8,2.5,3520.000000,52,27,19,0.0,0.0,0.0,0.0,0.0,0.0,1.0
384206,0,1,3400,-81,81,53,15,2.6,4.0,0.0,100.000000,27,19,0.0,0.0,0.0,0.0,0.0,0.0,1.0
384455,0,1,3400,-81,81,-35,9.7,2.8,3.0,2816.000000,47,27,14,0.0,9376.000000,0,0.0,0.0,0.0,1.0
384704,0,1,3400,-81,81,8.3,1.6,2.7,1.7,4576.000000,19,27,8.0,0.0,0.0,0.0,0.0,0.0,0.0,1.0
384953,0,1,3400,-81,81,31,0.0,2.6,2.1,5280.000000,44,27,8.0,0.0,0.0,0.0,0.0,0.0,0.0,1.0
385202,0,1,3400,-81,81,-50,4.9,2.6,2.5,1051.792847,57,27,8.0,0.0,0.0,0.0,0.0,0.0,0.0,1.0
385451,0,1,3400,-81,81,38,6.8,2.6,2.8,3155.378418,44,27,8.0,0.0,0.0,0.0,0.0,0.0,0.0,1.0
385700,0,1,3400,-81,81,32,0.0,2.6,1.5,7744.000000,21,27,8.0,0.0,7200.000000,0,0.0,0.0,0.0,1.0
385949,0,1,3400,-81,81,21,1.2,2.4,2.1,5984.000000,43,27,8.0,0.0,0.0,0.0,0.0,0.0,0.0,1.0
386198,0,1,3400,-81,81,62,19,2.7,3.9,704,83,27,8.0,0.0,0.0,0.0,0.0,0.0,0.0,1.0
386447,0,1,3400,-81,81,-53,11,2.7,4.0,2048.000000,86,27,8.0,0.0,0.0,0.0,0.0,0.0,0.0,1.0
386696,0,1,3400,-81,81,55,21,2.9,3.8,1760.000000,72,27,8.0,0.0,7200.000000,0,0.0,0.0,0.0,1.0
386945,0,1,3400,-81,81,45,6.7,3.1,3.1,4224.000000,68,27,8.0,0.0,0.0,0.0,0.0,0.0,0.0,1.0
387194,0,1,3400,-80,80,39,0.048,2.8,1.2,10912.000000,18,27,8.0,0.0,0.0,0.0,0.0,0.0,0.0,1.0
387443,0,1,3400,-80,80,53,4.2,2.9,1.9,6688.000000,34,27,8.0,0.0,0.0,0.0,0.0,0.0,0.0,1.0
387692,0,1,3400,-80,80,32,11,3.2,2.7,4928.000000,42,27,8.0,0.0,0.0,0.0,0.0,0.0,0.0,1.0
387941,0,1,3400,-80,80,77,8.8,2.7,2.0,8800.000000,17,27,8.0,0.0,0.0,0.0,0.0,0.0,0.0,1.0
388190,0,1,3400,-80,80,59,0.0,2.9,1.1,10208.000000,12,27,8.1,0.0,0.0,0.0,0.0,0.0,0.0,1.0
388439,0,1,3400,-80,80,58,8.0,2.9,3.0,1056.000000,83,27,8.0,0.0,0.0,0.0,0.0,0.0,0.0,1.0
388688,0,1,3400,-80,80,54,16,3.0,4.0,0.0,100.000000,27,8.0,0.0,0.0,0.0,0.0,0.0,0.0,1.0
388937,0,1,3400,-80,80,63,8.1,3.0,2.4,6336.000000,44,27,8.0,0.0,0.0,0.0,0.0,0.0,0.0,1.0
389186,0,1,3400,-80,80,60,8.9,2.8,3.1,2816.000000,70,27,8.0,0.0,0.0,0.0,0.0,0.0,0.0,1.0
389435,0,1,3400,-80,80,52,1.5,3.1,1.8,6336.000000,28,27,8.0,0.0,0.0,0.0,0.0,0.0,0.0,1.0
389684,0,1,3400,-80,80,58,9.7,2.7,3.1,2112.000000,76,27,8.0,0.0,0.0,0.0,0.0,0.0,0.0,1.0
389933,0,1,3400,-80,80,64,1.8,2.9,1.8,4576.000000,46,27,8.0,0.0,0.0,0.0,0.0,0.0,0.0,1.0
390182,0,1,3400,-80,80,48,7.3,2.9,3.4,2816.000000,62,27,8.0,0.0,0.0,0.0,0.0,0.0,0.0,1.0
390431,0,1,3400,-80,80,59,8.8,2.8,2.8,4224.000000,45,27,8.0,0.0,0.0,0.0,0.0,0.0,0.0,1.0
390680,0,1,3400,-80,80,31,8.5,2.8,2.7,3872.000000,54,27,8.0,0.0,0.0,0.0,0.0,0.0,0.0,1.0
390929,0,1,3400,-80,80,51,3.9,2.9,1.7,6688.000000,24,27,8.0,0.0,0.0,0.0,0.0,0.0,0.0,1.0
391178,0,1,3400,-80,80,61,10,2.8,3.1,0.0,100.000000,27,9.8,0.0,17056.000000,0,0.0,0.0,0.0,1.0
391427,0,1,3400,-80,80,57,1.6,2.9,2.6,5984.000000,50,27,15,0.0,0.0,0.0,0.0,0.0,0.0,1.0
391676,0,1,3400,-81,81,57,0.0,3.3,0.90,11616.000000,6,27,16,0.0,0.0,0.0,0.0,0.0,0.0,1.0
391925,0,1,3400,-80,80,65,0.0,3.1,0.99,9856.000000,3,27,16,0.0,7200.000000,0,0.0,0.0,0.0,1.0
392174,0,1,3400,-80,80,63,4.7,2.5,3.0,2816.000000,65,27,15,0.0,0.0,0.0,0.0,0.0,0.0,1.0
392423,0,1,3400,-80,80,35,0.0,2.9,1.0,13376.000000,3,27,15,0.0,0.0,0.0,0.0,0.0,0.0,1.0
392672,0,1,3400,-80,80,43,0.0,3.1,0.84,12320.000000,8,27,15,0.0,0.0,0.0,0.0,0.0,0.0,1.0
392921,0,1,3400,-80,80,79,0.0,2.9,1.0,10560.000000,6,27,15,0.0,0.0,0.0,0.0,0.0,0.0,1.0
393170,0,1,3400,-80,80,49,1.3,2.8,1.4,7392.000000,28,27,15,0.0,0.0,0.0,0.0,0.0,0.0,1.0
393419,0,1,3400,-80,80,54,0.0,2.8,1.1,9152.000000,10,27,15,0.0,0.0,0.0,0.0,0.0,0.0,1.0
393668,0,1,3400,-80,80,33,5.0,3.0,2.4,3872.000000,61,27,15,0.0,0.0,0.0,0.0,0.0,0.0,1.0
393917,0,1,3400,-80,80,46,6.0,3.2,3.3,3872.000000,58,27,15,0.0,0.0,0.0,0.0,0.0,0.0,1.0
394166,0,1,3400,-80,80,33,6.1,3.0,2.2,5984.000000,29,27,15,0.0,0.0,0.0,0.0,0.0,0.0,1.0
394415,0,1,3400,-80,80,37,11,3.2,3.2,4992.000000,39,27,15,0.0,0.0,0.0,0.0,0.0,0.0,1.0
394664,0,1,3400,-80,80,40,0.0,3.3,0.65,11264.000000,3,27,15,0.0,0.0,0.0,0.0,0.0,0.0,1.0
394913,0,1,3400,-80,80,48,3.6,3.3,2.3,6208.000000,41,27,15,0.0,0.0,0.0,0.0,0.0,0.0,1.0
395162,0,1,3400,-80,80,49,4.5,3.5,1.6,11968.000000,13,27,15,0.0,0.0,0,0.0,0.0,0.0,1.0
395411,0,1,3400,-80,80,50,1.8,3.4,1.2,12320.000000,15,27,12,0.0,1120.000000,0,0.0,0.0,0.0,1.0
395660,0,1,3400,-80,80,42,5.6,3.1,1.6,7392.000000,22,27,12,0.0,0.0,0.0,0.0,0.0,0.0,1.0
395909,0,1,3400,-80,80,22,1.7,3.0,1.9,12448.000000,24,27,11,0.0,0.0,0.0,0.0,0.0,0.0,1.0
396158,0,1,3400,-80,80,35,7.9,3.1,3.6,4128.000000,80,27,11,0.0,0.0,0.0,0.0,0.0,0.0,1.0
396407,0,1,3400,-79,79,53,2.3,2.7,2.9,5248.000000,64,27,11,0.0,0.0,0.0,0.0,0.0,0.0,1.0
396656,0,1,3400,-80,80,32,3.0,3.1,2.1,8384.000000,33,27,12,0.0,0.0,0.0,0.0,0.0,0.0,1.0
396905,0,1,3400,-80,80,37,0.56,3.2,1.1,13664.000000,17,27,12,0.0,0.0,0.0,0.0,0.0,0.0,1.0
397154,0,1,3400,-80,80,40,0.0,3.1,1.3,10560.000000,25,27,11,0.0,0.0,0.0,0.0,0.0,0.0,1.0
397403,0,1,3400,-80,80,34,0.0,2.9,2.6,5632.000000,47,27,11,0.0,0.0,0.0,0.0,0.0,0.0,1.0
397652,0,1,3400,-80,80,45,0.0,2.8,1.7,11264.000000,16,27,11,0.0,7200.000000,0,0.0,0.0,0.0,1.0
397901,0,1,3400,-81,81,74,0.90,3.4,1.0,9504.000000,16,27,6.5,0.0,4256.000000,0,0.0,0.0,0.0,1.0
398150,0,1,3400,-80,80,31,0.0,3.1,1.1,9504.000000,10,27,5.5,0.0,0.0,0.0,0.0,0.0,0.0,1.0
398399,0,1,3400,-80,80,32,0.54,2.9,2.2,4896.000000,48,27,5.5,0.0,0.0,0.0,0.0,0.0,0.0,1.0
398648,0,1,3400,-80,80,29,0.23,2.7,1.4,4928.000000,7,27,5.5,0.0,0.0,0.0,0.0,0.0,0.0,1.0
398897,0,1,3400,-80,80,29,2.4,2.7,2.2,4544.000000,56,27,5.5,0.0,0.0,0.0,0.0,0.0,0.0,1.0
399146,0,1,3400,-81,81,31,0.0,2.7,1.3,10208.000000,22,27,5.5,0.0,0.0,0.0,0.0,0.0,0.0,1.0
399395,0,1,3400,-80,80,67,0.0,2.5,1.6,9152.000000,10,27,5.5,0.0,0.0,0.0,0.0,0.0,0.0,1.0
399644,0,1,3400,-81,81,30,1.3,2.7,2.8,5280.000000,42,27,5.5,0.0,0.0,0.0,0.0,0.0,0.0,1.0
399893,0,1,3400,-81,81,26,3.8,2.5,2.9,7264.000000,57,27,5.7,0.0,0.0,0.0,0.0,0.0,0.0,1.0
400142,0,1,3400,-80,80,79,0.016,2.3,1.7,4928.000000,33,27,5.5,0.0,0.0,0.0,0.0,0.0,0.0,1.0
400391,0,1,3400,-81,81,56,0.0,2.5,1.6,9856.000000,22,27,5.5,0.0,0.0,0.0,0.0,0.0,0.0,1.0
400640,0,1,3400,-80,80,82,0.36,2.3,2.0,3520.000000,52,27,5.5,0.0,0.0,0.0,0.0,0.0,0.0,1.0
400889,0,1,3400,-81,81,47,3.3,2.8,2.7,3520.000000,60,27,5.6,0.0,0.0,0.0,0.0,0.0,0.0,1.0
401138,0,1,3400,-80,80,58,5.2,2.5,3.5,2112.000000,71,27,5.5,0.0,0.0,0.0,0.0,0.0,0.0,1.0
401387,0,1,3400,-80,80,40,6.9,2.5,3.0,2464.000000,65,27,5.6,0.0,0.0,0.0,0.0,0.0,0.0,1.0
401636,0,1,3400,-80,80,-135,0.24,2.1,2.3,5280.000000,32,27,5.5,0.0,0.0,0.0,0.0,0.0,0.0,1.0
401885,0,1,3400,-80,80,11,0.53,2.5,2.0,5984.000000,32,27,5.6,0.0,0.0,0.0,0.0,0.0,0.0,1.0
402134,0,1,3400,-81,81,37,0.064,2.7,1.7,8800.000000,22,27,5.6,0.0,0.0,0.0,0.0,0.0,0.0,1.0
402383,0,1,3400,-81,81,34,0.016,2.7,1.4,7744.000000,8,27,5.6,0.0,0.0,0.0,0.0,0.0,0.0,1.0
402632,0,1,3400,-80,80,36,2.8,2.6,3.0,3136.000000,61,27,5.6,0.0,0.0,0.0,0.0,0.0,0.0,1.0
402881,0,1,3400,-80,80,38,9.5,2.4,3.6,1408.000000,60,27,5.6,0.0,0.0,0.0,0.0,0.0,0.0,1.0
403130,0,1,3400,-81,81,-14,14,2.6,2.7,1402.390381,56,27,5.5,0.0,0.0,0.0,0.0,0.0,0.0,1.0
403379,0,1,3400,-80,80,47,13,2.4,2.6,7713.147461,21,27,5.5,0.0,0.0,0.0,0.0,0.0,0.0,1.0
403628,0,1,3400,-80,80,42,9.9,2.5,3.0,1408.000000,73,27,5.6,0.0,0.0,0.0,0.0,0.0,0.0,1.0
403877,0,1,3400,-80,80,82,1.3,2.5,3.8,1056.000000,77,27,5.6,0.0,0.0,0.0,0.0,1.0,0.0,1.0
404126,0,1,3400,-81,81,34,8.5,3.1,3.5,1760.000000,79,27,5.6,0.0,0.0,0.0,0.0,0.0,0.0,1.0
404375,0,1,3400,-80,80,4.3,5.0,2.7,3.2,2816.000000,62,27,5.6,0.0,0.0,0.0,0.0,0.0,0.0,1.0
404624,0,1,3400,-80,80,34,0.0,2.7,1.9,9856.000000,10,27,5.6,0.0,0.0,0.0,0.0,0.0,0.0,1.0
404873,0,1,3400,-80,80,48,0.96,2.8,1.7,6336.000000,36,27,5.6,0.0,0.0,0.0,0.0,0.0,0.0,1.0
405122,0,1,3400,-80,80,60,16,2.6,4.0,0.0,100.000000,27,5.5,0.0,0.0,0.0,0.0,0.0,0.0,1.0
405371,0,1,3400,-80,80,40,5.5,2.5,1.8,7392.000000,12,27,5.7,0.0,0.0,0.0,0.0,0.0,0.0,1.0
405620,0,1,3400,-80,80,66,6.3,2.3,3.4,3168.000000,62,27,5.6,0.0,0.0,0.0,0.0,0.0,0.0,1.0
405869,0,1,3400,-81,81,124,1.1,2.4,1.3,7362.549805,16,27,5.6,0.0,0.0,0.0,0.0,0.0,0.0,1.0
406118,0,1,3400,-81,81,44,9.4,2.5,2.8,5984.000000,32,27,5.6,0.0,0.0,0.0,0.0,0.0,0.0,1.0
406367,0,1,3400,-80,80,109,0.0,2.1,2.3,3168.000000,36,27,5.6,0.0,0.0,0.0,0.0,0.0,0.0,1.0
406616,0,1,3400,-81,81,54,0.0,2.6,2.0,7040.000000,33,27,5.6,0.0,0.0,0.0,0.0,0.0,0.0,1.0
406865,0,1,3400,-81,81,38,5.0,2.4,2.3,1760.000000,64,27,6.5,0.0,7200.000000,33,0.0,0.0,0.0,1.0
407114,0,1,3400,-80,80,51,3.2,2.2,1.5,2464.000000,12,27,7.0,0.0,0.0,0.0,0.0,0.0,0.0,1.0
407363,0,1,3400,-80,80,43,0.0,2.2,1.6,9152.000000,10,27,7.0,0.0,0.0,0.0,0.0,0.0,0.0,1.0
407612,0,1,3400,-80,80,21,0.0,2.8,0.80,0.0,0.0,27,7.0,0.0,0.0,0.0,0.0,0.0,0.0,1.0
407861,0,1,3400,-78,78,-195,1.8,6.6,0.36,0.0,0.0,27,3.0,0.0,0.0,100.000000,0.0,0.0,0.0,0.0
408110,0,1,3400,-78,78,-194,0.0,6.7,0.0,0.0,0.0,0.0,0.0,0.0,0.0,0.0,0.0,0.0,0.0,0.0
408359,0,1,3400,-78,78,-192,2.8,6.7,0.85,0.0,0.0,0.0,0.0,0.0,0.0,0.0,0.0,0.0,0.0,0.0
408608,0,1,3400,-78,78,-195,6.5,6.6,2.1,0.0,0.0,0.0,0.0,0.0,0.0,0.0,0.0,0.0,0.0,0.0
408857,0,1,3400,-78,78,-195,4.2,6.7,1.5,0.0,0.0,0.0,0.0,0.0,0.0,80,0.0,0.0,0.0,0.0
409106,0,1,3400,-78,78,-196,0.99,6.4,0.49,0.0,0.0,0.0,0.0,0.0,0.0,80,0.0,0.0,0.0,0.0
409355,0,1,3400,-78,78,-199,0.99,6.7,0.50,0.0,0.0,0.0,0.0,0.0,0.0,80,0.0,0.0,0.0,0.0
409604,0,1,3400,-78,78,-194,1.0,6.7,0.50,0.0,0.0,27,0.0,0.0,0.0,0.0,0.0,0.0,0.0,0.0
409853,0,1,3400,-78,78,-200,1.0,6.9,0.50,0.0,0.0,27,0.0,0.0,0.0,0.0,0.0,0.0,0.0,0.0
410102,0,1,3400,-78,78,-201,1.0,6.8,0.50,0.0,0.0,27,0.0,0.0,0.0,0.0,0.0,0.0,0.0,0.0
410351,0,1,3400,-78,78,-197,1.0,6.8,0.50,0.0,0.0,27,0.0,0.0,0.0,0.0,0.0,0.0,0.0,0.0
410600,0,1,3400,-78,78,-189,0.55,6.7,0.50,0.0,0.0,27,0.0,0.0,0.0,0.0,0.0,0.0,0.0,0.0
410849,0,1,3400,-78,78,-179,0.50,6.5,0.50,0.0,0.0,27,0.0,0.0,0.0,0.0,0.0,0.0,0.0,0.0
411098,0,1,3400,-78,78,-182,0.50,6.6,0.50,0.0,0.0,27,0.0,0.0,0.0,0.0,0.0,0.0,0.0,0.0
411347,0,1,3400,-78,78,-188,0.50,6.8,0.50,0.0,0.0,27,0.0,0.0,0.0,0.0,0.0,0.0,0.0,0.0
411596,0,1,3400,-78,78,-195,0.50,6.7,0.50,0.0,0.0,27,0.0,0.0,0.0,0.0,0.0,0.0,0.0,0.0
411845,0,1,3400,-78,78,-197,0.50,6.6,0.50,0.0,0.0,27,0.0,0.0,0.0,0.0,0.0,0.0,0.0,0.0
412094,0,1,3400,-78,78,-192,0.50,6.4,0.50,0.0,0.0,27,0.0,0.0,0.0,0.0,0.0,0.0,0.0,0.0
412343,0,1,3400,-78,78,-196,0.50,6.7,0.50,0.0,0.0,27,0.0,0.0,0.0,0.0,0.0,0.0,0.0,0.0
412592,0,1,3400,-78,78,-193,0.50,6.5,0.50,0.0,0.0,27,0.0,0.0,0.0,0.0,0.0,0.0,0.0,0.0
412841,0,1,3400,-78,78,-195,0.50,6.7,0.50,0.0,0.0,27,0.0,0.0,0.0,0.0,0.0,0.0,0.0,0.0
413090,0,1,3400,-78,78,-198,0.50,6.8,0.50,0.0,0.0,27,0.0,0.0,0.0,0.0,0.0,0.0,0.0,0.0
413339,0,1,3400,-78,78,-198,0.50,6.7,0.50,0.0,0.0,27,0.0,0.0,0.0,0.0,0.0,0.0,0.0,0.0
413588,0,1,3400,-78,78,-193,0.50,6.7,0.50,0.0,0.0,27,0.0,0.0,0.0,0.0,0.0,0.0,0.0,0.0
413837,0,1,3400,-78,78,-191,0.50,6.8,0.50,0.0,0.0,27,0.0,0.0,0.0,0.0,0.0,0.0,0.0,0.0
414086,0,1,3400,-78,78,-193,0.50,6.8,0.50,0.0,0.0,27,0.0,0.0,0.0,0.0,0.0,0.0,0.0,0.0
414335,0,1,3400,-78,78,-195,0.50,6.8,0.50,0.0,0.0,27,0.0,0.0,0.0,0.0,0.0,0.0,0.0,0.0
414584,0,1,3400,-78,78,-193,0.50,6.7,0.50,0.0,0.0,27,0.0,0.0,0.0,0.0,0.0,0.0,0.0,0.0
414833,0,1,3400,-78,78,-192,0.50,6.8,0.50,0.0,0.0,27,0.0,0.0,0.0,0.0,0.0,0.0,0.0,0.0
415082,0,1,3400,-78,78,-194,0.50,6.6,0.50,0.0,0.0,27,0.0,0.0,0.0,0.0,0.0,0.0,0.0,0.0
415331,0,1,3400,-78,78,-191,0.50,6.3,0.50,0.0,0.0,27,0.0,0.0,0.0,0.0,0.0,0.0,0.0,0.0
415580,0,1,3400,-78,78,-190,0.50,6.6,0.50,0.0,0.0,27,0.0,0.0,0.0,0.0,0.0,0.0,0.0,0.0
415829,0,1,3400,-78,78,-185,0.50,6.4,0.50,0.0,0.0,27,0.0,0.0,0.0,0.0,0.0,0.0,0.0,0.0
416078,0,1,3400,-78,78,-191,0.50,6.5,0.50,0.0,0.0,27,0.0,0.0,0.0,0.0,0.0,0.0,0.0,0.0
416327,0,1,3400,-78,78,-199,0.50,6.6,0.50,0.0,0.0,27,0.0,0.0,0.0,0.0,0.0,0.0,0.0,0.0
416576,0,1,3400,-78,78,-196,0.50,6.7,0.50,0.0,0.0,27,0.0,0.0,0.0,0.0,0.0,0.0,0.0,0.0
416825,0,1,3400,-78,78,-190,0.50,6.4,0.50,0.0,0.0,27,0.0,0.0,0.0,0.0,0.0,0.0,0.0,0.0
417074,0,1,3400,-78,78,-189,0.50,6.5,0.50,0.0,0.0,27,0.0,0.0,0.0,0.0,0.0,0.0,0.0,0.0
417323,0,1,3400,-78,78,-195,0.50,6.2,0.50,0.0,0.0,27,0.0,0.0,0.0,0.0,0.0,0.0,0.0,0.0
417572,0,1,3400,-78,78,-189,0.50,6.4,0.50,0.0,0.0,27,0.0,0.0,0.0,0.0,0.0,0.0,0.0,0.0
417821,0,1,3400,-78,78,-196,0.50,6.4,0.50,0.0,0.0,27,0.0,0.0,0.0,0.0,0.0,0.0,0.0,0.0
418070,0,1,3400,-78,78,-199,0.50,6.4,0.50,0.0,0.0,27,0.0,0.0,0.0,0.0,0.0,0.0,0.0,0.0
418319,0,1,3400,-78,78,-200,0.50,6.4,0.50,0.0,0.0,27,0.0,0.0,0.0,0.0,0.0,0.0,0.0,0.0
418568,0,1,3400,-78,78,-197,0.50,6.4,0.50,0.0,0.0,27,0.0,0.0,0.0,0.0,0.0,0.0,0.0,0.0
418817,0,1,3400,-78,78,-200,0.50,6.2,0.50,0.0,0.0,27,0.0,0.0,0.0,0.0,0.0,0.0,0.0,0.0
419066,0,1,3400,-78,78,-192,0.50,6.1,0.50,0.0,0.0,27,0.0,0.0,0.0,0.0,0.0,0.0,0.0,0.0
419315,0,1,3400,-78,78,-192,0.50,6.0,0.50,0.0,0.0,27,0.0,0.0,0.0,0.0,0.0,0.0,0.0,0.0
419564,0,1,3400,-78,78,-185,0.50,6.0,0.50,0.0,0.0,27,0.0,0.0,0.0,0.0,0.0,0.0,0.0,0.0
419813,0,1,3400,-78,78,-182,0.50,6.2,0.50,0.0,0.0,27,0.0,0.0,0.0,0.0,0.0,0.0,0.0,0.0
420062,0,1,3400,-78,78,-186,0.50,6.1,0.50,0.0,0.0,27,0.0,0.0,0.0,0.0,0.0,0.0,0.0,0.0
420311,0,1,3400,-78,78,-195,0.50,6.2,0.50,0.0,0.0,27,0.0,0.0,0.0,0.0,0.0,0.0,0.0,0.0
420560,0,1,3400,-78,78,-197,0.50,5.9,0.50,0.0,0.0,27,0.0,0.0,0.0,0.0,0.0,0.0,0.0,0.0
420809,0,1,3400,-78,78,-192,0.50,5.8,0.50,0.0,0.0,27,0.0,0.0,0.0,0.0,0.0,0.0,0.0,0.0
421058,0,1,3400,-78,78,-189,0.50,5.9,0.50,0.0,0.0,27,0.0,0.0,0.0,0.0,0.0,0.0,0.0,0.0
421307,0,1,3400,-78,78,-189,0.50,6.1,0.50,0.0,0.0,27,0.0,0.0,0.0,0.0,0.0,0.0,0.0,0.0
421556,0,1,3400,-78,78,-188,0.50,6.2,0.50,0.0,0.0,27,0.0,0.0,0.0,0.0,0.0,0.0,0.0,0.0
421805,0,1,3400,-78,78,-187,0.50,6.0,0.50,0.0,0.0,27,0.0,0.0,0.0,0.0,0.0,0.0,0.0,0.0
422054,0,1,3400,-78,78,-193,0.50,6.1,0.50,0.0,0.0,27,0.0,0.0,0.0,0.0,0.0,0.0,0.0,0.0
422303,0,1,3400,-78,78,-194,0.50,6.3,0.50,0.0,0.0,27,0.0,0.0,0.0,0.0,0.0,0.0,0.0,0.0
422552,0,1,3400,-78,78,-197,0.50,5.9,0.50,0.0,0.0,27,0.0,0.0,0.0,0.0,0.0,0.0,0.0,0.0
422801,0,1,3400,-78,78,-194,0.50,6.2,0.50,0.0,0.0,27,0.0,0.0,0.0,0.0,0.0,0.0,0.0,0.0
423050,0,1,3400,-78,78,-183,0.50,6.2,0.50,0.0,0.0,27,0.0,0.0,0.0,0.0,0.0,0.0,0.0,0.0
423299,0,1,3400,-78,78,-192,0.50,6.1,0.50,0.0,0.0,27,0.0,0.0,0.0,0.0,0.0,0.0,0.0,0.0
423548,0,1,3400,-78,78,-193,0.50,6.1,0.50,0.0,0.0,27,0.0,0.0,0.0,0.0,0.0,0.0,0.0,0.0
423797,0,1,3400,-78,78,-191,0.50,6.2,0.50,0.0,0.0,27,0.0,0.0,0.0,0.0,0.0,0.0,0.0,0.0
424046,0,1,3400,-78,78,-192,0.50,6.3,0.50,0.0,0.0,27,0.0,0.0,0.0,0.0,0.0,0.0,0.0,0.0
424295,0,1,3400,-78,78,-193,0.50,6.0,0.50,0.0,0.0,27,0.0,0.0,0.0,0.0,0.0,0.0,0.0,0.0
424544,0,1,3400,-78,78,-197,0.50,6.0,0.50,0.0,0.0,27,0.0,0.0,0.0,0.0,0.0,0.0,0.0,0.0
424793,0,1,3400,-78,78,-198,0.50,6.1,0.50,0.0,0.0,27,0.0,0.0,0.0,0.0,0.0,0.0,0.0,0.0
425042,0,1,3400,-78,78,-198,0.50,6.0,0.50,0.0,0.0,27,0.0,0.0,0.0,0.0,0.0,0.0,0.0,0.0
425291,0,1,3400,-78,78,-192,0.50,6.4,0.50,0.0,0.0,27,0.0,0.0,0.0,0.0,0.0,0.0,0.0,0.0
425540,0,1,3400,-78,78,-197,0.50,6.0,0.50,0.0,0.0,27,0.0,0.0,0.0,0.0,0.0,0.0,0.0,0.0
425789,0,1,3400,-78,78,-200,0.50,6.3,0.50,0.0,0.0,27,0.0,0.0,0.0,0.0,0.0,0.0,0.0,0.0
426038,0,1,3400,-78,78,-192,0.50,6.2,0.50,0.0,0.0,27,0.0,0.0,0.0,0.0,0.0,0.0,0.0,0.0
426287,0,1,3400,-78,78,-196,0.50,6.4,0.50,0.0,0.0,27,0.0,0.0,0.0,0.0,0.0,0.0,0.0,0.0
426536,0,1,3400,-78,78,-193,0.50,6.4,0.50,0.0,0.0,27,0.0,0.0,0.0,0.0,0.0,0.0,0.0,0.0
426785,0,1,3400,-78,78,-193,0.50,6.3,0.50,0.0,0.0,27,0.0,0.0,0.0,0.0,0.0,0.0,0.0,0.0
427034,0,1,3400,-78,78,-194,0.50,6.4,0.50,0.0,0.0,27,0.0,0.0,0.0,0.0,0.0,0.0,0.0,0.0
427283,0,1,3400,-78,78,-197,0.50,6.4,0.50,0.0,0.0,27,0.0,0.0,0.0,0.0,0.0,0.0,0.0,0.0
427532,0,1,3400,-78,78,-194,0.50,6.1,0.50,0.0,0.0,27,0.0,0.0,0.0,0.0,0.0,0.0,0.0,0.0
427781,0,1,3400,-78,78,-193,0.50,6.1,0.50,0.0,0.0,27,0.0,0.0,0.0,0.0,0.0,0.0,0.0,0.0
428030,0,1,3400,-78,78,-187,0.50,6.1,0.50,0.0,0.0,27,0.0,0.0,0.0,0.0,0.0,0.0,0.0,0.0
428279,0,1,3400,-78,78,-185,0.50,6.3,0.50,0.0,0.0,27,0.0,0.0,0.0,0.0,0.0,0.0,0.0,0.0
428528,0,1,3400,-78,78,-183,0.50,6.2,0.50,0.0,0.0,27,0.0,0.0,0.0,0.0,0.0,0.0,0.0,0.0
428777,0,1,3400,-78,78,-185,0.50,5.9,0.50,0.0,0.0,27,0.0,0.0,0.0,0.0,0.0,0.0,0.0,0.0
429026,0,1,3400,-78,78,-190,0.50,6.0,0.50,0.0,0.0,27,0.0,0.0,0.0,0.0,0.0,0.0,0.0,0.0
429275,0,1,3400,-78,78,-193,0.50,5.8,0.50,0.0,0.0,27,0.0,0.0,0.0,0.0,0.0,0.0,0.0,0.0
429524,0,1,3400,-78,78,-197,0.50,6.0,0.50,0.0,0.0,27,0.0,0.0,0.0,0.0,0.0,0.0,0.0,0.0
429773,0,1,3400,-78,78,-197,0.50,5.9,0.50,0.0,0.0,27,0.0,0.0,0.0,0.0,0.0,0.0,0.0,0.0
430022,0,1,3400,-78,78,-203,0.50,5.5,0.50,0.0,0.0,27,0.0,0.0,0.0,0.0,0.0,0.0,0.0,0.0
430271,0,1,3400,-78,78,-201,0.50,5.7,0.50,0.0,0.0,27,0.0,0.0,0.0,0.0,0.0,0.0,0.0,0.0
430520,0,1,3400,-78,78,-199,0.50,5.8,0.50,0.0,0.0,27,0.0,0.0,0.0,0.0,0.0,0.0,0.0,0.0
430769,0,1,3400,-78,78,-201,0.50,5.9,0.50,0.0,0.0,27,0.0,0.0,0.0,0.0,0.0,0.0,0.0,0.0
431018,0,1,3400,-78,78,-198,0.50,5.9,0.50,0.0,0.0,27,0.0,0.0,0.0,0.0,0.0,0.0,0.0,0.0
431267,0,1,3400,-78,78,-197,0.50,5.8,0.50,0.0,0.0,27,0.0,0.0,0.0,0.0,0.0,0.0,0.0,0.0
431516,0,1,3400,-78,78,-199,0.50,5.5,0.50,0.0,0.0,27,0.0,0.0,0.0,0.0,0.0,0.0,0.0,0.0
431765,0,1,3400,-78,78,-199,0.50,6.0,0.50,0.0,0.0,27,0.0,0.0,0.0,0.0,0.0,0.0,0.0,0.0
432014,0,1,3400,-78,78,-201,0.50,5.6,0.50,0.0,0.0,27,0.0,0.0,0.0,0.0,0.0,0.0,0.0,0.0
432263,0,1,3400,-78,78,-202,0.50,5.7,0.50,0.0,0.0,27,0.0,0.0,0.0,0.0,0.0,0.0,0.0,0.0
432512,0,1,3400,-78,78,-200,0.50,6.0,0.50,0.0,0.0,27,0.0,0.0,0.0,0.0,0.0,0.0,0.0,0.0
432761,0,1,3400,-78,78,-195,0.50,6.1,0.50,0.0,0.0,27,0.0,0.0,0.0,0.0,0.0,0.0,0.0,0.0
433010,0,1,3400,-78,78,-192,0.50,6.1,0.50,0.0,0.0,27,0.0,0.0,0.0,0.0,0.0,0.0,0.0,0.0
433259,0,1,3400,-78,78,-192,0.50,6.2,0.50,0.0,0.0,27,0.0,0.0,0.0,0.0,0.0,0.0,0.0,0.0
433508,0,1,3400,-78,78,-196,0.50,6.3,0.50,0.0,0.0,27,0.0,0.0,0.0,0.0,0.0,0.0,0.0,0.0
433757,0,1,3400,-78,78,-197,0.50,6.1,0.50,0.0,0.0,27,0.0,0.0,0.0,0.0,0.0,0.0,0.0,0.0
434006,0,1,3400,-78,78,-201,0.50,6.1,0.50,0.0,0.0,27,0.0,0.0,0.0,0.0,0.0,0.0,0.0,0.0
434255,0,1,3400,-78,78,-198,0.50,5.8,0.50,0.0,0.0,27,0.0,0.0,0.0,0.0,0.0,0.0,0.0,0.0
434504,0,1,3400,-78,78,-196,0.50,6.0,0.50,0.0,0.0,27,0.0,0.0,0.0,0.0,0.0,0.0,0.0,0.0
434753,0,1,3400,-78,78,-194,0.50,6.0,0.50,0.0,0.0,27,0.0,0.0,0.0,0.0,0.0,0.0,0.0,0.0
435002,0,1,3400,-78,78,-190,0.50,6.1,0.50,0.0,0.0,27,0.0,0.0,0.0,0.0,0.0,0.0,0.0,0.0
435251,0,1,3400,-78,78,-189,0.50,6.1,0.50,0.0,0.0,27,0.0,0.0,0.0,0.0,0.0,0.0,0.0,0.0
435500,0,1,3400,-78,78,-192,0.50,6.1,0.50,0.0,0.0,27,0.0,0.0,0.0,0.0,0.0,0.0,0.0,0.0
435749,0,1,3400,-78,78,-195,0.50,6.3,0.50,0.0,0.0,27,0.0,0.0,0.0,0.0,0.0,0.0,0.0,0.0
435998,0,1,3400,-78,78,-192,0.50,5.9,0.50,0.0,0.0,27,0.0,0.0,0.0,0.0,0.0,0.0,0.0,0.0
436247,0,1,3400,-78,78,-198,0.50,6.2,0.50,0.0,0.0,27,0.0,0.0,0.0,0.0,0.0,0.0,0.0,0.0
436496,0,1,3400,-78,78,-200,0.50,6.2,0.50,0.0,0.0,27,0.0,0.0,0.0,0.0,0.0,0.0,0.0,0.0
436745,0,1,3400,-78,78,-199,0.50,6.1,0.50,0.0,0.0,27,0.0,0.0,0.0,0.0,0.0,0.0,0.0,0.0
436994,0,1,3400,-78,78,-193,0.50,6.3,0.50,0.0,0.0,27,0.0,0.0,0.0,0.0,0.0,0.0,0.0,0.0
437243,0,1,3400,-78,78,-194,0.50,5.9,0.50,0.0,0.0,27,0.0,0.0,0.0,0.0,0.0,0.0,0.0,0.0
437492,0,1,3400,-78,78,-196,0.50,6.3,0.50,0.0,0.0,27,0.0,0.0,0.0,0.0,0.0,0.0,0.0,0.0
437741,0,1,3400,-78,78,-202,0.50,6.2,0.50,0.0,0.0,27,0.0,0.0,0.0,0.0,0.0,0.0,0.0,0.0
437990,0,1,3400,-78,78,-195,0.50,6.1,0.50,0.0,0.0,27,0.0,0.0,0.0,0.0,0.0,0.0,0.0,0.0
438239,0,1,3400,-78,78,-190,0.50,6.3,0.50,0.0,0.0,27,0.0,0.0,0.0,0.0,0.0,0.0,0.0,0.0
438488,0,1,3400,-78,78,-188,0.50,6.4,0.50,0.0,0.0,27,0.0,0.0,0.0,0.0,0.0,0.0,0.0,0.0
438737,0,1,3400,-78,78,-187,0.50,6.1,0.50,0.0,0.0,27,0.0,0.0,0.0,0.0,0.0,0.0,0.0,0.0
438986,0,1,3400,-78,78,-189,0.50,6.3,0.50,0.0,0.0,27,0.0,0.0,0.0,0.0,0.0,0.0,0.0,0.0
439235,0,1,3400,-78,78,-195,0.50,6.3,0.50,0.0,0.0,27,0.0,0.0,0.0,0.0,0.0,0.0,0.0,0.0
439484,0,1,3400,-78,78,-198,0.50,6.0,0.50,0.0,0.0,27,0.0,0.0,0.0,0.0,0.0,0.0,0.0,0.0
439733,0,1,3400,-78,78,-197,0.50,5.8,0.50,0.0,0.0,27,0.0,0.0,0.0,0.0,0.0,0.0,0.0,0.0
439982,0,1,3400,-78,78,-204,0.50,6.0,0.50,0.0,0.0,27,0.0,0.0,0.0,0.0,0.0,0.0,0.0,0.0
440231,0,1,3400,-78,78,-201,0.50,5.6,0.50,0.0,0.0,27,0.0,0.0,0.0,0.0,0.0,0.0,0.0,0.0
440480,0,1,3400,-78,78,-190,0.50,5.9,0.50,0.0,0.0,27,0.0,0.0,0.0,0.0,0.0,0.0,0.0,0.0
440729,0,1,3400,-78,78,-186,0.50,6.0,0.50,0.0,0.0,27,0.0,0.0,0.0,0.0,0.0,0.0,0.0,0.0
440978,0,1,3400,-78,78,-194,0.50,6.1,0.50,0.0,0.0,27,0.0,0.0,0.0,0.0,0.0,0.0,0.0,0.0
441227,0,1,3400,-78,78,-196,0.50,6.0,0.50,0.0,0.0,27,0.0,0.0,0.0,0.0,0.0,0.0,0.0,0.0
441476,0,1,3400,-78,78,-199,0.50,5.9,0.50,0.0,0.0,27,0.0,0.0,0.0,0.0,0.0,0.0,0.0,0.0
441725,0,1,3400,-78,78,-196,0.50,6.1,0.50,0.0,0.0,27,0.0,0.0,0.0,0.0,0.0,0.0,0.0,0.0
441974,0,1,3400,-78,78,-203,0.50,6.4,0.50,0.0,0.0,27,0.0,0.0,0.0,0.0,0.0,0.0,0.0,0.0
442223,0,1,3400,-78,78,-202,0.50,6.1,0.50,0.0,0.0,27,0.0,0.0,0.0,0.0,0.0,0.0,0.0,0.0
442472,0,1,3400,-78,78,-202,0.50,6.1,0.50,0.0,0.0,27,0.0,0.0,0.0,0.0,0.0,0.0,0.0,0.0
442721,0,1,3400,-78,78,-191,0.50,6.3,0.50,0.0,0.0,27,0.0,0.0,0.0,0.0,0.0,0.0,0.0,0.0
442970,0,1,3400,-78,78,-184,0.50,6.2,0.50,0.0,0.0,27,0.0,0.0,0.0,0.0,0.0,0.0,0.0,0.0
443219,0,1,3400,-78,78,-184,0.50,5.8,0.50,0.0,0.0,27,0.0,0.0,0.0,0.0,0.0,0.0,0.0,0.0
443468,0,1,3400,-78,78,-185,0.50,6.2,0.50,0.0,0.0,27,0.0,0.0,0.0,0.0,0.0,0.0,0.0,0.0
443717,0,1,3400,-78,78,-185,0.50,6.3,0.50,0.0,0.0,27,0.0,0.0,0.0,0.0,0.0,0.0,0.0,0.0
443966,0,1,3400,-78,78,-191,0.50,6.3,0.50,0.0,0.0,27,0.0,0.0,0.0,0.0,0.0,0.0,0.0,0.0
444215,0,1,3400,-78,78,-194,0.50,6.5,0.50,0.0,0.0,27,0.0,0.0,0.0,0.0,0.0,0.0,0.0,0.0
444464,0,1,3400,-78,78,-194,0.50,6.2,0.50,0.0,0.0,27,0.0,0.0,0.0,0.0,0.0,0.0,0.0,0.0
444713,0,1,3400,-78,78,-198,0.50,6.3,0.50,0.0,0.0,27,0.0,0.0,0.0,0.0,0.0,0.0,0.0,0.0
444962,0,1,3400,-78,78,-199,0.50,6.3,0.50,0.0,0.0,27,0.0,0.0,0.0,0.0,0.0,0.0,0.0,0.0
445211,0,1,3400,-78,78,-198,0.50,6.5,0.50,0.0,0.0,27,0.0,0.0,0.0,0.0,0.0,0.0,0.0,0.0
445460,0,1,3400,-78,78,-199,0.50,6.1,0.50,0.0,0.0,27,0.0,0.0,0.0,0.0,0.0,0.0,0.0,0.0
445709,0,1,3400,-78,78,-198,0.50,6.1,0.50,0.0,0.0,27,0.0,0.0,0.0,0.0,0.0,0.0,0.0,0.0
445958,0,1,3400,-78,78,-200,0.50,6.3,0.50,0.0,0.0,27,0.0,0.0,0.0,0.0,0.0,0.0,0.0,0.0
446207,0,1,3400,-78,78,-202,0.50,6.3,0.50,0.0,0.0,27,0.0,0.0,0.0,0.0,0.0,0.0,0.0,0.0
446456,0,1,3400,-78,78,-201,0.50,6.1,0.50,0.0,0.0,27,0.0,0.0,0.0,0.0,0.0,0.0,0.0,0.0
446705,0,1,3400,-78,78,-199,0.50,6.3,0.50,0.0,0.0,27,0.0,0.0,0.0,0.0,0.0,0.0,0.0,0.0
446954,0,1,3400,-78,78,-200,0.50,6.0,0.50,0.0,0.0,27,0.0,0.0,0.0,0.0,0.0,0.0,0.0,0.0
447203,0,1,3400,-78,78,-193,0.50,6.0,0.50,0.0,0.0,27,0.0,0.0,0.0,0.0,0.0,0.0,0.0,0.0
447452,0,1,3400,-78,78,-200,0.50,6.1,0.50,0.0,0.0,27,0.0,0.0,0.0,0.0,0.0,0.0,0.0,0.0
447701,0,1,3400,-78,78,-200,0.50,6.3,0.50,0.0,0.0,27,0.0,0.0,0.0,0.0,0.0,0.0,0.0,0.0
447950,0,1,3400,-78,78,-197,0.50,6.4,0.50,0.0,0.0,27,0.0,0.0,0.0,0.0,0.0,0.0,0.0,0.0
448199,0,1,3400,-79,79,-199,0.50,8.0,0.50,0.0,0.0,27,0.0,0.0,0.0,0.0,0.0,0.0,0.0,0.0
448448,0,1,3400,-79,79,-201,0.50,8.3,0.50,0.0,0.0,27,0.0,0.0,0.0,0.0,0.0,0.0,0.0,0.0
448697,0,1,3400,-79,79,-202,0.50,8.3,0.50,0.0,0.0,27,0.0,0.0,0.0,0.0,0.0,0.0,0.0,0.0
448946,0,1,3400,-79,79,-197,0.50,8.3,0.50,0.0,0.0,27,0.0,0.0,0.0,0.0,0.0,0.0,0.0,0.0
449195,0,1,3400,-79,79,-200,0.50,8.4,0.50,0.0,0.0,27,0.0,0.0,0.0,0.0,0.0,0.0,0.0,0.0
449444,0,1,3400,-79,79,-203,0.50,8.6,0.50,0.0,0.0,27,0.0,0.0,0.0,0.0,0.0,0.0,0.0,0.0
449693,0,1,3400,-79,79,-200,0.50,8.6,0.50,0.0,0.0,27,0.0,0.0,0.0,0.0,0.0,0.0,0.0,0.0
449942,0,1,3400,-79,79,-194,0.50,9.4,0.50,0.0,0.0,27,0.0,0.0,0.0,0.0,0.0,0.0,0.0,0.0
450191,0,1,3400,-79,79,-195,0.50,10,0.50,0.0,0.0,27,0.0,0.0,0.0,0.0,0.0,0.0,0.0,0.0
450440,0,1,3400,-79,79,-196,0.50,10,0.50,0.0,0.0,27,0.0,0.0,0.0,0.0,0.0,0.0,0.0,0.0
450689,0,1,3400,-79,79,-196,0.50,11,0.50,0.0,0.0,27,0.0,0.0,0.0,0.0,0.0,0.0,0.0,0.0
450938,0,1,3400,-79,79,-195,0.50,10,0.50,0.0,0.0,27,0.0,0.0,0.0,0.0,0.0,0.0,0.0,0.0
451187,0,1,3400,-79,79,-191,0.50,10,0.50,0.0,0.0,27,0.0,0.0,0.0,0.0,0.0,0.0,0.0,0.0
451436,0,1,3400,-79,79,-186,0.50,10,0.50,0.0,0.0,27,0.0,0.0,0.0,0.0,0.0,0.0,0.0,0.0
451685,0,1,3400,-79,79,-188,0.50,10,0.50,0.0,0.0,27,0.0,0.0,0.0,0.0,0.0,0.0,0.0,0.0
451934,0,1,3400,-79,79,-188,0.50,10,0.50,0.0,0.0,27,0.0,0.0,0.0,0.0,0.0,0.0,0.0,0.0
452183,0,1,3400,-79,79,-190,0.50,10,0.50,0.0,0.0,27,0.0,0.0,0.0,0.0,0.0,0.0,0.0,0.0
452432,0,1,3400,-79,79,-195,0.50,10,0.50,0.0,0.0,27,0.0,0.0,0.0,0.0,0.0,0.0,0.0,0.0
452681,0,1,3400,-79,79,-194,0.50,10,0.50,0.0,0.0,27,0.0,0.0,0.0,0.0,0.0,0.0,0.0,0.0
452930,0,1,3400,-79,79,-198,0.50,10,0.50,0.0,0.0,27,0.0,0.0,0.0,0.0,0.0,0.0,0.0,0.0
453179,0,1,3400,-81,81,-220,0.50,9.2,0.50,0.0,0.0,27,0.0,0.0,0.0,0.0,0.0,0.0,0.0,0.0
453428,0,1,3400,-81,81,-220,0.50,9.2,0.50,0.0,0.0,27,0.0,0.0,0.0,0.0,0.0,0.0,0.0,0.0
453677,0,1,3400,-81,81,-220,0.50,9.2,0.50,0.0,0.0,27,0.0,0.0,0.0,0.0,0.0,0.0,0.0,0.0
453926,0,1,3400,-81,81,-220,0.50,9.2,0.50,0.0,0.0,27,0.0,0.0,0.0,0.0,0.0,0.0,0.0,0.0
454175,0,1,3400,-81,81,-220,0.50,9.2,0.50,0.0,0.0,27,0.0,0.0,0.0,0.0,0.0,0.0,0.0,0.0
454424,0,1,3400,-81,81,-220,0.50,9.2,0.50,0.0,0.0,27,0.0,0.0,0.0,0.0,0.0,0.0,0.0,0.0
454673,0,1,3400,-81,81,-220,0.50,9.2,0.50,0.0,0.0,27,0.0,0.0,0.0,0.0,0.0,0.0,0.0,0.0
454922,0,1,3400,-81,81,-220,0.50,9.2,0.50,0.0,0.0,27,0.0,0.0,0.0,0.0,0.0,0.0,0.0,0.0
455171,0,1,3400,-81,81,-220,0.50,9.2,0.50,0.0,0.0,27,0.0,0.0,0.0,0.0,0.0,0.0,0.0,0.0
455420,0,1,3400,-81,81,-220,0.50,9.2,0.50,0.0,0.0,27,0.0,0.0,0.0,0.0,0.0,0.0,0.0,0.0
455669,0,1,3400,-81,81,-220,0.50,9.2,0.50,0.0,0.0,27,0.0,0.0,0.0,0.0,0.0,0.0,0.0,0.0
455918,0,1,3400,-81,81,-220,0.50,9.2,0.50,0.0,0.0,27,0.0,0.0,0.0,0.0,0.0,0.0,0.0,0.0
456167,0,1,3400,-81,81,-220,0.50,9.2,0.50,0.0,0.0,27,0.0,0.0,0.0,0.0,0.0,0.0,0.0,0.0
456416,0,1,3400,-81,81,-220,0.50,9.2,0.50,0.0,0.0,27,0.0,0.0,0.0,0.0,0.0,0.0,0.0,0.0
456665,0,1,3400,-81,81,-220,0.50,9.2,0.50,0.0,0.0,27,0.0,0.0,0.0,0.0,0.0,0.0,0.0,0.0
456914,0,1,3400,-81,81,-220,0.50,9.2,0.50,0.0,0.0,27,0.0,0.0,0.0,0.0,0.0,0.0,0.0,0.0
457163,0,1,3400,-81,81,-220,0.50,9.2,0.50,0.0,0.0,27,0.0,0.0,0.0,0.0,0.0,