time,cc,pci,earfcn,rsrp,pl,cfo,dl_mcs,dl_snr,dl_turbo,dl_brate,dl_bler,ul_ta,ul_mcs,ul_buff,ul_brate,ul_bler,rf_o,rf_u,rf_l,is_attached
0,0,0,4294967295,0.0,0.0,0.0,0.0,0.0,0.0,0.0,0.0,0.0,0.0,0.0,0.0,0.0,0.0,0.0,0.0,0.0
249,0,0,3400,0.0,0.0,0.0,0.0,0.0,0.0,0.0,0.0,0.0,0.0,0.0,0.0,0.0,0.0,0.0,0.0,0.0
498,0,0,3400,0.0,0.0,0.0,0.0,0.0,0.0,0.0,0.0,0.0,0.0,0.0,0.0,0.0,0.0,0.0,0.0,0.0
747,0,1,3400,0.0,0.0,0.0,0.0,0.0,0.0,0.0,0.0,0.0,0.0,0.0,0.0,0.0,0.0,0.0,0.0,0.0
996,0,1,3400,0.0,0.0,0.0,0.0,0.0,0.0,0.0,0.0,0.0,0.0,0.0,0.0,0.0,0.0,0.0,0.0,0.0
1245,0,1,3400,-63,63,27,1.5,24,0.21,2900.398438,0,0.0,0.0,33,223,0,0.0,0.0,0.0,1.0
1494,0,1,3400,-63,63,32,2.0,24,0.25,0.0,0.0,27,0.0,33,0.0,0.0,0.0,0.0,0.0,1.0
1743,0,1,3400,-63,63,33,2.8,24,0.25,8640.000000,0,27,9.0,36,62208.000000,5,0.0,0.0,0.0,1.0
1992,0,1,3400,-63,63,31,14,24,0.48,18336.000000,0,27,11,186,61184.000000,9,0.0,0.0,0.0,1.0
2241,0,1,3400,-63,63,31,9.9,24,0.50,27968.000000,0,27,8.9,0.0,121280.000000,0,0.0,0.0,0.0,1.0
2490,0,1,3400,-63,63,33,14,23,0.50,43776.000000,0,27,12,0.0,0.0,0.0,0.0,0.0,0.0,1.0
2739,0,1,3400,-63,63,32,17,24,0.50,31392.000000,0,27,12,0.0,0.0,0.0,0.0,0.0,0.0,1.0
2988,0,1,3400,-63,63,30,14,24,0.50,38016.000000,0,27,12,0.0,22464.000000,0,0.0,0.0,0.0,1.0
3237,0,1,3400,-63,63,32,10,24,0.50,37280.000000,0,27,12,0.0,0.0,0.0,0.0,0.0,0.0,1.0
3486,0,1,3400,-63,63,31,17,24,0.50,23168.000000,0,27,12,0.0,0.0,0.0,0.0,0.0,0.0,1.0
3735,0,1,3400,-63,63,29,16,24,0.68,56256.000000,0,27,12,0.0,0.0,0.0,0.0,0.0,0.0,1.0
3984,0,1,3400,-63,63,32,10,24,0.62,34048.000000,0,27,12,0.0,7200.000000,33,0.0,0.0,0.0,1.0
4233,0,1,3400,-63,63,32,10,24,0.50,41824.000000,0,27,11,0.0,0.0,0.0,0.0,0.0,0.0,1.0
4482,0,1,3400,-63,63,31,7.6,24,0.50,30720.000000,0,27,11,0.0,0.0,0.0,0.0,0.0,0.0,1.0
4731,0,1,3400,-63,63,27,13,24,0.50,27792.828125,0,27,11,0.0,0.0,0.0,0.0,0.0,0.0,1.0
4980,0,1,3400,-63,63,33,12,24,0.50,36928.000000,0,27,9.7,0.0,20480.000000,0,0.0,0.0,0.0,1.0
5229,0,1,3400,-63,63,31,17,24,0.50,41376.000000,0,27,1.0,0.0,0.0,0.0,0.0,0.0,0.0,1.0
5478,0,1,3400,-63,63,33,12,23,0.55,48768.000000,0,27,1.0,0.0,0.0,0.0,0.0,0.0,0.0,1.0
5727,0,1,3400,-63,63,34,15,24,0.59,45312.000000,0,27,1.00,0.0,0.0,0.0,0.0,0.0,0.0,1.0
5976,0,1,3400,-63,63,32,12,24,0.50,25760.000000,0,27,4.7,0.0,23488.000000,0,0.0,0.0,0.0,1.0
6225,0,1,3400,-63,63,36,14,24,0.50,62720.000000,0,27,14,0.0,0.0,0.0,0.0,0.0,0.0,1.0
6474,0,1,3400,-63,63,35,16,24,0.50,25760.000000,0,27,14,0.0,0.0,0.0,0.0,0.0,0.0,1.0
6723,0,1,3400,-63,63,31,16,24,0.50,52512.000000,0,27,13,0.0,0.0,0.0,0.0,0.0,0.0,1.0
6972,0,1,3400,-63,63,28,14,24,0.53,25280.000000,0,27,14,0.0,0.0,0.0,0.0,0.0,0.0,1.0
7221,0,1,3400,-63,63,31,17,24,0.51,63200.000000,0,27,10,0.0,13632.000000,0,0.0,0.0,0.0,1.0
7470,0,1,3400,-63,63,33,9.9,24,0.50,38265.058594,0,27,9.5,0.0,0.0,0.0,0.0,0.0,0.0,1.0
7719,0,1,3400,-63,63,32,17,24,0.50,37824.000000,0,27,10,0.0,0.0,80,0.0,0.0,0.0,1.0
7968,0,1,3400,-63,63,32,16,24,0.54,48224.000000,0,27,9.7,0.0,23776.000000,0,0.0,0.0,0.0,1.0
8217,0,1,3400,-63,63,32,17,23,0.55,62912.000000,0,27,5.9,0.0,0.0,0.0,0.0,1.0,0.0,1.0
8466,0,1,3400,-63,63,31,7.6,23,0.57,79360.000000,0,27,6.0,0.0,0.0,0.0,0.0,0.0,0.0,1.0
8715,0,1,3400,-63,63,28,17,23,0.68,72608.000000,0,27,6.0,0.0,0.0,0.0,0.0,0.0,0.0,1.0
8964,0,1,3400,-63,63,28,13,23,0.50,54144.000000,0,27,5.9,186,0.0,0.0,0.0,0.0,0.0,1.0
9213,0,1,3400,-63,63,29,16,24,0.50,33696.000000,0,27,4.4,0.0,15104.000000,0,0.0,0.0,0.0,1.0
9462,0,1,3400,-63,63,32,22,24,0.53,36352.000000,0,27,4.5,0.0,0.0,0.0,0.0,0.0,0.0,1.0
9711,0,1,3400,-63,63,31,14,24,0.53,41984.000000,0,27,4.5,0.0,0.0,0.0,0.0,0.0,0.0,1.0
9960,0,1,3400,-63,63,29,18,23,0.54,31232.000000,0,27,4.5,186,0.0,0.0,0.0,0.0,0.0,1.0
10209,0,1,3400,-63,63,30,15,23,0.50,54144.000000,0,27,1.3,0.0,10048.000000,0,0.0,0.0,0.0,1.0
10458,0,1,3400,-63,63,34,17,23,0.57,52608.000000,0,27,1.0,0.0,0.0,0.0,0.0,0.0,0.0,1.0
10707,0,1,3400,-63,63,35,15,23,0.58,63456.000000,0,27,1.0,0.0,0.0,0.0,0.0,0.0,0.0,1.0
10956,0,1,3400,-63,63,33,18,24,0.50,25760.000000,0,27,1.1,0.0,10784.000000,0,0.0,0.0,0.0,1.0
11205,0,1,3400,-63,63,30,12,23,0.50,53163.347656,0,27,1.00,0.0,0.0,0.0,0.0,0.0,0.0,1.0
11454,0,1,3400,-63,63,33,14,24,0.50,37056.000000,0,27,1.0,0.0,0.0,0.0,0.0,0.0,0.0,1.0
11703,0,1,3400,-63,63,34,18,24,0.50,15712.000000,0,27,1.00,0.0,0.0,0.0,0.0,0.0,0.0,1.0
11952,0,1,3400,-63,63,35,9.3,23,0.50,38848.000000,0,27,1.0,0.0,0.0,0.0,0.0,0.0,0.0,1.0
12201,0,1,3400,-63,63,33,11,23,0.50,67168.000000,0,27,9.4,0.0,102208.000000,29,0.0,0.0,0.0,1.0
12450,0,1,3400,-63,63,27,7.7,24,0.50,46752.000000,0,27,12,0.0,0.0,0.0,0.0,0.0,0.0,1.0
12699,0,1,3400,-63,63,29,11,24,0.52,28768.000000,0,27,8.5,0.0,1568.000000,0,0.0,0.0,0.0,1.0
12948,0,1,3400,-63,63,33,11,24,0.57,42816.000000,0,27,6.8,0.0,22208.000000,20,0.0,0.0,0.0,1.0
13197,0,1,3400,-63,63,32,9.2,24,0.50,41056.000000,0,27,11,0.0,0.0,0.0,0.0,0.0,0.0,1.0
13446,0,1,3400,-63,63,29,16,23,0.50,52736.000000,0,27,11,0.0,0.0,0.0,0.0,0.0,0.0,1.0
13695,0,1,3400,-63,63,34,18,23,0.50,41728.000000,0,27,11,0.0,0.0,0.0,0.0,0.0,0.0,1.0
13944,0,1,3400,-63,63,31,18,24,0.50,46784.000000,0,27,11,0.0,71456.000000,5,0.0,0.0,0.0,1.0
14193,0,1,3400,-63,63,28,13,24,0.50,17895.582031,0,27,9.0,0.0,9413.654297,0,0.0,0.0,0.0,1.0
14442,0,1,3400,-63,63,32,12,24,0.50,52128.000000,0,27,9.0,0.0,0.0,0.0,0.0,0.0,0.0,1.0
14691,0,1,3400,-63,63,33,2.0,24,0.50,23904.000000,0,27,9.0,0.0,0.0,0.0,0.0,0.0,0.0,1.0
14940,0,1,3400,-63,63,30,7.8,24,0.50,54304.000000,0,27,8.9,0.0,16576.000000,0,0.0,0.0,0.0,1.0
15189,0,1,3400,-63,63,34,14,23,0.50,38944.000000,0,27,8.0,0.0,0.0,0.0,0.0,0.0,0.0,1.0
15438,0,1,3400,-63,63,33,14,24,0.56,43040.000000,0,27,8.0,0.0,0.0,0.0,0.0,0.0,0.0,1.0
15687,0,1,3400,-63,63,32,15,24,0.50,48640.000000,0,27,8.0,0.0,0.0,0.0,0.0,0.0,0.0,1.0
15936,0,1,3400,-63,63,31,11,24,0.50,26496.000000,0,27,8.5,0.0,0.0,80,0.0,0.0,0.0,1.0
16185,0,1,3400,-63,63,30,17,24,0.70,41600.000000,0,27,12,0.0,0.0,0.0,0.0,0.0,0.0,1.0
16434,0,1,3400,-63,63,29,11,24,0.54,55168.000000,0,27,12,0.0,0.0,0.0,0.0,0.0,0.0,1.0
16683,0,1,3400,-63,63,28,18,24,0.50,20608.000000,0,27,12,0.0,0.0,0.0,0.0,0.0,0.0,1.0
16932,0,1,3400,-63,63,30,10,24,0.50,42688.000000,0,27,11,186,0.0,0.0,0.0,0.0,0.0,1.0
17181,0,1,3400,-63,63,34,18,23,0.60,28704.000000,0,27,15,0.0,104160.000000,53,0.0,0.0,0.0,1.0
17430,0,1,3400,-63,63,34,13,24,0.51,22848.000000,0,27,16,0.0,0.0,0.0,0.0,0.0,0.0,1.0
17679,0,1,3400,-63,63,32,14,24,0.50,36800.000000,0,27,16,0.0,0.0,0.0,0.0,0.0,0.0,1.0
17928,0,1,3400,-63,63,30,14,24,0.50,31235.060547,0,27,14,0.0,18390.437500,0,0.0,0.0,0.0,1.0
18177,0,1,3400,-63,63,33,16,24,0.50,31648.000000,0,27,1.0,0.0,0.0,0.0,0.0,0.0,0.0,1.0
18426,0,1,3400,-63,63,37,5.7,23,0.50,43744.000000,0,27,1.0,0.0,0.0,0.0,0.0,0.0,0.0,1.0
18675,0,1,3400,-63,63,33,11,23,0.50,75296.000000,0,27,1.00,0.0,0.0,0.0,0.0,0.0,0.0,1.0
18924,0,1,3400,-63,63,35,17,23,0.62,41664.000000,0,27,2.5,0.0,22464.000000,0,0.0,0.0,0.0,1.0
19173,0,1,3400,-63,63,30,16,23,0.54,52800.000000,0,27,12,0.0,0.0,0.0,0.0,0.0,0.0,1.0
19422,0,1,3400,-63,63,29,18,24,0.62,41376.000000,0,27,12,0.0,0.0,0.0,0.0,0.0,0.0,1.0
19671,0,1,3400,-63,63,28,14,24,0.50,21280.000000,0,27,12,0.0,0.0,0.0,0.0,0.0,0.0,1.0
19920,0,1,3400,-63,63,32,15,24,0.50,42336.000000,0,27,11,0.0,62784.000000,0,0.0,0.0,0.0,1.0
20169,0,1,3400,-63,63,32,5.6,24,0.50,23871.486328,0,27,7.0,0.0,0.0,0.0,0.0,0.0,0.0,1.0
20418,0,1,3400,-63,63,32,18,24,0.51,81625.500000,0,27,7.0,0.0,0.0,0.0,0.0,0.0,0.0,1.0
20667,0,1,3400,-63,63,30,15,24,0.52,31903.615234,0,27,7.0,0.0,0.0,0.0,0.0,0.0,0.0,1.0
20916,0,1,3400,-63,63,32,18,24,0.50,36608.000000,0,27,7.0,186,0.0,0.0,0.0,0.0,0.0,1.0
21165,0,1,3400,-63,63,34,7.8,24,0.50,28160.000000,0,27,12,0.0,18368.000000,0,0.0,0.0,0.0,1.0
21414,0,1,3400,-63,63,33,20,24,0.50,27808.000000,0,27,12,0.0,0.0,0.0,0.0,0.0,0.0,1.0
21663,0,1,3400,-63,63,33,18,24,0.50,41856.000000,0,27,13,0.0,17056.000000,0,0.0,0.0,0.0,1.0
21912,0,1,3400,-63,63,28,6.3,24,0.51,21632.000000,0,27,13,186,0.0,0.0,0.0,0.0,0.0,1.0
22161,0,1,3400,-63,63,27,14,24,0.50,49600.000000,0,27,11,0.0,15808.000000,20,0.0,0.0,0.0,1.0
22410,0,1,3400,-63,63,32,13,24,0.54,31520.000000,0,27,10,0.0,0.0,0.0,0.0,0.0,0.0,1.0
22659,0,1,3400,-63,63,31,16,24,0.51,32192.000000,0,27,10,0.0,0.0,0.0,0.0,0.0,0.0,1.0
22908,0,1,3400,-63,63,31,14,24,0.81,68320.000000,4,27,11,0.0,125216.000000,10,0.0,0.0,0.0,1.0
23157,0,1,3400,-63,63,33,12,24,0.50,31392.000000,0,27,14,0.0,30272.000000,50,0.0,0.0,0.0,1.0
23406,0,1,3400,-63,63,32,17,23,0.59,58784.000000,0,27,14,0.0,0.0,0.0,0.0,0.0,0.0,1.0
23655,0,1,3400,-63,63,29,16,24,0.50,25536.000000,0,27,14,0.0,0.0,0.0,0.0,0.0,0.0,1.0
23904,0,1,3400,-63,63,30,17,23,0.50,55200.000000,0,27,14,186,0.0,0.0,0.0,0.0,0.0,1.0
24153,0,1,3400,-63,63,29,14,23,0.50,60864.000000,0,27,4.4,0.0,40832.000000,0,0.0,0.0,0.0,1.0
24402,0,1,3400,-63,63,34,18,24,0.64,30533.865234,0,27,4.0,0.0,0.0,0.0,0.0,0.0,0.0,1.0
24651,0,1,3400,-63,63,32,12,24,0.50,26656.000000,0,27,4.0,0.0,0.0,0.0,0.0,0.0,0.0,1.0
24900,0,1,3400,-63,63,26,12,24,0.50,34432.000000,0,27,5.7,0.0,18624.000000,20,0.0,0.0,0.0,1.0
25149,0,1,3400,-63,63,27,9.0,24,0.50,24704.000000,0,27,10,0.0,0.0,0.0,0.0,0.0,0.0,1.0
25398,0,1,3400,-63,63,31,12,24,0.51,42016.000000,0,27,10,0.0,0.0,0.0,0.0,0.0,0.0,1.0
25647,0,1,3400,-63,63,31,11,24,0.51,54240.000000,0,27,10.0,0.0,0.0,0.0,0.0,0.0,0.0,1.0
25896,0,1,3400,-63,63,33,11,24,0.50,21344.000000,0,27,9.5,0.0,23456.000000,6,0.0,0.0,0.0,1.0
26145,0,1,3400,-63,63,35,12,24,0.50,32704.000000,0,27,4.0,0.0,19552.000000,17,0.0,0.0,0.0,1.0
26394,0,1,3400,-63,63,35,16,24,0.50,41888.000000,0,27,4.0,0.0,0.0,0.0,0.0,0.0,0.0,1.0
26643,0,1,3400,-63,63,35,13,24,0.61,26016.000000,0,27,4.0,0.0,0.0,0.0,0.0,0.0,0.0,1.0
26892,0,1,3400,-63,63,30,15,24,0.50,20768.000000,0,27,4.0,0.0,40320.000000,0,0.0,0.0,0.0,1.0
27141,0,1,3400,-63,63,31,20,24,0.51,36915.664062,0,27,4.0,0.0,0.0,0.0,0.0,0.0,0.0,1.0
27390,0,1,3400,-63,63,31,8.1,24,0.50,44384.000000,0,27,4.1,0.0,0.0,0.0,0.0,0.0,0.0,1.0
27639,0,1,3400,-63,63,29,17,23,0.50,41312.000000,0,27,4.0,0.0,0.0,0.0,0.0,0.0,0.0,1.0
27888,0,1,3400,-63,63,29,16,24,0.52,43296.000000,0,27,4.0,0.0,0.0,0.0,0.0,0.0,0.0,1.0
28137,0,1,3400,-63,63,29,19,24,0.52,56928.000000,0,27,11,0.0,101248.000000,19,0.0,0.0,0.0,1.0
28386,0,1,3400,-63,63,31,7.8,23,0.78,42176.000000,2,27,15,0.0,0.0,0.0,0.0,0.0,0.0,1.0
28635,0,1,3400,-63,63,33,17,24,0.56,73856.000000,0,27,15,0.0,0.0,0.0,0.0,0.0,0.0,1.0
28884,0,1,3400,-63,63,36,12,24,0.50,37440.000000,0,27,14,0.0,16128.000000,8,0.0,0.0,0.0,1.0
29133,0,1,3400,-63,63,33,15,24,0.50,46592.000000,0,27,0.0,0.0,0.0,0.0,0.0,0.0,0.0,1.0
29382,0,1,3400,-63,63,34,16,24,0.54,40160.000000,0,27,0.0,0.0,0.0,0.0,0.0,0.0,0.0,1.0
29631,0,1,3400,-63,63,32,12,23,0.56,61088.000000,0,27,0.036,0.0,0.0,0.0,0.0,0.0,0.0,1.0
29880,0,1,3400,-63,63,30,14,24,0.50,52256.000000,0,27,0.66,0.0,13984.000000,0,0.0,0.0,0.0,1.0
30129,0,1,3400,-63,63,33,16,24,0.50,21216.000000,0,27,4.0,0.0,0.0,0.0,0.0,0.0,0.0,1.0
30378,0,1,3400,-63,63,34,17,24,0.50,31328.000000,0,27,4.0,0.0,0.0,0.0,0.0,0.0,0.0,1.0
30627,0,1,3400,-63,63,31,16,24,0.50,16928.000000,0,27,4.0,0.0,0.0,0.0,0.0,0.0,0.0,1.0
30876,0,1,3400,-63,63,28,14,23,0.50,41721.117188,0,27,4.0,186,0.0,0.0,0.0,0.0,0.0,1.0
31125,0,1,3400,-63,63,32,15,24,0.50,25920.000000,0,27,7.9,0.0,13632.000000,0,0.0,0.0,0.0,1.0
31374,0,1,3400,-63,63,32,16,24,0.50,22240.000000,0,27,8.0,0.0,0.0,0.0,0.0,0.0,0.0,1.0
31623,0,1,3400,-63,63,27,9.6,24,0.50,45248.000000,0,27,8.0,0.0,0.0,0.0,0.0,0.0,0.0,1.0
31872,0,1,3400,-63,63,27,9.9,24,0.50,29056.000000,0,27,8.0,186,0.0,0.0,0.0,0.0,0.0,1.0
32121,0,1,3400,-63,63,31,15,24,0.52,40160.000000,0,27,0.74,0.0,9632.000000,0,0.0,0.0,0.0,1.0
32370,0,1,3400,-63,63,34,6.8,24,0.50,16672.000000,0,27,0.54,0.0,0.0,0.0,0.0,0.0,0.0,1.0
32619,0,1,3400,-63,63,34,6.7,24,0.53,27552.000000,0,27,0.50,0.0,0.0,0.0,0.0,0.0,0.0,1.0
32868,0,1,3400,-63,63,32,14,24,0.50,47744.000000,0,27,1.2,0.0,40224.000000,0,0.0,0.0,0.0,1.0
33117,0,1,3400,-63,63,30,19,24,0.64,36626.507812,0,27,10,0.0,0.0,0.0,0.0,0.0,0.0,1.0
33366,0,1,3400,-63,63,30,18,23,0.57,41216.000000,0,27,10,0.0,0.0,0.0,0.0,0.0,0.0,1.0
33615,0,1,3400,-63,63,31,16,23,0.69,46656.000000,0,27,8.8,0.0,9376.000000,0,0.0,0.0,0.0,1.0
33864,0,1,3400,-63,63,29,15,23,0.50,37440.000000,0,27,9.6,0.0,23488.000000,0,0.0,0.0,0.0,1.0
34113,0,1,3400,-63,63,29,16,23,0.50,48064.000000,0,27,14,0.0,0.0,0.0,0.0,0.0,0.0,1.0
34362,0,1,3400,-63,63,33,16,24,0.50,46176.000000,0,27,14,0.0,0.0,0.0,0.0,0.0,0.0,1.0
34611,0,1,3400,-63,63,32,10,23,0.50,52512.000000,0,27,14,0.0,0.0,80,0.0,0.0,0.0,1.0
34860,0,1,3400,-63,63,24,8.1,24,0.50,46144.000000,0,27,15,0.0,75104.000000,19,0.0,0.0,0.0,1.0
35109,0,1,3400,-63,63,28,8.8,24,0.50,10304.000000,0,27,14,0.0,37472.000000,62,0.0,0.0,0.0,1.0
35358,0,1,3400,-63,63,34,14,23,0.51,42848.000000,0,27,14,0.0,0.0,0.0,0.0,0.0,0.0,1.0
35607,0,1,3400,-63,63,34,17,23,0.57,41472.000000,0,27,14,0.0,0.0,0.0,0.0,0.0,0.0,1.0
35856,0,1,3400,-63,63,30,15,24,0.50,26560.000000,0,27,14,0.0,0.0,0.0,0.0,0.0,0.0,1.0
36105,0,1,3400,-63,63,33,14,23,0.54,63072.000000,0,27,11,0.0,18624.000000,0,0.0,0.0,0.0,1.0
36354,0,1,3400,-63,63,33,17,23,0.50,51680.000000,0,27,10,0.0,0.0,0.0,0.0,0.0,0.0,1.0
36603,0,1,3400,-63,63,32,18,24,0.50,15456.000000,0,27,10,0.0,0.0,0.0,0.0,0.0,0.0,1.0
36852,0,1,3400,-63,63,30,16,23,0.50,50624.000000,0,27,10,0.0,0.0,0.0,0.0,0.0,0.0,1.0
37101,0,1,3400,-63,63,32,15,24,0.50,49952.000000,0,27,6.6,0.0,26144.000000,12,0.0,0.0,0.0,1.0
37350,0,1,3400,-63,63,28,18,24,0.50,31139.441406,0,27,6.0,0.0,0.0,0.0,0.0,0.0,0.0,1.0
37599,0,1,3400,-63,63,29,14,24,0.57,26304.000000,0,27,6.1,0.0,0.0,0.0,0.0,0.0,0.0,1.0
37848,0,1,3400,-63,63,30,15,24,0.62,38304.000000,0,27,6.0,186,0.0,0.0,0.0,0.0,0.0,1.0
38097,0,1,3400,-63,63,30,17,24,0.59,25984.000000,0,27,0.33,0.0,11456.000000,0,0.0,0.0,0.0,1.0
38346,0,1,3400,-63,63,31,15,24,0.54,27712.000000,0,27,0.048,0.0,0.0,0.0,0.0,0.0,0.0,1.0
38595,0,1,3400,-63,63,32,3.7,24,0.50,39520.000000,0,27,0.42,0.0,2592.000000,0,0.0,0.0,0.0,1.0
38844,0,1,3400,-63,63,30,16,24,0.53,27488.000000,0,27,2.7,0.0,23488.000000,0,0.0,0.0,0.0,1.0
39093,0,1,3400,-63,63,28,16,23,0.50,57312.000000,0,27,14,0.0,0.0,0.0,0.0,0.0,0.0,1.0
39342,0,1,3400,-63,63,30,14,24,0.59,34400.000000,0,27,14,0.0,0.0,0.0,0.0,0.0,0.0,1.0
39591,0,1,3400,-63,63,36,16,24,0.50,23872.000000,0,27,14,0.0,0.0,0.0,0.0,0.0,0.0,1.0
39840,0,1,3400,-63,63,34,8.9,24,0.50,25959.839844,0,27,12,0.0,18538.152344,0,0.0,0.0,0.0,1.0
40089,0,1,3400,-63,63,31,18,24,0.52,46432.000000,0,27,1.1,0.0,0.0,0.0,0.0,0.0,0.0,1.0
40338,0,1,3400,-63,63,32,13,24,0.60,22816.000000,0,27,1.1,0.0,0.0,0.0,0.0,0.0,0.0,1.0
40587,0,1,3400,-63,63,35,18,24,0.65,20768.000000,0,27,1.0,0.0,0.0,0.0,0.0,0.0,0.0,1.0
40836,0,1,3400,-63,63,28,18,24,0.56,26144.000000,0,27,1.1,0.0,15424.000000,0,0.0,0.0,0.0,1.0
41085,0,1,3400,-63,63,28,20,23,0.65,57472.000000,0,27,2.0,0.0,0.0,0.0,0.0,0.0,0.0,1.0
41334,0,1,3400,-63,63,27,15,23,0.51,83712.000000,0,27,2.1,0.0,0.0,0.0,0.0,0.0,0.0,1.0
41583,0,1,3400,-63,63,30,18,24,0.50,31392.000000,0,27,2.0,0.0,0.0,0.0,0.0,0.0,0.0,1.0
41832,0,1,3400,-63,63,26,19,23,0.67,57760.000000,0,27,2.3,0.0,7328.000000,0,0.0,0.0,0.0,1.0
42081,0,1,3400,-63,63,24,14,23,0.50,54432.000000,0,27,4.5,0.0,0.0,0.0,0.0,0.0,0.0,1.0
42330,0,1,3400,-63,63,29,10,24,0.50,28000.000000,0,27,4.5,0.0,0.0,0.0,0.0,0.0,0.0,1.0
42579,0,1,3400,-63,63,33,4.5,24,0.50,34784.000000,0,27,3.1,0.0,2592.000000,0,0.0,0.0,0.0,1.0
42828,0,1,3400,-63,63,30,17,24,0.50,31968.000000,0,27,2.7,0.0,9024.000000,14,0.0,0.0,0.0,1.0
43077,0,1,3400,-63,63,30,8.2,24,0.50,34784.000000,0,27,9.0,0.0,98592.000000,18,0.0,0.0,0.0,1.0
43326,0,1,3400,-63,63,33,7.3,24,0.55,43168.000000,0,27,9.0,0.0,0.0,0.0,0.0,0.0,0.0,1.0
43575,0,1,3400,-63,63,30,11,23,0.53,52704.000000,0,27,9.0,0.0,0.0,0.0,0.0,0.0,0.0,1.0
43824,0,1,3400,-63,63,29,9.0,24,0.50,38016.000000,0,27,9.2,0.0,19136.000000,29,0.0,0.0,0.0,1.0
44073,0,1,3400,-63,63,29,8.6,23,0.55,44844.621094,0,27,8.5,0.0,6916.334473,0,0.0,0.0,0.0,1.0
44322,0,1,3400,-63,63,27,12,24,0.57,10304.000000,0,27,8.5,0.0,0.0,0.0,0.0,0.0,0.0,1.0
44571,0,1,3400,-63,63,29,9.9,24,0.50,35392.000000,0,27,8.5,0.0,0.0,0.0,0.0,0.0,0.0,1.0
44820,0,1,3400,-63,63,31,16,24,0.50,44640.000000,0,27,8.5,186,0.0,0.0,0.0,0.0,0.0,1.0
45069,0,1,3400,-63,63,31,16,24,0.50,51936.000000,0,27,2.7,0.0,30336.000000,5,0.0,0.0,0.0,1.0
45318,0,1,3400,-63,63,28,18,23,0.50,51840.000000,0,27,2.0,0.0,0.0,0.0,0.0,0.0,0.0,1.0
45567,0,1,3400,-63,63,30,15,24,0.67,30048.000000,0,27,2.0,0.0,0.0,0.0,0.0,0.0,0.0,1.0
45816,0,1,3400,-63,63,33,14,24,0.51,42016.000000,0,27,2.0,186,0.0,0.0,0.0,0.0,0.0,1.0
46065,0,1,3400,-63,63,29,15,24,0.50,32000.000000,0,27,6.6,0.0,50666.667969,0,0.0,0.0,0.0,1.0
46314,0,1,3400,-63,63,30,16,24,0.50,48320.000000,0,27,7.1,0.0,0.0,0.0,0.0,0.0,0.0,1.0
46563,0,1,3400,-63,63,32,12,24,0.57,41824.000000,0,27,7.0,0.0,0.0,0.0,0.0,0.0,0.0,1.0
46812,0,1,3400,-63,63,29,9.6,24,0.53,23968.000000,0,27,7.1,0.0,0.0,80,0.0,0.0,0.0,1.0
47061,0,1,3400,-63,63,29,6.8,24,0.50,36704.000000,0,27,7.0,0.0,0.0,0.0,0.0,0.0,0.0,1.0
47310,0,1,3400,-63,63,32,15,24,0.50,36736.000000,0,27,7.0,0.0,0.0,0.0,0.0,0.0,0.0,1.0
47559,0,1,3400,-63,63,33,16,24,0.50,36704.000000,0,27,7.0,0.0,0.0,0.0,0.0,0.0,0.0,1.0
47808,0,1,3400,-63,63,28,6.6,24,0.50,57408.000000,0,27,6.8,0.0,45920.000000,0,0.0,0.0,0.0,1.0
48057,0,1,3400,-63,63,27,11,24,0.50,36672.000000,0,27,10,0.0,0.0,0.0,0.0,0.0,0.0,1.0
48306,0,1,3400,-63,63,31,8.8,24,0.50,27488.000000,0,27,10,0.0,0.0,0.0,0.0,0.0,0.0,1.0
48555,0,1,3400,-63,63,30,6.7,24,0.50,15808.000000,0,27,10,0.0,0.0,0.0,0.0,0.0,0.0,1.0
48804,0,1,3400,-63,63,27,14,24,0.50,41760.000000,0,27,10,0.0,0.0,0.0,0.0,0.0,0.0,1.0
49053,0,1,3400,-63,63,27,16,24,0.52,42752.000000,0,27,11,0.0,22464.000000,0,0.0,0.0,0.0,1.0
49302,0,1,3400,-63,63,29,13,23,0.58,38208.000000,0,27,12,0.0,0.0,0.0,0.0,0.0,0.0,1.0
49551,0,1,3400,-63,63,29,17,24,0.50,28416.000000,0,27,12,0.0,0.0,0.0,0.0,0.0,0.0,1.0
49800,0,1,3400,-63,63,30,16,24,0.50,28704.000000,0,27,12,0.0,0.0,0.0,0.0,0.0,0.0,1.0
50049,0,1,3400,-63,63,35,18,24,0.52,62240.000000,0,27,8.4,0.0,9056.000000,0,0.0,0.0,0.0,1.0
50298,0,1,3400,-63,63,33,17,24,0.53,52352.000000,0,27,7.5,0.0,0.0,0.0,0.0,0.0,0.0,1.0
50547,0,1,3400,-63,63,27,15,24,0.50,42262.949219,0,27,7.5,0.0,0.0,0.0,0.0,0.0,0.0,1.0
50796,0,1,3400,-63,63,27,14,24,0.50,34432.000000,0,27,7.5,186,0.0,0.0,0.0,0.0,0.0,1.0
51045,0,1,3400,-63,63,31,16,24,0.50,37184.000000,0,27,10.0,0.0,18624.000000,0,0.0,0.0,0.0,1.0
51294,0,1,3400,-63,63,30,18,24,0.50,10304.000000,0,27,10,0.0,0.0,0.0,0.0,0.0,0.0,1.0
51543,0,1,3400,-63,63,34,16,23,0.50,51712.000000,0,27,10,0.0,0.0,0.0,0.0,0.0,0.0,1.0
51792,0,1,3400,-63,63,31,13,24,0.51,43072.000000,0,27,10,0.0,21952.000000,0,0.0,0.0,0.0,1.0
52041,0,1,3400,-63,63,29,18,23,0.50,41216.000000,0,27,13,0.0,0.0,0.0,0.0,0.0,0.0,1.0
52290,0,1,3400,-63,63,35,17,23,0.50,52128.000000,0,27,13,0.0,0.0,0.0,0.0,0.0,0.0,1.0
52539,0,1,3400,-63,63,31,18,24,0.50,26024.095703,0,27,13,0.0,0.0,0.0,0.0,0.0,0.0,1.0
52788,0,1,3400,-63,63,29,13,24,0.50,33248.000000,0,27,13,0.0,23488.000000,20,0.0,0.0,0.0,1.0
53037,0,1,3400,-63,63,29,15,23,0.50,43424.000000,0,27,14,0.0,0.0,0.0,0.0,0.0,0.0,1.0
53286,0,1,3400,-63,63,31,17,24,0.50,26944.000000,0,27,14,0.0,0.0,0.0,0.0,0.0,0.0,1.0
53535,0,1,3400,-63,63,31,18,24,0.50,20768.000000,0,27,14,0.0,0.0,0.0,0.0,0.0,0.0,1.0
53784,0,1,3400,-63,63,29,9.0,24,0.50,42752.000000,0,27,13,0.0,18880.000000,0,0.0,0.0,0.0,1.0
54033,0,1,3400,-63,63,32,9.2,24,0.50,56096.000000,0,27,11,0.0,0.0,0.0,0.0,0.0,0.0,1.0
54282,0,1,3400,-63,63,30,16,24,0.50,32256.000000,0,27,11,0.0,0.0,0.0,0.0,0.0,0.0,1.0
54531,0,1,3400,-63,63,28,16,24,0.50,32896.000000,0,27,11,0.0,0.0,0.0,0.0,0.0,0.0,1.0
54780,0,1,3400,-63,63,28,6.8,24,0.50,36288.000000,0,27,11,186,0.0,0.0,0.0,0.0,0.0,1.0
55029,0,1,3400,-63,63,30,3.7,24,0.50,34464.000000,0,27,13,0.0,35424.000000,0,0.0,0.0,0.0,1.0
55278,0,1,3400,-63,63,34,12,24,0.50,26688.000000,0,27,14,0.0,0.0,0.0,0.0,0.0,0.0,1.0
55527,0,1,3400,-63,63,31,16,24,0.67,20224.000000,0,27,14,0.0,0.0,0.0,0.0,0.0,0.0,1.0
55776,0,1,3400,-63,63,27,8.3,24,0.50,56704.000000,0,27,13,0.0,21952.000000,0,0.0,0.0,0.0,1.0
56025,0,1,3400,-63,63,29,13,24,0.50,36992.000000,0,27,12,0.0,0.0,0.0,0.0,0.0,0.0,1.0
56274,0,1,3400,-63,63,30,15,24,0.50,26240.000000,0,27,12,0.0,0.0,0.0,0.0,0.0,0.0,1.0
56523,0,1,3400,-63,63,35,8.7,23,0.57,62592.000000,0,27,12,0.0,0.0,0.0,0.0,0.0,0.0,1.0
56772,0,1,3400,-63,63,32,15,23,0.50,75040.000000,0,27,12,0.0,23744.000000,0,0.0,0.0,0.0,1.0
57021,0,1,3400,-63,63,30,11,23,0.51,43856.574219,0,27,11,0.0,0.0,0.0,0.0,0.0,0.0,1.0
57270,0,1,3400,-63,63,29,18,24,0.50,51904.000000,0,27,12,0.0,0.0,0.0,0.0,0.0,0.0,1.0
57519,0,1,3400,-63,63,31,18,24,0.55,56000.000000,0,27,12,0.0,0.0,0.0,0.0,0.0,0.0,1.0
57768,0,1,3400,-63,63,29,18,24,0.50,46880.000000,0,27,12,0.0,166624.000000,0,0.0,0.0,0.0,1.0
58017,0,1,3400,-63,63,28,15,24,0.50,31936.000000,0,27,16,0.0,0.0,0.0,0.0,0.0,0.0,1.0
58266,0,1,3400,-63,63,27,10,24,0.50,25760.000000,0,27,16,0.0,0.0,0.0,0.0,0.0,0.0,1.0
58515,0,1,3400,-63,63,28,16,23,0.50,52928.000000,0,27,16,0.0,0.0,0.0,0.0,0.0,0.0,1.0
58764,0,1,3400,-63,63,28,19,24,0.53,66976.000000,0,27,16,0.0,23488.000000,0,0.0,0.0,0.0,1.0
59013,0,1,3400,-63,63,30,11,24,0.50,33702.812500,0,27,14,0.0,0.0,0.0,0.0,0.0,0.0,1.0
59262,0,1,3400,-63,63,33,17,23,0.63,42176.000000,0,27,14,0.0,0.0,0.0,0.0,0.0,0.0,1.0
59511,0,1,3400,-63,63,29,22,24,0.84,30944.000000,0,27,14,0.0,0.0,0.0,0.0,0.0,0.0,1.0
59760,0,1,3400,-63,63,28,20,24,0.81,25760.000000,0,27,13,0.0,18368.000000,0,0.0,0.0,0.0,1.0
60009,0,1,3400,-63,63,30,18,24,0.50,30912.000000,0,27,12,0.0,0.0,0.0,0.0,0.0,0.0,1.0
60258,0,1,3400,-63,63,33,18,24,0.50,15456.000000,0,27,12,0.0,0.0,0.0,0.0,0.0,0.0,1.0
60507,0,1,3400,-63,63,34,9.9,24,0.54,58784.000000,0,27,12,0.0,0.0,0.0,0.0,0.0,0.0,1.0
60756,0,1,3400,-63,63,30,15,24,0.53,45216.000000,0,27,12,0.0,18880.000000,0,0.0,0.0,0.0,1.0
61005,0,1,3400,-63,63,27,2.5,24,0.50,54496.000000,0,27,11,0.0,0.0,0.0,0.0,0.0,0.0,1.0
61254,0,1,3400,-63,63,30,12,24,0.50,39328.000000,0,27,11,0.0,0.0,0.0,0.0,0.0,0.0,1.0
61503,0,1,3400,-63,63,28,14,24,0.58,31360.000000,0,27,11,0.0,0.0,0.0,0.0,0.0,0.0,1.0
61752,0,1,3400,-63,63,29,16,24,0.50,26592.000000,0,27,11,0.0,0.0,0.0,0.0,0.0,0.0,1.0
62001,0,1,3400,-63,63,28,14,24,0.50,54496.000000,0,27,10,0.0,24000.000000,0,0.0,0.0,0.0,1.0
62250,0,1,3400,-63,63,31,9.4,23,0.50,37632.000000,0,27,10,0.0,0.0,0.0,0.0,0.0,0.0,1.0
62499,0,1,3400,-63,63,30,12,23,0.50,44032.000000,0,27,10,0.0,0.0,0.0,0.0,0.0,0.0,1.0
62748,0,1,3400,-63,63,27,19,23,0.66,30752.000000,0,27,10,0.0,0.0,0.0,0.0,0.0,0.0,1.0
62997,0,1,3400,-63,63,29,17,23,0.55,58080.000000,0,27,12,0.0,23488.000000,0,0.0,0.0,0.0,1.0
63246,0,1,3400,-63,63,31,14,24,0.50,26432.000000,0,27,14,0.0,0.0,0.0,0.0,0.0,0.0,1.0
63495,0,1,3400,-63,63,30,12,24,0.50,20940.238281,0,27,13,0.0,0.0,0.0,0.0,0.0,0.0,1.0
63744,0,1,3400,-63,63,28,15,24,0.50,15456.000000,0,27,14,186,0.0,0.0,0.0,0.0,0.0,1.0
63993,0,1,3400,-63,63,27,18,23,0.54,52128.000000,0,27,11,0.0,24224.000000,0,0.0,0.0,0.0,1.0
64242,0,1,3400,-63,63,28,10.0,23,0.50,47520.000000,0,27,12,0.0,0.0,0.0,0.0,0.0,0.0,1.0
64491,0,1,3400,-63,63,27,12,23,0.50,39392.000000,0,27,12,0.0,0.0,0.0,0.0,0.0,0.0,1.0
64740,0,1,3400,-63,63,30,17,24,0.50,47296.000000,0,27,11,0.0,23584.000000,0,0.0,0.0,0.0,1.0
64989,0,1,3400,-63,63,25,12,24,0.50,39008.000000,0,27,3.6,0.0,0.0,0.0,0.0,0.0,0.0,1.0
65238,0,1,3400,-63,63,28,4.0,23,0.50,50976.000000,0,27,3.5,0.0,0.0,0.0,0.0,0.0,0.0,1.0
65487,0,1,3400,-63,63,32,12,23,0.50,42409.636719,0,27,3.6,0.0,0.0,0.0,0.0,0.0,0.0,1.0
65736,0,1,3400,-63,63,31,16,23,0.50,31936.000000,0,27,2.6,0.0,8320.000000,0,0.0,0.0,0.0,1.0
65985,0,1,3400,-63,63,27,6.3,24,0.50,27904.000000,0,27,0.0,0.0,0.0,0.0,0.0,0.0,0.0,1.0
66234,0,1,3400,-63,63,27,9.5,24,0.50,38208.000000,0,27,0.048,0.0,0.0,0.0,0.0,0.0,0.0,1.0
66483,0,1,3400,-63,63,32,7.1,24,0.50,37376.000000,0,27,0.0,0.0,0.0,0.0,0.0,0.0,0.0,1.0
66732,0,1,3400,-63,63,36,19,24,0.50,15456.000000,0,27,1.4,0.0,18880.000000,0,0.0,0.0,0.0,1.0
66981,0,1,3400,-63,63,32,9.9,24,0.56,42016.000000,0,27,11,0.0,0.0,0.0,0.0,0.0,0.0,1.0
67230,0,1,3400,-63,63,31,14,24,0.50,31648.000000,0,27,11,0.0,0.0,0.0,0.0,0.0,0.0,1.0
67479,0,1,3400,-63,63,34,14,24,0.50,15616.000000,0,27,11,0.0,0.0,0.0,0.0,0.0,0.0,1.0
67728,0,1,3400,-63,63,33,17,24,0.50,48736.000000,0,27,11,0.0,15808.000000,0,0.0,0.0,0.0,1.0
67977,0,1,3400,-63,63,30,16,23,0.53,37024.000000,0,27,10,0.0,0.0,0.0,0.0,0.0,0.0,1.0
68226,0,1,3400,-63,63,29,14,23,0.50,48064.000000,0,27,11,0.0,0.0,0.0,0.0,0.0,0.0,1.0
68475,0,1,3400,-63,63,30,13,24,0.50,37376.000000,0,27,10,0.0,0.0,0.0,0.0,0.0,0.0,1.0
68724,0,1,3400,-63,63,32,10,23,0.50,16960.000000,0,27,10,186,0.0,0.0,0.0,0.0,0.0,1.0
68973,0,1,3400,-63,63,31,12,23,0.50,31584.000000,0,27,12,0.0,0.0,80,0.0,0.0,0.0,1.0
69222,0,1,3400,-63,63,30,17,23,0.50,52352.000000,0,27,12,0.0,0.0,0.0,0.0,0.0,0.0,1.0
69471,0,1,3400,-63,63,30,7.7,24,0.50,22080.000000,0,27,12,0.0,0.0,0.0,0.0,0.0,0.0,1.0
69720,0,1,3400,-63,63,30,9.3,23,0.50,30016.000000,0,27,12,186,0.0,0.0,0.0,0.0,0.0,1.0
69969,0,1,3400,-63,63,27,13,24,0.50,47392.000000,0,27,12,0.0,111008.000000,6,0.0,0.0,0.0,1.0
70218,0,1,3400,-63,63,25,15,23,0.53,52812.750000,0,27,13,0.0,0.0,0.0,0.0,0.0,0.0,1.0
70467,0,1,3400,-63,63,29,15,23,0.60,31264.000000,0,27,13,0.0,0.0,0.0,0.0,0.0,0.0,1.0
70716,0,1,3400,-63,63,27,11,23,0.50,57920.000000,0,27,11,0.0,16288.000000,0,0.0,0.0,0.0,1.0
70965,0,1,3400,-63,63,26,7.4,23,0.53,34144.000000,0,27,0.19,0.0,0.0,0.0,0.0,0.0,0.0,1.0
71214,0,1,3400,-63,63,31,8.8,23,0.50,41824.000000,0,27,0.048,0.0,0.0,0.0,0.0,0.0,0.0,1.0
71463,0,1,3400,-63,63,30,17,23,0.51,62016.000000,0,27,0.048,0.0,0.0,0.0,0.0,0.0,0.0,1.0
71712,0,1,3400,-63,63,30,16,23,0.50,46752.000000,0,27,1.5,0.0,22208.000000,0,0.0,0.0,0.0,1.0
71961,0,1,3400,-63,63,29,4.7,24,0.50,19887.550781,0,27,11,0.0,0.0,0.0,0.0,0.0,0.0,1.0
72210,0,1,3400,-63,63,28,10,24,0.50,42816.000000,0,27,11,0.0,0.0,0.0,0.0,0.0,0.0,1.0
72459,0,1,3400,-63,63,34,13,24,0.50,42016.000000,0,27,11,0.0,0.0,0.0,0.0,0.0,0.0,1.0
72708,0,1,3400,-63,63,32,16,23,0.53,56960.000000,0,27,11,0.0,22208.000000,20,0.0,0.0,0.0,1.0
72957,0,1,3400,-63,63,30,21,24,0.66,36256.000000,0,27,11,0.0,0.0,0.0,0.0,0.0,0.0,1.0
73206,0,1,3400,-63,63,29,10,23,0.59,50624.000000,0,27,11,0.0,0.0,0.0,0.0,0.0,0.0,1.0
73455,0,1,3400,-63,63,32,16,23,0.50,21376.000000,0,27,11,0.0,0.0,0.0,0.0,0.0,0.0,1.0
73704,0,1,3400,-63,63,28,16,24,0.50,52192.000000,0,27,11,0.0,22464.000000,0,0.0,0.0,0.0,1.0
73953,0,1,3400,-63,63,26,14,24,0.50,20896.000000,0,27,12,0.0,0.0,0.0,0.0,0.0,0.0,1.0
74202,0,1,3400,-63,63,31,11,24,0.50,32928.000000,0,27,12,0.0,0.0,0.0,0.0,0.0,0.0,1.0
74451,0,1,3400,-63,63,32,13,23,0.57,62400.000000,0,27,12,0.0,0.0,0.0,0.0,0.0,0.0,1.0
74700,0,1,3400,-63,63,28,10,23,0.50,26528.000000,0,27,12,0.0,0.0,0.0,0.0,0.0,0.0,1.0
74949,0,1,3400,-63,63,29,14,23,0.50,56832.000000,0,27,10,0.0,16320.000000,0,0.0,0.0,0.0,1.0
75198,0,1,3400,-63,63,29,13,24,0.50,27040.000000,0,27,9.5,0.0,0.0,0.0,0.0,0.0,0.0,1.0
75447,0,1,3400,-63,63,29,11,24,0.50,28352.000000,0,27,9.5,0.0,0.0,0.0,0.0,0.0,0.0,1.0
75696,0,1,3400,-63,63,26,18,23,0.63,52960.000000,0,27,9.5,186,0.0,0.0,0.0,0.0,0.0,1.0
75945,0,1,3400,-63,63,26,15,24,0.50,30912.000000,0,27,13,0.0,21952.000000,0,0.0,0.0,0.0,1.0
76194,0,1,3400,-63,63,27,13,23,0.50,60704.000000,0,27,13,0.0,0.0,0.0,0.0,0.0,0.0,1.0
76443,0,1,3400,-63,63,27,8.1,24,0.50,30720.000000,0,27,13,0.0,0.0,0.0,0.0,0.0,0.0,1.0
76692,0,1,3400,-63,63,27,11,23,0.50,41370.519531,0,27,13,0.0,23394.421875,0,0.0,0.0,0.0,1.0
76941,0,1,3400,-63,63,28,11,23,0.51,31424.000000,0,27,14,0.0,0.0,0.0,0.0,0.0,0.0,1.0
77190,0,1,3400,-63,63,30,18,23,0.50,56672.000000,0,27,14,0.0,0.0,0.0,0.0,0.0,0.0,1.0
77439,0,1,3400,-63,63,36,9.3,23,0.50,25088.000000,0,27,13,0.0,0.0,0.0,0.0,0.0,0.0,1.0
77688,0,1,3400,-63,63,33,5.0,23,0.50,37440.000000,0,27,14,0.0,0.0,0.0,0.0,0.0,0.0,1.0
77937,0,1,3400,-63,63,28,15,23,0.52,36224.000000,0,27,14,0.0,23488.000000,0,0.0,0.0,0.0,1.0
78186,0,1,3400,-63,63,28,5.8,23,0.50,22811.244141,0,27,14,0.0,0.0,0.0,0.0,0.0,0.0,1.0
78435,0,1,3400,-63,63,30,14,23,0.50,26208.000000,0,27,14,0.0,0.0,0.0,0.0,0.0,0.0,1.0
78684,0,1,3400,-63,63,32,13,23,0.50,41632.000000,0,27,13,0.0,18368.000000,0,0.0,0.0,0.0,1.0
78933,0,1,3400,-63,63,28,18,23,0.50,31776.000000,0,27,12,0.0,0.0,0.0,0.0,0.0,0.0,1.0
79182,0,1,3400,-63,63,28,12,23,0.50,61568.000000,0,27,12,0.0,0.0,0.0,0.0,0.0,0.0,1.0
79431,0,1,3400,-63,63,30,12,23,0.50,64832.000000,0,27,12,0.0,0.0,0.0,0.0,0.0,0.0,1.0
79680,0,1,3400,-63,63,29,15,23,0.50,26208.000000,0,27,12,0.0,0.0,0.0,0.0,0.0,0.0,1.0
79929,0,1,3400,-63,63,31,15,23,0.50,28864.000000,0,27,8.9,0.0,18912.000000,0,0.0,0.0,0.0,1.0
80178,0,1,3400,-63,63,27,5.3,23,0.50,25920.000000,0,27,8.0,0.0,0.0,0.0,0.0,0.0,0.0,1.0
80427,0,1,3400,-63,63,28,16,23,0.50,51872.000000,0,27,8.0,0.0,0.0,0.0,0.0,0.0,0.0,1.0
80676,0,1,3400,-63,63,29,18,23,0.50,56672.000000,0,27,8.4,0.0,22208.000000,0,0.0,0.0,0.0,1.0
80925,0,1,3400,-63,63,24,14,23,0.50,37824.000000,0,27,11,0.0,0.0,0.0,0.0,0.0,0.0,1.0
81174,0,1,3400,-63,63,29,14,23,0.50,39392.000000,0,27,11,0.0,0.0,0.0,0.0,0.0,0.0,1.0
81423,0,1,3400,-63,63,33,18,24,0.59,20768.000000,0,27,11,0.0,0.0,0.0,0.0,0.0,0.0,1.0
81672,0,1,3400,-63,63,32,17,24,0.66,22240.000000,0,27,11,0.0,22464.000000,0,0.0,0.0,0.0,1.0
81921,0,1,3400,-63,63,33,19,23,0.70,62432.000000,0,27,12,0.0,0.0,0.0,0.0,0.0,0.0,1.0
82170,0,1,3400,-63,63,28,18,23,0.52,41216.000000,0,27,12,0.0,0.0,0.0,0.0,0.0,0.0,1.0
82419,0,1,3400,-63,63,28,3.5,23,0.50,47712.000000,0,27,12,0.0,0.0,0.0,0.0,0.0,0.0,1.0
82668,0,1,3400,-63,63,31,5.2,23,0.50,74560.000000,0,27,12,0.0,15808.000000,0,0.0,0.0,0.0,1.0
82917,0,1,3400,-63,63,27,15,23,0.50,44032.000000,0,27,11,0.0,0.0,0.0,0.0,0.0,0.0,1.0
83166,0,1,3400,-63,63,27,7.8,24,0.50,38087.648438,0,27,10,0.0,0.0,0.0,0.0,0.0,0.0,1.0
83415,0,1,3400,-63,63,28,11,23,0.50,34880.000000,0,27,11,0.0,0.0,0.0,0.0,0.0,0.0,1.0
83664,0,1,3400,-63,63,28,15,23,0.50,46592.000000,0,27,11,0.0,23488.000000,0,0.0,0.0,0.0,1.0
83913,0,1,3400,-63,63,28,18,23,0.50,25760.000000,0,27,14,0.0,0.0,0.0,0.0,0.0,0.0,1.0
84162,0,1,3400,-63,63,28,14,23,0.50,53280.000000,0,27,13,0.0,0.0,0.0,0.0,0.0,0.0,1.0
84411,0,1,3400,-63,63,30,15,23,0.50,41895.582031,0,27,14,0.0,0.0,0.0,0.0,0.0,0.0,1.0
84660,0,1,3400,-63,63,31,12,23,0.50,36717.132812,0,27,13,0.0,21864.541016,0,0.0,0.0,0.0,1.0
84909,0,1,3400,-63,63,34,7.9,23,0.50,59726.906250,0,27,13,0.0,0.0,0.0,0.0,0.0,0.0,1.0
85158,0,1,3400,-63,63,30,10,23,0.50,31776.000000,0,27,13,0.0,0.0,0.0,0.0,0.0,0.0,1.0
85407,0,1,3400,-63,63,26,14,23,0.61,40896.000000,0,27,13,0.0,0.0,0.0,0.0,0.0,0.0,1.0
85656,0,1,3400,-63,63,29,5.2,23,0.50,46496.000000,0,27,13,0.0,15808.000000,0,0.0,0.0,0.0,1.0
85905,0,1,3400,-63,63,28,13,23,0.50,41792.000000,0,27,10,0.0,0.0,0.0,0.0,0.0,0.0,1.0
86154,0,1,3400,-63,63,30,15,23,0.50,42656.000000,0,27,11,0.0,0.0,0.0,0.0,0.0,0.0,1.0
86403,0,1,3400,-63,63,27,12,23,0.50,26848.000000,0,27,11,0.0,0.0,0.0,0.0,0.0,0.0,1.0
86652,0,1,3400,-63,63,29,16,23,0.54,37472.000000,0,27,10,186,0.0,0.0,0.0,0.0,0.0,1.0
86901,0,1,3400,-63,63,29,14,23,0.51,69920.000000,0,27,13,0.0,21952.000000,0,0.0,0.0,0.0,1.0
87150,0,1,3400,-63,63,31,15,23,0.50,31776.000000,0,27,13,0.0,0.0,0.0,0.0,0.0,0.0,1.0
87399,0,1,3400,-63,63,29,19,23,0.58,51936.000000,0,27,13,0.0,0.0,0.0,0.0,0.0,0.0,1.0
87648,0,1,3400,-63,63,30,14,23,0.52,62272.000000,0,27,13,0.0,17856.000000,0,0.0,0.0,0.0,1.0
87896,0,1,3400,-63,63,23,16,23,0.59,51904.000000,0,27,13,0.0,0.0,0.0,0.0,0.0,0.0,1.0
88145,0,1,3400,-63,63,25,18,23,0.50,31168.000000,0,27,13,0.0,0.0,0.0,0.0,0.0,0.0,1.0
88394,0,1,3400,-63,63,27,19,24,0.55,47200.000000,0,27,13,0.0,0.0,0.0,0.0,0.0,0.0,1.0
88643,0,1,3400,-63,63,32,12,23,0.50,33888.000000,0,27,13,0.0,153824.000000,0,0.0,0.0,0.0,1.0
88892,0,1,3400,-63,63,32,15,23,0.56,48096.000000,0,27,14,0.0,0.0,0.0,0.0,0.0,0.0,1.0
89141,0,1,3400,-63,63,31,12,23,0.50,31552.000000,0,27,14,0.0,0.0,0.0,0.0,0.0,0.0,1.0
89390,0,1,3400,-63,63,30,7.2,23,0.50,49344.000000,0,27,14,0.0,0.0,0.0,0.0,0.0,0.0,1.0
89639,0,1,3400,-63,63,26,18,24,0.50,35920.320312,0,27,13,0.0,15745.019531,0,0.0,0.0,0.0,1.0
89888,0,1,3400,-63,63,23,13,23,0.50,33696.000000,0,27,11,0.0,0.0,0.0,0.0,0.0,0.0,1.0
90137,0,1,3400,-63,63,24,15,23,0.50,33152.000000,0,27,10,0.0,0.0,0.0,0.0,0.0,0.0,1.0
90386,0,1,3400,-63,63,27,16,23,0.50,43584.000000,0,27,10,0.0,0.0,0.0,0.0,0.0,0.0,1.0
90635,0,1,3400,-63,63,32,11,24,0.59,22168.673828,0,27,11,0.0,23582.330078,0,0.0,0.0,0.0,1.0
90884,0,1,3400,-63,63,30,16,23,0.54,31232.000000,0,27,14,0.0,0.0,0.0,0.0,0.0,0.0,1.0
91133,0,1,3400,-63,63,29,20,23,0.50,41184.000000,0,27,14,0.0,0.0,0.0,0.0,0.0,0.0,1.0
91382,0,1,3400,-63,63,31,5.3,23,0.50,78400.000000,0,27,14,0.0,0.0,0.0,0.0,0.0,0.0,1.0
91631,0,1,3400,-63,63,33,7.0,23,0.50,16544.000000,0,27,14,0.0,23488.000000,0,0.0,0.0,0.0,1.0
91880,0,1,3400,-63,63,31,17,23,0.50,36768.000000,0,27,13,0.0,0.0,0.0,0.0,0.0,0.0,1.0
92129,0,1,3400,-63,63,28,9.7,23,0.50,59808.000000,0,27,14,0.0,0.0,0.0,0.0,0.0,0.0,1.0
92378,0,1,3400,-63,63,33,15,23,0.61,47904.000000,0,27,13,0.0,0.0,0.0,0.0,0.0,0.0,1.0
92627,0,1,3400,-63,63,33,20,23,0.67,30912.000000,0,27,13,0.0,16320.000000,0,0.0,0.0,0.0,1.0
92876,0,1,3400,-63,63,24,18,23,0.62,25888.000000,0,27,9.5,0.0,0.0,0.0,0.0,0.0,0.0,1.0
93125,0,1,3400,-63,63,23,16,23,0.52,36576.000000,0,27,9.5,0.0,0.0,0.0,0.0,0.0,0.0,1.0
93374,0,1,3400,-63,63,29,15,23,0.50,14880.000000,0,27,9.5,0.0,0.0,0.0,0.0,0.0,0.0,1.0
93623,0,1,3400,-63,63,32,12,23,0.50,45888.000000,0,27,9.5,186,0.0,0.0,0.0,0.0,0.0,1.0
93872,0,1,3400,-63,63,28,12,23,0.50,36416.000000,0,27,10,0.0,15808.000000,0,0.0,0.0,0.0,1.0
94121,0,1,3400,-63,63,26,8.3,23,0.50,58944.000000,0,27,11,0.0,0.0,0.0,0.0,0.0,0.0,1.0
94370,0,1,3400,-63,63,26,12,23,0.50,52320.000000,0,27,10,0.0,0.0,0.0,0.0,0.0,0.0,1.0
94619,0,1,3400,-63,63,24,7.8,23,0.53,33120.000000,0,27,11,0.0,18368.000000,0,0.0,0.0,0.0,1.0
94868,0,1,3400,-63,63,27,16,23,0.50,31168.000000,0,27,11,0.0,0.0,0.0,0.0,0.0,0.0,1.0
95117,0,1,3400,-63,63,28,15,23,0.50,44224.000000,0,27,10,0.0,0.0,0.0,0.0,0.0,0.0,1.0
95366,0,1,3400,-63,63,27,9.4,23,0.50,27200.000000,0,27,11,0.0,0.0,0.0,0.0,0.0,0.0,1.0
95615,0,1,3400,-63,63,27,11,23,0.50,58816.000000,0,27,11,0.0,18368.000000,0,0.0,0.0,0.0,1.0
95864,0,1,3400,-63,63,27,15,23,0.50,48192.000000,0,27,11,0.0,9376.000000,0,0.0,0.0,0.0,1.0
96113,0,1,3400,-63,63,28,16,23,0.50,41472.000000,0,27,10,0.0,0.0,0.0,0.0,0.0,0.0,1.0
96362,0,1,3400,-63,63,31,15,23,0.50,59601.593750,0,27,10,0.0,0.0,0.0,0.0,0.0,0.0,1.0
96611,0,1,3400,-63,63,31,9.0,23,0.50,28128.000000,0,27,10,0.0,0.0,0.0,0.0,0.0,0.0,1.0
96860,0,1,3400,-63,63,27,12,23,0.50,40512.000000,0,27,4.2,0.0,16128.000000,8,0.0,0.0,0.0,1.0
97109,0,1,3400,-63,63,28,18,23,0.57,62746.988281,0,27,0.0,0.0,0.0,0.0,0.0,0.0,0.0,1.0
97358,0,1,3400,-63,63,29,9.7,23,0.50,65721.117188,0,27,0.14,0.0,0.0,0.0,0.0,0.0,0.0,1.0
97607,0,1,3400,-63,63,30,14,23,0.50,74056.226562,0,27,1.6,0.0,18441.767578,0,0.0,0.0,0.0,1.0
97856,0,1,3400,-63,63,29,18,23,0.50,46464.000000,0,27,12,0.0,0.0,0.0,0.0,0.0,0.0,1.0
98105,0,1,3400,-63,63,26,16,23,0.56,48352.000000,0,27,12,0.0,0.0,0.0,0.0,0.0,0.0,1.0
98354,0,1,3400,-63,63,31,14,23,0.50,16800.000000,0,27,12,0.0,0.0,0.0,0.0,0.0,0.0,1.0
98603,0,1,3400,-63,63,31,9.3,23,0.57,22560.000000,0,27,12,0.0,21952.000000,0,0.0,0.0,0.0,1.0
98852,0,1,3400,-63,63,32,12,23,0.50,40288.000000,0,27,13,0.0,0.0,0.0,0.0,0.0,0.0,1.0
99101,0,1,3400,-63,63,31,14,23,0.50,31936.000000,0,27,13,0.0,0.0,0.0,0.0,0.0,0.0,1.0
99350,0,1,3400,-63,63,30,12,23,0.50,38528.000000,0,27,13,0.0,0.0,0.0,0.0,0.0,0.0,1.0
99599,0,1,3400,-63,63,29,12,23,0.73,40160.000000,0,27,13,0.0,0.0,0.0,0.0,0.0,0.0,1.0
99848,0,1,3400,-63,63,24,14,23,0.50,57696.000000,0,27,9.3,0.0,16064.000000,0,0.0,0.0,0.0,1.0
100097,0,1,3400,-63,63,26,16,23,0.51,50848.000000,0,27,8.5,0.0,0.0,0.0,0.0,0.0,0.0,1.0
100346,0,1,3400,-63,63,28,4.9,23,0.50,36992.000000,0,27,8.5,0.0,0.0,0.0,0.0,0.0,0.0,1.0
100595,0,1,3400,-63,63,28,7.2,23,0.50,30656.000000,0,27,8.5,186,0.0,0.0,0.0,0.0,0.0,1.0
100844,0,1,3400,-63,63,27,16,23,0.50,41536.000000,0,27,11,0.0,23744.000000,0,0.0,0.0,0.0,1.0
101093,0,1,3400,-63,63,27,9.4,23,0.50,48064.000000,0,27,12,0.0,0.0,0.0,0.0,0.0,0.0,1.0
101342,0,1,3400,-63,63,23,18,23,0.50,30912.000000,0,27,12,0.0,0.0,0.0,0.0,0.0,0.0,1.0
101591,0,1,3400,-63,63,29,16,23,0.50,47296.000000,0,27,12,186,0.0,0.0,0.0,0.0,0.0,1.0
101840,0,1,3400,-63,63,29,5.8,23,0.50,32896.000000,0,27,9.1,0.0,22464.000000,0,0.0,0.0,0.0,1.0
102089,0,1,3400,-63,63,31,18,23,0.50,46368.000000,0,27,9.0,0.0,0.0,0.0,0.0,0.0,0.0,1.0
102338,0,1,3400,-63,63,28,12,23,0.50,26720.000000,0,27,9.0,0.0,0.0,0.0,0.0,0.0,0.0,1.0
102587,0,1,3400,-63,63,27,13,23,0.50,45152.000000,0,27,9.4,0.0,18368.000000,0,0.0,0.0,0.0,1.0
102836,0,1,3400,-63,63,29,18,23,0.50,20525.896484,0,27,12,0.0,0.0,0.0,0.0,0.0,0.0,1.0
103085,0,1,3400,-63,63,27,18,23,0.50,20768.000000,0,27,12,0.0,0.0,0.0,0.0,0.0,0.0,1.0
103334,0,1,3400,-63,63,26,13,23,0.50,42624.000000,0,27,12,0.0,0.0,0.0,0.0,0.0,0.0,1.0
103583,0,1,3400,-63,63,31,12,23,0.50,29824.000000,0,27,12,0.0,23488.000000,0,0.0,0.0,0.0,1.0
103832,0,1,3400,-63,63,32,9.7,23,0.50,16128.513672,0,27,13,0.0,0.0,0.0,0.0,0.0,0.0,1.0
104081,0,1,3400,-63,63,29,7.0,23,0.50,19008.000000,0,27,13,0.0,0.0,0.0,0.0,0.0,0.0,1.0
104330,0,1,3400,-63,63,27,12,23,0.50,31584.000000,0,27,14,0.0,0.0,0.0,0.0,0.0,0.0,1.0
104579,0,1,3400,-63,63,28,14,23,0.50,38208.000000,0,27,13,0.0,21952.000000,0,0.0,0.0,0.0,1.0
104828,0,1,3400,-63,63,28,18,23,0.50,37312.000000,0,27,13,0.0,0.0,0.0,0.0,0.0,0.0,1.0
105077,0,1,3400,-63,63,29,6.6,23,0.50,22208.000000,0,27,13,0.0,0.0,0.0,0.0,0.0,0.0,1.0
105326,0,1,3400,-63,63,26,11,23,0.50,56864.000000,0,27,13,0.0,0.0,0.0,0.0,0.0,0.0,1.0
105575,0,1,3400,-63,63,26,11,22,0.50,53376.000000,0,27,13,0.0,24000.000000,20,0.0,0.0,0.0,1.0
105824,0,1,3400,-63,63,29,16,22,0.50,41536.000000,0,27,12,0.0,0.0,0.0,0.0,0.0,0.0,1.0
106073,0,1,3400,-63,63,25,13,23,0.50,40928.000000,0,27,12,0.0,0.0,0.0,0.0,0.0,0.0,1.0
106322,0,1,3400,-63,63,28,15,23,0.50,42560.000000,0,27,12,0.0,0.0,0.0,0.0,0.0,0.0,1.0
106571,0,1,3400,-63,63,29,17,23,0.50,31296.000000,0,27,12,186,0.0,0.0,0.0,0.0,0.0,1.0
106820,0,1,3400,-63,63,25,17,23,0.50,46976.000000,0,27,10,0.0,95328.000000,0,0.0,0.0,0.0,1.0
107069,0,1,3400,-63,63,22,17,23,0.50,26528.000000,0,27,10,0.0,0.0,0.0,0.0,0.0,0.0,1.0
107318,0,1,3400,-63,63,22,5.1,23,0.50,39936.000000,0,27,10,0.0,0.0,0.0,0.0,0.0,0.0,1.0
107567,0,1,3400,-63,63,27,7.1,23,0.50,33792.000000,0,27,11,0.0,23488.000000,0,0.0,0.0,0.0,1.0
107816,0,1,3400,-63,63,27,15,23,0.50,32064.000000,0,27,14,0.0,0.0,0.0,0.0,0.0,0.0,1.0
108065,0,1,3400,-63,63,26,15,23,0.50,46784.000000,0,27,14,0.0,0.0,0.0,0.0,0.0,0.0,1.0
108314,0,1,3400,-63,63,23,18,23,0.53,67392.000000,0,27,14,0.0,0.0,0.0,0.0,0.0,0.0,1.0
108563,0,1,3400,-63,63,25,13,23,0.50,53120.000000,0,27,14,0.0,23488.000000,0,0.0,0.0,0.0,1.0
108812,0,1,3400,-63,63,27,17,23,0.50,67328.000000,0,27,13,0.0,0.0,0.0,0.0,0.0,0.0,1.0
109061,0,1,3400,-63,63,24,16,23,0.50,34880.000000,0,27,14,0.0,0.0,0.0,0.0,0.0,0.0,1.0
109310,0,1,3400,-63,63,28,8.6,23,0.67,40286.851562,5,27,13,0.0,0.0,0.0,0.0,0.0,0.0,1.0
109559,0,1,3400,-63,63,25,19,23,1.1,47232.000000,0,27,13,0.0,21952.000000,0,0.0,0.0,0.0,1.0
109808,0,1,3400,-63,63,24,18,23,0.50,67232.000000,0,27,13,0.0,0.0,0.0,0.0,0.0,0.0,1.0
110057,0,1,3400,-63,63,26,18,23,0.51,47072.000000,0,27,13,0.0,0.0,0.0,0.0,0.0,0.0,1.0
110306,0,1,3400,-63,63,25,15,23,0.50,48449.800781,0,27,13,0.0,0.0,0.0,0.0,0.0,0.0,1.0
110555,0,1,3400,-63,63,23,14,23,0.55,43008.000000,6,27,13,0.0,23744.000000,0,0.0,0.0,0.0,1.0
110804,0,1,3400,-63,63,22,6.5,23,0.50,49536.000000,0,27,12,0.0,0.0,0.0,0.0,0.0,0.0,1.0
111053,0,1,3400,-63,63,25,12,23,0.50,37056.000000,0,27,12,0.0,0.0,0.0,0.0,0.0,0.0,1.0
111302,0,1,3400,-63,63,27,18,23,0.55,56960.000000,0,27,12,0.0,0.0,0.0,0.0,0.0,0.0,1.0
111551,0,1,3400,-63,63,27,16,23,0.50,42208.000000,0,27,12,0.0,15520.000000,50,0.0,0.0,0.0,1.0
111800,0,1,3400,-63,63,29,18,23,0.50,46944.000000,0,27,13,0.0,6432.000000,0,0.0,0.0,0.0,1.0
112049,0,1,3400,-63,63,33,5.9,23,0.50,29344.000000,0,27,13,0.0,0.0,0.0,0.0,0.0,0.0,1.0
112298,0,1,3400,-63,63,34,12,23,0.50,44896.000000,0,27,13,0.0,0.0,0.0,0.0,0.0,0.0,1.0
112547,0,1,3400,-63,63,27,14,23,0.51,56032.000000,0,27,13,0.0,130464.000000,14,0.0,0.0,0.0,1.0
112796,0,1,3400,-63,63,25,8.2,23,0.50,43936.000000,0,27,16,0.0,0.0,100.000000,0.0,0.0,0.0,1.0
113045,0,1,3400,-63,63,29,14,23,0.50,58336.000000,0,27,16,0.0,0.0,0.0,0.0,0.0,0.0,1.0
113294,0,1,3400,-63,63,32,14,23,0.50,30912.000000,0,27,16,0.0,0.0,0.0,0.0,0.0,0.0,1.0
113543,0,1,3400,-63,63,28,11,23,0.50,59744.000000,0,27,16,186,0.0,0.0,0.0,0.0,0.0,1.0
113792,0,1,3400,-63,63,26,16,23,0.56,63072.000000,0,27,0.56,0.0,13184.000000,0,0.0,0.0,0.0,1.0
114041,0,1,3400,-63,63,26,15,23,0.65,21408.000000,0,27,0.0,0.0,0.0,0.0,0.0,0.0,0.0,1.0
114290,0,1,3400,-63,63,25,14,23,0.56,48480.000000,0,27,0.24,0.0,0.0,0.0,0.0,0.0,0.0,1.0
114539,0,1,3400,-63,63,26,18,23,0.50,25536.000000,0,27,0.0,0.0,0.0,0.0,0.0,0.0,0.0,1.0
114788,0,1,3400,-63,63,27,15,23,0.50,37312.000000,0,27,1.6,0.0,14336.000000,0,0.0,0.0,0.0,1.0
115037,0,1,3400,-63,63,25,7.6,23,0.50,26944.000000,0,27,2.0,0.0,0.0,0.0,0.0,0.0,0.0,1.0
115286,0,1,3400,-63,63,30,12,23,0.50,48704.000000,0,27,2.0,0.0,0.0,0.0,0.0,0.0,0.0,1.0
115535,0,1,3400,-63,63,31,8.1,22,0.50,40224.000000,0,27,2.9,0.0,64224.000000,19,0.0,0.0,0.0,1.0
115784,0,1,3400,-63,63,30,17,23,0.50,46725.097656,0,27,12,0.0,23776.892578,67,0.0,0.0,0.0,1.0
116033,0,1,3400,-63,63,32,14,23,0.50,58176.000000,0,27,12,0.0,0.0,0.0,0.0,0.0,0.0,1.0
116282,0,1,3400,-63,63,29,16,23,0.50,51872.000000,0,27,12,0.0,0.0,0.0,0.0,0.0,0.0,1.0
116531,0,1,3400,-63,63,29,16,23,0.50,46688.000000,0,27,11,0.0,21216.000000,0,0.0,0.0,0.0,1.0
116780,0,1,3400,-63,63,30,11,23,0.50,28690.763672,0,27,2.0,0.0,0.0,0.0,0.0,0.0,0.0,1.0
117029,0,1,3400,-63,63,28,15,23,0.55,25792.000000,0,27,2.0,0.0,0.0,0.0,0.0,0.0,0.0,1.0
117278,0,1,3400,-63,63,30,16,23,0.50,63072.000000,0,27,2.0,0.0,0.0,0.0,0.0,0.0,0.0,1.0
117527,0,1,3400,-63,63,29,9.8,23,0.50,32384.000000,0,27,2.0,186,0.0,0.0,0.0,0.0,0.0,1.0
117776,0,1,3400,-63,63,27,16,23,0.50,48768.000000,0,27,7.6,0.0,75872.000000,0,0.0,0.0,0.0,1.0
118025,0,1,3400,-63,63,27,15,23,0.50,39360.000000,0,27,8.0,0.0,0.0,0.0,0.0,0.0,0.0,1.0
118274,0,1,3400,-63,63,28,11,23,0.50,16512.000000,0,27,8.0,0.0,0.0,0.0,0.0,0.0,0.0,1.0
118523,0,1,3400,-63,63,26,16,24,0.50,15456.000000,0,27,8.0,0.0,0.0,0.0,0.0,0.0,0.0,1.0
118772,0,1,3400,-63,63,26,17,23,0.50,28992.000000,0,27,12,0.0,21952.000000,0,0.0,0.0,0.0,1.0
119021,0,1,3400,-63,63,25,15,23,0.50,18272.000000,0,27,13,0.0,0.0,0.0,0.0,0.0,0.0,1.0
119270,0,1,3400,-63,63,27,15,23,0.51,52896.000000,0,27,13,0.0,0.0,0.0,0.0,0.0,0.0,1.0
119519,0,1,3400,-63,63,31,17,24,0.50,20608.000000,0,27,13,0.0,0.0,0.0,0.0,0.0,0.0,1.0
119768,0,1,3400,-63,63,28,17,23,0.50,36224.000000,0,27,6.1,0.0,18464.000000,25,0.0,0.0,0.0,1.0
120017,0,1,3400,-63,63,28,17,23,0.52,57952.000000,0,27,3.5,0.0,0.0,0.0,0.0,0.0,0.0,1.0
120266,0,1,3400,-63,63,26,18,23,0.53,41376.000000,0,27,3.5,0.0,0.0,0.0,0.0,0.0,0.0,1.0
120515,0,1,3400,-63,63,26,16,23,0.51,47040.000000,0,27,3.3,0.0,23808.000000,0,0.0,0.0,0.0,1.0
120764,0,1,3400,-63,63,29,12,23,0.50,26816.000000,0,27,2.0,0.0,0.0,0.0,0.0,0.0,0.0,1.0
121013,0,1,3400,-63,63,27,17,23,0.50,42464.000000,0,27,2.0,0.0,0.0,0.0,0.0,0.0,0.0,1.0
121262,0,1,3400,-63,63,23,15,23,0.50,42464.000000,0,27,2.0,0.0,0.0,0.0,0.0,0.0,0.0,1.0
121511,0,1,3400,-63,63,22,17,23,0.50,41536.000000,0,27,2.6,0.0,63488.000000,11,0.0,0.0,0.0,1.0
121760,0,1,3400,-63,63,23,8.2,23,0.53,38624.000000,0,27,9.0,0.0,9376.000000,75,0.0,0.0,0.0,1.0
122009,0,1,3400,-63,63,31,13,23,0.53,48736.000000,0,27,9.0,0.0,0.0,0.0,0.0,0.0,0.0,1.0
122258,0,1,3400,-63,63,27,14,23,0.50,58528.000000,0,27,8.9,0.0,0.0,0.0,0.0,0.0,0.0,1.0
122507,0,1,3400,-63,63,29,17,23,0.63,41466.136719,0,27,7.8,0.0,26486.056641,0,0.0,0.0,0.0,1.0
122756,0,1,3400,-63,63,29,20,23,0.76,31520.000000,0,27,0.016,0.0,0.0,0.0,0.0,0.0,0.0,1.0
123005,0,1,3400,-63,63,30,17,23,0.69,57799.195312,0,27,0.0080,0.0,0.0,0.0,0.0,0.0,0.0,1.0
123254,0,1,3400,-63,63,28,13,23,0.58,42208.000000,0,27,0.0,0.0,0.0,0.0,0.0,0.0,0.0,1.0
123503,0,1,3400,-63,63,24,18,23,0.50,15616.000000,0,27,0.0,186,0.0,0.0,0.0,0.0,0.0,1.0
123752,0,1,3400,-63,63,25,19,23,0.70,52992.000000,7,27,6.7,0.0,10592.000000,0,0.0,0.0,0.0,1.0
124001,0,1,3400,-63,63,27,17,23,0.75,15456.000000,0,27,7.0,0.0,0.0,0.0,0.0,0.0,0.0,1.0
124250,0,1,3400,-63,63,28,18,23,0.56,10464.000000,0,27,7.0,0.0,0.0,0.0,0.0,0.0,0.0,1.0
124499,0,1,3400,-63,63,27,10,23,0.57,39808.000000,0,27,7.0,186,0.0,0.0,0.0,0.0,0.0,1.0
124748,0,1,3400,-63,63,26,6.9,23,0.61,71168.000000,0,27,6.9,0.0,10592.000000,0,0.0,0.0,0.0,1.0
124997,0,1,3400,-63,63,25,7.0,23,0.50,34272.000000,0,27,7.0,0.0,0.0,0.0,0.0,0.0,0.0,1.0
125246,0,1,3400,-63,63,24,9.9,24,0.51,23712.000000,0,27,7.0,0.0,0.0,0.0,0.0,0.0,0.0,1.0
125495,0,1,3400,-63,63,27,17,23,0.53,36064.000000,0,27,7.5,0.0,0.0,80,0.0,0.0,0.0,1.0
125744,0,1,3400,-63,63,26,17,23,0.50,31232.000000,0,27,11,0.0,0.0,0.0,0.0,0.0,0.0,1.0
125993,0,1,3400,-63,63,29,18,23,0.50,25760.000000,0,27,11,0.0,0.0,0.0,0.0,0.0,0.0,1.0
126242,0,1,3400,-63,63,33,16,23,0.50,20864.000000,0,27,11,0.0,0.0,0.0,0.0,0.0,0.0,1.0
126491,0,1,3400,-63,63,32,8.7,23,0.50,43456.000000,0,27,9.7,0.0,11616.000000,0,0.0,0.0,0.0,1.0
126740,0,1,3400,-63,63,30,10,23,0.51,39520.000000,0,27,0.0,0.0,0.0,0.0,0.0,0.0,0.0,1.0
126989,0,1,3400,-63,63,30,19,23,0.67,41952.000000,0,27,0.0080,0.0,0.0,0.0,0.0,0.0,0.0,1.0
127238,0,1,3400,-63,63,24,13,23,0.51,53472.000000,0,27,0.0,0.0,0.0,0.0,0.0,0.0,0.0,1.0
127487,0,1,3400,-63,63,22,14,23,0.55,32672.000000,0,27,0.0,186,0.0,0.0,0.0,0.0,0.0,1.0
127736,0,1,3400,-63,63,28,18,23,0.50,52000.000000,0,27,11,0.0,97760.000000,12,0.0,0.0,0.0,1.0
127985,0,1,3400,-63,63,32,13,23,0.50,59392.000000,0,27,12,0.0,0.0,0.0,0.0,0.0,0.0,1.0
128234,0,1,3400,-63,63,28,15,23,0.66,46976.000000,0,27,12,0.0,0.0,0.0,0.0,0.0,0.0,1.0
128483,0,1,3400,-63,63,23,12,23,0.50,52224.000000,0,27,12,0.0,33664.000000,39,0.0,0.0,0.0,1.0
128732,0,1,3400,-63,63,27,17,23,0.50,26272.000000,0,27,14,0.0,15520.000000,94,0.0,0.0,0.0,1.0
128981,0,1,3400,-63,63,27,16,23,0.50,31171.314453,0,27,14,0.0,0.0,0.0,0.0,0.0,0.0,1.0
129230,0,1,3400,-63,63,24,13,23,0.50,32672.000000,0,27,14,0.0,0.0,0.0,0.0,0.0,0.0,1.0
129479,0,1,3400,-63,63,23,9.6,23,0.50,31264.000000,0,27,14,186,0.0,0.0,0.0,0.0,0.0,1.0
129728,0,1,3400,-63,63,25,19,23,0.50,47293.171875,0,27,2.5,0.0,29301.205078,0,0.0,0.0,0.0,1.0
129977,0,1,3400,-63,63,24,17,23,0.59,63488.000000,0,27,2.0,0.0,0.0,0.0,0.0,0.0,0.0,1.0
130226,0,1,3400,-63,63,21,15,23,0.50,54240.000000,0,27,2.0,0.0,0.0,0.0,0.0,0.0,0.0,1.0
130475,0,1,3400,-63,63,25,16,23,0.83,37376.000000,8,27,2.0,186,0.0,0.0,0.0,0.0,0.0,1.0
130724,0,1,3400,-63,63,27,19,23,1.1,42848.000000,12,27,4.0,0.0,41344.000000,0,0.0,0.0,0.0,1.0
130973,0,1,3400,-63,63,24,17,23,0.50,53568.000000,0,27,4.0,0.0,0.0,0.0,0.0,0.0,0.0,1.0
131222,0,1,3400,-63,63,27,15,23,0.50,26208.000000,0,27,4.0,0.0,0.0,0.0,0.0,0.0,0.0,1.0
131471,0,1,3400,-63,63,30,16,23,0.50,44320.000000,0,27,4.6,0.0,16320.000000,20,0.0,0.0,0.0,1.0
131720,0,1,3400,-63,63,29,11,23,0.50,36480.000000,0,27,9.5,0.0,0.0,0.0,0.0,0.0,0.0,1.0
131969,0,1,3400,-63,63,23,14,23,0.50,42944.000000,0,27,9.5,0.0,0.0,0.0,0.0,0.0,0.0,1.0
132218,0,1,3400,-63,63,21,16,23,0.56,55968.000000,0,27,9.5,0.0,0.0,0.0,0.0,0.0,0.0,1.0
132467,0,1,3400,-63,63,28,11,24,0.50,26624.000000,0,27,9.4,0.0,16064.000000,0,0.0,0.0,0.0,1.0
132716,0,1,3400,-63,63,28,8.5,23,0.50,37056.000000,0,27,8.5,0.0,0.0,0.0,0.0,0.0,0.0,1.0
132965,0,1,3400,-63,63,30,19,23,0.50,30912.000000,0,27,8.5,0.0,0.0,0.0,0.0,0.0,0.0,1.0
133214,0,1,3400,-63,63,27,17,22,0.50,41856.000000,0,27,8.5,0.0,0.0,0.0,0.0,0.0,0.0,1.0
133463,0,1,3400,-63,63,28,14,22,0.67,57152.000000,0,27,8.6,0.0,85856.000000,16,0.0,0.0,0.0,1.0
133712,0,1,3400,-63,63,27,18,22,0.76,45568.000000,10,27,14,0.0,15520.000000,67,0.0,0.0,0.0,1.0
133961,0,1,3400,-63,63,26,14,23,0.50,46592.000000,0,27,14,0.0,0.0,0.0,0.0,0.0,0.0,1.0
134210,0,1,3400,-63,63,25,15,23,0.52,21568.000000,0,27,14,0.0,0.0,0.0,0.0,0.0,0.0,1.0
134459,0,1,3400,-63,63,24,16,23,0.50,15808.000000,0,27,14,186,0.0,0.0,0.0,0.0,0.0,1.0
134708,0,1,3400,-63,63,25,16,23,0.50,41376.000000,0,27,0.82,0.0,19872.000000,5,0.0,0.0,0.0,1.0
134957,0,1,3400,-63,63,27,12,23,0.50,47776.000000,0,27,0.024,0.0,0.0,0.0,0.0,0.0,0.0,1.0
135206,0,1,3400,-63,63,24,14,23,0.50,31552.000000,0,27,0.0080,0.0,0.0,0.0,0.0,0.0,0.0,1.0
135455,0,1,3400,-63,63,23,18,23,0.50,20685.259766,0,27,0.040,0.0,13131.473633,0,0.0,0.0,0.0,1.0
135704,0,1,3400,-63,63,25,9.7,22,0.50,54232.933594,0,27,0.0080,0.0,0.0,0.0,0.0,0.0,0.0,1.0
135953,0,1,3400,-63,63,27,15,23,0.60,51712.000000,0,27,0.0,0.0,0.0,0.0,0.0,0.0,0.0,1.0
136202,0,1,3400,-63,63,27,16,23,0.50,25760.000000,0,27,0.0080,0.0,0.0,0.0,0.0,0.0,0.0,1.0
136451,0,1,3400,-63,63,25,10,23,0.50,16672.000000,0,27,0.0080,0.0,0.0,0.0,0.0,0.0,0.0,1.0
136700,0,1,3400,-63,63,26,10,23,0.50,45920.000000,0,27,11,0.0,126784.000000,20,0.0,0.0,0.0,1.0
136949,0,1,3400,-63,63,26,7.2,23,0.50,43744.000000,0,27,14,0.0,0.0,0.0,0.0,0.0,0.0,1.0
137198,0,1,3400,-63,63,25,8.1,23,0.50,50592.000000,0,27,14,0.0,0.0,0.0,0.0,0.0,0.0,1.0
137447,0,1,3400,-63,63,28,13,23,0.50,70720.000000,0,27,13,0.0,70432.000000,0,0.0,0.0,0.0,1.0
137696,0,1,3400,-63,63,32,18,23,0.50,26144.000000,0,27,9.0,0.0,0.0,0.0,0.0,0.0,0.0,1.0
137945,0,1,3400,-63,63,26,14,23,0.50,48832.000000,0,27,9.0,0.0,0.0,0.0,0.0,0.0,0.0,1.0
138194,0,1,3400,-63,63,26,14,23,0.50,58176.000000,0,27,9.0,0.0,0.0,0.0,0.0,0.0,0.0,1.0
138443,0,1,3400,-63,63,25,11,23,0.50,39232.000000,0,27,9.3,0.0,113408.000000,18,0.0,0.0,0.0,1.0
138692,0,1,3400,-63,63,23,17,23,0.64,51776.000000,0,27,15,0.0,10912.000000,83,0.0,0.0,0.0,1.0
138941,0,1,3400,-63,63,26,14,23,0.53,49952.000000,0,27,15,0.0,0.0,0.0,0.0,0.0,0.0,1.0
139190,0,1,3400,-63,63,26,18,23,0.50,15776.000000,0,27,15,0.0,0.0,0.0,0.0,0.0,0.0,1.0
139439,0,1,3400,-63,63,22,13,23,0.50,51936.000000,0,27,15,186,0.0,0.0,0.0,0.0,0.0,1.0
139688,0,1,3400,-63,63,21,15,23,0.50,28896.000000,0,27,7.3,0.0,40672.000000,0,0.0,0.0,0.0,1.0
139937,0,1,3400,-63,63,23,15,23,0.58,53440.000000,0,27,7.0,0.0,0.0,0.0,0.0,0.0,0.0,1.0
140186,0,1,3400,-63,63,24,15,23,0.52,28928.000000,0,27,7.0,0.0,0.0,0.0,0.0,0.0,0.0,1.0
140435,0,1,3400,-63,63,26,16,23,0.52,28352.000000,0,27,7.0,0.0,13632.000000,0,0.0,0.0,0.0,1.0
140684,0,1,3400,-63,63,32,10,23,0.50,49984.000000,0,27,7.1,0.0,0.0,0.0,0.0,0.0,0.0,1.0
140933,0,1,3400,-63,63,29,13,23,0.50,32736.000000,0,27,7.0,0.0,0.0,0.0,0.0,0.0,0.0,1.0
141182,0,1,3400,-63,63,28,8.6,23,0.50,66784.000000,0,27,7.1,0.0,0.0,0.0,0.0,0.0,0.0,1.0
141431,0,1,3400,-63,63,27,20,23,0.50,30912.000000,0,27,7.8,0.0,23488.000000,0,0.0,0.0,0.0,1.0
141680,0,1,3400,-63,63,25,18,23,0.50,15456.000000,0,27,13,0.0,0.0,0.0,0.0,0.0,0.0,1.0
141929,0,1,3400,-63,63,24,16,23,0.53,51888.445312,0,27,14,0.0,0.0,0.0,0.0,0.0,0.0,1.0
142178,0,1,3400,-63,63,28,8.0,23,0.50,22272.000000,0,27,14,0.0,0.0,0.0,0.0,0.0,0.0,1.0
142427,0,1,3400,-63,63,25,9.7,23,0.50,27360.000000,0,27,14,0.0,0.0,0.0,0.0,0.0,0.0,1.0
142676,0,1,3400,-63,63,27,16,23,0.50,15518.072266,0,27,3.4,0.0,10955.823242,0,0.0,0.0,0.0,1.0
142925,0,1,3400,-63,63,26,11,23,0.51,64608.000000,0,27,1.0,0.0,0.0,0.0,0.0,0.0,0.0,1.0
143174,0,1,3400,-63,63,25,18,23,0.50,30912.000000,0,27,1.0,0.0,0.0,0.0,0.0,0.0,0.0,1.0
143423,0,1,3400,-63,63,26,12,23,0.53,26400.000000,0,27,1.9,0.0,40320.000000,0,0.0,0.0,0.0,1.0
143672,0,1,3400,-63,63,23,10,23,0.53,39616.000000,0,27,4.1,0.0,0.0,0.0,0.0,0.0,0.0,1.0
143921,0,1,3400,-63,63,28,14,22,0.60,40000.000000,0,27,4.1,0.0,0.0,0.0,0.0,0.0,0.0,1.0
144170,0,1,3400,-63,63,26,13,23,0.50,47904.000000,0,27,4.0,0.0,0.0,0.0,0.0,0.0,0.0,1.0
144419,0,1,3400,-63,63,26,18,23,0.50,36224.000000,0,27,4.1,186,0.0,0.0,0.0,0.0,0.0,1.0
144668,0,1,3400,-63,63,27,14,23,0.63,31584.000000,0,27,13,0.0,102144.000000,24,0.0,0.0,0.0,1.0
144917,0,1,3400,-63,63,24,16,23,0.50,57888.000000,0,27,14,0.0,0.0,0.0,0.0,0.0,0.0,1.0
145166,0,1,3400,-63,63,22,15,23,0.50,41600.000000,0,27,14,0.0,0.0,0.0,0.0,0.0,0.0,1.0
145415,0,1,3400,-63,63,25,18,23,0.60,25920.000000,0,27,13,0.0,32608.000000,47,0.0,0.0,0.0,1.0
145664,0,1,3400,-63,63,26,18,23,0.54,46368.000000,0,27,14,0.0,46560.000000,70,0.0,0.0,0.0,1.0
145913,0,1,3400,-63,63,28,16,23,0.50,37344.000000,0,27,14,0.0,0.0,0.0,0.0,0.0,0.0,1.0
146162,0,1,3400,-63,63,30,16,23,0.50,46400.000000,0,27,14,0.0,0.0,0.0,0.0,0.0,0.0,1.0
146411,0,1,3400,-63,63,27,8.5,23,0.50,21152.000000,0,27,14,0.0,0.0,0.0,0.0,0.0,0.0,1.0
146660,0,1,3400,-63,63,27,13,23,0.53,67936.000000,0,27,7.6,0.0,41344.000000,0,0.0,0.0,0.0,1.0
146909,0,1,3400,-63,63,24,8.0,23,0.54,46784.000000,0,27,4.0,0.0,0.0,0.0,0.0,0.0,0.0,1.0
147158,0,1,3400,-63,63,28,9.7,23,0.54,37792.000000,0,27,4.0,0.0,0.0,0.0,0.0,0.0,0.0,1.0
147407,0,1,3400,-63,63,26,15,23,0.50,20608.000000,0,27,3.7,0.0,20384.000000,0,0.0,0.0,0.0,1.0
147656,0,1,3400,-63,63,30,19,23,0.58,41600.000000,0,27,0.17,0.0,0.0,0.0,0.0,0.0,0.0,1.0
147905,0,1,3400,-63,63,31,14,23,0.50,59776.000000,0,27,0.056,0.0,0.0,0.0,0.0,0.0,0.0,1.0
148154,0,1,3400,-63,63,25,15,23,0.50,47488.000000,0,27,0.17,0.0,0.0,0.0,0.0,0.0,0.0,1.0
148403,0,1,3400,-63,63,26,18,23,0.50,20608.000000,0,27,0.056,186,0.0,0.0,0.0,0.0,0.0,1.0
148652,0,1,3400,-63,63,27,18,23,0.50,35920.320312,0,27,4.0,0.0,41179.281250,0,0.0,0.0,0.0,1.0
148901,0,1,3400,-63,63,22,18,23,0.50,25863.453125,0,27,4.0,0.0,0.0,0.0,0.0,0.0,0.0,1.0
149150,0,1,3400,-63,63,21,16,23,0.50,37152.000000,0,27,4.0,0.0,0.0,0.0,0.0,0.0,0.0,1.0
149399,0,1,3400,-63,63,25,10,23,0.50,40288.000000,0,27,4.1,186,0.0,0.0,0.0,0.0,0.0,1.0
149648,0,1,3400,-63,63,28,18,23,0.68,46688.000000,8,27,9.8,0.0,93792.000000,19,0.0,0.0,0.0,1.0
149897,0,1,3400,-63,63,27,15,23,0.79,60384.000000,0,27,11,0.0,0.0,0.0,0.0,0.0,0.0,1.0
150146,0,1,3400,-63,63,29,11,23,0.53,42816.000000,0,27,10,0.0,0.0,0.0,0.0,0.0,0.0,1.0
150395,0,1,3400,-63,63,27,12,23,0.52,42976.000000,0,27,11,186,0.0,0.0,0.0,0.0,0.0,1.0
150644,0,1,3400,-63,63,26,16,23,0.50,20768.000000,0,27,13,0.0,24000.000000,0,0.0,0.0,0.0,1.0
150893,0,1,3400,-63,63,27,17,23,0.50,47040.000000,0,27,12,0.0,0.0,0.0,0.0,0.0,0.0,1.0
151142,0,1,3400,-63,63,25,11,23,0.53,34336.000000,0,27,12,0.0,0.0,0.0,0.0,0.0,0.0,1.0
151391,0,1,3400,-63,63,24,13,22,0.53,42240.000000,0,27,12,0.0,26208.000000,43,0.0,0.0,0.0,1.0
151640,0,1,3400,-63,63,30,16,23,0.51,36416.000000,0,27,15,0.0,52192.000000,85,0.0,0.0,0.0,1.0
151889,0,1,3400,-63,63,26,17,23,0.60,53184.000000,0,27,15,0.0,0.0,0.0,0.0,0.0,0.0,1.0
152138,0,1,3400,-63,63,27,11,23,0.50,16864.000000,0,27,15,0.0,0.0,0.0,0.0,0.0,0.0,1.0
152387,0,1,3400,-63,63,22,17,23,0.62,46848.000000,0,27,14,0.0,11616.000000,0,0.0,0.0,0.0,1.0
152636,0,1,3400,-63,63,24,17,23,0.50,36384.000000,0,27,7.0,0.0,0.0,0.0,0.0,0.0,0.0,1.0
152885,0,1,3400,-63,63,27,17,23,0.50,36416.000000,0,27,7.1,0.0,0.0,0.0,0.0,0.0,0.0,1.0
153134,0,1,3400,-63,63,26,15,23,0.51,69152.000000,0,27,7.0,0.0,0.0,0.0,0.0,0.0,0.0,1.0
153383,0,1,3400,-63,63,25,9.0,23,0.50,34112.000000,0,27,7.1,186,0.0,0.0,0.0,0.0,0.0,1.0
153632,0,1,3400,-63,63,25,13,23,0.53,52416.000000,0,27,4.3,0.0,43520.000000,0,0.0,0.0,0.0,1.0
153881,0,1,3400,-63,63,26,15,23,0.64,83712.000000,0,27,4.0,0.0,0.0,0.0,0.0,0.0,0.0,1.0
154130,0,1,3400,-63,63,28,14,23,0.54,26080.000000,0,27,4.0,0.0,0.0,0.0,0.0,0.0,0.0,1.0
154379,0,1,3400,-63,63,30,17,23,0.50,26112.000000,0,27,3.7,0.0,11872.000000,0,0.0,0.0,0.0,1.0
154628,0,1,3400,-63,63,28,15,23,0.56,42688.000000,0,27,0.0,0.0,0.0,0.0,0.0,0.0,0.0,1.0
154877,0,1,3400,-63,63,30,19,23,0.66,27392.000000,0,27,0.11,0.0,0.0,0.0,0.0,0.0,0.0,1.0
155126,0,1,3400,-63,63,27,17,23,0.50,41472.000000,0,27,0.0,0.0,0.0,0.0,0.0,0.0,0.0,1.0
155375,0,1,3400,-63,63,26,12,23,0.50,26581.673828,0,27,0.50,0.0,40669.324219,0,0.0,0.0,0.0,1.0
155624,0,1,3400,-63,63,26,12,23,0.54,58763.050781,0,27,4.1,0.0,0.0,0.0,0.0,0.0,0.0,1.0
155873,0,1,3400,-63,63,24,9.7,23,0.52,66464.000000,0,27,4.0,0.0,0.0,0.0,0.0,0.0,0.0,1.0
156122,0,1,3400,-63,63,27,11,23,0.50,39424.000000,0,27,4.0,0.0,0.0,0.0,0.0,0.0,0.0,1.0
156371,0,1,3400,-63,63,27,13,24,0.50,20608.000000,0,27,3.7,0.0,20128.000000,0,0.0,0.0,0.0,1.0
156620,0,1,3400,-63,63,26,14,23,0.53,48928.000000,0,27,0.17,0.0,0.0,0.0,0.0,0.0,0.0,1.0
156869,0,1,3400,-63,63,24,14,23,0.51,39904.000000,0,27,0.056,0.0,0.0,0.0,0.0,0.0,0.0,1.0
157118,0,1,3400,-63,63,29,14,23,0.50,41888.000000,0,27,0.0,0.0,0.0,0.0,0.0,0.0,0.0,1.0
157367,0,1,3400,-63,63,29,14,23,0.50,65600.000000,0,27,0.87,0.0,10592.000000,0,0.0,0.0,0.0,1.0
157616,0,1,3400,-63,63,26,16,23,0.50,32640.000000,0,27,7.0,0.0,0.0,0.0,0.0,0.0,0.0,1.0
157865,0,1,3400,-63,63,27,6.7,23,0.65,40160.000000,2,27,7.0,0.0,0.0,0.0,0.0,0.0,0.0,1.0
158114,0,1,3400,-63,63,27,22,23,2.2,20608.000000,0,27,7.0,0.0,0.0,0.0,0.0,0.0,0.0,1.0
158363,0,1,3400,-63,63,25,18,23,0.60,62400.000000,0,27,6.2,0.0,41856.000000,0,0.0,0.0,0.0,1.0
158612,0,1,3400,-63,63,21,16,23,0.52,27744.000000,0,27,4.0,0.0,0.0,0.0,0.0,0.0,0.0,1.0
158861,0,1,3400,-63,63,25,4.3,23,0.50,56768.000000,0,27,4.0,0.0,0.0,0.0,0.0,0.0,0.0,1.0
159110,0,1,3400,-63,63,23,13,23,0.50,70432.000000,0,27,4.0,0.0,0.0,0.0,0.0,0.0,0.0,1.0
159359,0,1,3400,-63,63,25,16,23,0.50,42784.000000,0,27,3.8,0.0,22784.000000,0,0.0,0.0,0.0,1.0
159608,0,1,3400,-63,63,26,18,23,0.56,46784.000000,0,27,2.0,0.0,0.0,0.0,0.0,0.0,0.0,1.0
159857,0,1,3400,-63,63,28,7.6,23,0.50,61312.000000,0,27,2.0,0.0,0.0,0.0,0.0,0.0,0.0,1.0
160106,0,1,3400,-63,63,30,14,23,0.50,38336.000000,0,27,2.0,0.0,0.0,0.0,0.0,0.0,0.0,1.0
160355,0,1,3400,-63,63,26,15,23,0.50,41408.000000,0,27,2.0,0.0,0.0,0.0,0.0,0.0,0.0,1.0
160604,0,1,3400,-63,63,29,14,23,0.50,32192.000000,0,27,3.6,0.0,54816.000000,9,0.0,0.0,0.0,1.0
160853,0,1,3400,-63,63,27,16,23,0.66,37024.000000,0,27,4.0,0.0,0.0,0.0,0.0,0.0,0.0,1.0
161102,0,1,3400,-63,63,21,12,23,0.50,50336.000000,0,27,4.0,0.0,0.0,0.0,0.0,0.0,0.0,1.0
161351,0,1,3400,-63,63,24,15,23,0.50,36064.000000,0,27,4.0,0.0,40832.000000,0,0.0,0.0,0.0,1.0
161600,0,1,3400,-63,63,25,16,23,0.57,46661.355469,0,27,4.0,0.0,0.0,0.0,0.0,0.0,0.0,1.0
161849,0,1,3400,-63,63,24,16,23,0.50,36608.000000,0,27,4.1,0.0,0.0,0.0,0.0,0.0,0.0,1.0
162098,0,1,3400,-63,63,27,8.4,23,0.50,40096.386719,0,27,4.0,0.0,0.0,0.0,0.0,0.0,0.0,1.0
162347,0,1,3400,-63,63,27,15,23,0.57,37952.000000,0,27,4.8,0.0,102656.000000,18,0.0,0.0,0.0,1.0
162596,0,1,3400,-63,63,27,16,23,0.50,10464.000000,0,27,14,0.0,0.0,100.000000,0.0,0.0,0.0,1.0
162845,0,1,3400,-63,63,26,14,23,0.55,47936.000000,0,27,14,0.0,0.0,0.0,0.0,0.0,0.0,1.0
163094,0,1,3400,-63,63,25,13,22,0.67,50144.000000,3,27,14,0.0,0.0,0.0,0.0,0.0,0.0,1.0
163343,0,1,3400,-63,63,25,13,23,0.50,42048.000000,0,27,13,0.0,43360.000000,0,0.0,0.0,0.0,1.0
163592,0,1,3400,-63,63,25,9.5,23,0.50,15712.000000,0,27,10,0.0,0.0,0.0,0.0,0.0,0.0,1.0
163841,0,1,3400,-63,63,25,13,23,0.50,21280.000000,0,27,10,0.0,0.0,0.0,0.0,0.0,0.0,1.0
164090,0,1,3400,-63,63,31,9.4,23,0.50,33952.000000,0,27,10,0.0,0.0,0.0,0.0,0.0,0.0,1.0
164339,0,1,3400,-63,63,26,14,23,0.50,21152.000000,0,27,11,0.0,22464.000000,0,0.0,0.0,0.0,1.0
164588,0,1,3400,-63,63,28,15,23,0.50,26336.000000,0,27,12,0.0,0.0,0.0,0.0,0.0,0.0,1.0
164837,0,1,3400,-63,63,29,15,23,0.50,37248.000000,0,27,12,0.0,0.0,0.0,0.0,0.0,0.0,1.0
165086,0,1,3400,-63,63,26,17,23,0.62,47104.000000,0,27,12,0.0,0.0,0.0,0.0,0.0,0.0,1.0
165335,0,1,3400,-63,63,25,17,23,0.51,36224.000000,0,27,11,0.0,13504.000000,0,0.0,0.0,0.0,1.0
165584,0,1,3400,-63,63,23,18,23,0.50,47168.000000,0,27,1.1,0.0,0.0,0.0,0.0,0.0,0.0,1.0
165833,0,1,3400,-63,63,28,17,23,0.50,41888.000000,0,27,1.1,0.0,0.0,0.0,0.0,0.0,0.0,1.0
166082,0,1,3400,-63,63,25,18,23,0.50,25760.000000,0,27,1.0,0.0,0.0,0.0,0.0,0.0,0.0,1.0
166331,0,1,3400,-63,63,23,10,22,0.53,85888.000000,0,27,1.6,0.0,37600.000000,0,0.0,0.0,0.0,1.0
166580,0,1,3400,-63,63,22,18,23,0.67,41568.000000,0,27,4.0,0.0,0.0,0.0,0.0,0.0,0.0,1.0
166829,0,1,3400,-63,63,23,18,23,0.50,15616.000000,0,27,4.2,0.0,0.0,0.0,0.0,0.0,0.0,1.0
167078,0,1,3400,-63,63,23,9.7,23,0.50,17824.000000,0,27,4.0,0.0,0.0,0.0,0.0,0.0,0.0,1.0
167327,0,1,3400,-63,63,22,17,23,0.50,56800.000000,0,27,4.1,186,0.0,0.0,0.0,0.0,0.0,1.0
167576,0,1,3400,-63,63,26,15,23,0.50,11328.000000,0,27,5.4,0.0,10976.000000,0,0.0,0.0,0.0,1.0
167825,0,1,3400,-63,63,24,17,23,0.50,52128.000000,0,27,5.5,0.0,0.0,0.0,0.0,0.0,0.0,1.0
168074,0,1,3400,-63,63,27,14,23,0.50,39266.933594,0,27,5.6,0.0,0.0,0.0,0.0,0.0,0.0,1.0
168323,0,1,3400,-63,63,28,11,23,0.50,11148.594727,0,27,5.5,0.0,0.0,0.0,0.0,0.0,0.0,1.0
168572,0,1,3400,-63,63,24,21,23,0.75,41536.000000,0,27,10,0.0,18880.000000,0,0.0,0.0,0.0,1.0
168821,0,1,3400,-63,63,25,12,23,0.57,34848.000000,0,27,11,0.0,0.0,0.0,0.0,0.0,0.0,1.0
169070,0,1,3400,-63,63,28,11,23,0.50,45760.000000,0,27,11,0.0,0.0,0.0,0.0,0.0,0.0,1.0
169319,0,1,3400,-63,63,28,15,23,0.50,36640.000000,0,27,10,0.0,28256.000000,0,0.0,0.0,0.0,1.0
169568,0,1,3400,-63,63,23,16,23,0.50,37056.000000,0,27,2.0,0.0,0.0,0.0,0.0,0.0,0.0,1.0
169817,0,1,3400,-63,63,24,14,23,0.52,48704.000000,0,27,2.0,0.0,0.0,0.0,0.0,0.0,0.0,1.0
170066,0,1,3400,-63,63,25,17,23,0.70,57664.000000,0,27,2.0,0.0,0.0,0.0,0.0,0.0,0.0,1.0
170315,0,1,3400,-63,63,24,17,22,0.50,36928.000000,0,27,3.1,0.0,15808.000000,0,0.0,0.0,0.0,1.0
170564,0,1,3400,-63,63,29,17,23,0.50,62368.000000,0,27,11,0.0,0.0,0.0,0.0,0.0,0.0,1.0
170813,0,1,3400,-63,63,27,7.7,23,0.50,30336.000000,0,27,10,0.0,0.0,0.0,0.0,0.0,0.0,1.0
171062,0,1,3400,-63,63,24,18,23,0.59,46752.000000,0,27,10,0.0,0.0,0.0,0.0,0.0,0.0,1.0
171311,0,1,3400,-63,63,27,16,23,0.51,78560.000000,0,27,9.3,0.0,16288.000000,0,0.0,0.0,0.0,1.0
171560,0,1,3400,-63,63,25,13,23,0.50,48096.000000,0,27,0.0,0.0,0.0,0.0,0.0,0.0,0.0,1.0
171809,0,1,3400,-63,63,22,16,23,0.50,37824.000000,0,27,0.0,0.0,0.0,0.0,0.0,0.0,0.0,1.0
172058,0,1,3400,-63,63,20,13,23,0.52,47808.000000,0,27,0.11,0.0,0.0,0.0,0.0,0.0,0.0,1.0
172307,0,1,3400,-63,63,24,9.1,23,0.50,43392.000000,0,27,0.58,0.0,13184.000000,0,0.0,0.0,0.0,1.0
172556,0,1,3400,-63,63,28,15,23,0.50,31136.000000,0,27,4.1,0.0,0.0,0.0,0.0,0.0,0.0,1.0
172805,0,1,3400,-63,63,27,18,23,0.50,15616.000000,0,27,4.0,0.0,0.0,0.0,0.0,0.0,0.0,1.0
173054,0,1,3400,-63,63,23,18,23,0.55,41984.000000,0,27,4.0,0.0,0.0,0.0,0.0,0.0,0.0,1.0
173303,0,1,3400,-63,63,22,12,22,0.50,47264.000000,0,27,4.8,0.0,13632.000000,0,0.0,0.0,0.0,1.0
173552,0,1,3400,-63,63,22,17,23,0.71,10304.000000,0,27,9.5,0.0,0.0,0.0,0.0,0.0,0.0,1.0
173801,0,1,3400,-63,63,22,18,22,0.72,30912.000000,0,27,9.5,0.0,0.0,0.0,0.0,0.0,0.0,1.0
174050,0,1,3400,-63,63,24,18,23,0.50,51584.000000,0,27,9.5,0.0,0.0,0.0,0.0,0.0,0.0,1.0
174299,0,1,3400,-63,63,24,18,23,0.50,20864.000000,0,27,9.6,0.0,18624.000000,0,0.0,0.0,0.0,1.0
174548,0,1,3400,-63,63,25,16,23,0.50,21376.000000,0,27,10,0.0,0.0,0.0,0.0,0.0,0.0,1.0
174797,0,1,3400,-63,63,27,15,23,0.59,62176.000000,0,27,10,0.0,0.0,0.0,0.0,0.0,0.0,1.0
175046,0,1,3400,-63,63,26,14,23,0.50,31936.000000,0,27,10,0.0,0.0,0.0,0.0,0.0,0.0,1.0
175295,0,1,3400,-63,63,24,13,23,0.50,20608.000000,0,27,10,186,0.0,0.0,0.0,0.0,0.0,1.0
175544,0,1,3400,-63,63,26,13,23,0.58,32064.000000,7,27,3.1,0.0,23328.000000,0,0.0,0.0,0.0,1.0
175793,0,1,3400,-63,63,27,13,22,0.50,48160.000000,0,27,3.0,0.0,0.0,0.0,0.0,0.0,0.0,1.0
176042,0,1,3400,-63,63,26,17,23,0.50,36256.000000,0,27,3.1,0.0,0.0,0.0,0.0,0.0,0.0,1.0
176291,0,1,3400,-63,63,23,14,23,0.50,50656.000000,0,27,4.3,0.0,18368.000000,0,0.0,0.0,0.0,1.0
176540,0,1,3400,-63,63,26,12,23,0.54,43840.000000,0,27,12,0.0,0.0,0.0,0.0,0.0,0.0,1.0
176789,0,1,3400,-63,63,25,13,23,0.51,36672.000000,0,27,12,0.0,0.0,0.0,0.0,0.0,0.0,1.0
177038,0,1,3400,-63,63,24,18,23,0.50,36640.000000,0,27,12,0.0,0.0,0.0,0.0,0.0,0.0,1.0
177287,0,1,3400,-63,63,25,18,23,0.50,31232.000000,0,27,12,0.0,0.0,80,0.0,0.0,0.0,1.0
177536,0,1,3400,-63,63,23,18,23,0.50,40992.000000,0,27,14,0.0,0.0,0.0,0.0,0.0,0.0,1.0
177785,0,1,3400,-63,63,25,17,23,0.54,48160.000000,0,27,14,0.0,0.0,0.0,0.0,0.0,0.0,1.0
178034,0,1,3400,-63,63,23,19,23,0.50,36224.000000,0,27,14,0.0,0.0,0.0,0.0,0.0,0.0,1.0
178283,0,1,3400,-63,63,26,17,23,0.50,31424.000000,0,27,14,186,0.0,0.0,0.0,0.0,0.0,1.0
178532,0,1,3400,-63,63,25,16,23,0.50,47584.000000,0,27,10,0.0,62944.000000,28,0.0,0.0,0.0,1.0
178781,0,1,3400,-63,63,25,13,23,0.50,32544.000000,0,27,11,0.0,0.0,0.0,0.0,0.0,0.0,1.0
179030,0,1,3400,-63,63,24,13,22,0.52,41728.000000,0,27,10,0.0,0.0,0.0,0.0,0.0,0.0,1.0
179279,0,1,3400,-63,63,24,16,23,0.53,32672.000000,0,27,11,0.0,18368.000000,0,0.0,0.0,0.0,1.0
179528,0,1,3400,-63,63,19,18,23,0.50,31168.000000,0,27,12,0.0,0.0,0.0,0.0,0.0,0.0,1.0
179777,0,1,3400,-63,63,22,15,23,0.50,42400.000000,0,27,12,0.0,0.0,0.0,0.0,0.0,0.0,1.0
180026,0,1,3400,-63,63,21,18,23,0.50,31072.000000,0,27,12,0.0,0.0,0.0,0.0,0.0,0.0,1.0
180275,0,1,3400,-63,63,24,11,23,0.50,33952.000000,0,27,11,0.0,10176.000000,0,0.0,0.0,0.0,1.0
180524,0,1,3400,-63,63,26,13,23,0.50,33504.000000,0,27,2.0,0.0,0.0,0.0,0.0,0.0,0.0,1.0
180773,0,1,3400,-63,63,26,13,23,0.50,33408.000000,0,27,2.0,0.0,0.0,0.0,0.0,0.0,0.0,1.0
181022,0,1,3400,-63,63,25,17,23,0.50,73312.000000,0,27,2.0,0.0,0.0,0.0,0.0,0.0,0.0,1.0
181271,0,1,3400,-63,63,27,12,23,0.50,47328.000000,0,27,2.0,186,0.0,0.0,0.0,0.0,0.0,1.0
181520,0,1,3400,-63,63,24,8.4,23,0.50,39424.000000,0,27,14,0.0,112896.000000,0,0.0,0.0,0.0,1.0
181769,0,1,3400,-63,63,27,16,23,0.50,51936.000000,0,27,15,0.0,0.0,0.0,0.0,0.0,0.0,1.0
182018,0,1,3400,-63,63,27,17,23,0.50,36384.000000,0,27,15,0.0,0.0,0.0,0.0,0.0,0.0,1.0
182267,0,1,3400,-63,63,27,15,23,0.50,37248.000000,0,27,15,0.0,0.0,80,0.0,0.0,0.0,1.0
182516,0,1,3400,-63,63,25,12,23,0.50,38208.000000,0,27,14,0.0,0.0,0.0,0.0,0.0,0.0,1.0
182765,0,1,3400,-63,63,22,12,22,0.50,58560.000000,0,27,14,0.0,0.0,0.0,0.0,0.0,0.0,1.0
183014,0,1,3400,-63,63,22,17,23,0.50,36608.000000,0,27,14,0.0,0.0,0.0,0.0,0.0,0.0,1.0
183263,0,1,3400,-63,63,23,15,23,0.50,36928.000000,0,27,14,186,0.0,0.0,0.0,0.0,0.0,1.0
183512,0,1,3400,-63,63,26,18,23,0.51,31040.000000,12,27,8.9,0.0,82240.000000,0,0.0,0.0,0.0,1.0
183761,0,1,3400,-63,63,25,17,23,0.50,25856.000000,0,27,9.0,0.0,0.0,0.0,0.0,0.0,0.0,1.0
184010,0,1,3400,-63,63,25,0.0,23,0.50,3168.000000,0,27,9.0,0.0,0.0,0.0,0.0,0.0,0.0,1.0
184259,0,1,3400,-63,63,22,15,22,0.55,72288.000000,0,27,8.8,0.0,12576.000000,0,0.0,0.0,0.0,1.0
184508,0,1,3400,-63,63,23,13,23,0.56,56160.000000,0,27,7.5,0.0,0.0,0.0,0.0,0.0,0.0,1.0
184757,0,1,3400,-63,63,22,12,22,0.61,63552.000000,0,27,7.5,0.0,0.0,0.0,0.0,0.0,0.0,1.0
185006,0,1,3400,-63,63,26,15,22,0.53,36800.000000,0,27,7.5,0.0,0.0,0.0,0.0,0.0,0.0,1.0
185255,0,1,3400,-63,63,28,18,23,0.50,10304.000000,0,27,7.5,186,0.0,0.0,0.0,0.0,0.0,1.0
185504,0,1,3400,-63,63,23,12,22,0.50,65376.000000,0,27,13,0.0,24000.000000,0,0.0,0.0,0.0,1.0
185753,0,1,3400,-63,63,22,19,23,0.50,46336.000000,0,27,12,0.0,0.0,0.0,0.0,0.0,0.0,1.0
186002,0,1,3400,-63,63,24,15,23,0.64,44768.000000,0,27,13,0.0,0.0,0.0,0.0,0.0,0.0,1.0
186251,0,1,3400,-63,63,24,9.2,22,0.50,33536.000000,0,27,11,0.0,12768.000000,0,0.0,0.0,0.0,1.0
186500,0,1,3400,-63,63,25,12,23,0.50,26496.000000,0,27,1.0,0.0,0.0,0.0,0.0,0.0,0.0,1.0
186749,0,1,3400,-63,63,26,14,23,0.50,49760.000000,0,27,1.0,0.0,0.0,0.0,0.0,0.0,0.0,1.0
186998,0,1,3400,-63,63,27,13,23,0.50,18400.000000,0,27,1.0,0.0,0.0,0.0,0.0,0.0,0.0,1.0
187247,0,1,3400,-63,63,30,7.7,23,0.50,32544.000000,0,27,1.3,0.0,15872.000000,0,0.0,0.0,0.0,1.0
187496,0,1,3400,-63,63,28,17,23,0.50,46528.000000,0,27,1.5,0.0,0.0,0.0,0.0,0.0,0.0,1.0
187745,0,1,3400,-63,63,28,18,23,0.50,17920.000000,0,27,1.5,0.0,0.0,0.0,0.0,0.0,0.0,1.0
187994,0,1,3400,-63,63,26,10.0,23,0.50,40992.000000,0,27,1.5,0.0,0.0,0.0,0.0,0.0,0.0,1.0
188243,0,1,3400,-63,63,20,13,23,0.50,65344.000000,0,27,1.5,186,0.0,0.0,0.0,0.0,0.0,1.0
188492,0,1,3400,-63,63,24,9.7,23,0.50,5152.000000,0,27,1.8,0.0,28960.000000,9,0.0,0.0,0.0,1.0
188741,0,1,3400,-63,63,25,4.3,23,0.50,27104.000000,0,27,1.1,0.0,0.0,0.0,0.0,0.0,0.0,1.0
188990,0,1,3400,-63,63,27,8.7,23,0.54,43648.000000,0,27,1.0,0.0,0.0,0.0,0.0,0.0,0.0,1.0
189239,0,1,3400,-63,63,26,17,23,0.58,52064.000000,0,27,1.2,0.0,20896.000000,0,0.0,0.0,0.0,1.0
189488,0,1,3400,-63,63,26,13,23,0.58,71712.000000,0,27,0.056,0.0,0.0,0.0,0.0,0.0,0.0,1.0
189737,0,1,3400,-63,63,28,13,23,0.50,50912.000000,0,27,0.11,0.0,0.0,0.0,0.0,0.0,0.0,1.0
189986,0,1,3400,-63,63,26,8.6,23,0.50,46592.000000,0,27,0.11,0.0,0.0,0.0,0.0,0.0,0.0,1.0
190235,0,1,3400,-63,63,25,15,23,0.62,26432.000000,0,27,0.0,0.0,0.0,0.0,0.0,0.0,0.0,1.0
190484,0,1,3400,-63,63,24,12,23,0.53,37856.000000,0,27,12,0.0,38784.000000,66,0.0,0.0,0.0,1.0
190733,0,1,3400,-63,63,24,14,23,0.58,62112.000000,0,27,16,0.0,0.0,0.0,0.0,0.0,0.0,1.0
190982,0,1,3400,-63,63,22,19,23,0.64,10496.000000,0,27,16,0.0,0.0,0.0,0.0,0.0,0.0,1.0
191231,0,1,3400,-63,63,22,12,23,0.52,48704.000000,0,27,14,0.0,20128.000000,0,0.0,0.0,0.0,1.0
191480,0,1,3400,-63,63,19,9.1,23,0.50,58400.000000,0,27,0.056,0.0,0.0,0.0,0.0,0.0,0.0,1.0
191729,0,1,3400,-63,63,22,17,23,0.50,20768.000000,0,27,0.056,0.0,0.0,0.0,0.0,0.0,0.0,1.0
191978,0,1,3400,-63,63,24,11,22,0.50,63296.000000,0,27,0.0,0.0,0.0,0.0,0.0,0.0,0.0,1.0
192227,0,1,3400,-63,63,24,18,22,0.50,83712.000000,0,27,1.9,0.0,11616.000000,0,0.0,0.0,0.0,1.0
192476,0,1,3400,-63,63,24,17,23,0.50,14816.000000,0,27,7.0,0.0,0.0,0.0,0.0,0.0,0.0,1.0
192725,0,1,3400,-63,63,21,15,23,0.65,60768.000000,0,27,7.0,0.0,0.0,0.0,0.0,0.0,0.0,1.0
192974,0,1,3400,-63,63,25,20,23,0.75,20608.000000,0,27,7.0,0.0,0.0,0.0,0.0,0.0,0.0,1.0
193223,0,1,3400,-63,63,26,16,23,0.60,37728.000000,0,27,7.6,0.0,106880.000000,14,0.0,0.0,0.0,1.0
193472,0,1,3400,-63,63,24,12,23,0.50,25888.000000,0,27,14,0.0,48608.000000,0,0.0,0.0,0.0,1.0
193721,0,1,3400,-63,63,24,13,23,0.50,70304.000000,0,27,14,0.0,0.0,0.0,0.0,0.0,0.0,1.0
193970,0,1,3400,-63,63,27,18,23,0.50,57152.000000,0,27,14,0.0,0.0,0.0,0.0,0.0,0.0,1.0
194219,0,1,3400,-63,63,31,20,23,1.4,10304.000000,33,27,14,186,0.0,0.0,0.0,0.0,0.0,1.0
194468,0,1,3400,-63,63,25,16,22,0.61,36256.000000,0,27,4.4,0.0,40320.000000,9,0.0,0.0,0.0,1.0
194717,0,1,3400,-63,63,23,18,23,0.50,13184.000000,0,27,4.0,0.0,0.0,0.0,0.0,0.0,0.0,1.0
194966,0,1,3400,-63,63,24,15,22,0.50,28640.000000,0,27,4.0,0.0,0.0,0.0,0.0,0.0,0.0,1.0
195215,0,1,3400,-63,63,23,14,22,0.50,41696.000000,0,27,3.9,0.0,27648.000000,0,0.0,0.0,0.0,1.0
195464,0,1,3400,-63,63,24,12,22,0.50,58880.000000,0,27,2.0,0.0,0.0,0.0,0.0,0.0,0.0,1.0
195713,0,1,3400,-63,63,24,11,23,0.50,39456.000000,0,27,2.0,0.0,0.0,0.0,0.0,0.0,0.0,1.0
195962,0,1,3400,-63,63,27,13,23,0.50,10688.000000,0,27,2.0,0.0,0.0,0.0,0.0,0.0,0.0,1.0
196211,0,1,3400,-63,63,24,15,23,0.51,41440.000000,0,27,2.0,0.0,13696.000000,0,0.0,0.0,0.0,1.0
196460,0,1,3400,-63,63,19,11,23,0.50,18400.000000,0,27,1.6,0.0,0.0,0.0,0.0,0.0,0.0,1.0
196709,0,1,3400,-63,63,21,6.8,23,0.50,17600.000000,0,27,1.5,0.0,0.0,0.0,0.0,0.0,0.0,1.0
196958,0,1,3400,-63,63,24,18,23,0.50,52352.000000,0,27,1.5,0.0,0.0,0.0,0.0,0.0,0.0,1.0
197207,0,1,3400,-63,63,25,18,24,0.52,5344.000000,0,27,1.6,186,0.0,0.0,0.0,0.0,0.0,1.0
197456,0,1,3400,-63,63,26,18,22,0.59,52192.000000,0,27,9.3,0.0,13632.000000,0,0.0,0.0,0.0,1.0
197705,0,1,3400,-63,63,24,18,22,0.50,62432.000000,0,27,9.5,0.0,0.0,0.0,0.0,0.0,0.0,1.0
197954,0,1,3400,-63,63,22,18,22,0.64,20608.000000,0,27,9.5,0.0,0.0,0.0,0.0,0.0,0.0,1.0
198203,0,1,3400,-63,63,22,9.3,23,0.56,63872.000000,0,27,9.3,0.0,15488.000000,0,0.0,0.0,0.0,1.0
198452,0,1,3400,-63,63,27,13,23,0.60,36480.000000,0,27,6.1,0.0,4256.000000,0,0.0,0.0,0.0,1.0
198701,0,1,3400,-63,63,28,15,22,0.56,52192.000000,0,27,6.0,0.0,0.0,0.0,0.0,0.0,0.0,1.0
198950,0,1,3400,-63,63,26,15,22,0.61,47584.000000,0,27,6.0,0.0,0.0,0.0,0.0,0.0,0.0,1.0
199199,0,1,3400,-63,63,27,18,23,0.54,36064.000000,0,27,6.8,0.0,18368.000000,0,0.0,0.0,0.0,1.0
199448,0,1,3400,-63,63,26,17,23,0.50,63840.000000,0,27,12,0.0,0.0,0.0,0.0,0.0,0.0,1.0
199697,0,1,3400,-63,63,26,14,23,0.50,21216.000000,0,27,12,0.0,0.0,0.0,0.0,0.0,0.0,1.0
199946,0,1,3400,-63,63,27,10.0,23,0.50,28992.000000,0,27,12,0.0,0.0,0.0,0.0,0.0,0.0,1.0
200195,0,1,3400,-63,63,28,9.5,23,0.50,13120.000000,0,27,11,0.0,43520.000000,0,0.0,0.0,0.0,1.0
200444,0,1,3400,-63,63,23,7.4,23,0.50,5760.000000,0,27,4.0,0.0,0.0,0.0,0.0,0.0,0.0,1.0
200693,0,1,3400,-63,63,24,14,23,0.50,25760.000000,0,27,4.0,0.0,0.0,0.0,0.0,0.0,0.0,1.0
200942,0,1,3400,-63,63,23,11,23,0.50,38016.000000,0,27,4.0,0.0,0.0,0.0,0.0,0.0,0.0,1.0
201191,0,1,3400,-63,63,25,8.8,23,0.50,50656.000000,0,27,4.6,0.0,16064.000000,20,0.0,0.0,0.0,1.0
201440,0,1,3400,-63,63,21,14,23,0.50,50144.000000,0,27,8.5,0.0,0.0,0.0,0.0,0.0,0.0,1.0
201689,0,1,3400,-63,63,20,17,23,0.50,24288.000000,0,27,8.5,0.0,0.0,0.0,0.0,0.0,0.0,1.0
201938,0,1,3400,-63,63,21,8.6,23,0.50,67744.000000,0,27,8.5,0.0,0.0,0.0,0.0,0.0,0.0,1.0
202187,0,1,3400,-63,63,21,18,23,0.50,46720.000000,0,27,7.7,0.0,19104.000000,0,0.0,0.0,0.0,1.0
202436,0,1,3400,-63,63,23,16,23,0.50,26336.000000,0,27,2.0,0.0,0.0,0.0,0.0,0.0,0.0,1.0
202685,0,1,3400,-63,63,26,17,22,0.59,46752.000000,0,27,2.0,0.0,0.0,0.0,0.0,0.0,0.0,1.0
202934,0,1,3400,-63,63,32,17,23,0.65,31168.000000,0,27,2.0,0.0,0.0,0.0,0.0,0.0,0.0,1.0
203183,0,1,3400,-63,63,28,15,23,0.56,62912.000000,5,27,2.1,186,0.0,0.0,0.0,0.0,0.0,1.0
203432,0,1,3400,-63,63,26,13,23,0.50,28512.000000,0,27,3.9,0.0,40576.000000,0,0.0,0.0,0.0,1.0
203681,0,1,3400,-63,63,27,15,23,0.50,47584.000000,0,27,4.0,0.0,0.0,0.0,0.0,0.0,0.0,1.0
203930,0,1,3400,-63,63,27,11,23,0.64,33856.000000,0,27,4.0,0.0,0.0,0.0,0.0,0.0,0.0,1.0
204179,0,1,3400,-63,63,25,6.8,23,0.50,15136.000000,0,27,4.0,186,0.0,0.0,0.0,0.0,0.0,1.0
204428,0,1,3400,-63,63,25,16,23,0.50,37088.000000,0,27,2.3,0.0,25504.000000,0,0.0,0.0,0.0,1.0
204677,0,1,3400,-63,63,26,12,23,0.50,46016.000000,0,27,2.0,0.0,0.0,0.0,0.0,0.0,0.0,1.0
204927,0,1,3400,-63,63,22,11,23,0.50,54112.000000,0,27,2.0,0.0,0.0,0.0,0.0,0.0,0.0,1.0
205176,0,1,3400,-63,63,25,13,23,0.75,38976.000000,0,27,2.3,0.0,41856.000000,0,0.0,0.0,0.0,1.0
205425,0,1,3400,-63,63,24,16,23,0.51,43744.000000,0,27,4.0,0.0,0.0,0.0,0.0,0.0,0.0,1.0
205674,0,1,3400,-63,63,20,16,23,0.50,57824.000000,0,27,4.0,0.0,0.0,0.0,0.0,0.0,0.0,1.0
205923,0,1,3400,-63,63,22,12,23,0.50,31488.000000,0,27,4.0,0.0,0.0,0.0,0.0,0.0,0.0,1.0
206172,0,1,3400,-63,63,22,13,23,0.55,39136.000000,0,27,5.0,0.0,99680.000000,19,0.0,0.0,0.0,1.0
206421,0,1,3400,-63,63,24,11,23,0.50,21664.000000,0,27,16,0.0,29248.000000,60,0.0,0.0,0.0,1.0
206670,0,1,3400,-63,63,19,17,23,0.50,15616.000000,0,27,16,0.0,0.0,0.0,0.0,0.0,0.0,1.0
206919,0,1,3400,-63,63,20,17,23,0.53,31264.000000,0,27,16,0.0,0.0,0.0,0.0,0.0,0.0,1.0
207168,0,1,3400,-63,63,22,15,23,0.50,32352.000000,0,27,16,186,0.0,0.0,0.0,0.0,0.0,1.0
207417,0,1,3400,-63,63,23,11,23,0.50,15456.000000,0,27,11,0.0,117856.000000,22,0.0,0.0,0.0,1.0
207666,0,1,3400,-63,63,23,14,23,0.50,26592.000000,0,27,12,0.0,0.0,0.0,0.0,0.0,0.0,1.0
207915,0,1,3400,-63,63,24,19,23,0.70,72896.000000,0,27,12,0.0,15520.000000,0,0.0,0.0,0.0,1.0
208164,0,1,3400,-63,63,23,15,23,0.50,38784.000000,0,27,13,0.0,21952.000000,0,0.0,0.0,0.0,1.0
208413,0,1,3400,-63,63,22,18,23,0.50,62496.000000,0,27,13,0.0,0.0,0.0,0.0,0.0,0.0,1.0
208662,0,1,3400,-63,63,19,18,23,0.50,46368.000000,0,27,13,0.0,0.0,0.0,0.0,0.0,0.0,1.0
208911,0,1,3400,-63,63,21,14,23,0.50,21568.000000,0,27,13,0.0,0.0,0.0,0.0,0.0,0.0,1.0
209160,0,1,3400,-63,63,24,16,23,0.50,26080.000000,0,27,13,186,0.0,0.0,0.0,0.0,0.0,1.0
209409,0,1,3400,-63,63,27,9.3,23,0.50,33856.000000,0,27,7.2,0.0,65472.000000,0,0.0,0.0,0.0,1.0
209658,0,1,3400,-63,63,24,16,23,0.63,36384.000000,0,27,7.0,0.0,0.0,0.0,0.0,0.0,0.0,1.0
209907,0,1,3400,-63,63,26,9.6,23,0.50,37312.000000,0,27,7.0,0.0,0.0,0.0,0.0,0.0,0.0,1.0
210156,0,1,3400,-63,63,24,18,23,0.50,61824.000000,0,27,6.7,0.0,41344.000000,0,0.0,0.0,0.0,1.0
210405,0,1,3400,-63,63,26,12,23,0.52,39424.000000,0,27,4.1,0.0,0.0,0.0,0.0,0.0,0.0,1.0
210654,0,1,3400,-63,63,23,15,23,0.54,26368.000000,0,27,4.0,0.0,0.0,0.0,0.0,0.0,0.0,1.0
210903,0,1,3400,-63,63,22,20,23,0.50,26528.000000,0,27,4.0,0.0,0.0,0.0,0.0,0.0,0.0,1.0
211152,0,1,3400,-63,63,24,18,23,0.60,30912.000000,0,27,4.0,186,0.0,0.0,0.0,0.0,0.0,1.0
211401,0,1,3400,-63,63,27,11,23,0.50,34720.000000,0,27,10,0.0,93088.000000,26,0.0,0.0,0.0,1.0
211650,0,1,3400,-63,63,24,17,23,0.50,31264.000000,0,27,12,0.0,0.0,0.0,0.0,0.0,0.0,1.0
211899,0,1,3400,-63,63,24,13,23,0.50,46528.000000,0,27,12,0.0,0.0,0.0,0.0,0.0,0.0,1.0
212148,0,1,3400,-63,63,27,15,23,0.50,62496.000000,0,27,11,0.0,15552.000000,0,0.0,0.0,0.0,1.0
212397,0,1,3400,-63,63,22,17,23,0.50,26208.000000,0,27,2.0,0.0,0.0,0.0,0.0,0.0,0.0,1.0
212646,0,1,3400,-63,63,20,16,23,0.57,57760.000000,0,27,2.0,0.0,0.0,0.0,0.0,0.0,0.0,1.0
212895,0,1,3400,-63,63,20,13,23,0.50,60704.000000,0,27,2.1,0.0,0.0,0.0,0.0,0.0,0.0,1.0
213144,0,1,3400,-63,63,22,12,23,0.50,27328.000000,0,27,2.0,0.0,19872.000000,5,0.0,0.0,0.0,1.0
213393,0,1,3400,-63,63,21,18,23,0.50,10304.000000,0,27,0.0,0.0,0.0,0.0,0.0,0.0,0.0,1.0
213642,0,1,3400,-63,63,25,18,23,0.50,30912.000000,0,27,0.0,0.0,0.0,0.0,0.0,0.0,0.0,1.0
213891,0,1,3400,-63,63,24,16,23,0.50,57600.000000,0,27,0.056,0.0,0.0,0.0,0.0,0.0,0.0,1.0
214140,0,1,3400,-63,63,25,13,23,0.50,26016.000000,0,27,1.2,0.0,86112.000000,0,0.0,0.0,0.0,1.0
214389,0,1,3400,-63,63,23,18,23,0.50,31072.000000,0,27,14,0.0,0.0,0.0,0.0,0.0,0.0,1.0
214638,0,1,3400,-63,63,24,18,23,0.50,30912.000000,0,27,14,0.0,0.0,0.0,0.0,0.0,0.0,1.0
214887,0,1,3400,-63,63,26,15,23,0.50,26016.000000,0,27,14,0.0,0.0,0.0,0.0,0.0,0.0,1.0
215136,0,1,3400,-63,63,21,8.1,23,0.53,44128.000000,0,27,13,0.0,13632.000000,0,0.0,0.0,0.0,1.0
215385,0,1,3400,-63,63,24,17,22,0.52,46784.000000,0,27,9.5,0.0,0.0,0.0,0.0,0.0,0.0,1.0
215634,0,1,3400,-63,63,26,16,23,0.50,25760.000000,0,27,9.5,0.0,0.0,0.0,0.0,0.0,0.0,1.0
215883,0,1,3400,-63,63,22,15,23,0.50,55072.000000,0,27,9.5,0.0,0.0,0.0,0.0,0.0,0.0,1.0
216132,0,1,3400,-63,63,24,18,23,0.53,33216.000000,0,27,9.9,0.0,120704.000000,18,0.0,0.0,0.0,1.0
216381,0,1,3400,-63,63,25,15,23,0.50,40544.000000,0,27,16,0.0,36672.000000,67,0.0,0.0,0.0,1.0
216630,0,1,3400,-63,63,24,17,23,0.50,26272.000000,0,27,16,0.0,0.0,0.0,0.0,0.0,0.0,1.0
216879,0,1,3400,-63,63,26,9.9,23,0.50,71552.000000,0,27,16,0.0,0.0,0.0,0.0,0.0,0.0,1.0
217128,0,1,3400,-63,63,25,17,23,0.50,26016.000000,0,27,15,0.0,10592.000000,0,0.0,0.0,0.0,1.0
217377,0,1,3400,-63,63,26,11,23,0.50,38208.000000,0,27,7.0,0.0,0.0,0.0,0.0,0.0,0.0,1.0
217626,0,1,3400,-63,63,25,18,23,0.50,26080.000000,0,27,7.0,0.0,0.0,0.0,0.0,0.0,0.0,1.0
217875,0,1,3400,-63,63,22,16,23,0.50,48928.000000,0,27,7.0,0.0,0.0,0.0,0.0,0.0,0.0,1.0
218124,0,1,3400,-63,63,21,15,22,0.52,52448.000000,0,27,6.3,0.0,20384.000000,0,0.0,0.0,0.0,1.0
218373,0,1,3400,-63,63,21,14,23,0.50,36192.000000,0,27,0.056,0.0,0.0,0.0,0.0,0.0,0.0,1.0
218622,0,1,3400,-63,63,23,15,23,0.50,34144.000000,0,27,0.0,0.0,0.0,0.0,0.0,0.0,0.0,1.0
218871,0,1,3400,-63,63,24,14,23,0.50,61728.000000,0,27,0.0,0.0,0.0,0.0,0.0,0.0,0.0,1.0
219120,0,1,3400,-63,63,21,16,23,0.50,26976.000000,0,27,0.056,0.0,0.0,0.0,0.0,0.0,0.0,1.0
219369,0,1,3400,-63,63,22,5.9,23,0.50,45728.000000,0,27,4.9,0.0,15808.000000,0,0.0,0.0,0.0,1.0
219618,0,1,3400,-63,63,21,16,23,0.50,67648.000000,0,27,6.0,0.0,0.0,0.0,0.0,0.0,0.0,1.0
219867,0,1,3400,-63,63,18,18,23,0.50,31296.000000,0,27,6.0,0.0,0.0,0.0,0.0,0.0,0.0,1.0
220116,0,1,3400,-63,63,22,17,23,0.50,62208.000000,0,27,6.6,0.0,24000.000000,0,0.0,0.0,0.0,1.0
220365,0,1,3400,-63,63,22,12,23,0.58,24672.000000,0,27,11,0.0,0.0,0.0,0.0,0.0,0.0,1.0
220614,0,1,3400,-63,63,25,17,23,0.50,46848.000000,0,27,11,0.0,0.0,0.0,0.0,0.0,0.0,1.0
220863,0,1,3400,-63,63,29,14,23,0.50,61312.000000,0,27,11,0.0,0.0,0.0,0.0,0.0,0.0,1.0
221112,0,1,3400,-63,63,27,12,23,0.50,31936.000000,0,27,10,0.0,40832.000000,0,0.0,0.0,0.0,1.0
221361,0,1,3400,-63,63,23,14,23,0.50,18400.000000,0,27,4.0,0.0,0.0,0.0,0.0,0.0,0.0,1.0
221610,0,1,3400,-63,63,23,12,23,0.54,42432.000000,0,27,4.1,0.0,0.0,0.0,0.0,0.0,0.0,1.0
221859,0,1,3400,-63,63,25,15,23,0.50,35040.000000,0,27,4.1,0.0,0.0,0.0,0.0,0.0,0.0,1.0
222108,0,1,3400,-63,63,23,14,23,0.57,55936.000000,0,27,3.7,0.0,11744.000000,0,0.0,0.0,0.0,1.0
222357,0,1,3400,-63,63,23,13,23,0.50,53024.000000,0,27,1.6,0.0,0.0,0.0,0.0,0.0,0.0,1.0
222606,0,1,3400,-63,63,25,5.5,23,0.50,34656.000000,0,27,1.5,0.0,0.0,0.0,0.0,0.0,0.0,1.0
222855,0,1,3400,-63,63,27,14,23,0.50,43040.000000,0,27,1.6,0.0,0.0,0.0,0.0,0.0,0.0,1.0
223104,0,1,3400,-63,63,25,5.7,23,0.50,66976.000000,0,27,1.8,0.0,12704.000000,6,0.0,0.0,0.0,1.0
223353,0,1,3400,-63,63,22,18,23,0.61,25920.000000,0,27,0.0,0.0,7168.000000,0,0.0,0.0,0.0,1.0
223602,0,1,3400,-63,63,22,19,23,0.50,15456.000000,0,27,0.0,0.0,0.0,0.0,0.0,0.0,0.0,1.0
223851,0,1,3400,-63,63,24,17,23,0.59,46208.000000,0,27,0.0,0.0,0.0,0.0,0.0,0.0,0.0,1.0
224100,0,1,3400,-63,63,26,7.8,23,0.50,30144.000000,0,27,2.0,0.0,10592.000000,0,0.0,0.0,0.0,1.0
224349,0,1,3400,-63,63,23,15,23,0.50,15616.000000,0,27,7.0,0.0,0.0,0.0,0.0,0.0,0.0,1.0
224598,0,1,3400,-63,63,25,14,23,0.50,33056.000000,0,27,7.0,0.0,0.0,0.0,0.0,0.0,0.0,1.0
224847,0,1,3400,-63,63,25,17,23,0.50,46880.000000,0,27,7.0,0.0,0.0,0.0,0.0,0.0,0.0,1.0
225096,0,1,3400,-63,63,25,9.5,23,0.50,28832.000000,0,27,7.9,0.0,23488.000000,0,0.0,0.0,0.0,1.0
225345,0,1,3400,-63,63,20,11,22,0.50,39296.000000,0,27,14,0.0,0.0,0.0,0.0,0.0,0.0,1.0
225594,0,1,3400,-63,63,20,14,23,0.50,45184.000000,0,27,14,0.0,0.0,0.0,0.0,0.0,0.0,1.0
225843,0,1,3400,-63,63,18,19,23,0.50,15456.000000,0,27,14,0.0,0.0,0.0,0.0,0.0,0.0,1.0
226092,0,1,3400,-63,63,19,17,23,0.52,73536.000000,0,27,13,0.0,27840.000000,0,0.0,0.0,0.0,1.0
226341,0,1,3400,-63,63,24,14,23,0.50,57632.000000,0,27,6.5,0.0,9376.000000,0,0.0,0.0,0.0,1.0
226590,0,1,3400,-63,63,21,16,23,0.50,31584.000000,0,27,6.5,0.0,0.0,0.0,0.0,0.0,0.0,1.0
226839,0,1,3400,-63,63,18,18,23,0.61,25920.000000,0,27,6.5,0.0,0.0,0.0,0.0,0.0,0.0,1.0
227088,0,1,3400,-63,63,18,17,23,0.50,31264.000000,0,27,6.7,0.0,16064.000000,0,0.0,0.0,0.0,1.0
227337,0,1,3400,-63,63,16,17,23,0.50,25920.000000,0,27,8.5,0.0,0.0,0.0,0.0,0.0,0.0,1.0
227586,0,1,3400,-63,63,19,17,23,0.58,47136.000000,0,27,8.5,0.0,0.0,0.0,0.0,0.0,0.0,1.0
227835,0,1,3400,-63,63,21,9.6,23,0.50,31680.000000,0,27,8.5,0.0,0.0,0.0,0.0,0.0,0.0,1.0
228084,0,1,3400,-63,63,23,9.0,22,0.52,54624.000000,0,27,9.4,0.0,41344.000000,0,0.0,0.0,0.0,1.0
228333,0,1,3400,-63,63,24,15,23,0.56,59232.000000,0,27,12,0.0,0.0,0.0,0.0,0.0,0.0,1.0
228582,0,1,3400,-63,63,25,10,23,0.50,37984.000000,0,27,12,0.0,0.0,0.0,0.0,0.0,0.0,1.0
228831,0,1,3400,-63,63,28,13,23,0.50,37792.000000,0,27,12,0.0,0.0,0.0,0.0,0.0,0.0,1.0
229080,0,1,3400,-63,63,24,17,23,0.50,67584.000000,0,27,12,0.0,18880.000000,0,0.0,0.0,0.0,1.0
229329,0,1,3400,-63,63,24,15,22,0.51,57600.000000,0,27,11,0.0,0.0,0.0,0.0,0.0,0.0,1.0
229578,0,1,3400,-63,63,22,14,23,0.50,35808.000000,0,27,11,0.0,0.0,0.0,0.0,0.0,0.0,1.0
229827,0,1,3400,-63,63,21,14,23,0.51,71584.000000,0,27,11,0.0,0.0,0.0,0.0,0.0,0.0,1.0
230076,0,1,3400,-63,63,23,12,22,0.51,48384.000000,0,27,10,0.0,43520.000000,0,0.0,0.0,0.0,1.0
230325,0,1,3400,-63,63,27,15,23,0.50,25760.000000,0,27,4.0,0.0,0.0,0.0,0.0,0.0,0.0,1.0
230574,0,1,3400,-63,63,25,14,23,0.50,27776.000000,0,27,4.0,0.0,0.0,0.0,0.0,0.0,0.0,1.0
230823,0,1,3400,-63,63,25,10,22,0.55,52640.000000,0,27,4.0,0.0,0.0,0.0,0.0,0.0,0.0,1.0
231072,0,1,3400,-63,63,27,15,23,0.57,52576.000000,0,27,4.9,0.0,15808.000000,0,0.0,0.0,0.0,1.0
231321,0,1,3400,-63,63,26,15,23,0.50,23520.000000,0,27,10,0.0,0.0,0.0,0.0,0.0,0.0,1.0
231570,0,1,3400,-63,63,22,15,23,0.58,25920.000000,0,27,10,0.0,0.0,0.0,0.0,0.0,0.0,1.0
231819,0,1,3400,-63,63,22,8.9,23,0.50,37600.000000,0,27,11,0.0,0.0,0.0,0.0,0.0,0.0,1.0
232068,0,1,3400,-63,63,20,15,23,0.50,27680.000000,0,27,8.7,0.0,43520.000000,0,0.0,0.0,0.0,1.0
232317,0,1,3400,-63,63,18,18,23,0.50,46944.000000,0,27,4.0,0.0,0.0,0.0,0.0,0.0,0.0,1.0
232566,0,1,3400,-63,63,20,13,23,0.50,21568.000000,0,27,4.0,0.0,0.0,0.0,0.0,0.0,0.0,1.0
232815,0,1,3400,-63,63,23,8.7,24,0.50,40192.000000,0,27,4.1,0.0,0.0,0.0,0.0,0.0,0.0,1.0
233064,0,1,3400,-63,63,22,8.9,23,0.50,20800.000000,0,27,3.5,0.0,14752.000000,0,0.0,0.0,0.0,1.0
233313,0,1,3400,-63,63,20,6.1,23,0.50,24480.000000,0,27,0.060,0.0,0.0,0.0,0.0,0.0,0.0,1.0
233562,0,1,3400,-63,63,23,11,23,0.50,44864.000000,0,27,0.0,0.0,0.0,0.0,0.0,0.0,0.0,1.0
233811,0,1,3400,-63,63,24,14,23,0.50,33024.000000,0,27,0.0,0.0,0.0,0.0,0.0,0.0,0.0,1.0
234060,0,1,3400,-63,63,22,18,23,0.50,25920.000000,0,27,0.060,186,0.0,0.0,0.0,0.0,0.0,1.0
234309,0,1,3400,-63,63,23,16,23,0.50,31648.000000,0,27,0.16,0.0,20128.000000,0,0.0,0.0,0.0,1.0
234558,0,1,3400,-63,63,21,16,23,0.58,41824.000000,0,27,0.060,0.0,0.0,0.0,0.0,0.0,0.0,1.0
234807,0,1,3400,-63,63,24,19,23,0.61,31232.000000,0,27,0.060,0.0,0.0,0.0,0.0,0.0,0.0,1.0
235056,0,1,3400,-63,63,21,12,23,0.56,27168.000000,0,27,0.0,0.0,0.0,0.0,0.0,0.0,0.0,1.0
235305,0,1,3400,-63,63,23,9.7,23,0.50,60992.000000,0,27,6.2,0.0,91488.000000,0,0.0,0.0,0.0,1.0
235554,0,1,3400,-63,63,24,15,23,0.50,31264.000000,0,27,8.1,0.0,0.0,0.0,0.0,0.0,0.0,1.0
235803,0,1,3400,-63,63,23,14,23,0.50,38208.000000,0,27,8.0,0.0,0.0,0.0,0.0,0.0,0.0,1.0
236052,0,1,3400,-63,63,23,15,23,0.51,26688.000000,0,27,9.2,0.0,22208.000000,0,0.0,0.0,0.0,1.0
236301,0,1,3400,-63,63,22,13,23,0.50,32256.000000,0,27,11,0.0,0.0,0.0,0.0,0.0,0.0,1.0
236550,0,1,3400,-63,63,20,15,23,0.50,42720.000000,0,27,11,0.0,0.0,0.0,0.0,0.0,0.0,1.0
236799,0,1,3400,-63,63,26,12,23,0.50,16576.000000,0,27,11,0.0,0.0,0.0,0.0,0.0,0.0,1.0
237048,0,1,3400,-63,63,25,13,23,0.50,36288.000000,0,27,11,0.0,87328.000000,5,0.0,0.0,0.0,1.0
237297,0,1,3400,-63,63,24,9.5,23,0.50,43200.000000,0,27,12,0.0,0.0,100.000000,0.0,0.0,0.0,1.0
237546,0,1,3400,-63,63,26,9.9,23,0.50,50176.000000,0,27,12,0.0,0.0,0.0,0.0,0.0,0.0,1.0
237795,0,1,3400,-63,63,26,12,23,0.50,56384.000000,0,27,12,0.0,0.0,0.0,0.0,0.0,0.0,1.0
238044,0,1,3400,-63,63,23,12,22,0.50,57056.000000,0,27,11,0.0,10592.000000,0,0.0,0.0,0.0,1.0
238293,0,1,3400,-63,63,21,16,22,0.53,52928.000000,0,27,7.0,0.0,0.0,0.0,0.0,0.0,0.0,1.0
238542,0,1,3400,-63,63,19,16,23,0.52,83296.000000,0,27,7.1,0.0,0.0,0.0,0.0,0.0,0.0,1.0
238791,0,1,3400,-63,63,21,17,23,0.50,46496.000000,0,27,7.1,0.0,0.0,0.0,0.0,0.0,0.0,1.0
239040,0,1,3400,-63,63,21,18,23,0.50,5152.000000,0,27,7.0,0.0,0.0,0.0,0.0,0.0,0.0,1.0
239289,0,1,3400,-63,63,23,15,23,0.50,49184.000000,0,27,8.6,0.0,62432.000000,0,0.0,0.0,0.0,1.0
239538,0,1,3400,-63,63,22,18,23,0.50,31168.000000,0,27,9.5,0.0,0.0,0.0,0.0,0.0,0.0,1.0
239787,0,1,3400,-63,63,23,16,23,0.50,10304.000000,0,27,9.5,0.0,0.0,0.0,0.0,0.0,0.0,1.0
240036,0,1,3400,-63,63,23,18,22,0.50,46183.265625,0,27,9.6,0.0,24446.214844,43,0.0,0.0,0.0,1.0
240285,0,1,3400,-63,63,23,18,23,0.50,41568.000000,0,27,14,0.0,0.0,100.000000,0.0,0.0,0.0,1.0
240534,0,1,3400,-63,63,23,17,23,0.50,51904.000000,0,27,14,0.0,0.0,0.0,0.0,0.0,0.0,1.0
240783,0,1,3400,-63,63,22,11,23,0.50,58912.000000,0,27,14,0.0,0.0,0.0,0.0,0.0,0.0,1.0
241032,0,1,3400,-63,63,21,15,23,0.50,38912.000000,0,27,14,0.0,102656.000000,0,0.0,0.0,0.0,1.0
241281,0,1,3400,-63,63,25,13,23,0.51,60352.000000,0,27,14,0.0,0.0,0.0,0.0,0.0,0.0,1.0
241530,0,1,3400,-63,63,25,15,23,0.51,32576.000000,0,27,14,0.0,0.0,0.0,0.0,0.0,0.0,1.0
241779,0,1,3400,-63,63,23,18,23,0.53,46368.000000,0,27,14,0.0,0.0,0.0,0.0,0.0,0.0,1.0
242028,0,1,3400,-63,63,19,9.2,23,0.50,51136.000000,0,27,14,0.0,15520.000000,50,0.0,0.0,0.0,1.0
242277,0,1,3400,-63,63,21,16,23,0.50,28672.000000,0,27,13,0.0,6432.000000,0,0.0,0.0,0.0,1.0
242526,0,1,3400,-63,63,24,15,23,0.50,47584.000000,0,27,13,0.0,0.0,0.0,0.0,0.0,0.0,1.0
242775,0,1,3400,-63,63,23,9.6,23,0.54,54656.000000,0,27,13,0.0,0.0,0.0,0.0,0.0,0.0,1.0
243024,0,1,3400,-63,63,23,17,23,0.62,25760.000000,0,27,10,0.0,41856.000000,0,0.0,0.0,0.0,1.0
243273,0,1,3400,-63,63,27,17,23,0.65,36448.000000,0,27,4.0,0.0,0.0,0.0,0.0,0.0,0.0,1.0
243522,0,1,3400,-63,63,25,11,23,0.57,42528.000000,0,27,4.0,0.0,0.0,0.0,0.0,0.0,0.0,1.0
243771,0,1,3400,-63,63,25,13,23,0.51,63808.000000,0,27,4.0,0.0,0.0,0.0,0.0,0.0,0.0,1.0
244020,0,1,3400,-63,63,23,12,23,0.55,24512.000000,0,27,4.7,0.0,93440.000000,11,0.0,0.0,0.0,1.0
244269,0,1,3400,-63,63,24,19,22,1.0,50080.000000,15,27,14,0.0,11936.000000,0,0.0,0.0,0.0,1.0
244518,0,1,3400,-63,63,25,18,23,0.50,21216.000000,0,27,14,0.0,0.0,0.0,0.0,0.0,0.0,1.0
244767,0,1,3400,-63,63,27,18,23,0.50,41760.000000,0,27,14,0.0,0.0,0.0,0.0,0.0,0.0,1.0
245016,0,1,3400,-63,63,24,15,23,0.50,15968.000000,0,27,14,0.0,15808.000000,0,0.0,0.0,0.0,1.0
245265,0,1,3400,-63,63,22,12,23,0.50,52416.000000,0,27,10,0.0,0.0,0.0,0.0,0.0,0.0,1.0
245514,0,1,3400,-63,63,21,13,23,0.50,47808.000000,0,27,10,0.0,0.0,0.0,0.0,0.0,0.0,1.0
245763,0,1,3400,-63,63,20,16,23,0.50,21184.000000,0,27,10,0.0,0.0,0.0,0.0,0.0,0.0,1.0
246012,0,1,3400,-63,63,26,13,23,0.50,5312.000000,0,27,10,0.0,0.0,0.0,0.0,0.0,0.0,1.0
246261,0,1,3400,-63,63,24,18,23,0.50,25760.000000,0,27,12,0.0,24000.000000,0,0.0,0.0,0.0,1.0
246510,0,1,3400,-63,63,20,18,23,0.50,30912.000000,0,27,13,0.0,0.0,0.0,0.0,0.0,0.0,1.0
246759,0,1,3400,-63,63,23,18,23,0.54,36064.000000,0,27,12,0.0,0.0,0.0,0.0,0.0,0.0,1.0
247008,0,1,3400,-63,63,21,18,22,0.64,52192.000000,0,27,12,0.0,0.0,0.0,0.0,0.0,0.0,1.0
247257,0,1,3400,-63,63,20,15,23,0.50,26944.000000,0,27,12,0.0,97152.000000,12,0.0,0.0,0.0,1.0
247506,0,1,3400,-63,63,22,16,22,0.50,43008.000000,0,27,13,0.0,0.0,0.0,0.0,0.0,0.0,1.0
247755,0,1,3400,-63,63,21,18,23,0.61,47584.000000,6,27,13,0.0,0.0,0.0,0.0,0.0,0.0,1.0
248004,0,1,3400,-63,63,23,15,23,0.79,52352.000000,2,27,10,0.0,40320.000000,0,0.0,0.0,0.0,1.0
248253,0,1,3400,-63,63,22,14,23,0.50,27712.000000,0,27,4.0,0.0,0.0,0.0,0.0,0.0,0.0,1.0
248502,0,1,3400,-63,63,23,15,23,0.54,63040.000000,0,27,4.0,0.0,0.0,0.0,0.0,0.0,0.0,1.0
248751,0,1,3400,-63,63,21,17,23,0.50,42048.000000,0,27,4.0,0.0,0.0,0.0,0.0,0.0,0.0,1.0
249000,0,1,3400,-63,63,22,13,23,0.50,46976.000000,0,27,5.0,0.0,64032.000000,25,0.0,0.0,0.0,1.0
249249,0,1,3400,-63,63,27,9.6,23,0.50,33312.000000,0,27,16,0.0,0.0,100.000000,0.0,0.0,0.0,1.0
249498,0,1,3400,-63,63,25,8.7,23,0.50,40640.000000,0,27,16,0.0,0.0,0.0,0.0,0.0,0.0,1.0
249747,0,1,3400,-63,63,24,14,23,0.50,25920.000000,0,27,16,0.0,0.0,0.0,0.0,0.0,0.0,1.0
249996,0,1,3400,-63,63,24,13,23,0.50,44288.000000,0,27,14,0.0,13024.000000,0,0.0,0.0,0.0,1.0
250245,0,1,3400,-63,63,20,15,23,0.50,26208.000000,0,27,0.0,0.0,0.0,0.0,0.0,0.0,0.0,1.0
250494,0,1,3400,-63,63,19,11,22,0.51,72224.000000,0,27,0.0,0.0,0.0,0.0,0.0,0.0,0.0,1.0
250743,0,1,3400,-63,63,18,16,23,0.50,49472.000000,0,27,0.0,0.0,0.0,0.0,0.0,0.0,0.0,1.0
250992,0,1,3400,-63,63,18,18,23,0.51,36160.000000,0,27,0.016,0.0,0.0,0.0,0.0,0.0,0.0,1.0
251241,0,1,3400,-63,63,21,16,22,0.50,42016.000000,0,27,2.0,0.0,24832.000000,10,0.0,0.0,0.0,1.0
251490,0,1,3400,-63,63,22,15,22,0.50,31840.000000,0,27,2.0,0.0,0.0,0.0,0.0,0.0,0.0,1.0
251739,0,1,3400,-63,63,25,18,23,0.50,56832.000000,0,27,2.0,0.0,0.0,0.0,0.0,0.0,0.0,1.0
251988,0,1,3400,-63,63,22,18,23,0.56,56928.000000,0,27,2.4,0.0,16064.000000,0,0.0,0.0,0.0,1.0
252237,0,1,3400,-63,63,20,6.4,23,0.50,21536.000000,0,27,5.0,0.0,0.0,0.0,0.0,0.0,0.0,1.0
252486,0,1,3400,-63,63,17,15,23,0.54,51808.000000,0,27,5.0,0.0,0.0,0.0,0.0,0.0,0.0,1.0
252735,0,1,3400,-63,63,17,16,23,0.50,30912.000000,0,27,5.0,0.0,0.0,0.0,0.0,0.0,0.0,1.0
252984,0,1,3400,-63,63,17,18,23,0.50,20608.000000,0,27,5.0,186,0.0,0.0,0.0,0.0,0.0,1.0
253233,0,1,3400,-63,63,24,16,23,0.50,26368.000000,0,27,12,0.0,18368.000000,0,0.0,0.0,0.0,1.0
253482,0,1,3400,-63,63,22,15,23,0.50,41856.000000,0,27,12,0.0,0.0,0.0,0.0,0.0,0.0,1.0
253731,0,1,3400,-63,63,22,15,22,0.50,22464.000000,0,27,12,0.0,0.0,0.0,0.0,0.0,0.0,1.0
253980,0,1,3400,-63,63,24,2.7,23,0.50,17408.000000,0,27,11,0.0,30848.000000,0,0.0,0.0,0.0,1.0
254229,0,1,3400,-63,63,27,15,23,0.50,46528.000000,0,27,2.0,0.0,0.0,0.0,0.0,0.0,0.0,1.0
254478,0,1,3400,-63,63,26,7.9,23,0.50,11616.000000,0,27,2.0,0.0,0.0,0.0,0.0,0.0,0.0,1.0
254727,0,1,3400,-63,63,20,17,23,0.50,36064.000000,0,27,2.0,0.0,0.0,0.0,0.0,0.0,0.0,1.0
254976,0,1,3400,-63,63,17,15,23,0.50,54432.000000,0,27,2.2,0.0,49472.000000,0,0.0,0.0,0.0,1.0
255225,0,1,3400,-63,63,22,15,23,0.50,34400.000000,0,27,4.5,0.0,0.0,0.0,0.0,0.0,0.0,1.0
255474,0,1,3400,-63,63,24,11,23,0.50,78656.000000,0,27,4.6,0.0,0.0,0.0,0.0,0.0,0.0,1.0
255723,0,1,3400,-63,63,22,12,23,0.50,60256.000000,0,27,4.5,0.0,0.0,0.0,0.0,0.0,0.0,1.0
255972,0,1,3400,-63,63,23,18,23,0.50,33120.000000,0,27,4.5,0.0,43520.000000,0,0.0,0.0,0.0,1.0
256221,0,1,3400,-63,63,20,12,23,0.50,29056.000000,0,27,4.0,0.0,0.0,0.0,0.0,0.0,0.0,1.0
256470,0,1,3400,-63,63,21,3.7,23,0.50,44896.000000,0,27,4.0,0.0,0.0,0.0,0.0,0.0,0.0,1.0
256719,0,1,3400,-63,63,20,13,23,0.51,63584.000000,0,27,4.0,0.0,0.0,0.0,0.0,0.0,0.0,1.0
256968,0,1,3400,-63,63,21,14,23,0.58,66848.000000,0,27,3.6,0.0,19168.000000,0,0.0,0.0,0.0,1.0
257217,0,1,3400,-63,63,24,21,23,0.50,26464.000000,0,27,1.0,0.0,0.0,0.0,0.0,0.0,0.0,1.0
257466,0,1,3400,-63,63,24,16,23,0.50,34272.000000,0,27,1.0,0.0,0.0,0.0,0.0,0.0,0.0,1.0
257715,0,1,3400,-63,63,22,16,23,0.50,36928.000000,0,27,1.0,0.0,0.0,0.0,0.0,0.0,0.0,1.0
257964,0,1,3400,-63,63,28,15,23,0.50,38944.000000,0,27,0.94,0.0,17120.000000,0,0.0,0.0,0.0,1.0
258213,0,1,3400,-63,63,26,14,23,0.50,43648.000000,0,27,1.0,0.0,0.0,0.0,0.0,0.0,0.0,1.0
258462,0,1,3400,-63,63,19,8.5,23,0.50,44128.000000,0,27,1.0,0.0,0.0,0.0,0.0,0.0,0.0,1.0
258711,0,1,3400,-63,63,21,11,23,0.50,47328.000000,0,27,1.0,0.0,0.0,0.0,0.0,0.0,0.0,1.0
258960,0,1,3400,-63,63,25,15,23,0.50,40992.000000,0,27,1.2,0.0,15872.000000,0,0.0,0.0,0.0,1.0
259209,0,1,3400,-63,63,23,15,23,0.54,31424.000000,0,27,1.5,0.0,0.0,0.0,0.0,0.0,0.0,1.0
259458,0,1,3400,-63,63,24,14,24,0.50,26016.000000,0,27,1.5,0.0,0.0,0.0,0.0,0.0,0.0,1.0
259707,0,1,3400,-63,63,25,15,23,0.50,36672.000000,0,27,1.5,0.0,0.0,0.0,0.0,0.0,0.0,1.0
259956,0,1,3400,-63,63,22,19,23,0.51,67584.000000,0,27,1.5,186,0.0,0.0,0.0,0.0,0.0,1.0
260205,0,1,3400,-63,63,19,18,23,0.50,20608.000000,0,27,4.0,0.0,41344.000000,0,0.0,0.0,0.0,1.0
260454,0,1,3400,-63,63,21,16,23,0.50,32448.000000,0,27,4.0,0.0,0.0,0.0,0.0,0.0,0.0,1.0
260703,0,1,3400,-63,63,23,17,23,0.52,52256.000000,0,27,4.0,0.0,0.0,0.0,0.0,0.0,0.0,1.0
260952,0,1,3400,-63,63,24,17,23,0.56,15456.000000,0,27,4.0,186,0.0,0.0,0.0,0.0,0.0,1.0
261201,0,1,3400,-63,63,29,8.0,23,0.50,26336.000000,0,27,2.2,0.0,24832.000000,0,0.0,0.0,0.0,1.0
261450,0,1,3400,-63,63,25,6.0,23,0.50,41344.000000,0,27,2.0,0.0,0.0,0.0,0.0,0.0,0.0,1.0
261699,0,1,3400,-63,63,24,16,22,0.50,31424.000000,0,27,2.0,0.0,0.0,0.0,0.0,0.0,0.0,1.0
261948,0,1,3400,-63,63,27,14,23,0.50,31648.000000,0,27,1.9,0.0,20128.000000,0,0.0,0.0,0.0,1.0
262197,0,1,3400,-63,63,24,16,22,0.64,67680.000000,6,27,0.0080,0.0,0.0,0.0,0.0,0.0,0.0,1.0
262446,0,1,3400,-63,63,20,17,23,0.54,50880.000000,0,27,0.0080,0.0,0.0,0.0,0.0,0.0,0.0,1.0
262695,0,1,3400,-63,63,21,14,23,0.55,48672.000000,0,27,0.0,0.0,0.0,0.0,0.0,0.0,0.0,1.0
262944,0,1,3400,-63,63,22,16,23,0.50,36480.000000,0,27,0.0,186,0.0,0.0,0.0,0.0,0.0,1.0
263193,0,1,3400,-63,63,24,16,23,0.50,41632.000000,0,27,3.9,0.0,41856.000000,0,0.0,0.0,0.0,1.0
263442,0,1,3400,-63,63,23,8.7,23,0.50,42976.000000,0,27,4.0,0.0,0.0,0.0,0.0,0.0,0.0,1.0
263691,0,1,3400,-63,63,23,18,22,0.50,36704.000000,0,27,4.0,0.0,0.0,0.0,0.0,0.0,0.0,1.0
263940,0,1,3400,-63,63,24,14,23,0.50,50624.000000,0,27,4.8,0.0,60448.000000,9,0.0,0.0,0.0,1.0
264189,0,1,3400,-63,63,26,17,23,0.50,36736.000000,0,27,8.0,0.0,0.0,0.0,0.0,0.0,0.0,1.0
264438,0,1,3400,-63,63,22,18,22,0.50,51520.000000,0,27,8.0,0.0,0.0,0.0,0.0,0.0,0.0,1.0
264687,0,1,3400,-63,63,21,18,23,0.50,15456.000000,0,27,8.0,0.0,0.0,0.0,0.0,0.0,0.0,1.0
264936,0,1,3400,-63,63,20,16,23,0.74,32736.000000,8,27,8.0,0.0,0.0,0.0,0.0,0.0,0.0,1.0
265185,0,1,3400,-63,63,23,14,22,0.56,57088.000000,0,27,7.1,0.0,85600.000000,0,0.0,0.0,0.0,1.0
265434,0,1,3400,-63,63,23,16,23,0.50,22080.000000,0,27,7.0,0.0,0.0,0.0,0.0,0.0,0.0,1.0
265683,0,1,3400,-63,63,20,17,23,0.50,49920.000000,0,27,7.0,0.0,0.0,0.0,0.0,0.0,0.0,1.0
265932,0,1,3400,-63,63,24,18,23,0.50,30912.000000,0,27,7.6,0.0,18368.000000,0,0.0,0.0,0.0,1.0
266181,0,1,3400,-63,63,20,13,23,0.50,36800.000000,0,27,12,0.0,0.0,0.0,0.0,0.0,0.0,1.0
266430,0,1,3400,-63,63,14,10,23,0.52,37248.000000,0,27,12,0.0,0.0,0.0,0.0,0.0,0.0,1.0
266679,0,1,3400,-63,63,15,10,23,0.50,51392.000000,0,27,12,0.0,0.0,0.0,0.0,0.0,0.0,1.0
266928,0,1,3400,-63,63,21,15,23,0.50,59168.000000,0,27,12,0.0,0.0,80,0.0,0.0,0.0,1.0
267177,0,1,3400,-63,63,26,18,23,0.51,31168.000000,0,27,14,0.0,0.0,0.0,0.0,0.0,0.0,1.0
267426,0,1,3400,-63,63,24,17,22,0.65,57376.000000,0,27,14,0.0,0.0,0.0,0.0,0.0,0.0,1.0
267675,0,1,3400,-63,63,19,17,23,0.50,46624.000000,0,27,13,0.0,0.0,0.0,0.0,0.0,0.0,1.0
267924,0,1,3400,-63,63,20,18,23,0.50,15616.000000,0,27,12,0.0,16032.000000,0,0.0,0.0,0.0,1.0
268173,0,1,3400,-63,63,21,9.2,23,0.50,31200.000000,0,27,0.056,0.0,0.0,0.0,0.0,0.0,0.0,1.0
268422,0,1,3400,-63,63,18,12,23,0.50,21920.000000,0,27,0.056,0.0,0.0,0.0,0.0,0.0,0.0,1.0
268671,0,1,3400,-63,63,19,18,23,0.58,54176.000000,0,27,0.056,0.0,0.0,0.0,0.0,0.0,0.0,1.0
268920,0,1,3400,-63,63,20,17,23,0.50,19616.000000,0,27,0.20,0.0,13408.000000,0,0.0,0.0,0.0,1.0
269169,0,1,3400,-63,63,23,12,23,0.50,31328.000000,0,27,2.0,0.0,0.0,0.0,0.0,0.0,0.0,1.0
269418,0,1,3400,-63,63,24,11,23,0.50,25984.000000,0,27,2.0,0.0,0.0,0.0,0.0,0.0,0.0,1.0
269667,0,1,3400,-63,63,23,12,23,0.50,26368.000000,0,27,2.1,0.0,0.0,0.0,0.0,0.0,0.0,1.0
269916,0,1,3400,-63,63,20,13,23,0.50,31424.000000,0,27,3.5,0.0,21952.000000,0,0.0,0.0,0.0,1.0
270165,0,1,3400,-63,63,22,12,23,0.50,50976.000000,0,27,13,0.0,0.0,0.0,0.0,0.0,0.0,1.0
270414,0,1,3400,-63,63,21,18,23,0.55,26176.000000,0,27,13,0.0,0.0,0.0,0.0,0.0,0.0,1.0
270663,0,1,3400,-63,63,19,18,23,0.64,26016.000000,0,27,13,0.0,0.0,0.0,0.0,0.0,0.0,1.0
270912,0,1,3400,-63,63,24,14,23,0.50,31744.000000,0,27,12,0.0,43520.000000,0,0.0,0.0,0.0,1.0
271161,0,1,3400,-63,63,24,18,23,0.50,25920.000000,0,27,4.0,0.0,0.0,0.0,0.0,0.0,0.0,1.0
271410,0,1,3400,-63,63,22,15,23,0.50,44576.000000,0,27,4.2,0.0,0.0,0.0,0.0,0.0,0.0,1.0
271659,0,1,3400,-63,63,22,14,23,0.50,50080.000000,0,27,4.0,0.0,0.0,0.0,0.0,0.0,0.0,1.0
271908,0,1,3400,-63,63,23,14,23,0.67,23104.000000,0,27,4.9,0.0,115200.000000,18,0.0,0.0,0.0,1.0
272157,0,1,3400,-63,63,25,16,23,0.51,41088.000000,0,27,15,0.0,10912.000000,83,0.0,0.0,0.0,1.0
272406,0,1,3400,-63,63,25,17,23,0.61,20960.000000,0,27,15,0.0,0.0,0.0,0.0,0.0,0.0,1.0
272655,0,1,3400,-63,63,26,16,23,0.50,63488.000000,0,27,15,0.0,0.0,0.0,0.0,0.0,0.0,1.0
272904,0,1,3400,-63,63,27,10,23,0.51,37760.000000,0,27,15,186,0.0,0.0,0.0,0.0,0.0,1.0
273153,0,1,3400,-63,63,22,17,22,0.57,67776.000000,0,27,7.2,0.0,11616.000000,0,0.0,0.0,0.0,1.0
273402,0,1,3400,-63,63,19,12,22,0.50,40064.000000,0,27,7.0,0.0,0.0,0.0,0.0,0.0,0.0,1.0
273651,0,1,3400,-63,63,19,17,23,0.56,54240.000000,0,27,7.0,0.0,0.0,0.0,0.0,0.0,0.0,1.0
273900,0,1,3400,-63,63,18,18,22,0.61,36352.000000,0,27,7.0,186,0.0,0.0,0.0,0.0,0.0,1.0
274149,0,1,3400,-63,63,18,14,22,0.50,51072.000000,0,27,4.2,0.0,43520.000000,0,0.0,0.0,0.0,1.0
274398,0,1,3400,-63,63,19,19,23,0.50,5152.000000,0,27,4.0,0.0,0.0,0.0,0.0,0.0,0.0,1.0
274647,0,1,3400,-63,63,22,18,22,0.50,30912.000000,0,27,4.0,0.0,0.0,0.0,0.0,0.0,0.0,1.0
274896,0,1,3400,-63,63,20,11,23,0.50,10912.000000,0,27,3.7,0.0,16288.000000,0,0.0,0.0,0.0,1.0
275145,0,1,3400,-63,63,18,15,23,0.52,30912.000000,0,27,0.0,0.0,0.0,0.0,0.0,0.0,0.0,1.0
275394,0,1,3400,-63,63,17,14,23,0.54,47616.000000,0,27,0.056,0.0,0.0,0.0,0.0,0.0,0.0,1.0
275643,0,1,3400,-63,63,18,13,23,0.50,54720.000000,0,27,0.056,0.0,0.0,0.0,0.0,0.0,0.0,1.0
275892,0,1,3400,-63,63,22,17,23,0.50,41280.000000,0,27,0.0,186,0.0,0.0,0.0,0.0,0.0,1.0
276141,0,1,3400,-63,63,21,14,23,0.50,26944.000000,0,27,12,0.0,18368.000000,0,0.0,0.0,0.0,1.0
276390,0,1,3400,-63,63,21,14,23,0.50,16736.000000,0,27,12,0.0,0.0,0.0,0.0,0.0,0.0,1.0
276639,0,1,3400,-63,63,19,13,23,0.50,25760.000000,0,27,12,0.0,0.0,0.0,0.0,0.0,0.0,1.0
276888,0,1,3400,-63,63,20,18,23,0.50,31296.000000,0,27,12,0.0,24000.000000,0,0.0,0.0,0.0,1.0
277137,0,1,3400,-63,63,23,13,22,0.51,73664.000000,0,27,12,0.0,0.0,0.0,0.0,0.0,0.0,1.0
277386,0,1,3400,-63,63,20,14,22,0.50,47232.000000,0,27,13,0.0,0.0,0.0,0.0,0.0,0.0,1.0
277635,0,1,3400,-63,63,21,15,23,0.50,20608.000000,0,27,13,0.0,0.0,0.0,0.0,0.0,0.0,1.0
277884,0,1,3400,-63,63,25,14,23,0.50,33568.000000,0,27,13,186,0.0,0.0,0.0,0.0,0.0,1.0
278133,0,1,3400,-63,63,23,6.6,24,0.50,10912.000000,0,27,0.38,0.0,11456.000000,0,0.0,0.0,0.0,1.0
278382,0,1,3400,-63,63,20,14,23,0.50,41536.000000,0,27,0.0,0.0,0.0,0.0,0.0,0.0,0.0,1.0
278631,0,1,3400,-63,63,21,12,23,0.50,43488.000000,0,27,0.056,0.0,0.0,0.0,0.0,0.0,0.0,1.0
278880,0,1,3400,-63,63,22,8.1,23,0.89,18272.000000,14,27,1.2,0.0,63680.000000,18,0.0,0.0,0.0,1.0
279129,0,1,3400,-63,63,21,5.8,23,0.57,58880.000000,0,27,12,0.0,31072.000000,40,0.0,0.0,0.0,1.0
279378,0,1,3400,-63,63,22,14,23,0.63,19744.000000,0,27,12,0.0,0.0,0.0,0.0,0.0,0.0,1.0
279627,0,1,3400,-63,63,20,16,23,0.50,51520.000000,0,27,12,0.0,0.0,0.0,0.0,0.0,0.0,1.0
279876,0,1,3400,-63,63,21,16,23,0.52,47008.000000,0,27,12,186,0.0,0.0,0.0,0.0,0.0,1.0
280125,0,1,3400,-63,63,21,2.8,23,0.50,38144.000000,0,27,12,0.0,94464.000000,0,0.0,0.0,0.0,1.0
280374,0,1,3400,-63,63,23,12,22,0.50,61216.000000,0,27,13,0.0,0.0,0.0,0.0,0.0,0.0,1.0
280623,0,1,3400,-63,63,22,15,22,0.50,60416.000000,0,27,13,0.0,0.0,0.0,0.0,0.0,0.0,1.0
280872,0,1,3400,-63,63,21,9.9,22,0.50,48352.000000,0,27,13,186,0.0,0.0,0.0,0.0,0.0,1.0
281121,0,1,3400,-63,63,25,16,23,0.52,57536.000000,0,27,12,0.0,18368.000000,20,0.0,0.0,0.0,1.0
281370,0,1,3400,-63,63,27,16,23,0.52,57152.000000,0,27,12,0.0,0.0,0.0,0.0,0.0,0.0,1.0
281619,0,1,3400,-63,63,25,14,23,0.50,20512.000000,0,27,12,0.0,0.0,0.0,0.0,0.0,0.0,1.0
281868,0,1,3400,-63,63,20,13,23,0.55,72736.000000,0,27,11,0.0,7328.000000,0,0.0,0.0,0.0,1.0
282117,0,1,3400,-63,63,17,14,23,0.59,54816.000000,0,27,1.1,0.0,0.0,0.0,0.0,0.0,0.0,1.0
282366,0,1,3400,-63,63,18,18,24,0.50,41376.000000,0,27,1.0,0.0,0.0,0.0,0.0,0.0,0.0,1.0
282615,0,1,3400,-63,63,19,12,23,0.50,59456.000000,0,27,1.2,0.0,0.0,0.0,0.0,0.0,0.0,1.0
282864,0,1,3400,-63,63,17,4.9,23,0.50,52960.000000,0,27,9.4,0.0,41056.000000,25,0.0,0.0,0.0,1.0
283113,0,1,3400,-63,63,23,16,23,0.50,49280.000000,0,27,13,0.0,0.0,0.0,0.0,0.0,0.0,1.0
283362,0,1,3400,-63,63,23,12,22,0.56,36992.000000,0,27,13,0.0,0.0,0.0,0.0,0.0,0.0,1.0
283611,0,1,3400,-63,63,22,16,23,0.53,52192.000000,0,27,13,0.0,0.0,0.0,0.0,0.0,0.0,1.0
283860,0,1,3400,-63,63,22,11,22,0.56,48800.000000,0,27,9.9,0.0,13504.000000,0,0.0,0.0,0.0,1.0
284109,0,1,3400,-63,63,18,16,22,0.52,46944.000000,0,27,1.1,0.0,0.0,0.0,0.0,0.0,0.0,1.0
284358,0,1,3400,-63,63,20,16,23,0.50,25248.000000,0,27,1.2,0.0,0.0,0.0,0.0,0.0,0.0,1.0
284607,0,1,3400,-63,63,25,13,23,0.50,62496.000000,0,27,1.2,0.0,0.0,0.0,0.0,0.0,0.0,1.0
284856,0,1,3400,-63,63,25,18,24,0.50,31072.000000,0,27,2.5,0.0,18368.000000,20,0.0,0.0,0.0,1.0
285105,0,1,3400,-63,63,24,13,23,0.51,65824.000000,0,27,12,0.0,0.0,0.0,0.0,0.0,0.0,1.0
285354,0,1,3400,-63,63,21,16,23,0.52,57536.000000,0,27,12,0.0,0.0,0.0,0.0,0.0,0.0,1.0
285603,0,1,3400,-63,63,18,10,23,0.55,21280.000000,0,27,12,0.0,0.0,0.0,0.0,0.0,0.0,1.0
285852,0,1,3400,-63,63,20,16,23,0.50,58656.000000,0,27,12,0.0,22464.000000,0,0.0,0.0,0.0,1.0
286101,0,1,3400,-63,63,16,18,23,0.50,25760.000000,0,27,12,0.0,0.0,0.0,0.0,0.0,0.0,1.0
286350,0,1,3400,-63,63,19,18,23,0.54,41216.000000,0,27,12,0.0,0.0,0.0,0.0,0.0,0.0,1.0
286599,0,1,3400,-63,63,20,11,23,0.50,43136.000000,0,27,12,0.0,0.0,0.0,0.0,0.0,0.0,1.0
286848,0,1,3400,-63,63,19,18,23,0.50,36736.000000,0,27,12,0.0,111712.000000,28,0.0,0.0,0.0,1.0
287097,0,1,3400,-63,63,20,15,23,0.50,25760.000000,0,27,12,0.0,0.0,0.0,0.0,0.0,0.0,1.0
287346,0,1,3400,-63,63,20,16,22,0.51,53120.000000,0,27,12,0.0,0.0,0.0,0.0,0.0,0.0,1.0
287595,0,1,3400,-63,63,19,14,23,0.50,39360.000000,0,27,12,0.0,0.0,0.0,0.0,0.0,0.0,1.0
287844,0,1,3400,-63,63,17,12,22,0.58,47072.000000,0,27,12,0.0,18368.000000,0,0.0,0.0,0.0,1.0
288093,0,1,3400,-63,63,21,18,23,0.69,25760.000000,0,27,12,0.0,0.0,0.0,0.0,0.0,0.0,1.0
288342,0,1,3400,-63,63,21,12,23,0.59,70208.000000,0,27,12,0.0,0.0,0.0,0.0,0.0,0.0,1.0
288591,0,1,3400,-63,63,21,17,23,0.50,36064.000000,0,27,12,0.0,0.0,0.0,0.0,0.0,0.0,1.0
288840,0,1,3400,-63,63,23,18,23,0.54,36480.000000,0,27,11,0.0,13664.000000,0,0.0,0.0,0.0,1.0
289089,0,1,3400,-63,63,24,18,23,0.61,63040.000000,0,27,1.1,0.0,0.0,0.0,0.0,0.0,0.0,1.0
289338,0,1,3400,-63,63,21,16,23,0.50,47456.000000,0,27,1.0,0.0,0.0,0.0,0.0,0.0,0.0,1.0
289587,0,1,3400,-63,63,20,16,23,0.50,48800.000000,0,27,1.1,0.0,0.0,0.0,0.0,0.0,0.0,1.0
289836,0,1,3400,-63,63,16,16,23,0.54,51712.000000,0,27,1.5,0.0,24832.000000,0,0.0,0.0,0.0,1.0
290085,0,1,3400,-63,63,19,18,24,0.50,46848.000000,0,27,2.0,0.0,0.0,0.0,0.0,0.0,0.0,1.0
290334,0,1,3400,-63,63,19,19,23,0.51,36224.000000,0,27,2.1,0.0,0.0,0.0,0.0,0.0,0.0,1.0
290583,0,1,3400,-63,63,24,15,22,0.54,52064.000000,0,27,2.0,0.0,0.0,0.0,0.0,0.0,0.0,1.0
290832,0,1,3400,-63,63,22,16,23,0.52,41216.000000,0,27,2.4,0.0,36320.000000,0,0.0,0.0,0.0,1.0
291081,0,1,3400,-63,63,20,15,23,0.50,39616.000000,0,27,4.1,0.0,0.0,0.0,0.0,0.0,0.0,1.0
291330,0,1,3400,-63,63,18,18,23,0.50,20608.000000,0,27,4.0,0.0,0.0,0.0,0.0,0.0,0.0,1.0
291579,0,1,3400,-63,63,23,13,23,0.50,31328.000000,0,27,4.0,0.0,0.0,0.0,0.0,0.0,0.0,1.0
291828,0,1,3400,-63,63,24,17,23,0.51,31872.000000,0,27,4.5,0.0,10688.000000,22,0.0,0.0,0.0,1.0
292077,0,1,3400,-63,63,25,13,23,0.50,38656.000000,0,27,2.0,0.0,31584.000000,0,0.0,0.0,0.0,1.0
292326,0,1,3400,-63,63,20,11,23,0.50,16480.000000,0,27,2.0,0.0,0.0,0.0,0.0,0.0,0.0,1.0
292575,0,1,3400,-63,63,21,16,23,0.50,36320.000000,0,27,2.0,0.0,0.0,0.0,0.0,0.0,0.0,1.0
292824,0,1,3400,-63,63,21,15,23,0.60,42432.000000,0,27,2.7,0.0,57504.000000,15,0.0,0.0,0.0,1.0
293073,0,1,3400,-63,63,23,16,23,0.50,33184.000000,0,27,9.0,0.0,15520.000000,67,0.0,0.0,0.0,1.0
293322,0,1,3400,-63,63,21,18,23,0.50,25920.000000,0,27,9.0,0.0,0.0,0.0,0.0,0.0,0.0,1.0
293571,0,1,3400,-63,63,22,10,23,0.50,33408.000000,0,27,9.0,0.0,0.0,0.0,0.0,0.0,0.0,1.0
293820,0,1,3400,-63,63,23,11,23,0.50,45728.000000,0,27,8.2,0.0,19872.000000,0,0.0,0.0,0.0,1.0
294069,0,1,3400,-63,63,18,16,23,0.55,39392.000000,0,27,0.0,0.0,0.0,0.0,0.0,0.0,0.0,1.0
294318,0,1,3400,-63,63,24,10,23,0.50,31648.000000,0,27,0.0,0.0,0.0,0.0,0.0,0.0,0.0,1.0
294567,0,1,3400,-63,63,25,15,23,0.50,37664.000000,0,27,0.0,0.0,0.0,0.0,0.0,0.0,0.0,1.0
294816,0,1,3400,-63,63,24,17,23,0.50,26112.000000,0,27,0.0,186,0.0,0.0,0.0,0.0,0.0,1.0
295065,0,1,3400,-63,63,19,17,23,0.50,38208.000000,0,27,13,0.0,87680.000000,6,0.0,0.0,0.0,1.0
295314,0,1,3400,-63,63,25,12,23,0.50,46016.000000,0,27,14,0.0,0.0,0.0,0.0,0.0,0.0,1.0
295563,0,1,3400,-63,63,26,18,23,0.50,15456.000000,0,27,14,0.0,0.0,0.0,0.0,0.0,0.0,1.0
295812,0,1,3400,-63,63,25,13,23,0.51,49568.000000,0,27,14,0.0,24000.000000,0,0.0,0.0,0.0,1.0
296061,0,1,3400,-63,63,21,10,23,0.50,25760.000000,0,27,12,0.0,0.0,0.0,0.0,0.0,0.0,1.0
296310,0,1,3400,-63,63,22,12,23,0.50,28160.000000,0,27,13,0.0,0.0,0.0,0.0,0.0,0.0,1.0
296559,0,1,3400,-63,63,24,9.7,24,0.51,25952.000000,0,27,12,0.0,0.0,0.0,0.0,0.0,0.0,1.0
296808,0,1,3400,-63,63,19,16,23,0.65,31072.000000,0,27,12,0.0,27136.000000,36,0.0,0.0,0.0,1.0
297057,0,1,3400,-63,63,22,12,23,0.50,37760.000000,0,27,15,0.0,33856.000000,89,0.0,0.0,0.0,1.0
297306,0,1,3400,-63,63,23,17,23,0.50,36576.000000,0,27,15,0.0,0.0,0.0,0.0,0.0,0.0,1.0
297555,0,1,3400,-63,63,18,16,23,0.50,53760.000000,0,27,15,0.0,0.0,0.0,0.0,0.0,0.0,1.0
297804,0,1,3400,-63,63,18,16,23,0.50,26080.000000,0,27,14,0.0,11616.000000,0,0.0,0.0,0.0,1.0
298053,0,1,3400,-63,63,20,19,23,0.50,36064.000000,0,27,7.0,0.0,0.0,0.0,0.0,0.0,0.0,1.0
298302,0,1,3400,-63,63,16,16,23,0.82,47616.000000,6,27,7.0,0.0,0.0,0.0,0.0,0.0,0.0,1.0
298551,0,1,3400,-63,63,17,22,23,2.2,10304.000000,0,27,7.0,0.0,0.0,0.0,0.0,0.0,0.0,1.0
298800,0,1,3400,-63,63,24,16,23,0.52,52192.000000,0,27,7.1,186,0.0,0.0,0.0,0.0,0.0,1.0
299049,0,1,3400,-63,63,22,13,23,0.51,48544.000000,0,27,0.75,0.0,19872.000000,5,0.0,0.0,0.0,1.0
299298,0,1,3400,-63,63,18,9.0,23,0.50,46240.000000,0,27,0.0,0.0,0.0,0.0,0.0,0.0,0.0,1.0
299547,0,1,3400,-63,63,22,3.4,23,0.50,17824.000000,0,27,0.056,0.0,0.0,0.0,0.0,0.0,0.0,1.0
299796,0,1,3400,-63,63,23,13,23,0.50,38496.000000,0,27,0.17,186,0.0,0.0,0.0,0.0,0.0,1.0
300045,0,1,3400,-63,63,22,15,22,0.50,54880.000000,0,27,3.1,0.0,9728.000000,0,0.0,0.0,0.0,1.0
300294,0,1,3400,-63,63,22,19,23,0.50,51840.000000,0,27,3.0,0.0,0.0,0.0,0.0,0.0,0.0,1.0
300543,0,1,3400,-63,63,16,14,23,0.50,42784.000000,0,27,3.1,0.0,0.0,0.0,0.0,0.0,0.0,1.0
300792,0,1,3400,-63,63,18,16,23,0.50,41216.000000,0,27,3.3,0.0,40832.000000,0,0.0,0.0,0.0,1.0
301041,0,1,3400,-63,63,24,18,23,0.50,26080.000000,0,27,4.0,0.0,0.0,0.0,0.0,0.0,0.0,1.0
301290,0,1,3400,-63,63,21,17,23,0.50,36352.000000,0,27,4.1,0.0,0.0,0.0,0.0,0.0,0.0,1.0
301539,0,1,3400,-63,63,19,16,23,0.50,56960.000000,0,27,4.0,0.0,0.0,0.0,0.0,0.0,0.0,1.0
301788,0,1,3400,-63,63,21,15,23,0.50,52864.000000,0,27,3.6,0.0,18688.000000,0,0.0,0.0,0.0,1.0
302037,0,1,3400,-63,63,23,14,22,0.51,54368.000000,0,27,1.1,0.0,0.0,0.0,0.0,0.0,0.0,1.0
302286,0,1,3400,-63,63,16,18,23,0.50,41600.000000,0,27,1.1,0.0,0.0,0.0,0.0,0.0,0.0,1.0
302535,0,1,3400,-63,63,16,8.7,23,0.50,39872.000000,0,27,1.0,0.0,0.0,0.0,0.0,0.0,0.0,1.0
302784,0,1,3400,-63,63,19,9.9,23,0.54,34272.000000,0,27,1.2,0.0,20384.000000,0,0.0,0.0,0.0,1.0
303033,0,1,3400,-63,63,22,19,23,0.57,31232.000000,0,27,0.0,0.0,0.0,0.0,0.0,0.0,0.0,1.0
303282,0,1,3400,-63,63,19,16,23,0.62,68448.000000,0,27,0.11,0.0,0.0,0.0,0.0,0.0,0.0,1.0
303531,0,1,3400,-63,63,16,17,23,0.50,41216.000000,0,27,0.11,0.0,0.0,0.0,0.0,0.0,0.0,1.0
303780,0,1,3400,-63,63,21,18,23,0.64,36224.000000,0,27,0.056,0.0,0.0,0.0,0.0,0.0,0.0,1.0
304029,0,1,3400,-63,63,24,10,22,0.52,49152.000000,0,27,1.6,0.0,16864.000000,0,0.0,0.0,0.0,1.0
304278,0,1,3400,-63,63,22,16,23,0.50,52768.000000,0,27,2.1,0.0,0.0,0.0,0.0,0.0,0.0,1.0
304527,0,1,3400,-63,63,19,7.5,23,0.51,60480.000000,0,27,2.0,0.0,0.0,0.0,0.0,0.0,0.0,1.0
304776,0,1,3400,-63,63,16,18,23,0.50,29504.000000,0,27,2.0,0.0,0.0,0.0,0.0,0.0,0.0,1.0
305025,0,1,3400,-63,63,19,15,23,0.58,62880.000000,0,27,7.5,0.0,70944.000000,0,0.0,0.0,0.0,1.0
305274,0,1,3400,-63,63,19,8.7,23,0.53,27616.000000,0,27,9.0,0.0,0.0,0.0,0.0,0.0,0.0,1.0
305523,0,1,3400,-63,63,22,12,23,0.50,53472.000000,0,27,9.0,0.0,0.0,0.0,0.0,0.0,0.0,1.0
305772,0,1,3400,-63,63,18,8.2,23,0.50,29184.000000,0,27,8.1,0.0,21248.000000,0,0.0,0.0,0.0,1.0
306021,0,1,3400,-63,63,19,17,23,0.51,86112.000000,0,27,2.0,0.0,0.0,0.0,0.0,0.0,0.0,1.0
306270,0,1,3400,-63,63,20,2.5,23,0.50,44640.000000,0,27,2.2,0.0,0.0,0.0,0.0,0.0,0.0,1.0
306519,0,1,3400,-63,63,20,14,24,0.64,68672.000000,0,27,2.1,0.0,0.0,0.0,0.0,0.0,0.0,1.0
306768,0,1,3400,-63,63,22,12,23,0.52,54112.000000,0,27,1.9,0.0,12544.000000,0,0.0,0.0,0.0,1.0
307017,0,1,3400,-63,63,21,15,23,0.51,42240.000000,0,27,0.056,0.0,0.0,0.0,0.0,0.0,0.0,1.0
307266,0,1,3400,-63,63,21,12,23,0.50,64864.000000,0,27,0.0,0.0,0.0,0.0,0.0,0.0,0.0,1.0
307515,0,1,3400,-63,63,21,4.3,23,0.50,26688.000000,0,27,0.0,0.0,0.0,0.0,0.0,0.0,0.0,1.0
307764,0,1,3400,-63,63,21,17,23,0.50,31072.000000,0,27,0.0,0.0,0.0,0.0,0.0,0.0,0.0,1.0
308013,0,1,3400,-63,63,19,16,23,0.51,46784.000000,0,27,1.5,0.0,17952.000000,0,0.0,0.0,0.0,1.0
308262,0,1,3400,-63,63,23,11,23,0.50,37568.000000,0,27,2.0,0.0,0.0,0.0,0.0,0.0,0.0,1.0
308511,0,1,3400,-63,63,20,10,23,0.50,26496.000000,0,27,2.0,0.0,0.0,0.0,0.0,0.0,0.0,1.0
308760,0,1,3400,-63,63,17,12,24,0.52,26592.000000,0,27,2.0,186,0.0,0.0,0.0,0.0,0.0,1.0
309009,0,1,3400,-63,63,21,16,23,0.54,49632.000000,0,27,4.0,0.0,41856.000000,0,0.0,0.0,0.0,1.0
309258,0,1,3400,-63,63,23,18,23,0.50,25920.000000,0,27,4.0,0.0,0.0,0.0,0.0,0.0,0.0,1.0
309507,0,1,3400,-63,63,25,12,23,0.50,53152.000000,0,27,4.0,0.0,0.0,0.0,0.0,0.0,0.0,1.0
309756,0,1,3400,-63,63,23,14,23,0.50,33152.000000,0,27,4.1,0.0,40320.000000,0,0.0,0.0,0.0,1.0
310005,0,1,3400,-63,63,25,14,23,0.50,47232.000000,0,27,4.1,0.0,0.0,0.0,0.0,0.0,0.0,1.0
310254,0,1,3400,-63,63,20,13,23,0.50,34976.000000,0,27,4.0,0.0,0.0,0.0,0.0,0.0,0.0,1.0
310503,0,1,3400,-63,63,21,14,23,0.50,43712.000000,0,27,4.0,0.0,0.0,0.0,0.0,0.0,0.0,1.0
310752,0,1,3400,-63,63,20,17,23,0.64,41888.000000,0,27,4.0,0.0,28672.000000,0,0.0,0.0,0.0,1.0
311001,0,1,3400,-63,63,17,18,23,0.50,31104.000000,0,27,2.1,0.0,0.0,0.0,0.0,0.0,0.0,1.0
311250,0,1,3400,-63,63,18,12,22,0.50,32384.000000,0,27,2.0,0.0,0.0,0.0,0.0,0.0,0.0,1.0
311499,0,1,3400,-63,63,21,17,23,0.50,36384.000000,0,27,2.1,0.0,0.0,0.0,0.0,0.0,0.0,1.0
311748,0,1,3400,-63,63,23,15,23,0.54,36896.000000,0,27,2.1,186,0.0,0.0,0.0,0.0,0.0,1.0
311997,0,1,3400,-63,63,20,16,23,0.58,70112.000000,0,27,8.7,0.0,79296.000000,0,0.0,0.0,0.0,1.0
312246,0,1,3400,-63,63,21,14,23,0.50,15712.000000,0,27,9.0,0.0,0.0,0.0,0.0,0.0,0.0,1.0
312495,0,1,3400,-63,63,22,20,23,0.50,0.0,0.0,27,9.0,0.0,0.0,0.0,0.0,0.0,0.0,1.0
312744,0,1,3400,-63,63,24,16,23,0.50,21216.000000,0,27,9.6,0.0,94464.000000,0,0.0,0.0,0.0,1.0
312993,0,1,3400,-63,63,26,11,23,0.50,53737.050781,0,27,13,0.0,0.0,0.0,0.0,0.0,0.0,1.0
313242,0,1,3400,-63,63,19,13,23,0.50,49952.000000,0,27,13,0.0,0.0,0.0,0.0,0.0,0.0,1.0
313491,0,1,3400,-63,63,14,17,23,0.50,84064.000000,0,27,13,0.0,0.0,0.0,0.0,0.0,0.0,1.0
313740,0,1,3400,-63,63,16,13,23,0.50,49568.000000,0,27,13,0.0,0.0,80,0.0,0.0,0.0,1.0
313989,0,1,3400,-63,63,21,11,23,0.50,38688.000000,0,27,13,0.0,0.0,0.0,0.0,0.0,0.0,1.0
314238,0,1,3400,-63,63,28,15,23,0.51,41536.000000,0,27,13,0.0,0.0,0.0,0.0,0.0,0.0,1.0
314487,0,1,3400,-63,63,21,18,23,0.56,67296.000000,0,27,13,0.0,0.0,0.0,0.0,0.0,0.0,1.0
314736,0,1,3400,-63,63,23,10,23,0.50,49280.000000,0,27,12,0.0,50208.000000,0,0.0,0.0,0.0,1.0
314985,0,1,3400,-63,63,23,13,23,0.51,75904.000000,0,27,10,0.0,0.0,0.0,0.0,0.0,0.0,1.0
315234,0,1,3400,-63,63,18,8.6,23,0.50,34688.000000,0,27,10.0,0.0,0.0,0.0,0.0,0.0,0.0,1.0
315483,0,1,3400,-63,63,17,9.8,23,0.50,50432.000000,0,27,10,0.0,0.0,0.0,0.0,0.0,0.0,1.0
315732,0,1,3400,-63,63,17,13,23,0.50,54080.000000,0,27,10,0.0,18880.000000,0,0.0,0.0,0.0,1.0
315981,0,1,3400,-63,63,21,8.1,23,0.50,28704.000000,0,27,11,0.0,0.0,0.0,0.0,0.0,0.0,1.0
316230,0,1,3400,-63,63,22,17,23,0.64,64320.000000,0,27,11,0.0,0.0,0.0,0.0,0.0,0.0,1.0
316479,0,1,3400,-63,63,21,14,23,0.52,59008.000000,0,27,11,0.0,0.0,0.0,0.0,0.0,0.0,1.0
316728,0,1,3400,-63,63,18,18,23,0.58,41536.000000,0,27,10.0,0.0,19808.000000,0,0.0,0.0,0.0,1.0
316977,0,1,3400,-63,63,17,18,23,0.50,36064.000000,0,27,2.0,0.0,0.0,0.0,0.0,0.0,0.0,1.0
317226,0,1,3400,-63,63,17,12,23,0.50,48160.000000,0,27,2.1,0.0,0.0,0.0,0.0,0.0,0.0,1.0
317475,0,1,3400,-63,63,16,16,23,0.50,33440.000000,0,27,2.0,0.0,0.0,0.0,0.0,0.0,0.0,1.0
317724,0,1,3400,-63,63,24,15,22,0.53,67936.000000,0,27,3.1,0.0,114336.000000,14,0.0,0.0,0.0,1.0
317973,0,1,3400,-63,63,26,18,23,0.50,41312.000000,0,27,16,0.0,0.0,100.000000,0.0,0.0,0.0,1.0
318222,0,1,3400,-63,63,20,15,23,0.50,57824.000000,0,27,16,0.0,0.0,0.0,0.0,0.0,0.0,1.0
318471,0,1,3400,-63,63,15,12,23,0.50,34112.000000,0,27,16,0.0,0.0,0.0,0.0,0.0,0.0,1.0
318720,0,1,3400,-63,63,17,12,23,0.50,31584.000000,0,27,16,0.0,24256.000000,20,0.0,0.0,0.0,1.0
318969,0,1,3400,-63,63,19,14,22,0.50,42112.000000,0,27,11,0.0,0.0,0.0,0.0,0.0,0.0,1.0
319218,0,1,3400,-63,63,17,15,23,0.50,21024.000000,0,27,11,0.0,0.0,0.0,0.0,0.0,0.0,1.0
319467,0,1,3400,-63,63,19,8.2,23,0.50,34688.000000,0,27,11,0.0,0.0,0.0,0.0,0.0,0.0,1.0
319716,0,1,3400,-63,63,16,15,23,0.50,72672.000000,0,27,10,0.0,37152.000000,6,0.0,0.0,0.0,1.0
319965,0,1,3400,-63,63,22,17,23,0.50,15456.000000,0,27,9.0,0.0,43168.000000,29,0.0,0.0,0.0,1.0
320214,0,1,3400,-63,63,24,16,23,0.50,42176.000000,0,27,9.0,0.0,0.0,0.0,0.0,0.0,0.0,1.0
320463,0,1,3400,-63,63,22,14,23,0.50,23712.000000,0,27,9.0,0.0,0.0,0.0,0.0,0.0,0.0,1.0
320712,0,1,3400,-63,63,23,9.2,23,0.50,29440.000000,0,27,9.0,186,0.0,0.0,0.0,0.0,0.0,1.0
320961,0,1,3400,-63,63,19,11,23,0.59,43872.000000,0,27,4.5,0.0,38816.000000,10,0.0,0.0,0.0,1.0
321210,0,1,3400,-63,63,19,9.0,23,0.55,47808.000000,0,27,4.0,0.0,0.0,0.0,0.0,0.0,0.0,1.0
321459,0,1,3400,-63,63,18,15,23,0.50,43520.000000,0,27,4.0,0.0,0.0,0.0,0.0,0.0,0.0,1.0
321708,0,1,3400,-63,63,20,15,22,0.50,35360.000000,0,27,4.1,186,0.0,0.0,0.0,0.0,0.0,1.0
321957,0,1,3400,-63,63,19,9.3,23,0.53,55520.000000,0,27,8.0,0.0,21952.000000,0,0.0,0.0,0.0,1.0
322206,0,1,3400,-63,63,17,18,23,0.50,41504.000000,0,27,8.0,0.0,0.0,0.0,0.0,0.0,0.0,1.0
322455,0,1,3400,-63,63,22,18,23,0.50,31104.000000,0,27,8.0,0.0,0.0,0.0,0.0,0.0,0.0,1.0
322704,0,1,3400,-63,63,25,15,23,0.50,31328.000000,0,27,8.7,0.0,23488.000000,0,0.0,0.0,0.0,1.0
322953,0,1,3400,-63,63,23,16,23,0.50,51776.000000,0,27,13,0.0,0.0,0.0,0.0,0.0,0.0,1.0
323202,0,1,3400,-63,63,22,17,23,0.50,52032.000000,0,27,13,0.0,0.0,0.0,0.0,0.0,0.0,1.0
323451,0,1,3400,-63,63,23,13,23,0.50,53536.000000,0,27,13,0.0,0.0,0.0,0.0,0.0,0.0,1.0
323700,0,1,3400,-63,63,26,14,23,0.50,12896.000000,0,27,13,186,0.0,0.0,0.0,0.0,0.0,1.0
323949,0,1,3400,-63,63,24,11,23,0.50,31424.000000,0,27,12,0.0,18368.000000,20,0.0,0.0,0.0,1.0
324198,0,1,3400,-63,63,20,13,23,0.50,34080.000000,0,27,12,0.0,0.0,0.0,0.0,0.0,0.0,1.0
324447,0,1,3400,-63,63,23,19,23,0.50,25760.000000,0,27,12,0.0,0.0,0.0,0.0,0.0,0.0,1.0
324696,0,1,3400,-63,63,23,12,22,0.55,42592.000000,0,27,12,0.0,118816.000000,14,0.0,0.0,0.0,1.0
324945,0,1,3400,-63,63,18,10,22,0.50,53472.000000,0,27,14,0.0,18336.000000,80,0.0,0.0,0.0,1.0
325194,0,1,3400,-63,63,20,12,22,0.50,27104.000000,0,27,14,0.0,0.0,0.0,0.0,0.0,0.0,1.0
325443,0,1,3400,-63,63,21,15,23,0.50,25760.000000,0,27,14,0.0,0.0,0.0,0.0,0.0,0.0,1.0
325692,0,1,3400,-63,63,21,18,23,0.51,46624.000000,0,27,14,186,0.0,0.0,0.0,0.0,0.0,1.0
325941,0,1,3400,-63,63,23,16,23,0.53,47264.000000,0,27,15,0.0,111616.000000,24,0.0,0.0,0.0,1.0
326190,0,1,3400,-63,63,21,14,23,0.50,47424.000000,0,27,16,0.0,0.0,0.0,0.0,0.0,0.0,1.0
326439,0,1,3400,-63,63,23,8.6,23,0.50,27136.000000,0,27,16,0.0,0.0,0.0,0.0,0.0,0.0,1.0
326688,0,1,3400,-63,63,18,5.0,23,0.50,39072.000000,0,27,16,0.0,0.0,0.0,0.0,0.0,0.0,1.0
326937,0,1,3400,-63,63,17,13,23,0.50,60288.000000,0,27,6.3,0.0,40832.000000,0,0.0,0.0,0.0,1.0
327186,0,1,3400,-63,63,21,16,23,0.50,37728.000000,0,27,4.1,0.0,0.0,0.0,0.0,0.0,0.0,1.0
327435,0,1,3400,-63,63,19,17,22,0.53,89120.000000,0,27,4.0,0.0,0.0,0.0,0.0,0.0,0.0,1.0
327684,0,1,3400,-63,63,22,7.0,23,0.50,31744.000000,0,27,4.1,186,0.0,0.0,0.0,0.0,0.0,1.0
327933,0,1,3400,-63,63,26,6.1,23,0.50,39776.000000,0,27,8.4,0.0,49184.000000,0,0.0,0.0,0.0,1.0
328182,0,1,3400,-63,63,19,18,23,0.50,41216.000000,0,27,9.0,0.0,0.0,0.0,0.0,0.0,0.0,1.0
328431,0,1,3400,-63,63,17,17,23,0.50,46880.000000,0,27,9.0,0.0,0.0,0.0,0.0,0.0,0.0,1.0
328680,0,1,3400,-63,63,19,16,23,0.50,20608.000000,0,27,10.0,0.0,18368.000000,20,0.0,0.0,0.0,1.0
328929,0,1,3400,-63,63,17,13,23,0.54,38208.000000,0,27,12,0.0,0.0,0.0,0.0,0.0,0.0,1.0
329178,0,1,3400,-63,63,14,18,23,0.51,51872.000000,0,27,12,0.0,0.0,0.0,0.0,0.0,0.0,1.0
329427,0,1,3400,-63,63,16,17,23,0.50,28032.000000,0,27,12,0.0,0.0,0.0,0.0,0.0,0.0,1.0
329676,0,1,3400,-63,63,17,12,24,0.50,27264.000000,0,27,12,0.0,88416.000000,20,0.0,0.0,0.0,1.0
329925,0,1,3400,-63,63,18,17,24,0.71,38624.000000,0,27,14,0.0,18336.000000,86,0.0,0.0,0.0,1.0
330174,0,1,3400,-63,63,17,13,23,0.51,57664.000000,0,27,14,0.0,0.0,0.0,0.0,0.0,0.0,1.0
330423,0,1,3400,-63,63,15,12,23,0.50,10656.000000,0,27,14,0.0,0.0,0.0,0.0,0.0,0.0,1.0
330672,0,1,3400,-63,63,17,8.1,23,0.50,34912.000000,0,27,13,0.0,55072.000000,22,0.0,0.0,0.0,1.0
330921,0,1,3400,-63,63,26,17,23,0.50,10560.000000,0,27,14,0.0,55680.000000,0,0.0,0.0,0.0,1.0
331170,0,1,3400,-63,63,19,18,23,0.50,15776.000000,0,27,14,0.0,0.0,0.0,0.0,0.0,0.0,1.0
331419,0,1,3400,-63,63,14,16,23,0.50,31104.000000,0,27,14,0.0,0.0,0.0,0.0,0.0,0.0,1.0
331668,0,1,3400,-63,63,15,12,24,0.50,31744.000000,0,27,13,0.0,16064.000000,0,0.0,0.0,0.0,1.0
331917,0,1,3400,-63,63,20,18,24,0.50,46368.000000,0,27,8.5,0.0,0.0,0.0,0.0,0.0,0.0,1.0
332166,0,1,3400,-63,63,21,8.2,23,0.50,53728.000000,0,27,8.5,0.0,0.0,0.0,0.0,0.0,0.0,1.0
332415,0,1,3400,-63,63,16,10,23,0.50,23552.000000,0,27,8.5,0.0,0.0,0.0,0.0,0.0,0.0,1.0
332664,0,1,3400,-63,63,11,8.7,24,0.50,16384.000000,0,27,8.5,0.0,0.0,0.0,0.0,0.0,0.0,1.0
332913,0,1,3400,-63,63,15,2.7,23,0.50,40928.000000,0,27,9.4,0.0,27360.000000,0,0.0,0.0,0.0,1.0
333162,0,1,3400,-63,63,20,12,24,0.50,36864.000000,0,27,13,0.0,0.0,0.0,0.0,0.0,0.0,1.0
333411,0,1,3400,-63,63,22,11,23,0.50,36320.000000,0,27,13,0.0,0.0,0.0,0.0,0.0,0.0,1.0
333660,0,1,3400,-63,63,19,14,23,0.50,60576.000000,0,27,12,0.0,18368.000000,0,0.0,0.0,0.0,1.0
333909,0,1,3400,-63,63,22,17,23,0.50,15808.000000,0,27,12,0.0,0.0,0.0,0.0,0.0,0.0,1.0
334158,0,1,3400,-63,63,20,13,23,0.50,41984.000000,0,27,12,0.0,0.0,0.0,0.0,0.0,0.0,1.0
334407,0,1,3400,-63,63,21,16,23,0.57,41888.000000,0,27,12,0.0,0.0,0.0,0.0,0.0,0.0,1.0
334656,0,1,3400,-63,63,19,3.3,23,0.50,26496.000000,0,27,12,186,0.0,0.0,0.0,0.0,0.0,1.0
334905,0,1,3400,-63,63,21,5.5,22,0.56,35008.000000,0,27,12,0.0,23744.000000,0,0.0,0.0,0.0,1.0
335154,0,1,3400,-63,63,23,14,23,0.52,67456.000000,0,27,11,0.0,0.0,0.0,0.0,0.0,0.0,1.0
335403,0,1,3400,-63,63,24,16,23,0.50,57120.000000,0,27,12,0.0,0.0,0.0,0.0,0.0,0.0,1.0
335652,0,1,3400,-63,63,22,16,23,0.50,41824.000000,0,27,12,186,0.0,0.0,0.0,0.0,0.0,1.0
335901,0,1,3400,-63,63,24,12,23,0.50,31296.000000,0,27,14,0.0,104320.000000,0,0.0,0.0,0.0,1.0
336150,0,1,3400,-63,63,21,9.2,23,0.51,43808.000000,0,27,14,0.0,0.0,0.0,0.0,0.0,0.0,1.0
336399,0,1,3400,-63,63,17,18,23,0.50,31360.000000,0,27,14,0.0,0.0,0.0,0.0,0.0,0.0,1.0
336648,0,1,3400,-63,63,19,7.2,23,0.50,73216.000000,0,27,14,0.0,22208.000000,0,0.0,0.0,0.0,1.0
336897,0,1,3400,-63,63,21,16,23,0.51,68736.000000,0,27,11,0.0,0.0,0.0,0.0,0.0,0.0,1.0
337146,0,1,3400,-63,63,20,12,23,0.50,38208.000000,0,27,11,0.0,0.0,0.0,0.0,0.0,0.0,1.0
337395,0,1,3400,-63,63,21,14,23,0.50,53824.000000,0,27,11,0.0,0.0,0.0,0.0,0.0,0.0,1.0
337644,0,1,3400,-63,63,22,13,23,0.50,18400.000000,0,27,11,186,0.0,0.0,0.0,0.0,0.0,1.0
337893,0,1,3400,-63,63,22,9.8,23,0.50,64448.000000,0,27,3.4,0.0,43936.000000,0,0.0,0.0,0.0,1.0
338142,0,1,3400,-63,63,18,17,23,0.50,67488.000000,0,27,3.0,0.0,0.0,0.0,0.0,0.0,0.0,1.0
338391,0,1,3400,-63,63,22,14,22,0.50,36928.000000,0,27,3.0,0.0,0.0,0.0,0.0,0.0,0.0,1.0
338640,0,1,3400,-63,63,22,11,23,0.50,21216.000000,0,27,3.2,0.0,59552.000000,0,0.0,0.0,0.0,1.0
338889,0,1,3400,-63,63,19,18,23,0.55,41600.000000,0,27,8.0,0.0,0.0,0.0,0.0,0.0,0.0,1.0
339138,0,1,3400,-63,63,18,13,23,0.63,49280.000000,0,27,8.0,0.0,0.0,0.0,0.0,0.0,0.0,1.0
339387,0,1,3400,-63,63,22,13,23,0.50,26176.000000,0,27,8.0,0.0,0.0,0.0,0.0,0.0,0.0,1.0
339636,0,1,3400,-63,63,18,17,23,0.50,31584.000000,0,27,7.4,0.0,41344.000000,0,0.0,0.0,0.0,1.0
339885,0,1,3400,-63,63,20,9.7,23,0.50,36768.000000,0,27,4.0,0.0,0.0,0.0,0.0,0.0,0.0,1.0
340134,0,1,3400,-63,63,18,10,23,0.50,50240.000000,0,27,4.0,0.0,0.0,0.0,0.0,0.0,0.0,1.0
340383,0,1,3400,-63,63,18,12,23,0.50,39776.000000,0,27,4.0,0.0,0.0,0.0,0.0,0.0,0.0,1.0
340632,0,1,3400,-63,63,22,12,23,0.50,29216.000000,0,27,4.8,0.0,102400.000000,18,0.0,0.0,0.0,1.0
340881,0,1,3400,-63,63,25,18,23,0.50,30912.000000,0,27,14,0.0,24640.000000,67,0.0,0.0,0.0,1.0
341130,0,1,3400,-63,63,22,12,23,0.50,33376.000000,0,27,14,0.0,0.0,0.0,0.0,0.0,0.0,1.0
341379,0,1,3400,-63,63,15,7.7,23,0.50,48768.000000,0,27,14,0.0,0.0,0.0,0.0,0.0,0.0,1.0
341628,0,1,3400,-63,63,18,9.8,23,0.50,60640.000000,0,27,13,0.0,9024.000000,22,0.0,0.0,0.0,1.0
341877,0,1,3400,-63,63,20,16,23,0.50,57120.000000,0,27,2.0,0.0,31584.000000,0,0.0,0.0,0.0,1.0
342126,0,1,3400,-63,63,18,12,23,0.50,51968.000000,0,27,2.0,0.0,0.0,0.0,0.0,0.0,0.0,1.0
342375,0,1,3400,-63,63,23,4.7,23,0.50,24512.000000,0,27,2.1,0.0,0.0,0.0,0.0,0.0,0.0,1.0
342624,0,1,3400,-63,63,19,10,23,0.50,26016.000000,0,27,2.4,0.0,41344.000000,0,0.0,0.0,0.0,1.0
342873,0,1,3400,-63,63,17,12,23,0.50,49536.000000,0,27,4.0,0.0,0.0,0.0,0.0,0.0,0.0,1.0
343122,0,1,3400,-63,63,19,16,23,0.50,32704.000000,0,27,4.1,0.0,0.0,0.0,0.0,0.0,0.0,1.0
343371,0,1,3400,-63,63,21,8.9,23,0.50,28288.000000,0,27,4.0,0.0,0.0,0.0,0.0,0.0,0.0,1.0
343620,0,1,3400,-63,63,20,18,24,0.50,15456.000000,0,27,4.0,186,0.0,0.0,0.0,0.0,0.0,1.0
343869,0,1,3400,-63,63,22,17,23,0.50,26176.000000,0,27,5.4,0.0,10592.000000,0,0.0,0.0,0.0,1.0
344118,0,1,3400,-63,63,17,18,23,0.55,52672.000000,0,27,5.5,0.0,0.0,0.0,0.0,0.0,0.0,1.0
344367,0,1,3400,-63,63,20,10,23,0.50,26432.000000,0,27,5.5,0.0,0.0,0.0,0.0,0.0,0.0,1.0
344616,0,1,3400,-63,63,19,15,23,0.50,46848.000000,0,27,6.3,0.0,27776.000000,39,0.0,0.0,0.0,1.0
344865,0,1,3400,-63,63,18,14,23,0.50,47712.000000,0,27,16,0.0,65920.000000,75,0.0,0.0,0.0,1.0
345114,0,1,3400,-63,63,18,5.2,23,0.50,31648.000000,0,27,16,0.0,0.0,0.0,0.0,0.0,0.0,1.0
345363,0,1,3400,-63,63,24,12,23,0.51,21216.000000,0,27,16,0.0,0.0,0.0,0.0,0.0,0.0,1.0
345612,0,1,3400,-63,63,23,16,23,0.50,26304.000000,0,27,16,0.0,0.0,0.0,0.0,0.0,0.0,1.0
345861,0,1,3400,-63,63,21,4.4,23,0.50,34304.000000,0,27,15,0.0,73056.000000,26,0.0,0.0,0.0,1.0
346110,0,1,3400,-63,63,16,12,23,0.50,28544.000000,0,27,16,0.0,0.0,0.0,0.0,0.0,0.0,1.0
346359,0,1,3400,-63,63,18,8.4,23,0.50,44448.000000,0,27,16,0.0,0.0,0.0,0.0,0.0,0.0,1.0
346608,0,1,3400,-63,63,21,17,23,0.55,46528.000000,0,27,15,0.0,1568.000000,50,0.0,0.0,0.0,1.0
346857,0,1,3400,-63,63,20,18,23,1.4,15456.000000,25,27,2.1,0.0,6688.000000,14,0.0,0.0,0.0,1.0
347106,0,1,3400,-63,63,21,17,23,0.96,32096.000000,0,27,2.0,0.0,0.0,0.0,0.0,0.0,0.0,1.0
347355,0,1,3400,-63,63,18,18,23,0.50,57344.000000,0,27,2.0,0.0,0.0,0.0,0.0,0.0,0.0,1.0
347604,0,1,3400,-63,63,18,16,23,0.50,26016.000000,0,27,2.2,0.0,15104.000000,0,0.0,0.0,0.0,1.0
347853,0,1,3400,-63,63,23,7.2,23,0.50,62080.000000,0,27,3.0,0.0,0.0,0.0,0.0,0.0,0.0,1.0
348102,0,1,3400,-63,63,20,12,23,0.50,22144.000000,0,27,3.0,0.0,0.0,0.0,0.0,0.0,0.0,1.0
348351,0,1,3400,-63,63,19,16,23,0.62,52512.000000,0,27,3.0,0.0,0.0,0.0,0.0,0.0,0.0,1.0
348600,0,1,3400,-63,63,17,13,23,0.50,26432.000000,0,27,3.0,186,0.0,0.0,0.0,0.0,0.0,1.0
348849,0,1,3400,-63,63,22,14,23,0.50,31328.000000,0,27,14,0.0,130720.000000,32,0.0,0.0,0.0,1.0
349098,0,1,3400,-63,63,20,12,22,0.50,39168.000000,0,27,15,0.0,0.0,0.0,0.0,0.0,0.0,1.0
349347,0,1,3400,-63,63,17,14,23,0.54,53312.000000,0,27,15,0.0,0.0,0.0,0.0,0.0,0.0,1.0
349596,0,1,3400,-63,63,18,16,22,0.52,51616.000000,0,27,14,0.0,44480.000000,27,0.0,0.0,0.0,1.0
349845,0,1,3400,-63,63,16,18,23,0.59,31072.000000,0,27,12,0.0,39392.000000,73,0.0,0.0,0.0,1.0
350094,0,1,3400,-63,63,21,17,23,0.50,27296.000000,0,27,12,0.0,0.0,0.0,0.0,0.0,0.0,1.0
350343,0,1,3400,-63,63,20,15,23,0.51,37760.000000,0,27,12,0.0,0.0,0.0,0.0,0.0,0.0,1.0
350592,0,1,3400,-63,63,25,13,22,0.51,36896.000000,0,27,12,0.0,85120.000000,27,0.0,0.0,0.0,1.0
350841,0,1,3400,-63,63,22,18,23,0.50,37248.000000,0,27,12,0.0,0.0,0.0,0.0,0.0,0.0,1.0
351090,0,1,3400,-63,63,21,11,23,0.50,10304.000000,0,27,12,0.0,0.0,0.0,0.0,0.0,0.0,1.0
351339,0,1,3400,-63,63,18,13,23,0.50,15456.000000,0,27,12,0.0,0.0,0.0,0.0,0.0,0.0,1.0
351588,0,1,3400,-63,63,19,12,23,0.51,26144.000000,11,27,12,186,0.0,0.0,0.0,0.0,0.0,1.0
351837,0,1,3400,-63,63,16,15,23,0.52,26176.000000,0,27,4.4,0.0,41344.000000,0,0.0,0.0,0.0,1.0
352086,0,1,3400,-63,63,17,16,23,0.50,37536.000000,0,27,4.0,0.0,0.0,0.0,0.0,0.0,0.0,1.0
352335,0,1,3400,-63,63,17,18,22,0.51,41504.000000,0,27,4.0,0.0,0.0,0.0,0.0,0.0,0.0,1.0
352584,0,1,3400,-63,63,21,9.5,22,0.50,58080.000000,0,27,4.1,186,0.0,0.0,0.0,0.0,0.0,1.0
352833,0,1,3400,-63,63,20,16,23,0.50,46784.000000,0,27,2.2,0.0,24832.000000,0,0.0,0.0,0.0,1.0
353082,0,1,3400,-63,63,17,8.0,22,0.50,43808.000000,0,27,2.1,0.0,0.0,0.0,0.0,0.0,0.0,1.0
353331,0,1,3400,-63,63,17,18,23,0.50,41440.000000,0,27,2.0,0.0,0.0,0.0,0.0,0.0,0.0,1.0
353580,0,1,3400,-63,63,24,15,23,0.50,27104.000000,0,27,2.0,186,0.0,0.0,0.0,0.0,0.0,1.0
353829,0,1,3400,-63,63,23,13,23,0.50,31488.000000,0,27,2.1,0.0,28160.000000,0,0.0,0.0,0.0,1.0
354078,0,1,3400,-63,63,23,14,23,0.50,62976.000000,0,27,2.1,0.0,0.0,0.0,0.0,0.0,0.0,1.0
354327,0,1,3400,-63,63,25,18,23,0.56,46368.000000,0,27,2.0,0.0,0.0,0.0,0.0,0.0,0.0,1.0
354576,0,1,3400,-63,63,22,14,24,0.60,21216.000000,0,27,2.3,0.0,34560.000000,0,0.0,0.0,0.0,1.0
354825,0,1,3400,-63,63,20,15,23,0.52,73184.000000,0,27,4.0,0.0,0.0,0.0,0.0,0.0,0.0,1.0
355074,0,1,3400,-63,63,20,10,23,0.54,59232.000000,0,27,4.0,0.0,0.0,0.0,0.0,0.0,0.0,1.0
355323,0,1,3400,-63,63,17,17,23,0.50,16192.000000,0,27,4.0,0.0,0.0,0.0,0.0,0.0,0.0,1.0
355572,0,1,3400,-63,63,16,11,23,0.50,54208.000000,0,27,4.8,0.0,76416.000000,14,0.0,0.0,0.0,1.0
355821,0,1,3400,-63,63,18,14,23,0.50,27552.000000,0,27,12,0.0,11936.000000,80,0.0,0.0,0.0,1.0
356070,0,1,3400,-63,63,24,18,23,0.52,25760.000000,0,27,12,0.0,0.0,0.0,0.0,0.0,0.0,1.0
356319,0,1,3400,-63,63,20,13,22,0.52,37664.000000,0,27,12,0.0,0.0,0.0,0.0,0.0,0.0,1.0
356568,0,1,3400,-63,63,16,15,23,0.50,21952.000000,0,27,12,0.0,18368.000000,20,0.0,0.0,0.0,1.0
356817,0,1,3400,-63,63,17,8.4,23,0.50,35712.000000,0,27,5.0,0.0,2464.000000,0,0.0,0.0,0.0,1.0
357066,0,1,3400,-63,63,17,12,23,0.50,38048.000000,0,27,5.0,0.0,0.0,0.0,0.0,0.0,0.0,1.0
357315,0,1,3400,-63,63,19,6.0,23,0.50,65472.000000,0,27,5.0,0.0,0.0,0.0,0.0,0.0,0.0,1.0
357564,0,1,3400,-63,63,20,17,23,0.56,31232.000000,0,27,5.4,0.0,0.0,80,0.0,0.0,0.0,1.0
357813,0,1,3400,-63,63,21,10,23,0.50,43328.000000,0,27,8.0,0.0,0.0,0.0,0.0,0.0,0.0,1.0
358062,0,1,3400,-63,63,20,16,23,0.50,32032.000000,0,27,8.0,0.0,0.0,0.0,0.0,0.0,0.0,1.0
358311,0,1,3400,-63,63,22,14,23,0.50,35136.000000,0,27,8.0,0.0,0.0,0.0,0.0,0.0,0.0,1.0
358560,0,1,3400,-63,63,20,8.1,24,0.50,21792.000000,0,27,7.3,0.0,15008.000000,0,0.0,0.0,0.0,1.0
358809,0,1,3400,-63,63,18,16,23,0.50,30912.000000,0,27,0.0,0.0,0.0,0.0,0.0,0.0,0.0,1.0
359058,0,1,3400,-63,63,17,16,23,0.50,26624.000000,0,27,0.0,0.0,0.0,0.0,0.0,0.0,0.0,1.0
359307,0,1,3400,-63,63,18,12,24,0.50,26144.000000,0,27,0.0,0.0,0.0,0.0,0.0,0.0,0.0,1.0
359556,0,1,3400,-63,63,17,4.5,23,0.50,24064.000000,0,27,0.056,186,0.0,0.0,0.0,0.0,0.0,1.0
359805,0,1,3400,-63,63,21,16,23,0.52,31488.000000,0,27,6.8,0.0,62784.000000,0,0.0,0.0,0.0,1.0
360054,0,1,3400,-63,63,22,15,23,0.50,47072.000000,0,27,7.0,0.0,0.0,0.0,0.0,0.0,0.0,1.0
360303,0,1,3400,-63,63,18,14,23,0.50,46880.000000,0,27,7.0,0.0,0.0,0.0,0.0,0.0,0.0,1.0
360552,0,1,3400,-63,63,18,16,23,0.50,41696.000000,0,27,7.5,0.0,63520.000000,32,0.0,0.0,0.0,1.0
360801,0,1,3400,-63,63,17,14,23,0.55,61408.000000,0,27,16,0.0,18336.000000,92,0.0,0.0,0.0,1.0
361050,0,1,3400,-63,63,18,19,22,0.50,42368.000000,0,27,16,0.0,0.0,0.0,0.0,0.0,0.0,1.0
361299,0,1,3400,-63,63,18,8.2,22,0.50,60032.000000,0,27,16,0.0,0.0,0.0,0.0,0.0,0.0,1.0
361548,0,1,3400,-63,63,17,14,23,0.50,39168.000000,0,27,16,186,0.0,0.0,0.0,0.0,0.0,1.0
361797,0,1,3400,-63,63,17,14,23,0.50,20608.000000,0,27,4.5,0.0,41344.000000,9,0.0,0.0,0.0,1.0
362046,0,1,3400,-63,63,17,17,23,0.53,38720.000000,0,27,4.0,0.0,0.0,0.0,0.0,0.0,0.0,1.0
362295,0,1,3400,-63,63,19,13,22,0.50,58848.000000,0,27,4.0,0.0,0.0,0.0,0.0,0.0,0.0,1.0
362544,0,1,3400,-63,63,18,6.8,24,0.50,10912.000000,0,27,4.0,0.0,0.0,0.0,0.0,0.0,0.0,1.0
362793,0,1,3400,-63,63,23,17,22,0.50,36224.000000,0,27,0.87,0.0,13184.000000,0,0.0,0.0,0.0,1.0
363042,0,1,3400,-63,63,21,18,23,0.50,26240.000000,0,27,0.0,0.0,0.0,0.0,0.0,0.0,0.0,1.0
363291,0,1,3400,-63,63,20,15,22,0.58,55328.000000,0,27,0.0,0.0,0.0,0.0,0.0,0.0,0.0,1.0
363540,0,1,3400,-63,63,21,18,23,0.55,52128.000000,0,27,1.4,0.0,15808.000000,0,0.0,0.0,0.0,1.0
363789,0,1,3400,-63,63,22,12,22,0.50,49376.000000,0,27,11,0.0,0.0,0.0,0.0,0.0,0.0,1.0
364038,0,1,3400,-63,63,17,18,23,0.50,36640.000000,0,27,10,0.0,0.0,0.0,0.0,0.0,0.0,1.0
364287,0,1,3400,-63,63,19,18,23,0.59,36192.000000,0,27,11,0.0,0.0,0.0,0.0,0.0,0.0,1.0
364536,0,1,3400,-63,63,20,16,22,0.50,57760.000000,0,27,11,186,0.0,0.0,0.0,0.0,0.0,1.0
364785,0,1,3400,-63,63,23,18,23,0.50,31232.000000,0,27,1.3,0.0,16256.000000,0,0.0,0.0,0.0,1.0
365034,0,1,3400,-63,63,17,18,23,0.50,10304.000000,0,27,1.1,0.0,0.0,0.0,0.0,0.0,0.0,1.0
365283,0,1,3400,-63,63,19,18,23,0.50,52288.000000,0,27,1.0,0.0,0.0,0.0,0.0,0.0,0.0,1.0
365532,0,1,3400,-63,63,21,11,23,0.50,63584.000000,0,27,1.3,0.0,25056.000000,0,0.0,0.0,0.0,1.0
365781,0,1,3400,-63,63,18,17,23,0.50,65312.000000,0,27,2.0,0.0,0.0,0.0,0.0,0.0,0.0,1.0
366030,0,1,3400,-63,63,19,18,23,0.51,31040.000000,0,27,2.0,0.0,0.0,0.0,0.0,0.0,0.0,1.0
366279,0,1,3400,-63,63,21,16,22,0.72,37344.000000,6,27,2.0,0.0,0.0,0.0,0.0,0.0,0.0,1.0
366528,0,1,3400,-63,63,21,16,23,0.50,42112.000000,0,27,2.4,0.0,21792.000000,6,0.0,0.0,0.0,1.0
366777,0,1,3400,-63,63,19,16,23,0.50,41600.000000,0,27,4.0,0.0,19552.000000,17,0.0,0.0,0.0,1.0
367026,0,1,3400,-63,63,18,18,22,0.50,46368.000000,0,27,4.0,0.0,0.0,0.0,0.0,0.0,0.0,1.0
367275,0,1,3400,-63,63,18,18,23,0.50,25760.000000,0,27,4.0,0.0,0.0,0.0,0.0,0.0,0.0,1.0
367524,0,1,3400,-63,63,21,16,23,0.50,41504.000000,0,27,3.7,0.0,12768.000000,0,0.0,0.0,0.0,1.0
367773,0,1,3400,-63,63,24,16,23,0.54,62816.000000,0,27,2.0,0.0,0.0,0.0,0.0,0.0,0.0,1.0
368022,0,1,3400,-63,63,20,17,23,0.50,27968.000000,0,27,2.0,0.0,0.0,0.0,0.0,0.0,0.0,1.0
368271,0,1,3400,-63,63,16,7.0,23,0.50,40096.000000,0,27,2.0,0.0,0.0,0.0,0.0,0.0,0.0,1.0
368520,0,1,3400,-63,63,22,17,22,0.51,62752.000000,0,27,3.4,0.0,10592.000000,0,0.0,0.0,0.0,1.0
368769,0,1,3400,-63,63,19,17,24,0.50,27264.000000,0,27,6.9,0.0,0.0,0.0,0.0,0.0,0.0,1.0
369018,0,1,3400,-63,63,20,18,23,0.50,46528.000000,0,27,7.0,0.0,0.0,0.0,0.0,0.0,0.0,1.0
369267,0,1,3400,-63,63,17,18,23,0.50,36064.000000,0,27,7.0,0.0,0.0,0.0,0.0,0.0,0.0,1.0
369516,0,1,3400,-63,63,19,15,23,0.50,51808.000000,0,27,6.9,186,0.0,0.0,0.0,0.0,0.0,1.0
369765,0,1,3400,-63,63,23,18,23,0.50,25760.000000,0,27,9.3,0.0,13632.000000,0,0.0,0.0,0.0,1.0
370014,0,1,3400,-63,63,21,15,23,0.50,68320.000000,0,27,9.5,0.0,0.0,0.0,0.0,0.0,0.0,1.0
370263,0,1,3400,-63,63,19,18,23,0.50,25760.000000,0,27,9.5,0.0,0.0,0.0,0.0,0.0,0.0,1.0
370512,0,1,3400,-63,63,20,16,22,0.54,46944.000000,0,27,9.0,0.0,8928.000000,0,0.0,0.0,0.0,1.0
370761,0,1,3400,-63,63,18,17,22,0.50,25760.000000,0,27,6.0,0.0,0.0,0.0,0.0,0.0,0.0,1.0
371010,0,1,3400,-63,63,17,17,24,0.50,47072.000000,0,27,6.0,0.0,0.0,0.0,0.0,0.0,0.0,1.0
371259,0,1,3400,-63,63,16,16,23,0.50,56992.000000,0,27,6.0,0.0,0.0,0.0,0.0,0.0,0.0,1.0
371508,0,1,3400,-63,63,17,12,23,0.55,48128.000000,0,27,6.4,0.0,13632.000000,0,0.0,0.0,0.0,1.0
371757,0,1,3400,-63,63,20,15,23,0.50,25920.000000,0,27,9.5,0.0,0.0,0.0,0.0,0.0,0.0,1.0
372006,0,1,3400,-63,63,20,12,23,0.50,43680.000000,0,27,9.5,0.0,0.0,0.0,0.0,0.0,0.0,1.0
372255,0,1,3400,-63,63,19,19,23,0.50,36704.000000,0,27,9.5,0.0,0.0,0.0,0.0,0.0,0.0,1.0
372504,0,1,3400,-63,63,17,5.1,23,0.52,39296.000000,0,27,11,0.0,111616.000000,23,0.0,0.0,0.0,1.0
372753,0,1,3400,-63,63,19,14,23,0.51,58336.000000,0,27,16,0.0,0.0,0.0,0.0,0.0,0.0,1.0
373002,0,1,3400,-63,63,22,8.9,23,0.50,76992.000000,0,27,16,0.0,0.0,0.0,0.0,0.0,0.0,1.0
373251,0,1,3400,-63,63,23,10,22,0.50,21920.000000,0,27,16,0.0,0.0,0.0,0.0,0.0,0.0,1.0
373500,0,1,3400,-63,63,24,12,23,0.50,54432.000000,0,27,15,0.0,10592.000000,0,0.0,0.0,0.0,1.0
373749,0,1,3400,-63,63,18,13,23,0.50,45408.000000,0,27,7.0,0.0,0.0,0.0,0.0,0.0,0.0,1.0
373998,0,1,3400,-63,63,16,13,22,0.50,47552.000000,0,27,7.0,0.0,0.0,0.0,0.0,0.0,0.0,1.0
374247,0,1,3400,-63,63,19,12,22,0.56,58688.000000,0,27,7.0,0.0,0.0,0.0,0.0,0.0,0.0,1.0
374496,0,1,3400,-63,63,19,12,23,0.50,54912.000000,0,27,7.0,0.0,0.0,0.0,0.0,0.0,0.0,1.0
374745,0,1,3400,-63,63,17,14,23,0.50,30048.000000,0,27,1.4,0.0,9152.000000,0,0.0,0.0,0.0,1.0
374994,0,1,3400,-63,63,24,16,23,0.50,41792.000000,0,27,0.0,0.0,0.0,0.0,0.0,0.0,0.0,1.0
375243,0,1,3400,-63,63,26,18,22,0.50,52704.000000,0,27,0.0,0.0,0.0,0.0,0.0,0.0,0.0,1.0
375492,0,1,3400,-63,63,17,15,22,0.50,44000.000000,0,27,0.0080,186,0.0,0.0,0.0,0.0,0.0,1.0
375741,0,1,3400,-63,63,14,14,23,0.50,61504.000000,0,27,11,0.0,82432.000000,6,0.0,0.0,0.0,1.0
375990,0,1,3400,-63,63,21,16,23,0.50,42688.000000,0,27,12,0.0,0.0,0.0,0.0,0.0,0.0,1.0
376239,0,1,3400,-63,63,24,8.5,23,0.50,43072.000000,0,27,11,0.0,0.0,0.0,0.0,0.0,0.0,1.0
376488,0,1,3400,-63,63,18,8.6,23,0.50,32416.000000,0,27,12,0.0,24000.000000,0,0.0,0.0,0.0,1.0
376737,0,1,3400,-63,63,19,16,23,0.52,37024.000000,0,27,12,0.0,0.0,0.0,0.0,0.0,0.0,1.0
376986,0,1,3400,-63,63,18,13,23,0.52,33216.000000,0,27,12,0.0,0.0,0.0,0.0,0.0,0.0,1.0
377235,0,1,3400,-63,63,19,13,23,0.50,58720.000000,0,27,12,0.0,0.0,0.0,0.0,0.0,0.0,1.0
377484,0,1,3400,-63,63,23,12,22,0.50,37408.000000,0,27,12,0.0,18464.000000,6,0.0,0.0,0.0,1.0
377733,0,1,3400,-63,63,22,8.6,22,0.50,34464.000000,0,27,2.0,0.0,11872.000000,0,0.0,0.0,0.0,1.0
377982,0,1,3400,-63,63,21,16,23,0.54,24192.000000,0,27,2.0,0.0,0.0,0.0,0.0,0.0,0.0,1.0
378231,0,1,3400,-63,63,15,4.4,24,0.50,21888.000000,0,27,2.0,0.0,0.0,0.0,0.0,0.0,0.0,1.0
378480,0,1,3400,-63,63,17,6.4,23,0.50,18624.000000,0,27,2.0,0.0,0.0,0.0,0.0,0.0,0.0,1.0
378729,0,1,3400,-63,63,19,14,22,0.50,60192.000000,0,27,3.7,0.0,9728.000000,0,0.0,0.0,0.0,1.0
378978,0,1,3400,-63,63,18,6.5,23,0.50,56576.000000,0,27,4.0,0.0,0.0,0.0,0.0,0.0,0.0,1.0
379227,0,1,3400,-63,63,17,11,23,0.64,16928.000000,0,27,4.0,0.0,0.0,0.0,0.0,0.0,0.0,1.0
379476,0,1,3400,-63,63,22,11,23,0.50,31840.000000,0,27,4.0,186,0.0,0.0,0.0,0.0,0.0,1.0
379725,0,1,3400,-63,63,18,10,23,0.50,43680.000000,0,27,4.1,0.0,11776.000000,0,0.0,0.0,0.0,1.0
379974,0,1,3400,-63,63,17,12,23,0.50,46560.000000,0,27,4.0,0.0,0.0,0.0,0.0,0.0,0.0,1.0
380223,0,1,3400,-63,63,16,16,23,0.50,25760.000000,0,27,4.0,0.0,0.0,0.0,0.0,0.0,0.0,1.0
380472,0,1,3400,-63,63,17,12,23,0.50,34176.000000,0,27,3.9,0.0,40832.000000,0,0.0,0.0,0.0,1.0
380721,0,1,3400,-63,63,16,17,22,0.77,51872.000000,0,27,4.0,0.0,0.0,0.0,0.0,0.0,0.0,1.0
380970,0,1,3400,-63,63,17,16,23,0.71,26624.000000,0,27,4.0,0.0,0.0,0.0,0.0,0.0,0.0,1.0
381219,0,1,3400,-63,63,17,16,23,0.50,56832.000000,0,27,4.0,0.0,0.0,0.0,0.0,0.0,0.0,1.0
381468,0,1,3400,-63,63,16,14,23,0.51,42560.000000,0,27,3.8,0.0,27040.000000,0,0.0,0.0,0.0,1.0
381717,0,1,3400,-63,63,18,16,23,0.50,31168.000000,0,27,2.0,0.0,0.0,0.0,0.0,0.0,0.0,1.0
381966,0,1,3400,-63,63,19,18,23,0.50,31104.000000,0,27,2.0,0.0,0.0,0.0,0.0,0.0,0.0,1.0
382215,0,1,3400,-63,63,25,10,23,0.50,28704.000000,0,27,2.0,0.0,0.0,0.0,0.0,0.0,0.0,1.0
382464,0,1,3400,-63,63,25,8.2,23,0.50,39424.000000,0,27,3.2,0.0,106240.000000,18,0.0,0.0,0.0,1.0
382713,0,1,3400,-63,63,19,2.5,23,0.50,11072.000000,0,27,14,0.0,18336.000000,88,0.0,0.0,0.0,1.0
382962,0,1,3400,-63,63,17,14,23,0.50,36064.000000,0,27,14,0.0,0.0,0.0,0.0,0.0,0.0,1.0
383211,0,1,3400,-63,63,14,17,23,0.50,42464.000000,0,27,14,0.0,0.0,0.0,0.0,0.0,0.0,1.0
383460,0,1,3400,-63,63,10,11,23,0.56,53088.000000,0,27,13,0.0,25920.000000,13,0.0,0.0,0.0,1.0
383709,0,1,3400,-63,63,18,16,22,0.50,54624.000000,0,27,7.0,0.0,11936.000000,50,0.0,0.0,0.0,1.0
383958,0,1,3400,-63,63,15,10,23,0.50,51776.000000,0,27,7.0,0.0,0.0,0.0,0.0,0.0,0.0,1.0
384207,0,1,3400,-63,63,15,13,24,0.55,49440.000000,0,27,7.0,0.0,0.0,0.0,0.0,0.0,0.0,1.0
384456,0,1,3400,-63,63,19,8.8,23,0.52,71808.000000,0,27,6.6,0.0,14464.000000,0,0.0,0.0,0.0,1.0
384705,0,1,3400,-63,63,19,18,24,0.50,36224.000000,0,27,0.0,0.0,0.0,0.0,0.0,0.0,0.0,1.0
384954,0,1,3400,-63,63,21,16,24,0.50,37408.000000,0,27,0.0,0.0,0.0,0.0,0.0,0.0,0.0,1.0
385203,0,1,3400,-63,63,17,19,23,0.50,25760.000000,0,27,0.0,0.0,0.0,0.0,0.0,0.0,0.0,1.0
385452,0,1,3400,-63,63,15,18,23,0.50,67200.000000,0,27,1.3,0.0,41344.000000,0,0.0,0.0,0.0,1.0
385701,0,1,3400,-63,63,22,16,23,0.50,21120.000000,0,27,4.0,0.0,0.0,0.0,0.0,0.0,0.0,1.0
385950,0,1,3400,-63,63,21,9.1,23,0.56,53248.000000,0,27,4.0,0.0,0.0,0.0,0.0,0.0,0.0,1.0
386199,0,1,3400,-63,63,22,13,23,0.55,52544.000000,0,27,4.0,0.0,0.0,0.0,0.0,0.0,0.0,1.0
386448,0,1,3400,-63,63,22,18,23,0.55,41536.000000,0,27,4.0,186,0.0,0.0,0.0,0.0,0.0,1.0
386697,0,1,3400,-63,63,17,18,23,0.50,36064.000000,0,27,2.2,0.0,27648.000000,0,0.0,0.0,0.0,1.0
386946,0,1,3400,-63,63,17,9.5,23,0.56,40032.000000,0,27,2.0,0.0,0.0,0.0,0.0,0.0,0.0,1.0
387195,0,1,3400,-63,63,18,12,23,0.51,44064.000000,0,27,2.0,0.0,0.0,0.0,0.0,0.0,0.0,1.0
387444,0,1,3400,-63,63,19,8.7,23,0.50,62336.000000,0,27,3.9,0.0,16064.000000,0,0.0,0.0,0.0,1.0
387693,0,1,3400,-63,63,18,14,23,0.54,33856.000000,0,27,8.5,0.0,0.0,0.0,0.0,0.0,0.0,1.0
387942,0,1,3400,-63,63,21,11,23,0.50,58016.000000,0,27,8.5,0.0,0.0,0.0,0.0,0.0,0.0,1.0
388191,0,1,3400,-63,63,23,15,23,0.50,31264.000000,0,27,8.5,0.0,0.0,0.0,0.0,0.0,0.0,1.0
388440,0,1,3400,-63,63,19,16,23,0.50,56864.000000,0,27,7.7,0.0,12576.000000,0,0.0,0.0,0.0,1.0
388689,0,1,3400,-63,63,14,17,23,0.61,25952.000000,0,27,3.0,0.0,0.0,0.0,0.0,0.0,0.0,1.0
388938,0,1,3400,-63,63,22,14,24,0.52,20768.000000,0,27,3.0,0.0,0.0,0.0,0.0,0.0,0.0,1.0
389187,0,1,3400,-63,63,19,2.2,23,0.50,8096.000000,0,27,3.0,0.0,0.0,0.0,0.0,0.0,0.0,1.0
389436,0,1,3400,-63,63,18,7.4,23,0.50,26016.000000,0,27,4.3,0.0,24000.000000,0,0.0,0.0,0.0,1.0
389685,0,1,3400,-63,63,16,17,22,0.85,41632.000000,9,27,12,0.0,0.0,0.0,0.0,0.0,0.0,1.0
389934,0,1,3400,-63,63,15,17,23,0.50,0.0,0.0,27,12,0.0,0.0,0.0,0.0,0.0,0.0,1.0
390183,0,1,3400,-63,63,18,15,22,0.50,75168.000000,0,27,12,0.0,0.0,0.0,0.0,0.0,0.0,1.0
390432,0,1,3400,-63,63,23,10,23,0.51,40672.000000,0,27,11,0.0,41856.000000,0,0.0,0.0,0.0,1.0
390681,0,1,3400,-63,63,27,18,22,0.67,57056.000000,0,27,4.0,0.0,0.0,0.0,0.0,0.0,0.0,1.0
390930,0,1,3400,-63,63,22,16,23,0.50,34944.000000,0,27,4.0,0.0,0.0,0.0,0.0,0.0,0.0,1.0
391179,0,1,3400,-63,63,19,11,23,0.50,30496.000000,0,27,4.0,0.0,0.0,0.0,0.0,0.0,0.0,1.0
391428,0,1,3400,-63,63,20,12,23,0.50,31584.000000,0,27,3.7,0.0,12288.000000,0,0.0,0.0,0.0,1.0
391677,0,1,3400,-63,63,14,15,23,0.50,20864.000000,0,27,1.0,0.0,0.0,0.0,0.0,0.0,0.0,1.0
391926,0,1,3400,-63,63,18,14,23,0.50,42176.000000,0,27,1.0,0.0,0.0,0.0,0.0,0.0,0.0,1.0
392175,0,1,3400,-63,63,18,13,23,0.50,42048.000000,0,27,1.0,0.0,0.0,0.0,0.0,0.0,0.0,1.0
392424,0,1,3400,-63,63,21,10,23,0.50,5152.000000,0,27,1.0,0.0,0.0,0.0,0.0,0.0,0.0,1.0
392673,0,1,3400,-63,63,23,10,22,0.56,43584.000000,0,27,0.53,0.0,18560.000000,0,0.0,0.0,0.0,1.0
392922,0,1,3400,-63,63,18,15,22,0.50,45984.000000,0,27,0.024,0.0,0.0,0.0,0.0,0.0,0.0,1.0
393171,0,1,3400,-63,63,16,9.1,23,0.59,40896.000000,0,27,0.0,0.0,0.0,0.0,0.0,0.0,0.0,1.0
393420,0,1,3400,-63,63,19,16,23,0.50,41536.000000,0,27,0.99,0.0,13888.000000,0,0.0,0.0,0.0,1.0
393669,0,1,3400,-63,63,18,18,23,0.50,51712.000000,0,27,7.4,0.0,0.0,0.0,0.0,0.0,0.0,1.0
393918,0,1,3400,-63,63,18,13,23,0.50,39712.000000,0,27,7.5,0.0,0.0,0.0,0.0,0.0,0.0,1.0
394167,0,1,3400,-63,63,19,12,23,0.50,31776.000000,0,27,7.5,0.0,0.0,0.0,0.0,0.0,0.0,1.0
394416,0,1,3400,-63,63,17,11,22,0.50,67488.000000,0,27,6.6,0.0,20736.000000,0,0.0,0.0,0.0,1.0
394665,0,1,3400,-63,63,16,13,22,0.50,43872.000000,0,27,1.0,0.0,0.0,0.0,0.0,0.0,0.0,1.0
394914,0,1,3400,-63,63,18,12,23,0.50,37184.000000,0,27,1.0,0.0,0.0,0.0,0.0,0.0,0.0,1.0
395163,0,1,3400,-63,63,21,6.7,23,0.50,30720.000000,0,27,1.0,0.0,0.0,0.0,0.0,0.0,0.0,1.0
395412,0,1,3400,-63,63,23,12,22,0.54,48672.000000,0,27,1.5,0.0,49952.000000,0,0.0,0.0,0.0,1.0
395661,0,1,3400,-63,63,19,12,23,0.52,47616.000000,0,27,7.0,0.0,0.0,0.0,0.0,0.0,0.0,1.0
395910,0,1,3400,-63,63,15,16,22,0.56,17056.000000,0,27,7.0,0.0,0.0,0.0,0.0,0.0,0.0,1.0
396159,0,1,3400,-63,63,16,19,23,0.63,25920.000000,0,27,7.0,0.0,0.0,0.0,0.0,0.0,0.0,1.0
396408,0,1,3400,-63,63,16,16,23,0.50,43488.000000,0,27,8.6,0.0,21952.000000,0,0.0,0.0,0.0,1.0
396657,0,1,3400,-63,63,16,12,23,0.55,42592.000000,0,27,13,0.0,0.0,0.0,0.0,0.0,0.0,1.0
396906,0,1,3400,-63,63,17,12,23,0.50,42208.000000,0,27,13,0.0,0.0,0.0,0.0,0.0,0.0,1.0
397155,0,1,3400,-63,63,18,12,23,0.86,15808.000000,8,27,13,0.0,0.0,0.0,0.0,0.0,0.0,1.0
397404,0,1,3400,-63,63,21,18,23,0.50,30944.000000,0,27,13,0.0,0.0,0.0,0.0,0.0,0.0,1.0
397653,0,1,3400,-63,63,18,14,23,0.50,31552.000000,0,27,12,0.0,23744.000000,0,0.0,0.0,0.0,1.0
397902,0,1,3400,-63,63,21,13,24,0.50,48672.000000,0,27,12,0.0,0.0,0.0,0.0,0.0,0.0,1.0
398151,0,1,3400,-63,63,20,13,22,0.50,70560.000000,0,27,11,0.0,0.0,0.0,0.0,0.0,0.0,1.0
398400,0,1,3400,-63,63,14,16,23,0.50,58304.000000,0,27,10,0.0,30848.000000,0,0.0,0.0,0.0,1.0
398649,0,1,3400,-63,63,15,15,23,0.50,39360.000000,0,27,5.5,0.0,0.0,0.0,0.0,0.0,0.0,1.0
398898,0,1,3400,-63,63,21,5.4,23,0.50,26688.000000,0,27,5.5,0.0,0.0,0.0,0.0,0.0,0.0,1.0
399147,0,1,3400,-63,63,18,9.1,23,0.70,42720.000000,3,27,5.5,0.0,0.0,0.0,0.0,0.0,0.0,1.0
399396,0,1,3400,-63,63,12,16,23,1.2,31840.000000,0,27,6.4,0.0,16064.000000,0,0.0,0.0,0.0,1.0
399645,0,1,3400,-63,63,16,13,23,0.50,26208.000000,0,27,8.4,0.0,0.0,0.0,0.0,0.0,0.0,1.0
399894,0,1,3400,-63,63,24,14,23,0.56,60608.000000,0,27,8.5,0.0,0.0,0.0,0.0,0.0,0.0,1.0
400143,0,1,3400,-63,63,22,7.5,23,0.50,18560.000000,0,27,8.5,0.0,0.0,0.0,0.0,0.0,0.0,1.0
400392,0,1,3400,-63,63,19,12,23,1.0,42304.000000,2,27,6.1,0.0,24448.000000,0,0.0,0.0,0.0,1.0
400641,0,1,3400,-63,63,15,11,23,0.50,43456.000000,0,27,0.0080,0.0,0.0,0.0,0.0,0.0,0.0,1.0
400890,0,1,3400,-63,63,21,17,23,0.53,41440.000000,0,27,0.0,0.0,0.0,0.0,0.0,0.0,0.0,1.0
401139,0,1,3400,-63,63,19,18,23,0.50,36448.000000,0,27,0.0080,0.0,0.0,0.0,0.0,0.0,0.0,1.0
401388,0,1,3400,-63,63,17,12,23,0.50,28960.000000,0,27,1.5,0.0,18880.000000,0,0.0,0.0,0.0,1.0
401637,0,1,3400,-63,63,14,14,24,0.50,31168.000000,0,27,11,0.0,0.0,0.0,0.0,0.0,0.0,1.0
401886,0,1,3400,-63,63,15,18,24,0.50,20608.000000,0,27,11,0.0,0.0,0.0,0.0,0.0,0.0,1.0
402135,0,1,3400,-63,63,20,16,23,0.50,37600.000000,0,27,11,0.0,0.0,0.0,0.0,0.0,0.0,1.0
402384,0,1,3400,-63,63,24,17,22,0.50,63168.000000,0,27,11,0.0,23488.000000,0,0.0,0.0,0.0,1.0
402633,0,1,3400,-63,63,20,13,23,0.50,53184.000000,0,27,13,0.0,0.0,0.0,0.0,0.0,0.0,1.0
402882,0,1,3400,-63,63,18,14,23,0.50,53280.000000,0,27,14,0.0,0.0,0.0,0.0,0.0,0.0,1.0
403131,0,1,3400,-63,63,18,14,24,0.50,15616.000000,0,27,14,0.0,0.0,0.0,0.0,0.0,0.0,1.0
403380,0,1,3400,-63,63,15,10.0,23,0.50,60512.000000,0,27,13,186,0.0,0.0,0.0,0.0,0.0,1.0
403629,0,1,3400,-63,63,16,14,23,0.51,56224.000000,0,27,9.5,0.0,13632.000000,0,0.0,0.0,0.0,1.0
403878,0,1,3400,-63,63,18,9.0,23,0.50,83584.000000,0,27,9.5,0.0,0.0,0.0,0.0,0.0,0.0,1.0
404127,0,1,3400,-63,63,17,9.1,23,0.50,38112.000000,0,27,9.5,0.0,0.0,0.0,0.0,0.0,0.0,1.0
404376,0,1,3400,-63,63,16,7.6,23,0.50,34432.000000,0,27,9.1,0.0,10688.000000,22,0.0,0.0,0.0,1.0
404625,0,1,3400,-63,63,21,13,23,0.59,43072.000000,0,27,7.9,0.0,59584.000000,0,0.0,0.0,0.0,1.0
404874,0,1,3400,-63,63,20,13,23,0.50,59040.000000,0,27,8.0,0.0,0.0,0.0,0.0,0.0,0.0,1.0
405123,0,1,3400,-63,63,20,10,22,0.50,52448.000000,0,27,8.0,0.0,0.0,0.0,0.0,0.0,0.0,1.0
405372,0,1,3400,-63,63,23,13,23,0.50,57888.000000,0,27,7.9,186,0.0,0.0,0.0,0.0,0.0,1.0
405621,0,1,3400,-63,63,17,9.1,23,0.50,28096.000000,0,27,13,0.0,23488.000000,0,0.0,0.0,0.0,1.0
405870,0,1,3400,-63,63,17,12,22,0.50,51936.000000,0,27,13,0.0,0.0,0.0,0.0,0.0,0.0,1.0
406119,0,1,3400,-63,63,19,14,23,0.51,31744.000000,0,27,13,0.0,0.0,0.0,0.0,0.0,0.0,1.0
406368,0,1,3400,-63,63,24,17,23,0.50,20864.000000,0,27,14,186,0.0,0.0,0.0,0.0,0.0,1.0
406617,0,1,3400,-63,63,18,7.5,23,0.50,53536.000000,0,27,14,0.0,23488.000000,0,0.0,0.0,0.0,1.0
406866,0,1,3400,-63,63,17,12,22,0.60,49696.000000,0,27,13,0.0,0.0,0.0,0.0,0.0,0.0,1.0
407115,0,1,3400,-63,63,21,14,22,0.50,29344.000000,0,27,14,0.0,0.0,0.0,0.0,0.0,0.0,1.0
407364,0,1,3400,-63,63,20,9.8,23,0.50,16256.000000,0,27,14,186,0.0,0.0,0.0,0.0,0.0,1.0
407613,0,1,3400,-63,63,22,14,23,0.50,34912.000000,0,27,13,0.0,24000.000000,0,0.0,0.0,0.0,1.0
407862,0,1,3400,-63,63,21,6.3,22,0.50,58976.000000,0,27,12,0.0,0.0,0.0,0.0,0.0,0.0,1.0
408111,0,1,3400,-63,63,12,14,23,0.50,40640.000000,0,27,12,0.0,0.0,0.0,0.0,0.0,0.0,1.0
408360,0,1,3400,-63,63,10,9.8,23,0.50,21216.000000,0,27,12,0.0,18368.000000,0,0.0,0.0,0.0,1.0
408609,0,1,3400,-63,63,17,17,23,0.50,62272.000000,0,27,12,0.0,0.0,0.0,0.0,0.0,0.0,1.0
408858,0,1,3400,-63,63,18,18,23,0.50,20768.000000,0,27,12,0.0,0.0,0.0,0.0,0.0,0.0,1.0
409107,0,1,3400,-63,63,17,18,23,0.50,41440.000000,0,27,12,0.0,0.0,0.0,0.0,0.0,0.0,1.0
409356,0,1,3400,-63,63,21,16,23,0.50,52384.000000,0,27,12,0.0,104320.000000,18,0.0,0.0,0.0,1.0
409605,0,1,3400,-63,63,19,13,23,0.50,62624.000000,0,27,14,0.0,31040.000000,67,0.0,0.0,0.0,1.0
409854,0,1,3400,-63,63,16,13,23,0.76,36384.000000,0,27,14,0.0,0.0,0.0,0.0,0.0,0.0,1.0
410103,0,1,3400,-63,63,16,11,24,0.50,5408.000000,0,27,14,0.0,0.0,0.0,0.0,0.0,0.0,1.0
410352,0,1,3400,-63,63,16,17,23,0.50,41600.000000,0,27,13,0.0,29184.000000,0,0.0,0.0,0.0,1.0
410601,0,1,3400,-63,63,18,18,23,0.50,30912.000000,0,27,2.0,0.0,0.0,0.0,0.0,0.0,0.0,1.0
410850,0,1,3400,-63,63,18,16,23,0.50,52256.000000,0,27,2.0,0.0,0.0,0.0,0.0,0.0,0.0,1.0
411099,0,1,3400,-63,63,16,16,23,0.50,52096.000000,0,27,2.0,0.0,0.0,0.0,0.0,0.0,0.0,1.0
411348,0,1,3400,-63,63,18,9.9,23,0.50,47232.000000,0,27,2.0,0.0,0.0,0.0,0.0,0.0,0.0,1.0
411597,0,1,3400,-63,63,18,10,23,0.50,51552.000000,0,27,2.1,0.0,28160.000000,0,0.0,0.0,0.0,1.0
411846,0,1,3400,-63,63,21,14,23,0.57,49312.000000,0,27,2.0,0.0,0.0,0.0,0.0,0.0,0.0,1.0
412095,0,1,3400,-63,63,19,12,23,0.54,31488.000000,0,27,2.0,0.0,0.0,0.0,0.0,0.0,0.0,1.0
412344,0,1,3400,-63,63,20,15,23,0.50,48096.000000,0,27,2.0,186,0.0,0.0,0.0,0.0,0.0,1.0
412593,0,1,3400,-63,63,16,7.8,23,0.50,46016.000000,0,27,13,0.0,110240.000000,19,0.0,0.0,0.0,1.0
412842,0,1,3400,-63,63,16,15,23,0.54,68160.000000,0,27,14,0.0,0.0,0.0,0.0,0.0,0.0,1.0
413091,0,1,3400,-63,63,17,17,23,0.50,46784.000000,0,27,14,0.0,0.0,0.0,0.0,0.0,0.0,1.0
413340,0,1,3400,-63,63,18,12,23,0.50,45952.000000,0,27,14,0.0,22720.000000,25,0.0,0.0,0.0,1.0
413589,0,1,3400,-63,63,20,17,23,0.50,31072.000000,0,27,0.0,0.0,6752.000000,0,0.0,0.0,0.0,1.0
413838,0,1,3400,-63,63,17,18,24,0.52,31808.000000,0,27,0.0080,0.0,0.0,0.0,0.0,0.0,0.0,1.0
414087,0,1,3400,-63,63,24,21,22,0.74,30752.000000,0,27,0.0,0.0,0.0,0.0,0.0,0.0,0.0,1.0
414336,0,1,3400,-63,63,23,16,22,0.63,62336.000000,0,27,0.31,0.0,21216.000000,0,0.0,0.0,0.0,1.0
414585,0,1,3400,-63,63,22,18,24,0.50,15456.000000,0,27,2.0,0.0,0.0,0.0,0.0,0.0,0.0,1.0
414834,0,1,3400,-63,63,21,15,23,0.50,47776.000000,0,27,2.0,0.0,0.0,0.0,0.0,0.0,0.0,1.0
415083,0,1,3400,-63,63,21,8.8,23,0.50,41440.000000,0,27,2.0,0.0,0.0,0.0,0.0,0.0,0.0,1.0
415332,0,1,3400,-63,63,17,9.5,23,0.61,27392.000000,6,27,2.6,0.0,42048.000000,7,0.0,0.0,0.0,1.0
415581,0,1,3400,-63,63,16,12,23,0.81,46976.000000,0,27,9.0,0.0,0.0,100.000000,0.0,0.0,0.0,1.0
415830,0,1,3400,-63,63,18,16,23,0.50,45568.000000,0,27,8.9,0.0,0.0,0.0,0.0,0.0,0.0,1.0
416079,0,1,3400,-63,63,14,14,22,0.50,36672.000000,0,27,9.0,0.0,0.0,0.0,0.0,0.0,0.0,1.0
416328,0,1,3400,-63,63,10,9.4,23,0.50,21280.000000,0,27,9.0,0.0,126272.000000,5,0.0,0.0,0.0,1.0
416577,0,1,3400,-63,63,12,18,23,0.50,30912.000000,0,27,14,0.0,0.0,100.000000,0.0,0.0,0.0,1.0
416826,0,1,3400,-63,63,17,18,23,0.50,57248.000000,0,27,14,0.0,0.0,0.0,0.0,0.0,0.0,1.0
417075,0,1,3400,-63,63,19,16,23,0.50,41696.000000,0,27,14,0.0,0.0,0.0,0.0,0.0,0.0,1.0
417324,0,1,3400,-63,63,21,14,22,0.50,54880.000000,0,27,12,0.0,21152.000000,0,0.0,0.0,0.0,1.0
417573,0,1,3400,-63,63,17,17,23,0.50,62496.000000,0,27,0.0,0.0,0.0,0.0,0.0,0.0,0.0,1.0
417822,0,1,3400,-63,63,15,15,23,0.50,48960.000000,0,27,0.0080,0.0,0.0,0.0,0.0,0.0,0.0,1.0
418071,0,1,3400,-63,63,17,14,23,0.52,49344.000000,0,27,0.0080,0.0,0.0,0.0,0.0,0.0,0.0,1.0
418320,0,1,3400,-63,63,22,11,23,0.50,26688.000000,0,27,0.0080,0.0,0.0,0.0,0.0,0.0,0.0,1.0
418569,0,1,3400,-63,63,17,10,23,0.50,16064.000000,0,27,4.2,0.0,152800.000000,16,0.0,0.0,0.0,1.0
418818,0,1,3400,-63,63,13,9.8,23,0.50,37248.000000,0,27,14,0.0,0.0,0.0,0.0,0.0,0.0,1.0
419067,0,1,3400,-63,63,12,11,23,0.58,53760.000000,0,27,14,0.0,0.0,0.0,0.0,0.0,0.0,1.0
419316,0,1,3400,-63,63,15,15,23,0.50,25760.000000,0,27,13,0.0,8000.000000,22,0.0,0.0,0.0,1.0
419565,0,1,3400,-63,63,14,16,23,0.58,46976.000000,0,27,2.0,0.0,31584.000000,0,0.0,0.0,0.0,1.0
419814,0,1,3400,-63,63,15,16,23,0.50,32288.000000,0,27,2.0,0.0,0.0,0.0,0.0,0.0,0.0,1.0
420063,0,1,3400,-63,63,15,17,23,0.50,25760.000000,0,27,2.0,0.0,0.0,0.0,0.0,0.0,0.0,1.0
420312,0,1,3400,-63,63,19,11,23,0.50,49280.000000,0,27,2.8,0.0,14144.000000,20,0.0,0.0,0.0,1.0
420561,0,1,3400,-63,63,18,18,23,0.54,56800.000000,0,27,8.5,0.0,0.0,0.0,0.0,0.0,0.0,1.0
420810,0,1,3400,-63,63,18,18,23,0.50,15808.000000,0,27,8.5,0.0,0.0,0.0,0.0,0.0,0.0,1.0
421059,0,1,3400,-63,63,15,10,23,0.50,19424.000000,0,27,8.5,0.0,0.0,0.0,0.0,0.0,0.0,1.0
421308,0,1,3400,-63,63,17,13,22,0.50,48768.000000,0,27,8.6,0.0,13632.000000,0,0.0,0.0,0.0,1.0
421557,0,1,3400,-63,63,19,15,23,0.55,58528.000000,0,27,9.5,0.0,0.0,0.0,0.0,0.0,0.0,1.0
421806,0,1,3400,-63,63,18,18,23,0.50,36448.000000,0,27,9.5,0.0,0.0,0.0,0.0,0.0,0.0,1.0
422055,0,1,3400,-63,63,20,15,23,0.50,42048.000000,0,27,9.5,0.0,0.0,0.0,0.0,0.0,0.0,1.0
422304,0,1,3400,-63,63,16,15,23,0.73,40000.000000,0,27,8.8,0.0,43520.000000,0,0.0,0.0,0.0,1.0
422553,0,1,3400,-63,63,17,17,23,0.50,21440.000000,0,27,4.0,0.0,0.0,0.0,0.0,0.0,0.0,1.0
422802,0,1,3400,-63,63,19,17,23,0.60,36224.000000,0,27,4.0,0.0,0.0,0.0,0.0,0.0,0.0,1.0
423051,0,1,3400,-63,63,14,18,23,0.53,36224.000000,0,27,4.0,0.0,0.0,0.0,0.0,0.0,0.0,1.0
423300,0,1,3400,-63,63,19,9.2,23,0.56,65760.000000,0,27,4.1,0.0,40320.000000,9,0.0,0.0,0.0,1.0
423549,0,1,3400,-63,63,16,15,24,0.50,38944.000000,0,27,4.0,0.0,0.0,0.0,0.0,0.0,0.0,1.0
423798,0,1,3400,-63,63,15,16,23,0.50,43744.000000,0,27,4.0,0.0,0.0,0.0,0.0,0.0,0.0,1.0
424047,0,1,3400,-63,63,16,13,23,0.55,34368.000000,0,27,4.0,0.0,0.0,0.0,0.0,0.0,0.0,1.0
424296,0,1,3400,-63,63,15,19,23,0.64,47136.000000,0,27,4.0,0.0,36064.000000,0,0.0,0.0,0.0,1.0
424545,0,1,3400,-63,63,19,12,23,0.50,16288.000000,0,27,4.0,0.0,0.0,0.0,0.0,0.0,0.0,1.0
424794,0,1,3400,-63,63,19,18,23,0.50,20608.000000,0,27,4.0,0.0,0.0,0.0,0.0,0.0,0.0,1.0
425043,0,1,3400,-63,63,19,13,23,0.62,21664.000000,0,27,4.0,0.0,0.0,0.0,0.0,0.0,0.0,1.0
425292,0,1,3400,-63,63,19,12,23,0.50,43040.000000,0,27,4.0,186,0.0,0.0,0.0,0.0,0.0,1.0
425541,0,1,3400,-63,63,20,9.1,23,0.50,65792.000000,0,27,5.7,0.0,25280.000000,0,0.0,0.0,0.0,1.0
425790,0,1,3400,-63,63,19,15,24,0.50,23936.000000,0,27,6.0,0.0,0.0,0.0,0.0,0.0,0.0,1.0
426039,0,1,3400,-63,63,22,7.6,23,0.50,52576.000000,0,27,6.0,0.0,0.0,0.0,0.0,0.0,0.0,1.0
426288,0,1,3400,-63,63,17,17,23,0.50,15616.000000,0,27,6.0,186,0.0,0.0,0.0,0.0,0.0,1.0
426537,0,1,3400,-63,63,16,11,22,0.50,42208.000000,0,27,13,0.0,113440.000000,14,0.0,0.0,0.0,1.0
426786,0,1,3400,-63,63,14,14,23,0.50,47200.000000,0,27,14,0.0,0.0,0.0,0.0,0.0,0.0,1.0
427035,0,1,3400,-63,63,18,10,22,0.50,62560.000000,0,27,14,0.0,0.0,0.0,0.0,0.0,0.0,1.0
427284,0,1,3400,-63,63,18,14,24,0.50,40672.000000,0,27,14,0.0,13632.000000,0,0.0,0.0,0.0,1.0
427533,0,1,3400,-63,63,15,11,24,0.50,37728.000000,0,27,13,0.0,0.0,0.0,0.0,0.0,0.0,1.0
427782,0,1,3400,-63,63,19,17,23,0.50,36352.000000,0,27,13,0.0,0.0,0.0,0.0,0.0,0.0,1.0
428031,0,1,3400,-63,63,21,18,23,0.57,31840.000000,0,27,13,0.0,0.0,0.0,0.0,0.0,0.0,1.0
428280,0,1,3400,-63,63,19,18,22,0.62,67264.000000,0,27,13,0.0,23488.000000,0,0.0,0.0,0.0,1.0
428529,0,1,3400,-63,63,18,16,22,0.59,43136.000000,0,27,14,0.0,0.0,0.0,0.0,0.0,0.0,1.0
428778,0,1,3400,-63,63,16,12,23,0.50,29920.000000,0,27,13,0.0,0.0,0.0,0.0,0.0,0.0,1.0
429027,0,1,3400,-63,63,20,12,23,0.59,36064.000000,0,27,13,0.0,0.0,0.0,0.0,0.0,0.0,1.0
429276,0,1,3400,-63,63,20,15,23,0.53,20640.000000,0,27,12,0.0,13952.000000,8,0.0,0.0,0.0,1.0
429525,0,1,3400,-63,63,19,19,23,0.65,25760.000000,0,27,0.0,0.0,0.0,0.0,0.0,0.0,0.0,1.0
429774,0,1,3400,-63,63,17,18,23,0.50,31072.000000,0,27,0.0,0.0,0.0,0.0,0.0,0.0,0.0,1.0
430023,0,1,3400,-63,63,20,13,23,0.51,37728.000000,0,27,0.0,0.0,0.0,0.0,0.0,0.0,0.0,1.0
430272,0,1,3400,-63,63,21,15,23,0.50,16160.000000,0,27,1.2,0.0,96320.000000,9,0.0,0.0,0.0,1.0
430521,0,1,3400,-63,63,16,12,23,0.50,25760.000000,0,27,10,0.0,11936.000000,50,0.0,0.0,0.0,1.0
430770,0,1,3400,-63,63,12,13,22,0.50,49056.000000,0,27,10,0.0,0.0,0.0,0.0,0.0,0.0,1.0
431019,0,1,3400,-63,63,14,12,23,0.50,36384.000000,0,27,10,0.0,0.0,0.0,0.0,0.0,0.0,1.0
431268,0,1,3400,-63,63,17,18,22,0.58,41568.000000,0,27,10,0.0,0.0,0.0,0.0,0.0,0.0,1.0
431517,0,1,3400,-63,63,16,18,23,0.50,25760.000000,0,27,2.8,0.0,19520.000000,0,0.0,0.0,0.0,1.0
431766,0,1,3400,-63,63,17,17,23,0.50,36224.000000,0,27,1.0,0.0,0.0,0.0,0.0,0.0,0.0,1.0
432015,0,1,3400,-63,63,19,17,23,0.56,25088.000000,0,27,1.0,0.0,0.0,0.0,0.0,0.0,0.0,1.0
432264,0,1,3400,-63,63,18,11,22,0.50,67296.000000,0,27,4.5,0.0,21952.000000,0,0.0,0.0,0.0,1.0
432513,0,1,3400,-63,63,20,14,23,0.50,42752.000000,0,27,13,0.0,0.0,0.0,0.0,0.0,0.0,1.0
432762,0,1,3400,-63,63,16,17,23,0.50,31072.000000,0,27,13,0.0,0.0,0.0,0.0,0.0,0.0,1.0
433011,0,1,3400,-63,63,17,20,23,0.50,46816.000000,0,27,13,0.0,0.0,0.0,0.0,0.0,0.0,1.0
433260,0,1,3400,-63,63,21,15,23,0.50,27680.000000,0,27,12,0.0,13632.000000,0,0.0,0.0,0.0,1.0
433509,0,1,3400,-63,63,25,5.2,23,0.50,46752.000000,0,27,9.4,0.0,0.0,0.0,0.0,0.0,0.0,1.0
433758,0,1,3400,-63,63,19,14,23,0.50,71904.000000,0,27,9.4,0.0,0.0,0.0,0.0,0.0,0.0,1.0
434007,0,1,3400,-63,63,16,13,22,0.50,39744.000000,0,27,9.5,0.0,0.0,0.0,0.0,0.0,0.0,1.0
434256,0,1,3400,-63,63,17,14,22,0.50,71392.000000,0,27,9.5,0.0,70880.000000,0,0.0,0.0,0.0,1.0
434505,0,1,3400,-63,63,21,9.3,23,0.57,47616.000000,0,27,12,0.0,0.0,0.0,0.0,0.0,0.0,1.0
434754,0,1,3400,-63,63,21,18,23,0.53,31232.000000,0,27,12,0.0,0.0,0.0,0.0,0.0,0.0,1.0
435003,0,1,3400,-63,63,17,17,23,0.50,41216.000000,0,27,12,0.0,0.0,0.0,0.0,0.0,0.0,1.0
435252,0,1,3400,-63,63,18,15,23,0.50,6656.000000,0,27,12,186,0.0,0.0,0.0,0.0,0.0,1.0
435501,0,1,3400,-63,63,20,18,23,0.50,31072.000000,0,27,13,0.0,21952.000000,0,0.0,0.0,0.0,1.0
435750,0,1,3400,-63,63,17,15,23,0.50,24800.000000,0,27,13,0.0,0.0,0.0,0.0,0.0,0.0,1.0
435999,0,1,3400,-63,63,15,3.5,23,0.50,43168.000000,0,27,13,0.0,0.0,0.0,0.0,0.0,0.0,1.0
436248,0,1,3400,-63,63,13,9.9,23,0.50,15456.000000,0,27,13,186,0.0,0.0,0.0,0.0,0.0,1.0
436497,0,1,3400,-63,63,13,7.3,22,0.50,34048.000000,0,27,14,0.0,143968.000000,5,0.0,0.0,0.0,1.0
436746,0,1,3400,-63,63,15,12,22,0.50,22304.000000,0,27,14,0.0,0.0,0.0,0.0,0.0,0.0,1.0
436995,0,1,3400,-63,63,16,6.4,23,0.50,50176.000000,0,27,14,0.0,0.0,0.0,0.0,0.0,0.0,1.0
437244,0,1,3400,-63,63,16,16,23,0.54,63008.000000,