Timestamp,num_ues,IMSI,RNTI,,slicing_enabled,slice_id,slice_prb,power_multiplier,scheduling_policy,,dl_mcs,dl_n_samples,dl_buffer [bytes],tx_brate downlink [Mbps],tx_pkts downlink,tx_errors downlink (%),dl_cqi,,ul_mcs,ul_n_samples,ul_buffer [bytes],rx_brate uplink [Mbps],rx_pkts uplink,rx_errors uplink (%),ul_rssi,ul_sinr,phr,,sum_requested_prbs,sum_granted_prbs,,dl_pmi,dl_ri,ul_n,ul_turbo_iters
1602807176734,10,1010123456011,70,,1,2,8,1,0,,4.92857,14,0,0.007104,5,0,11,,11.4167,12,0,0.1,5,0,0,23.316,31,,64,48,,0,0,0,1
1602807176984,10,1010123456011,70,,1,2,8,1,0,,0,0,0,0.002208,1,0,7.75,,11,7,0,0.1,3,0,0,21.7367,0,,0,0,,0,0,0,1
1602807177234,10,1010123456011,70,,1,2,8,1,0,,0,0,0,0,0,0,9,,0,0,0,0,0,0,0,0,0,,0,0,,0,0,0,0
1602807177484,10,1010123456011,70,,1,2,8,1,0,,18,3,0,0.005152,1,0,0.1,,0,0,0,0,0,0,0,0,0,,3,4,,0,0,0,0
1602807177734,9,1010123456011,70,,1,2,8,1,0,,18,3,0,0.005152,1,0,5,,13.8,5,0,0.1,2,0,0,18.1302,31,,3,4,,0,0,0,1
1602807177984,9,1010123456011,70,,1,2,8,1,0,,16.6,15,0,0.031296,6,0,9.5,,12.4889,45,407,0.150816,17,23.5294,0,11.2173,31,,22,28,,0,0,0,4
1602807178234,10,1010123456011,70,,1,2,8,1,0,,2.25,48,0,0.022784,19,0,6.5,,0.1,10,0,0.1,4,0,0,8.31058,0,,25,154,,0,0,0,1
1602807178484,9,1010123456011,70,,1,2,8,1,0,,11.4667,15,0,0.020896,6,0,9.8,,0,0,0,0,0,0,0,0,0,,26,32,,0,0,0,0
1602807178734,9,1010123456011,70,,1,2,8,1,0,,13.2,5,0,0.005312,2,0,14,,0,0,0,0,0,0,0,0,0,,4,6,,0,0,0,0
1602807178984,9,1010123456011,70,,1,2,8,1,0,,5.74286,35,0,0.027136,14,0,8.66667,,11.4545,44,0,0.1,19,52.6316,0,9.22048,31,,24,104,,0,0,0,5.31818
1602807179234,9,1010123456011,70,,1,2,8,1,0,,0.142857,21,0,0.006048,8,0,5.75,,0,0,0,0,0,0,0,0,0,,11,170,,0,0,0,0
1602807179484,9,1010123456011,70,,1,2,8,1,0,,1.31707,41,0,0.01728,17,0,11,,0,0,0,0,0,0,0,0,0,,11,178,,0,0,0,0
1602807179734,9,1010123456011,70,,1,2,8,1,0,,4.54545,22,0,0.013152,7,0,5,,12,5,0,0.1,2,0,0,13.2227,31,,40,78,,0,0,0,2.2
1602807179984,8,1010123456011,70,,1,2,8,1,0,,7.22222,18,0,0.01936,9,0,9,,0,0,0,0,0,0,0,0,0,,28,36,,0,0,0,0
1602807180234,8,1010123456011,70,,1,2,8,1,0,,0,0,0,0,0,0,13,,0,0,0,0,0,0,0,0,0,,0,0,,0,0,0,0
1602807180484,9,1010123456011,70,,1,2,8,1,0,,0,0,158,0,0,0,7.75,,0,0,0,0,0,0,0,0,0,,-2,16,,0,0,0,0
1602807180734,11,1010123456011,70,,1,2,8,1,0,,7.53846,13,0,0.010912,5,0,3.5,,12.3953,43,0,0.105632,17,47.0588,0,8.99739,31,,33,64,,0,0,0,5.72093
1602807180984,12,1010123456011,70,,1,2,8,1,0,,1.69565,23,0,0.0112,9,0,9,,0,0,0,0,0,0,0,0,0,,-8,270,,0,0,0,0
1602807181234,12,1010123456011,70,,1,2,8,1,0,,1.2381,21,0,0.011584,9,0,7,,0,0,0,0,0,0,0,0,0,,19,296,,0,0,0,0
1602807181484,11,1010123456011,70,,1,2,8,1,0,,0,6,0,0.015456,3,0,11.6667,,0,0,0,0,0,0,0,0,0,,18,24,,0,0,0,0
1602807181734,10,1010123456011,70,,1,2,8,1,0,,13.7,10,0,0.015712,3,0,9.25,,0.933333,15,0,0.1,6,0,0,9.07009,31,,17,20,,0,0,0,1.13333
1602807181984,10,1010123456011,70,,1,2,8,1,0,,8.76923,13,0,0.015904,6,0,9.2,,0,0,0,0,0,0,0,0,0,,6,38,,0,0,0,0
1602807182234,10,1010123456011,70,,1,2,8,1,0,,12.4444,27,0,0.04176,11,0,9.5,,0,0,0,0,0,0,0,0,0,,69,44,,0,0,0,0
1602807182484,10,1010123456011,70,,1,2,8,1,0,,0.1,45,0,0.012608,18,0,5.66667,,0,0,0,0,0,0,0,0,0,,17,126,,0,0,0,0
1602807182734,10,1010123456011,70,,1,2,8,1,0,,18,5,0,0.010304,2,0,11.6,,15.3455,55,0,0.1,22,68.1818,0,10.0009,31,,6,8,,0,0,0,7.05455
1602807182984,10,1010123456011,70,,1,2,8,1,0,,6.21429,14,0,0.010912,6,0,9.5,,0,0,0,0,0,0,0,0,0,,40,24,,0,0,0,0
1602807183234,10,1010123456011,70,,1,2,8,1,0,,13,16,0,0.021728,7,0,10.6,,0,0,0,0,0,0,0,0,0,,40,22,,0,0,0,0
1602807183484,10,1010123456011,70,,1,2,8,1,0,,0,2,0,0.005152,1,0,10.1667,,0,0,0,0,0,0,0,0,0,,9,4,,0,0,0,0
1602807183734,10,1010123456011,70,,1,2,8,1,0,,14.4286,7,0,0.010528,3,0,9.33333,,4.8,20,0,0.1,9,44.4444,0,8.13154,31,,19,14,,0,0,0,4.6
1602807183984,10,1010123456011,70,,1,2,8,1,0,,0.1,41,136,0.012352,16,0,0.1,,0.1,3,0,0.1,1,0,0,21.3226,0,,17,164,,0,0,0,1
1602807184234,10,1010123456011,70,,1,2,8,1,0,,3.23684,38,0,0.022848,16,0,9,,0,0,0,0,0,0,0,0,0,,66,132,,0,0,0,0
1602807184484,10,1010123456011,70,,1,2,8,1,0,,3.54839,31,0,0.022048,13,0,6.66667,,0,0,0,0,0,0,0,0,0,,47,86,,0,0,0,0
1602807184734,10,1010123456011,70,,1,2,8,1,0,,15.65,20,0,0.021344,8,0,11.25,,15,12,0,0,4,100,0,5.99525,0,,16,18,,0,0,0,10
1602807184984,10,1010123456011,70,,1,2,8,1,0,,4.15385,39,0,0.027328,16,0,7.83333,,0,0,0,0,0,0,0,0,0,,119,128,,0,0,0,0
1602807185234,10,1010123456011,70,,1,2,8,1,0,,2.06522,46,4,0.017152,14,0,7.25,,0,0,0,0,0,0,0,0,0,,34,168,,0,0,0,0
1602807185484,10,1010123456011,70,,1,2,8,1,0,,9.3,10,0,0.016096,8,0,9.83333,,0,0,0,0,0,0,0,0,0,,15,10,,0,0,0,0
1602807185734,10,1010123456011,70,,1,2,8,1,0,,0,0,0,0,0,0,7.8,,0,0,0,0,0,0,0,0,0,,0,0,,0,0,0,0
1602807185984,10,1010123456011,70,,1,2,8,1,0,,7.63636,22,0,0.026592,9,0,10.6667,,9.77778,45,0,0.1,18,50,0,8.34832,31,,140,48,,0,0,0,5.93333
1602807186234,10,1010123456011,70,,1,2,8,1,0,,16,10,0,0.01056,4,0,9.5,,0,0,0,0,0,0,0,0,0,,8,8,,0,0,0,0
1602807186484,10,1010123456011,70,,1,2,8,1,0,,15.75,16,0,0.026432,6,0,9.75,,0,0,0,0,0,0,0,0,0,,25,38,,0,0,0,0
1602807186734,10,1010123456011,70,,1,2,8,1,0,,16.3333,15,0,0.021024,6,0,13,,2.83333,24,0,0.1,10,0,0,7.06243,31,,24,14,,0,0,0,1.125
1602807186984,10,1010123456011,70,,1,2,8,1,0,,11.2222,18,0,0.026176,7,0,10.5,,0,0,0,0,0,0,0,0,0,,56,32,,0,0,0,0
1602807187234,10,1010123456011,70,,1,2,8,1,0,,3.18519,27,0,0.016544,11,0,3,,0,0,0,0,0,0,0,0,0,,129,108,,0,0,0,0
1602807187484,10,1010123456011,70,,1,2,8,1,0,,0,0,0,0,0,0,7.4,,0,0,0,0,0,0,0,0,0,,0,0,,0,0,0,0
1602807187734,10,1010123456011,70,,1,2,8,1,0,,5.2,5,0,0.005312,2,0,2.5,,2.75,24,0,0.1,10,0,0,10.4372,31,,40,10,,0,0,0,1.125
1602807187984,10,1010123456011,70,,1,2,8,1,0,,0,0,0,0,0,0,7,,0,0,0,0,0,0,0,0,0,,0,0,,0,0,0,0
1602807188234,10,1010123456011,70,,1,2,8,1,0,,2.06061,33,0,0.016928,14,0,7.25,,0,0,0,0,0,0,0,0,0,,29,102,,0,0,0,0
1602807188484,10,1010123456011,70,,1,2,8,1,0,,3.41176,17,0,0.011136,7,0,4,,0,0,0,0,0,0,0,0,0,,44,44,,0,0,0,0
1602807188734,10,1010123456011,70,,1,2,8,1,0,,5.03704,27,0,0.022112,11,0,4.25,,14.2,30,0,0.116224,12,33.3333,0,11.9257,31,,75,78,,0,0,0,4.6
1602807188984,10,1010123456011,70,,1,2,8,1,0,,13.4,5,0,0.005344,2,0,7.5,,0,0,0,0,0,0,0,0,0,,4,4,,0,0,0,0
1602807189234,10,1010123456011,70,,1,2,8,1,0,,1.44444,27,0,0.011616,11,0,7.5,,0,0,0,0,0,0,0,0,0,,27,94,,0,0,0,0
1602807189484,10,1010123456011,70,,1,2,8,1,0,,4.96552,29,0,0.02176,12,0,7.83333,,0,0,0,0,0,0,0,0,0,,38,72,,0,0,0,0
1602807189734,10,1010123456011,70,,1,2,8,1,0,,8.8,5,0,0.005312,2,0,10.4,,4.35,20,0,0.1,8,0,0,11.9647,31,,14,10,,0,0,0,1.15
1602807189984,10,1010123456011,70,,1,2,8,1,0,,0,2,0,0,0,0,10.3333,,0,0,0,0,0,0,0,0,0,,6,8,,0,0,0,0
1602807190234,10,1010123456011,70,,1,2,8,1,0,,3.33333,27,0,0.016608,11,0,10.5,,0,0,0,0,0,0,0,0,0,,15,70,,0,0,0,0
1602807190484,10,1010123456011,70,,1,2,8,1,0,,18,9,0,0.020608,4,0,13.1667,,0,0,0,0,0,0,0,0,0,,12,16,,0,0,0,0
1602807190734,10,1010123456011,70,,1,2,8,1,0,,18,3,0,0.010304,2,0,10,,12.8,5,0,0.1,2,0,0,13.3011,31,,3,4,,0,0,0,1.6
1602807190984,10,1010123456011,70,,1,2,8,1,0,,3.90323,31,0,0.02224,12,0,9.5,,0,0,0,0,0,0,0,0,0,,28,108,,0,0,0,0
1602807191234,10,1010123456011,70,,1,2,8,1,0,,18,8,0,0.015456,3,0,13.1667,,0,0,0,0,0,0,0,0,0,,11,12,,0,0,0,0
1602807191484,10,1010123456011,70,,1,2,8,1,0,,18,5,0,0.010304,2,0,12,,0,0,0,0,0,0,0,0,0,,9,8,,0,0,0,0
1602807191734,10,1010123456011,70,,1,2,8,1,0,,14.5714,7,0,0.010464,3,0,11.1667,,4.64,25,0,0.1,10,0,0,10.5058,31,,10,10,,0,0,0,1.16
1602807191984,10,1010123456011,70,,1,2,8,1,0,,18,5,0,0.010304,2,0,9.2,,0,0,0,0,0,0,0,0,0,,6,8,,0,0,0,0
1602807192234,10,1010123456011,70,,1,2,8,1,0,,3.6,25,0,0.01648,10,0,10.6,,0,0,0,0,0,0,0,0,0,,44,68,,0,0,0,0
1602807192484,10,1010123456011,70,,1,2,8,1,0,,8.2,10,0,0.010592,4,0,11.8333,,0,0,0,0,0,0,0,0,0,,32,30,,0,0,0,0
1602807192734,10,1010123456011,70,,1,2,8,1,0,,2.16,25,0,0.007648,4,0,10,,0,2,0,0.1,1,0,0,0,31,,15,76,,0,0,0,0
1602807192984,10,1010123456011,70,,1,2,8,1,0,,5.78571,28,0,0.02016,15,0,11.3333,,14.3243,37,0,0.141888,14,28.5714,0,11.1995,0,,25,84,,0,0,0,4.86486
1602807193234,10,1010123456011,70,,1,2,8,1,0,,6.58824,17,0,0.021152,8,0,11.2,,0,0,0,0,0,0,0,0,0,,4,48,,0,0,0,0
1602807193484,10,1010123456011,70,,1,2,8,1,0,,16.3846,13,0,0.020768,5,0,10.3333,,0,0,0,0,0,0,0,0,0,,40,22,,0,0,0,0
1602807193734,10,1010123456011,70,,1,2,8,1,0,,0,2,0,0.005152,1,0,9.6,,12.4,5,0,0.1,2,0,0,12.3343,31,,9,4,,0,0,0,1.4
1602807193984,10,1010123456011,70,,1,2,8,1,0,,3.61538,26,0,0.016704,11,0,9.33333,,0,0,0,0,0,0,0,0,0,,91,96,,0,0,0,0
1602807194234,10,1010123456011,70,,1,2,8,1,0,,11.0769,13,0,0.01616,6,0,8.8,,0,0,0,0,0,0,0,0,0,,38,32,,0,0,0,0
1602807194484,10,1010123456011,70,,1,2,8,1,0,,0,2,0,0.005152,1,0,12.8,,0,0,0,0,0,0,0,0,0,,3,4,,0,0,0,0
1602807194734,10,1010123456011,70,,1,2,8,1,0,,0,0,0,0,0,0,10.5,,0,0,0,0,0,0,0,0,0,,0,0,,0,0,0,0
1602807194984,10,1010123456011,70,,1,2,8,1,0,,18,7,0,0.015456,3,0,11,,3.71429,7,0,0.1,3,0,0,9.76405,31,,9,12,,0,0,0,1
1602807195234,10,1010123456011,70,,1,2,8,1,0,,7.81818,11,0,0.010592,4,0,10.6,,0,0,0,0,0,0,0,0,0,,44,28,,0,0,0,0
1602807195484,10,1010123456011,70,,1,2,8,1,0,,12.6316,19,0,0.031712,8,0,10,,0,0,0,0,0,0,0,0,0,,236,44,,0,0,0,0
1602807195734,10,1010123456011,70,,1,2,8,1,0,,3.625,16,0,0.010944,6,0,5.75,,5.71429,28,0,0.1,11,0,0,14.3101,31,,37,46,,0,0,0,1
1602807195984,10,1010123456011,70,,1,2,8,1,0,,4.24242,33,0,0.021728,13,0,8.66667,,0,0,0,0,0,0,0,0,0,,-31,96,,0,0,0,0
1602807196234,10,1010123456011,70,,1,2,8,1,0,,4.01923,52,0,0.033184,21,0,9.75,,0,0,0,0,0,0,0,0,0,,14,144,,0,0,0,0
1602807196484,10,1010123456011,70,,1,2,8,1,0,,18,7,0,0.010304,2,0,8.42857,,0,0,0,0,0,0,0,0,0,,9,12,,0,0,0,0
1602807196734,10,1010123456011,70,,1,2,8,1,0,,18,9,0,0.015456,3,0,10.6,,13.2,5,0,0.1,2,0,0,15.564,31,,12,12,,0,0,0,1.4
1602807196984,10,1010123456011,70,,1,2,8,1,0,,0,2,0,0.010304,2,0,11.8333,,0,0,0,0,0,0,0,0,0,,12,4,,0,0,0,0
1602807197234,10,1010123456011,70,,1,2,8,1,0,,18,7,0,0.010304,2,0,8,,0,0,0,0,0,0,0,0,0,,54,12,,0,0,0,0
1602807197484,10,1010123456011,70,,1,2,8,1,0,,0,2,0,0.010304,2,0,12.8571,,0,0,0,0,0,0,0,0,0,,3,4,,0,0,0,0
1602807197734,10,1010123456011,70,,1,2,8,1,0,,0,0,0,0,0,0,6.4,,0,0,0,0,0,0,0,0,0,,0,0,,0,0,0,0
1602807197984,10,1010123456011,70,,1,2,8,1,0,,12.4,10,0,0.01072,4,0,7.66667,,1.4,15,0,0.1,6,0,0,13.3352,31,,22,14,,0,0,0,1.2
1602807198234,10,1010123456011,70,,1,2,8,1,0,,3.27586,29,0,0.016704,11,0,7.83333,,0,0,0,0,0,0,0,0,0,,44,72,,0,0,0,0
1602807198484,10,1010123456011,70,,1,2,8,1,0,,5.8,15,0,0.005792,5,0,9,,0,0,0,0,0,0,0,0,0,,-1,34,,0,0,0,0
1602807198734,10,1010123456011,70,,1,2,8,1,0,,2.30769,26,0,0.01664,11,0,8.2,,0.933333,15,0,0.1,6,0,0,7.76814,31,,4,176,,0,0,0,2.2
1602807198984,10,1010123456011,70,,1,2,8,1,0,,4.21875,32,0,0.022304,12,0,3.25,,0,0,0,0,0,0,0,0,0,,219,154,,0,0,0,0
1602807199234,10,1010123456011,70,,1,2,8,1,0,,0.1,19,0,0.011712,9,0,6,,0,0,0,0,0,0,0,0,0,,-11,92,,0,0,0,0
1602807199484,10,1010123456011,70,,1,2,8,1,0,,1.5,12,0,0.0056,5,0,8,,0,0,0,0,0,0,0,0,0,,2,38,,0,0,0,0
1602807199734,10,1010123456011,70,,1,2,8,1,0,,0.1,20,0,0.006176,8,0,6.8,,15.3725,51,0,0.11328,20,60,0,10.1265,31,,-4,64,,0,0,0,7.15686
1602807199984,10,1010123456011,70,,1,2,8,1,0,,4.11111,18,0,0.011072,7,0,11.6667,,0,0,0,0,0,0,0,0,0,,24,44,,0,0,0,0
1602807200234,10,1010123456011,70,,1,2,8,1,0,,0,0,0,0,0,0,5.75,,0,0,0,0,0,0,0,0,0,,0,0,,0,0,0,0
1602807200484,10,1010123456011,70,,1,2,8,1,0,,5.56522,23,0,0.016576,9,0,10.5,,0,0,0,0,0,0,0,0,0,,38,54,,0,0,0,0
1602807200734,10,1010123456011,70,,1,2,8,1,0,,10.55,20,0,0.021248,9,0,8,,8.64,25,0,0.1,10,0,0,12.1824,31,,9,46,,0,0,0,1.08
1602807200984,10,1010123456011,70,,1,2,8,1,0,,1.81818,33,0,0.01168,13,0,5.2,,0,0,0,0,0,0,0,0,0,,15,78,,0,0,0,0
1602807201234,10,1010123456011,70,,1,2,8,1,0,,1.56,25,0,0.01136,11,0,2.33333,,0,0,0,0,0,0,0,0,0,,28,80,,0,0,0,0
1602807201484,10,1010123456011,70,,1,2,8,1,0,,5.14286,21,0,0.011072,8,0,11.6667,,0,0,0,0,0,0,0,0,0,,22,42,,0,0,0,0
1602807201734,10,1010123456011,70,,1,2,8,1,0,,17.8182,11,0,0.015584,4,0,13,,3.16667,12,0,0.1,5,0,0,11.7517,31,,22,12,,0,0,0,1
1602807201984,10,1010123456011,70,,1,2,8,1,0,,18,3,0,0.005152,1,0,6.66667,,0,0,0,0,0,0,0,0,0,,3,4,,0,0,0,0
1602807202234,10,1010123456011,70,,1,2,8,1,0,,0.1,40,0,0.012352,16,0,8,,0,0,0,0,0,0,0,0,0,,15,126,,0,0,0,0
1602807202484,10,1010123456011,70,,1,2,8,1,0,,1.57143,28,0,0.011552,11,0,4.6,,0,0,0,0,0,0,0,0,0,,23,86,,0,0,0,0
1602807202734,10,1010123456011,70,,1,2,8,1,0,,0,2,0,0.005152,1,0,10.75,,3,7,0,0.1,3,0,0,8.97734,31,,12,4,,0,0,0,1
1602807202984,10,1010123456011,70,,1,2,8,1,0,,0,0,0,0,0,0,5.33333,,0,0,0,0,0,0,0,0,0,,0,0,,0,0,0,0
1602807203234,10,1010123456011,70,,1,2,8,1,0,,2.4,25,0,0.006976,4,0,7.75,,0,0,0,0,0,0,0,0,0,,9,76,,0,0,0,0
1602807203484,10,1010123456011,70,,1,2,8,1,0,,2.85714,35,0,0.02688,21,0,6.83333,,0,0,0,0,0,0,0,0,0,,74,110,,0,0,0,0
1602807203734,10,1010123456011,70,,1,2,8,1,0,,0,0,0,0,0,0,5.75,,0,0,0,0,0,0,0,0,0,,0,0,,0,0,0,0
1602807203984,10,1010123456011,70,,1,2,8,1,0,,1.74286,35,0,0.017504,15,0,7,,14.2,20,0,0.102368,7,0,0,17.8929,31,,20,160,,0,0,0,2.35
1602807204234,10,1010123456011,70,,1,2,8,1,0,,18,7,0,0.015456,3,0,11.25,,0,0,0,0,0,0,0,0,0,,44,12,,0,0,0,0
1602807204484,10,1010123456011,70,,1,2,8,1,0,,18,10,0,0.020608,4,0,7.83333,,0,0,0,0,0,0,0,0,0,,67,20,,0,0,0,0
1602807204734,10,1010123456011,70,,1,2,8,1,0,,6.92308,13,0,0.01072,5,0,9,,12,5,0,0.1,2,0,0,15.0298,31,,31,28,,0,0,0,1.6
1602807204984,10,1010123456011,70,,1,2,8,1,0,,0,0,0,0,0,0,5.75,,0,0,0,0,0,0,0,0,0,,0,0,,0,0,0,0
1602807205234,10,1010123456011,70,,1,2,8,1,0,,2.87879,33,0,0.016864,13,0,7.2,,0,0,0,0,0,0,0,0,0,,30,82,,0,0,0,0
1602807205484,10,1010123456011,70,,1,2,8,1,0,,2.14286,21,0,0.011328,9,0,5.8,,0,0,0,0,0,0,0,0,0,,70,78,,0,0,0,0
1602807205734,10,1010123456011,70,,1,2,8,1,0,,16,7,0,0.0104,3,0,9,,9.4,5,0,0.1,2,0,0,13.3122,31,,16,10,,0,0,0,1
1602807205984,10,1010123456011,70,,1,2,8,1,0,,6,21,0,0.021344,9,0,13,,0,0,0,0,0,0,0,0,0,,79,84,,0,0,0,0
1602807206234,10,1010123456011,70,,1,2,8,1,0,,3.16279,43,0,0.02224,16,0,4,,0,0,0,0,0,0,0,0,0,,147,158,,0,0,0,0
1602807206484,10,1010123456011,70,,1,2,8,1,0,,18,5,0,0.010304,2,0,11.25,,0,0,0,0,0,0,0,0,0,,5,8,,0,0,0,0
1602807206734,10,1010123456011,70,,1,2,8,1,0,,18.0909,11,0,0.01584,5,0,8.8,,8,28,0,0.1,11,0,0,15.3139,31,,17,12,,0,0,0,1.5
1602807206984,10,1010123456011,70,,1,2,8,1,0,,13.9,10,0,0.010624,4,0,8.25,,0,0,0,0,0,0,0,0,0,,8,8,,0,0,0,0
1602807207234,10,1010123456011,70,,1,2,8,1,0,,17,5,0,0.005312,2,0,8,,0,0,0,0,0,0,0,0,0,,4,4,,0,0,0,0
1602807207484,10,1010123456011,70,,1,2,8,1,0,,15.5,10,0,0.010688,4,0,11.2,,0,0,0,0,0,0,0,0,0,,8,8,,0,0,0,0
1602807207734,10,1010123456011,70,,1,2,8,1,0,,0,0,0,0,0,0,10.5,,0,0,0,0,0,0,0,0,0,,0,0,,0,0,0,0
1602807207984,10,1010123456011,70,,1,2,8,1,0,,0,0,315,0,0,0,6.8,,0,0,0,0,0,0,0,0,0,,-8,0,,0,0,0,0
1602807208234,10,1010123456011,70,,1,2,8,1,0,,8,27,0,0.02176,10,0,9.5,,8.55556,9,0,0.1,4,25,0,12.8497,31,,5,60,,0,0,0,3.44444
1602807208484,10,1010123456011,70,,1,2,8,1,0,,1.42105,38,0,0.016992,15,0,4.33333,,0,0,0,0,0,0,0,0,0,,48,152,,0,0,0,0
1602807208734,10,1010123456011,70,,1,2,8,1,0,,3.6,25,0,0.011328,10,0,13.3333,,13.8,5,0,0.1,2,0,0,16.9366,31,,16,86,,0,0,0,1
1602807208984,10,1010123456011,70,,1,2,8,1,0,,16.7059,17,0,0.026272,8,0,11.8,,0,0,0,0,0,0,0,0,0,,45,20,,0,0,0,0
1602807209234,10,1010123456011,70,,1,2,8,1,0,,15,13,0,0.01568,5,0,11,,0,0,0,0,0,0,0,0,0,,26,14,,0,0,0,0
1602807209484,10,1010123456011,70,,1,2,8,1,0,,0,6,0,0.016224,3,0,12.3333,,0,0,0,0,0,0,0,0,0,,134,22,,0,0,0,0
1602807209734,10,1010123456011,70,,1,2,8,1,0,,2.45455,22,0,0.011328,9,0,9.33333,,6,9,0,0.1,4,25,0,7.5188,31,,27,72,,0,0,0,3.22222
1602807209984,10,1010123456011,70,,1,2,8,1,0,,18,10,0,0.015456,3,0,13,,0,0,0,0,0,0,0,0,0,,70,16,,0,0,0,0
1602807210234,10,1010123456011,70,,1,2,8,1,0,,18,6,0,0.015456,3,0,8.5,,0,0,0,0,0,0,0,0,0,,47,8,,0,0,0,0
1602807210484,10,1010123456011,70,,1,2,8,1,0,,0,0,0,0,0,0,9.83333,,0,0,0,0,0,0,0,0,0,,0,0,,0,0,0,0
1602807210734,10,1010123456011,70,,1,2,8,1,0,,2.34783,23,0,0.011328,9,0,4.5,,9,5,0,0.1,2,0,0,18.2536,31,,9,68,,0,0,0,1.6
1602807210984,10,1010123456011,70,,1,2,8,1,0,,18,3,0,0.005152,1,0,10.1667,,0,0,0,0,0,0,0,0,0,,18,4,,0,0,0,0
1602807211234,10,1010123456011,70,,1,2,8,1,0,,0,0,0,0,0,0,8.16667,,0,0,0,0,0,0,0,0,0,,0,0,,0,0,0,0
1602807211484,10,1010123456011,70,,1,2,8,1,0,,18,14,0,0.02576,5,0,11.4286,,0,0,0,0,0,0,0,0,0,,90,20,,0,0,0,0
1602807211734,10,1010123456011,70,,1,2,8,1,0,,18,15,0,0.030912,6,0,12.25,,13.5,6,0,0.1,2,0,0,15.9212,31,,98,24,,0,0,0,1
1602807211984,10,1010123456011,70,,1,2,8,1,0,,18,8,0,0.015456,3,0,7.16667,,0,0,0,0,0,0,0,0,0,,15,12,,0,0,0,0
1602807212234,10,1010123456011,70,,1,2,8,1,0,,18,3,0,0.005152,1,0,11.5,,0,0,0,0,0,0,0,0,0,,2,4,,0,0,0,0
1602807212484,10,1010123456011,70,,1,2,8,1,0,,1.96364,55,0,0.026368,19,0,7,,0,0,0,0,0,0,0,0,0,,57,142,,0,0,0,0
1602807212734,10,1010123456011,70,,1,2,8,1,0,,12.8125,16,0,0.022752,9,0,12.2,,9,5,0,0.1,2,0,0,16.7488,31,,36,24,,0,0,0,1
1602807212984,10,1010123456011,70,,1,2,8,1,0,,5.8,10,0,0.010816,4,0,11,,9,3,0,0.1,1,0,0,21.5294,31,,65,28,,0,0,0,1
1602807213234,10,1010123456011,70,,1,2,8,1,0,,11.4667,15,0,0.020896,6,0,10,,0,0,0,0,0,0,0,0,0,,24,36,,0,0,0,0
1602807213484,10,1010123456011,70,,1,2,8,1,0,,4.8,30,0,0.016608,11,0,11.5714,,0,0,0,0,0,0,0,0,0,,41,74,,0,0,0,0
1602807213734,10,1010123456011,70,,1,2,8,1,0,,1.73585,53,0,0.027936,22,0,8.2,,11.625,8,0,0.1,3,0,0,16.7176,31,,-21,174,,0,0,0,1.375
1602807213984,10,1010123456011,70,,1,2,8,1,0,,4.96875,32,0,0.027072,13,0,7.2,,0,2,0,0.1,1,0,0,0,31,,122,90,,0,0,0,0
1602807214234,10,1010123456011,70,,1,2,8,1,0,,5.5,32,0,0.020928,12,0,6.33333,,0,0,0,0,0,0,0,0,0,,42,84,,0,0,0,0
1602807214484,10,1010123456011,70,,1,2,8,1,0,,0,2,0,0.006176,2,0,9,,0,0,0,0,0,0,0,0,0,,27,4,,0,0,0,0
1602807214734,10,1010123456011,70,,1,2,8,1,0,,5.58333,12,0,0.01072,5,0,10.8333,,10,5,0,0.1,2,0,0,9.54299,31,,114,32,,0,0,0,1.6
1602807214984,10,1010123456011,70,,1,2,8,1,0,,0,0,0,0,0,0,6.66667,,0,0,0,0,0,0,0,0,0,,0,0,,0,0,0,0
1602807215234,10,1010123456011,70,,1,2,8,1,0,,3.2,10,0,0.005504,4,0,9,,0,0,0,0,0,0,0,0,0,,-1,28,,0,0,0,0
1602807215484,10,1010123456011,70,,1,2,8,1,0,,0,0,0,0,0,0,10.8,,0,0,0,0,0,0,0,0,0,,0,0,,0,0,0,0
1602807215734,10,1010123456011,70,,1,2,8,1,0,,11.4667,15,0,0.020896,6,0,9.8,,3.18182,11,0,0.1,4,0,0,13.2892,31,,34,32,,0,0,0,1
1602807215984,10,1010123456011,70,,1,2,8,1,0,,15,10,0,0.01568,4,0,11,,0,0,0,0,0,0,0,0,0,,13,14,,0,0,0,0
1602807216234,10,1010123456011,70,,1,2,8,1,0,,2.85294,34,0,0.016832,13,0,11,,0,0,0,0,0,0,0,0,0,,58,90,,0,0,0,0
1602807216484,10,1010123456011,70,,1,2,8,1,0,,11.75,8,0,0.010528,3,0,12.1667,,0,0,0,0,0,0,0,0,0,,42,14,,0,0,0,0
1602807216734,10,1010123456011,70,,1,2,8,1,0,,20,12,0,0.025984,4,0,12.4,,12,5,0,0.1,2,0,0,18.1866,31,,252,22,,0,0,0,1
1602807216984,10,1010123456011,70,,1,2,8,1,0,,0,3,0,0.015456,3,0,11.3333,,0,0,0,0,0,0,0,0,0,,60,8,,0,0,0,0
1602807217234,10,1010123456011,70,,1,2,8,1,0,,4.86957,23,0,0.021568,10,0,8.6,,0,0,0,0,0,0,0,0,0,,30,54,,0,0,0,0
1602807217484,10,1010123456011,70,,1,2,8,1,0,,18,5,0,0.010304,2,0,12.8571,,0,0,0,0,0,0,0,0,0,,6,8,,0,0,0,0
1602807217734,10,1010123456011,70,,1,2,8,1,0,,18,5,0,0.010304,2,0,13.1667,,12,5,0,0.1,2,0,0,16.9463,31,,6,8,,0,0,0,1
1602807217984,10,1010123456011,70,,1,2,8,1,0,,13,10,0,0.01568,4,0,11.4,,0,0,0,0,0,0,0,0,0,,21,18,,0,0,0,0
1602807218234,10,1010123456011,70,,1,2,8,1,0,,18,3,0,0.005152,1,0,12.6667,,0,0,0,0,0,0,0,0,0,,3,4,,0,0,0,0
1602807218484,10,1010123456011,70,,1,2,8,1,0,,9.53846,13,0,0.015904,5,0,9.42857,,0,0,0,0,0,0,0,0,0,,48,24,,0,0,0,0
1602807218734,10,1010123456011,70,,1,2,8,1,0,,18,9,0,0.020608,4,0,12.6667,,10.4,5,0,0.1,2,0,0,13.859,31,,15,16,,0,0,0,1
1602807218984,10,1010123456011,70,,1,2,8,1,0,,18,15,0,0.030912,6,0,13,,0,0,0,0,0,0,0,0,0,,18,24,,0,0,0,0
1602807219234,10,1010123456011,70,,1,2,8,1,0,,18,11,0,0.020608,4,0,10.6,,0,0,0,0,0,0,0,0,0,,21,20,,0,0,0,0
1602807219484,10,1010123456011,70,,1,2,8,1,0,,0,6,0,0.020608,4,0,11.1667,,0,0,0,0,0,0,0,0,0,,12,12,,0,0,0,0
1602807219734,10,1010123456011,70,,1,2,8,1,0,,0,0,0,0,0,0,12.1667,,0,0,0,0,0,0,0,0,0,,0,0,,0,0,0,0
1602807219984,10,1010123456011,70,,1,2,8,1,0,,18,12,0,0.02576,5,0,13,,12,5,0,0.1,2,0,0,14.4514,31,,18,20,,0,0,0,1.6
1602807220234,10,1010123456011,70,,1,2,8,1,0,,0,0,0,0,0,0,13.3333,,0,0,0,0,0,0,0,0,0,,0,0,,0,0,0,0
1602807220484,10,1010123456011,70,,1,2,8,1,0,,5.875,8,0,0.005408,3,0,11.8333,,0,0,0,0,0,0,0,0,0,,17,12,,0,0,0,0
1602807220734,10,1010123456011,70,,1,2,8,1,0,,3,8,0,0.005568,3,0,9.83333,,10,5,0,0.1,2,0,0,20.7064,31,,2,52,,0,0,0,1
1602807220984,10,1010123456011,70,,1,2,8,1,0,,12.25,8,0,0.010464,3,0,11.5,,0,0,0,0,0,0,0,0,0,,17,14,,0,0,0,0
1602807221234,10,1010123456011,70,,1,2,8,1,0,,18,15,0,0.030912,6,0,12.3333,,0,0,0,0,0,0,0,0,0,,27,24,,0,0,0,0
1602807221484,10,1010123456011,70,,1,2,8,1,0,,3.4,25,0,0.011488,10,0,9.5,,0,0,0,0,0,0,0,0,0,,11,66,,0,0,0,0
1602807221734,10,1010123456011,70,,1,2,8,1,0,,0.1,19,0,0.006176,8,0,8.6,,13.8,5,0,0.1,2,0,0,19.9335,31,,46,118,,0,0,0,1
1602807221984,10,1010123456011,70,,1,2,8,1,0,,16.3,10,0,0.010592,4,0,13,,0,0,0,0,0,0,0,0,0,,14,8,,0,0,0,0
1602807222234,10,1010123456011,70,,1,2,8,1,0,,0,6,0,0.010464,3,0,11.5,,0,0,0,0,0,0,0,0,0,,20,8,,0,0,0,0
1602807222484,10,1010123456011,70,,1,2,8,1,0,,2.34783,23,0,0.011328,9,0,8,,0,0,0,0,0,0,0,0,0,,6,82,,0,0,0,0
1602807222734,10,1010123456011,70,,1,2,8,1,0,,15.5,10,0,0.010688,4,0,13,,13.2,5,0,0.1,2,0,0,16.8547,31,,17,8,,0,0,0,1.8
1602807222984,10,1010123456011,70,,1,2,8,1,0,,15.5833,12,0,0.015776,5,0,13,,0,0,0,0,0,0,0,0,0,,20,12,,0,0,0,0
1602807223234,10,1010123456011,70,,1,2,8,1,0,,3.52941,34,0,0.017024,9,0,8,,0,0,0,0,0,0,0,0,0,,49,164,,0,0,0,0
1602807223484,10,1010123456011,70,,1,2,8,1,0,,0.1,39,158,0.017888,21,0,9.6,,0,0,0,0,0,0,0,0,0,,15,128,,0,0,0,0
1602807223734,10,1010123456011,70,,1,2,8,1,0,,17.3571,14,0,0.02656,7,0,13.5,,12.5714,28,0,0.140384,11,0,0,19.3461,31,,31,20,,0,0,0,1.25
1602807223984,10,1010123456011,70,,1,2,8,1,0,,18,9,0,0.015456,3,0,13.5,,0,0,0,0,0,0,0,0,0,,38,12,,0,0,0,0
1602807224234,10,1010123456011,70,,1,2,8,1,0,,0,6,0,0.015456,3,0,11.3333,,0,0,0,0,0,0,0,0,0,,71,12,,0,0,0,0
1602807224484,10,1010123456011,70,,1,2,8,1,0,,18,3,0,0.005152,1,0,10,,0,0,0,0,0,0,0,0,0,,32,8,,0,0,0,0
1602807224734,10,1010123456011,70,,1,2,8,1,0,,18,8,0,0.015456,3,0,10.1667,,12,5,0,0.1,2,0,0,19.0586,31,,15,20,,0,0,0,1
1602807224984,10,1010123456011,70,,1,2,8,1,0,,18,6,0,0.005152,1,0,8.5,,0,0,0,0,0,0,0,0,0,,12,8,,0,0,0,0
1602807225234,10,1010123456011,70,,1,2,8,1,0,,16.5,16,0,0.036224,8,0,10.6,,0,0,0,0,0,0,0,0,0,,89,34,,0,0,0,0
1602807225484,10,1010123456011,70,,1,2,8,1,0,,6.75,16,0,0.010784,6,0,11,,0,0,0,0,0,0,0,0,0,,-10,136,,0,0,0,0
1602807225734,10,1010123456011,70,,1,2,8,1,0,,18,3,0,0.005152,1,0,9.5,,0,2,0,0.1,1,0,0,0,31,,8,4,,0,0,0,0
1602807225984,10,1010123456011,70,,1,2,8,1,0,,1.63636,22,0,0.011328,9,0,9.5,,10,3,0,0.1,1,0,0,4.97289,0,,17,64,,0,0,0,4
1602807226234,10,1010123456011,70,,1,2,8,1,0,,12.2353,17,0,0.026048,7,0,7,,0,0,0,0,0,0,0,0,0,,56,42,,0,0,0,0
1602807226484,10,1010123456011,70,,1,2,8,1,0,,4.66667,27,0,0.021632,11,0,10.4,,0,0,0,0,0,0,0,0,0,,24,78,,0,0,0,0
1602807226734,10,1010123456011,70,,1,2,8,1,0,,18,11,0,0.020608,4,0,10.5,,6.56,25,0,0.1,10,0,0,13.2411,31,,61,16,,0,0,0,1.08
1602807226984,10,1010123456011,70,,1,2,8,1,0,,0.436364,55,0,0.018016,22,0,9.66667,,0,0,0,0,0,0,0,0,0,,-22,166,,0,0,0,0
1602807227234,10,1010123456011,70,,1,2,8,1,0,,0,2,0,0.005152,1,0,7.5,,0,0,0,0,0,0,0,0,0,,6,4,,0,0,0,0
1602807227484,10,1010123456011,70,,1,2,8,1,0,,0,4,0,0.010304,2,0,11.6667,,0,0,0,0,0,0,0,0,0,,5,8,,0,0,0,0
1602807227734,10,1010123456011,70,,1,2,8,1,0,,15.6429,14,0,0.020768,5,0,12.6667,,10,5,0,0.1,2,0,0,17.3387,31,,61,22,,0,0,0,1.6
1602807227984,10,1010123456011,70,,1,2,8,1,0,,1.46341,41,0,0.02288,17,0,7.33333,,0,0,0,0,0,0,0,0,0,,-4,128,,0,0,0,0
1602807228234,10,1010123456011,70,,1,2,8,1,0,,0,0,0,0,0,0,12,,0,0,0,0,0,0,0,0,0,,0,0,,0,0,0,0
1602807228484,10,1010123456011,70,,1,2,8,1,0,,18.1429,7,0,0.010464,3,0,0.1,,0,0,0,0,0,0,0,0,0,,10,8,,0,0,0,0
1602807228734,10,1010123456011,70,,1,2,8,1,0,,0,4,158,0.010304,2,0,0.1,,12,12,0,0,4,100,0,4.34072,0,,9,8,,0,0,0,10
1602807228984,10,1010123456011,70,,1,2,8,1,0,,18,5,158,0.010304,2,0,6.5,,0,0,0,0,0,0,0,0,0,,35,8,,0,0,0,0
1602807229234,10,1010123456011,70,,1,2,8,1,0,,1.17241,29,0,0.011584,11,0,5,,0,0,0,0,0,0,0,0,0,,33,132,,0,0,0,0
1602807229484,10,1010123456011,70,,1,2,8,1,0,,4.40909,44,0,0.027616,17,0,6.5,,0,0,0,0,0,0,0,0,0,,46,106,,0,0,0,0
1602807229734,10,1010123456011,70,,1,2,8,1,0,,6.08333,12,0,0.010784,5,0,6.33333,,8.75676,37,0,0.1,14,28.5714,0,7.47269,31,,25,30,,0,0,0,4.2973
1602807229984,10,1010123456011,70,,1,2,8,1,0,,17.2857,7,0,0.010464,3,0,13.5,,0,0,0,0,0,0,0,0,0,,19,8,,0,0,0,0
1602807230234,10,1010123456011,70,,1,2,8,1,0,,17,5,0,0.005312,2,0,14,,0,0,0,0,0,0,0,0,0,,4,4,,0,0,0,0
1602807230484,10,1010123456011,70,,1,2,8,1,0,,17.2222,9,0,0.01568,4,0,12,,0,0,0,0,0,0,0,0,0,,37,12,,0,0,0,0
1602807230734,10,1010123456011,70,,1,2,8,1,0,,16.9231,13,0,0.015904,5,0,0.1,,4.41667,24,0,0.1,10,0,0,7.16591,31,,26,12,,0,0,0,2.66667
1602807230984,10,1010123456011,70,,1,2,8,1,0,,17.125,8,0,0.010528,3,0,0.1,,0,0,0,0,0,0,0,0,0,,25,8,,0,0,0,0
1602807231234,10,1010123456011,70,,1,2,8,1,0,,18.1429,21,0,0.031296,8,0,13,,0,0,0,0,0,0,0,0,0,,47,24,,0,0,0,0
1602807231484,10,1010123456011,70,,1,2,8,1,0,,9.26667,15,0,0.01584,6,0,5,,0,0,0,0,0,0,0,0,0,,49,24,,0,0,0,0
1602807231734,10,1010123456011,70,,1,2,8,1,0,,5.93333,30,0,0.02192,12,0,0.1,,11,36,0,0.1,14,35.7143,0,8.33196,31,,179,58,,0,0,0,5.13889
1602807231984,10,1010123456011,70,,1,2,8,1,0,,5.4,10,0,0.010496,4,0,0.1,,0,0,0,0,0,0,0,0,0,,218,34,,0,0,0,0
1602807232234,10,1010123456011,70,,1,2,8,1,0,,5.09091,22,0,0.016032,8,0,0.1,,0,0,0,0,0,0,0,0,0,,265,48,,0,0,0,0
1602807232484,10,1010123456011,70,,1,2,8,1,0,,5.29412,17,0,0.016128,7,0,0.1,,0,0,0,0,0,0,0,0,0,,143,46,,0,0,0,0
1602807232734,10,1010123456011,70,,1,2,8,1,0,,4.83333,18,0,0.010976,7,0,0.1,,4.09756,41,0,0.1,16,43.75,0,4.18383,31,,60,34,,0,0,0,5.41463
1602807232984,10,1010123456011,70,,1,2,8,1,0,,5.05882,17,0,0.01104,7,0,0.1,,0,0,0,0,0,0,0,0,0,,81,32,,0,0,0,0
1602807233234,10,1010123456011,70,,1,2,8,1,0,,0,0,0,0,0,0,0.1,,0,0,0,0,0,0,0,0,0,,0,0,,0,0,0,0
1602807233484,10,1010123456011,70,,1,2,8,1,0,,8.22222,27,0,0.021568,10,0,10,,0,0,0,0,0,0,0,0,0,,140,66,,0,0,0,0
1602807233734,10,1010123456011,70,,1,2,8,1,0,,13.8,5,158,0.005248,2,0,0.1,,1.84615,26,0,0.1,10,0,0,9.58629,31,,14,6,,0,0,0,1
1602807233984,10,1010123456011,70,,1,2,8,1,0,,18,8,0,0.015456,3,0,0.1,,0,0,0,0,0,0,0,0,0,,24,12,,0,0,0,0
1602807234234,10,1010123456011,70,,1,2,8,1,0,,14.7,10,0,0.020992,4,0,0.1,,0,0,0,0,0,0,0,0,0,,36,20,,0,0,0,0
1602807234484,10,1010123456011,70,,1,2,8,1,0,,18,6,0,0.010304,2,0,0.1,,0,0,0,0,0,0,0,0,0,,12,8,,0,0,0,0
1602807234734,10,1010123456011,70,,1,2,8,1,0,,18,13,0,0.020608,4,0,0.1,,0.210526,19,0,0.1,8,0,0,6.25619,31,,56,20,,0,0,0,1
1602807234984,10,1010123456011,70,,1,2,8,1,0,,18,6,0,0.015456,3,0,0.1,,0,0,0,0,0,0,0,0,0,,12,8,,0,0,0,0
1602807235234,10,1010123456011,70,,1,2,8,1,0,,18,3,0,0.005152,1,0,0.1,,0,0,0,0,0,0,0,0,0,,4,4,,0,0,0,0
1602807235484,10,1010123456011,70,,1,2,8,1,0,,14.1818,11,0,0.015712,4,0,0.1,,0,0,0,0,0,0,0,0,0,,22,14,,0,0,0,0
1602807235734,10,1010123456011,70,,1,2,8,1,0,,0,0,0,0,0,0,13,,0,0,0,0,0,0,0,0,0,,0,0,,0,0,0,0
1602807235984,10,1010123456011,70,,1,2,8,1,0,,0.1,57,0,0.016864,22,0,1,,4.30556,36,0,0.1,15,33.3333,0,9.10437,31,,109,230,,0,0,0,3.5
1602807236234,10,1010123456011,70,,1,2,8,1,0,,0.1,39,0,0.014016,18,0,0.1,,0,0,0,0,0,0,0,0,0,,17,126,,0,0,0,0
1602807236484,10,1010123456011,70,,1,2,8,1,0,,0.1,40,0,0.012352,16,0,0.1,,0,0,0,0,0,0,0,0,0,,37,158,,0,0,0,0
1602807236734,10,1010123456011,70,,1,2,8,1,0,,0.1,40,0,0.012352,16,0,0.1,,4.3,30,0,0.1,12,8.33333,0,9.09938,31,,-7,128,,0,0,0,1.6
1602807236984,10,1010123456011,70,,1,2,8,1,0,,0.1,35,26,0.008672,11,0,0.1,,0,0,0,0,0,0,0,0,0,,9,198,,0,0,0,0
1602807237234,10,1010123456011,70,,1,2,8,1,0,,0.1,52,70,0.016064,21,0,0.1,,0,0,0,0,0,0,0,0,0,,147,276,,0,0,0,0
1602807237484,10,1010123456011,70,,1,2,8,1,0,,1.71429,84,0,0.040416,37,0,11,,0,0,0,0,0,0,0,0,0,,55,224,,0,0,0,0
1602807237734,10,1010123456011,70,,1,2,8,1,0,,15.1,10,0,0.015616,4,0,0.1,,10.7561,41,0,0.1,17,41.1765,0,7.938,31,,17,14,,0,0,0,4.97561
1602807237984,10,1010123456011,70,,1,2,8,1,0,,15.0588,17,0,0.026016,7,0,0.1,,0,0,0,0,0,0,0,0,0,,47,24,,0,0,0,0
1602807238234,10,1010123456011,70,,1,2,8,1,0,,0,2,0,0,0,0,0.1,,0,0,0,0,0,0,0,0,0,,8,4,,0,0,0,0
1602807238484,10,1010123456011,70,,1,2,8,1,0,,0,2,0,0.010304,2,0,0.1,,0,0,0,0,0,0,0,0,0,,8,4,,0,0,0,0
1602807238734,10,1010123456011,70,,1,2,8,1,0,,0,2,0,0.005152,1,0,0.1,,1.90909,33,0,0.1,13,15.3846,0,5.67725,31,,4,4,,0,0,0,2.72727
1602807238984,10,1010123456011,70,,1,2,8,1,0,,17,8,0,0.015776,3,0,0.1,,0,0,0,0,0,0,0,0,0,,102,14,,0,0,0,0
1602807239234,10,1010123456011,70,,1,2,8,1,0,,18,10,0,0.020608,4,0,0.1,,0,0,0,0,0,0,0,0,0,,32,16,,0,0,0,0
1602807239484,10,1010123456011,70,,1,2,8,1,0,,0,4,0,0.010304,2,0,0.1,,0,0,0,0,0,0,0,0,0,,20,8,,0,0,0,0
1602807239734,10,1010123456011,70,,1,2,8,1,0,,16.5,16,0,0.031168,6,0,0.1,,0.173913,23,0,0.1,9,11.1111,0,3.6716,31,,74,26,,0,0,0,2.78261
1602807239984,10,1010123456011,70,,1,2,8,1,0,,18.2857,7,0,0.010464,3,0,13,,0,0,0,0,0,0,0,0,0,,14,8,,0,0,0,0
1602807240234,10,1010123456011,70,,1,2,8,1,0,,18,5,0,0.010304,2,0,0.1,,0,0,0,0,0,0,0,0,0,,5,8,,0,0,0,0
1602807240484,10,1010123456011,70,,1,2,8,1,0,,0,6,0,0.015456,3,0,13,,0,0,0,0,0,0,0,0,0,,24,12,,0,0,0,0
1602807240734,10,1010123456011,70,,1,2,8,1,0,,18,17,0,0.030912,6,0,0.1,,0.1,36,0,0.1,14,28.5714,0,4.16795,31,,27,24,,0,0,0,3.58333
1602807240984,10,1010123456011,70,,1,2,8,1,0,,0,2,0,0.005152,1,0,0.1,,0,0,0,0,0,0,0,0,0,,6,4,,0,0,0,0
1602807241234,10,1010123456011,70,,1,2,8,1,0,,18.8571,7,0,0.020704,3,0,0.1,,0,0,0,0,0,0,0,0,0,,20,14,,0,0,0,0
1602807241484,10,1010123456011,70,,1,2,8,1,0,,0,2,0,0.005152,1,0,0.1,,0,0,0,0,0,0,0,0,0,,6,4,,0,0,0,0
1602807241734,10,1010123456011,70,,1,2,8,1,0,,18,3,0,0.005152,1,0,0.1,,2,3,0,0.1,1,0,0,3.37533,31,,3,4,,0,0,0,1
1602807241984,10,1010123456011,70,,1,2,8,1,0,,0,2,0,0.005152,1,0,0.1,,0.1,25,0,0.1,10,10,0,4.0228,0,,3,4,,0,0,0,2.2
1602807242234,10,1010123456011,70,,1,2,8,1,0,,17.6,5,0,0.00528,2,0,0.1,,0,0,0,0,0,0,0,0,0,,7,4,,0,0,0,0
1602807242484,10,1010123456011,70,,1,2,8,1,0,,0,6,0,0.015456,3,0,0.1,,0,0,0,0,0,0,0,0,0,,9,12,,0,0,0,0
1602807242734,10,1010123456011,70,,1,2,8,1,0,,18,5,0,0.010304,2,0,0.1,,5.11538,26,0,0.1,10,60,0,5.39069,31,,12,8,,0,0,0,6.53846
1602807242984,10,1010123456011,70,,1,2,8,1,0,,13.8,5,0,0.005312,2,0,0.1,,0,0,0,0,0,0,0,0,0,,26,6,,0,0,0,0
1602807243234,10,1010123456011,70,,1,2,8,1,0,,0,4,0,0.015552,2,0,0.1,,0,0,0,0,0,0,0,0,0,,13,10,,0,0,0,0
1602807243484,10,1010123456011,70,,1,2,8,1,0,,18,12,0,0.015456,3,0,0.1,,0,0,0,0,0,0,0,0,0,,21,16,,0,0,0,0
1602807243734,10,1010123456011,70,,1,2,8,1,0,,15.5455,11,0,0.020768,5,0,0.1,,0.388889,36,0,0.1,15,13.3333,0,2.97777,31,,18,14,,0,0,0,2.77778
1602807243984,10,1010123456011,70,,1,2,8,1,0,,18,5,0,0.010304,2,0,0.1,,0,0,0,0,0,0,0,0,0,,45,8,,0,0,0,0
1602807244234,10,1010123456011,70,,1,2,8,1,0,,18,3,0,0.005152,1,0,0.1,,0,0,0,0,0,0,0,0,0,,3,4,,0,0,0,0
1602807244484,10,1010123456011,70,,1,2,8,1,0,,16.0625,16,0,0.015872,6,0,0.1,,0,0,0,0,0,0,0,0,0,,60,14,,0,0,0,0
1602807244734,10,1010123456011,70,,1,2,8,1,0,,13.1111,9,0,0.010592,4,0,7,,3.07143,28,0,0.1,12,25,0,4.79856,31,,33,14,,0,0,0,3.78571
1602807244984,10,1010123456011,70,,1,2,8,1,0,,11,5,0,0,0,0,0.1,,0,2,0,0.1,1,0,0,0,0,,20,16,,0,0,0,0
1602807245234,10,1010123456011,70,,1,2,8,1,0,,11,7,0,0.016416,5,0,0.1,,0,0,0,0,0,0,0,0,0,,98,24,,0,0,0,0
1602807245484,10,1010123456011,70,,1,2,8,1,0,,11.4167,24,0,0.023904,8,0,13,,0,0,0,0,0,0,0,0,0,,78,36,,0,0,0,0
1602807245734,10,1010123456011,70,,1,2,8,1,0,,15.1429,7,0,0.013312,4,0,0.1,,1.2,10,0,0.1,4,0,0,8.95911,31,,50,10,,0,0,0,1
1602807245984,10,1010123456011,70,,1,2,8,1,0,,18,7,0,0.015456,3,0,0.1,,0,0,0,0,0,0,0,0,0,,42,12,,0,0,0,0
1602807246234,10,1010123456011,70,,1,2,8,1,0,,18,10,0,0.020608,4,0,0.1,,0,0,0,0,0,0,0,0,0,,24,16,,0,0,0,0
1602807246484,10,1010123456011,70,,1,2,8,1,0,,0,0,0,0,0,0,0.1,,0,0,0,0,0,0,0,0,0,,0,0,,0,0,0,0
1602807246734,10,1010123456011,70,,1,2,8,1,0,,15.1429,7,0,0.010528,3,0,0.1,,0.8,25,0,0.1,10,0,0,6.75303,31,,14,10,,0,0,0,1.16
1602807246984,10,1010123456011,70,,1,2,8,1,0,,17.8,10,158,0.015584,4,0,0.1,,0,0,0,0,0,0,0,0,0,,25,12,,0,0,0,0
1602807247234,10,1010123456011,70,,1,2,8,1,0,,17.32,25,0,0.026624,10,0,10,,0,0,0,0,0,0,0,0,0,,30,20,,0,0,0,0
1602807247484,10,1010123456011,70,,1,2,8,1,0,,18.6,5,0,0.005312,2,0,0.1,,0,0,0,0,0,0,0,0,0,,6,4,,0,0,0,0
1602807247734,10,1010123456011,70,,1,2,8,1,0,,18,5,0,0.010304,2,0,9,,0.1,44,0,0.1,17,17.6471,0,3.76773,31,,12,8,,0,0,0,2.90909
1602807247984,10,1010123456011,70,,1,2,8,1,0,,14.875,8,0,0.010816,2,0,0.1,,0,0,0,0,0,0,0,0,0,,17,16,,0,0,0,0
1602807248234,10,1010123456011,70,,1,2,8,1,0,,11.1429,14,0,0.021056,6,0,0.1,,0,0,0,0,0,0,0,0,0,,46,18,,0,0,0,0
1602807248484,10,1010123456011,70,,1,2,8,1,0,,13,8,0,0.016224,3,0,0.1,,0,0,0,0,0,0,0,0,0,,30,18,,0,0,0,0
1602807248734,10,1010123456011,70,,1,2,8,1,0,,11,13,0,0.021568,5,0,0.1,,0.1,21,0,0.1,8,0,0,6.50849,31,,65,26,,0,0,0,1
1602807248984,10,1010123456011,70,,1,2,8,1,0,,0,2,0,0.005408,1,0,0.1,,0,0,0,0,0,0,0,0,0,,8,6,,0,0,0,0
1602807249234,10,1010123456011,70,,1,2,8,1,0,,0,3,0,0.010816,2,0,0.1,,0,0,0,0,0,0,0,0,0,,43,14,,0,0,0,0
1602807249484,10,1010123456011,70,,1,2,8,1,0,,13,6,0,0.005408,1,0,0.1,,0,0,0,0,0,0,0,0,0,,17,12,,0,0,0,0
1602807249734,10,1010123456011,70,,1,2,8,1,0,,12.5385,13,0,0.026624,6,0,0.1,,0.64,25,0,0.1,10,0,0,5.17786,31,,65,22,,0,0,0,1.36
1602807249984,10,1010123456011,70,,1,2,8,1,0,,12.1667,12,0,0.015968,5,0,0.1,,0,0,0,0,0,0,0,0,0,,57,20,,0,0,0,0
1602807250234,10,1010123456011,70,,1,2,8,1,0,,0,0,0,0,0,0,0.1,,0,0,0,0,0,0,0,0,0,,0,0,,0,0,0,0
1602807250484,10,1010123456011,70,,1,2,8,1,0,,10.2,5,0,0,0,0,0.1,,0,0,0,0,0,0,0,0,0,,45,6,,0,0,0,0
1602807250734,10,1010123456011,70,,1,2,8,1,0,,0,0,0,0.005408,2,0,0.1,,0.1,43,0,0.1,17,29.4118,0,2.18427,31,,0,0,,0,0,0,4.11628
1602807250984,10,1010123456011,70,,1,2,8,1,0,,0,0,0,0,0,0,0.1,,0,0,0,0,0,0,0,0,0,,0,0,,0,0,0,0
1602807251234,10,1010123456011,70,,1,2,8,1,0,,15.375,8,0,0.0104,3,0,0.1,,0,0,0,0,0,0,0,0,0,,14,10,,0,0,0,0
1602807251484,10,1010123456011,70,,1,2,8,1,0,,13.8,5,0,0.005248,2,0,0.1,,0,0,0,0,0,0,0,0,0,,6,6,,0,0,0,0
1602807251734,10,1010123456011,70,,1,2,8,1,0,,18,3,0,0.005152,1,0,0.1,,0,0,0,0,0,0,0,0,0,,4,4,,0,0,0,0
1602807251984,10,1010123456011,70,,1,2,8,1,0,,14.5,10,0,0.010496,4,0,0.1,,1.13889,36,0,0.1,15,26.6667,0,2.60553,31,,14,12,,0,0,0,3.55556
1602807252234,10,1010123456011,70,,1,2,8,1,0,,11.6667,9,0,0.010816,3,0,0.1,,0,0,0,0,0,0,0,0,0,,11,12,,0,0,0,0
1602807252484,10,1010123456011,70,,1,2,8,1,0,,14.8333,12,0,0.015904,5,0,0.1,,0,0,0,0,0,0,0,0,0,,25,18,,0,0,0,0
1602807252734,10,1010123456011,70,,1,2,8,1,0,,13,7,0,0.016224,3,0,0.1,,3.23077,26,0,0.1,10,60,0,2.4177,31,,27,18,,0,0,0,7
1602807252984,10,1010123456011,70,,1,2,8,1,0,,14.4444,18,0,0.021152,7,0,0.1,,0.1,9,0,0.1,4,75,0,3.03117,0,,25,24,,0,0,0,7.33333
1602807253234,10,1010123456011,70,,1,2,8,1,0,,0,0,0,0,0,0,0.1,,0,0,0,0,0,0,0,0,0,,0,0,,0,0,0,0
1602807253484,10,1010123456011,70,,1,2,8,1,0,,12.5882,17,0,0.015904,7,0,0.1,,0,0,0,0,0,0,0,0,0,,22,20,,0,0,0,0
1602807253734,10,1010123456011,70,,1,2,8,1,0,,14.2273,22,0,0.021216,7,0,0.1,,0,8,0,0,4,100,0,0,0,,43,30,,0,0,0,0
1602807253984,10,1010123456011,70,,1,2,8,1,0,,13.3636,11,0,0.010496,4,0,0.1,,0,0,0,0,0,0,0,0,0,,31,18,,0,0,0,0
1602807254234,10,1010123456011,70,,1,2,8,1,0,,11.8,5,0,0.016224,4,0,0.1,,0,0,0,0,0,0,0,0,0,,30,6,,0,0,0,0
1602807254484,10,1010123456011,70,,1,2,8,1,0,,12.4545,11,0,0.02112,4,0,0.1,,0,0,0,0,0,0,0,0,0,,42,22,,0,0,0,0
1602807254734,10,1010123456011,70,,1,2,8,1,0,,10.5,10,0,0.010656,4,0,0.1,,0,0,0,0,0,0,0,0,0,,13,14,,0,0,0,0
1602807254984,10,1010123456011,70,,1,2,8,1,0,,12.0667,15,0,0.021248,7,0,0.1,,0.1,17,0,0.1,7,0,0,3.54352,31,,26,26,,0,0,0,1.35294
1602807255234,10,1010123456011,70,,1,2,8,1,0,,0,0,0,0,0,0,0.1,,0,0,0,0,0,0,0,0,0,,0,0,,0,0,0,0
1602807255484,10,1010123456011,70,,1,2,8,1,0,,13.8,5,0,0.005248,2,0,0.1,,0,0,0,0,0,0,0,0,0,,6,6,,0,0,0,0
1602807255734,10,1010123456011,70,,1,2,8,1,0,,15.2,5,0,0.005248,2,0,0.1,,0,2,0,0.1,1,0,0,0,31,,6,6,,0,0,0,0
1602807255984,10,1010123456011,70,,1,2,8,1,0,,13.8,5,0,0.005248,2,0,0.1,,1.73684,38,0,0.1,15,73.3333,0,1.82965,31,,6,6,,0,0,0,8.21053
1602807256234,10,1010123456011,70,,1,2,8,1,0,,14.25,12,0,0.015904,5,0,0.1,,0,0,0,0,0,0,0,0,0,,22,18,,0,0,0,0
1602807256484,10,1010123456011,70,,1,2,8,1,0,,13.25,12,0,0.016032,5,0,0.1,,0,0,0,0,0,0,0,0,0,,28,18,,0,0,0,0
1602807256734,10,1010123456011,70,,1,2,8,1,0,,9.9,10,0,0.010528,4,0,6,,0.1,44,0,0.1,18,33.3333,0,1.62508,31,,27,16,,0,0,0,4.52273
1602807256984,10,1010123456011,70,,1,2,8,1,0,,11.4444,18,0,0.021536,8,0,10,,0,0,0,0,0,0,0,0,0,,182,32,,0,0,0,0
1602807257234,10,1010123456011,70,,1,2,8,1,0,,15.1333,15,0,0.015872,6,0,0.1,,0,0,0,0,0,0,0,0,0,,17,16,,0,0,0,0
1602807257484,10,1010123456011,70,,1,2,8,1,0,,18,11,0,0.020608,4,0,0.1,,0,0,0,0,0,0,0,0,0,,24,16,,0,0,0,0
1602807257734,10,1010123456011,70,,1,2,8,1,0,,13.2308,13,0,0.010688,5,0,0.1,,0,2,0,0.1,1,0,0,0,31,,14,12,,0,0,0,0
1602807257984,10,1010123456011,70,,1,2,8,1,0,,0,0,0,0,0,0,0.1,,0.1,37,0,0.1,14,57.1429,0,1.12845,0,,0,0,,0,0,0,7.10811
1602807258234,10,1010123456011,70,,1,2,8,1,0,,18.375,8,0,0.010464,3,0,0.1,,0,0,0,0,0,0,0,0,0,,10,8,,0,0,0,0
1602807258484,10,1010123456011,70,,1,2,8,1,0,,16.4211,19,0,0.02112,8,0,0.1,,0,0,0,0,0,0,0,0,0,,27,20,,0,0,0,0
1602807258734,10,1010123456011,70,,1,2,8,1,0,,17.0769,13,0,0.020864,6,0,0.1,,2,25,0,0.1,10,70,0,2.08527,31,,30,18,,0,0,0,7.12
1602807258984,10,1010123456011,70,,1,2,8,1,0,,13.5714,7,0,0.01056,3,0,0.1,,0.1,15,0,0.1,6,66.6667,0,2.71953,31,,49,10,,0,0,0,7.86667
1602807259234,10,1010123456011,70,,1,2,8,1,0,,0,4,0,0.010304,2,0,0.1,,0,0,0,0,0,0,0,0,0,,12,8,,0,0,0,0
1602807259484,10,1010123456011,70,,1,2,8,1,0,,15.2,5,0,0.005248,2,0,0.1,,0,0,0,0,0,0,0,0,0,,6,6,,0,0,0,0
1602807259734,10,1010123456011,70,,1,2,8,1,0,,14.2105,19,0,0.016128,8,0,0.1,,0,0,0,0,0,0,0,0,0,,28,16,,0,0,0,0
1602807259984,10,1010123456011,70,,1,2,8,1,0,,16,14,0,0.015936,6,0,0.1,,0.1,26,0,0.1,10,10,0,2.47335,31,,29,14,,0,0,0,3.19231
1602807260234,10,1010123456011,70,,1,2,8,1,0,,15.6667,21,0,0.020896,7,0,0.1,,0,0,0,0,0,0,0,0,0,,38,26,,0,0,0,0
1602807260484,10,1010123456011,70,,1,2,8,1,0,,18.1111,18,0,0.036224,8,0,0.1,,0,0,0,0,0,0,0,0,0,,74,26,,0,0,0,0
1602807260734,10,1010123456011,70,,1,2,8,1,0,,18.2857,7,0,0.005312,2,0,0.1,,0.555556,36,0,0.1,15,60,0,4.11643,31,,18,8,,0,0,0,6.80556
1602807260984,10,1010123456011,70,,1,2,8,1,0,,18,3,0,0.015552,2,0,0.1,,0,0,0,0,0,0,0,0,0,,32,8,,0,0,0,0
1602807261234,10,1010123456011,70,,1,2,8,1,0,,13.4286,14,0,0.015872,5,0,0.1,,0,0,0,0,0,0,0,0,0,,28,16,,0,0,0,0
1602807261484,10,1010123456011,70,,1,2,8,1,0,,0,2,0,0.005152,1,0,0.1,,0,0,0,0,0,0,0,0,0,,8,4,,0,0,0,0
1602807261734,10,1010123456011,70,,1,2,8,1,0,,18.1667,12,0,0.020768,5,0,0.1,,0.24,25,0,0.1,10,10,0,2.39241,31,,38,16,,0,0,0,2.36
1602807261984,10,1010123456011,70,,1,2,8,1,0,,15.2,5,0,0.005248,2,0,0.1,,0,0,0,0,0,0,0,0,0,,6,6,,0,0,0,0
1602807262234,10,1010123456011,70,,1,2,8,1,0,,18.4167,12,0,0.015776,5,0,0.1,,0,0,0,0,0,0,0,0,0,,20,12,,0,0,0,0
1602807262484,10,1010123456011,70,,1,2,8,1,0,,18,3,0,0.005152,1,0,0.1,,0,0,0,0,0,0,0,0,0,,4,4,,0,0,0,0
1602807262734,10,1010123456011,70,,1,2,8,1,0,,18,12,0,0.02576,5,0,0.1,,0.1,32,0,0.1,13,30.7692,0,2.84872,31,,32,20,,0,0,0,3.78125
1602807262984,10,1010123456011,70,,1,2,8,1,0,,18,11,0,0.020608,4,0,0.1,,0,0,0,0,0,0,0,0,0,,36,16,,0,0,0,0
1602807263234,10,1010123456011,70,,1,2,8,1,0,,0,0,0,0,0,0,0.1,,0,0,0,0,0,0,0,0,0,,0,0,,0,0,0,0
1602807263484,10,1010123456011,70,,1,2,8,1,0,,0,0,0,0,0,0,0.1,,0,0,0,0,0,0,0,0,0,,0,0,,0,0,0,0
1602807263734,10,1010123456011,70,,1,2,8,1,0,,7.35,20,0,0.021344,8,0,4,,0.1,46,0,0.1,18,33.3333,0,2.56627,31,,49,52,,0,0,0,4.28261
1602807263984,10,1010123456011,70,,1,2,8,1,0,,4,7,0,0.00544,3,0,0.1,,0,0,0,0,0,0,0,0,0,,12,20,,0,0,0,0
1602807264234,10,1010123456011,70,,1,2,8,1,0,,3.625,8,0,0.0056,3,0,0.1,,0,0,0,0,0,0,0,0,0,,21,22,,0,0,0,0
1602807264484,10,1010123456011,70,,1,2,8,1,0,,3.6,15,0,0.011168,6,0,0.1,,0,0,0,0,0,0,0,0,0,,80,48,,0,0,0,0
1602807264734,10,1010123456011,70,,1,2,8,1,0,,3.57143,7,0,0.0056,3,0,0.1,,0.347826,23,0,0.1,9,0,0,4.8656,31,,14,22,,0,0,0,1
1602807264984,10,1010123456011,70,,1,2,8,1,0,,3.69565,23,0,0.016768,9,0,0.1,,0.1,3,0,0.1,1,0,0,6.53161,31,,103,108,,0,0,0,1
1602807265234,10,1010123456011,70,,1,2,8,1,0,,3.61538,26,0,0.016576,10,0,0.1,,0,0,0,0,0,0,0,0,0,,54,64,,0,0,0,0
1602807265484,10,1010123456011,70,,1,2,8,1,0,,3.42857,7,0,0.005728,3,0,0.1,,0,0,0,0,0,0,0,0,0,,23,32,,0,0,0,0
1602807265734,10,1010123456011,70,,1,2,8,1,0,,3.8125,16,0,0.01104,6,0,10,,0.3,20,0,0.1,8,0,0,4.84305,31,,42,42,,0,0,0,1.95
1602807265984,10,1010123456011,70,,1,2,8,1,0,,16.6875,16,0,0.025856,6,0,0.1,,0,0,0,0,0,0,0,0,0,,42,22,,0,0,0,0
1602807266234,10,1010123456011,70,,1,2,8,1,0,,15.375,8,0,0.0104,3,0,0.1,,0,0,0,0,0,0,0,0,0,,21,10,,0,0,0,0
1602807266484,10,1010123456011,70,,1,2,8,1,0,,18,5,158,0.010304,2,0,0.1,,0,0,0,0,0,0,0,0,0,,16,8,,0,0,0,0
1602807266734,10,1010123456011,70,,1,2,8,1,0,,12.6667,9,0,0.01072,3,0,0.1,,1.11111,27,0,0.1,11,54.5455,0,3.29455,31,,18,12,,0,0,0,5.66667
1602807266984,10,1010123456011,70,,1,2,8,1,0,,15.6154,13,0,0.020864,5,0,0.1,,0,0,0,0,0,0,0,0,0,,33,18,,0,0,0,0
1602807267234,10,1010123456011,70,,1,2,8,1,0,,18,8,0,0.015456,3,0,0.1,,0,0,0,0,0,0,0,0,0,,28,12,,0,0,0,0
1602807267484,10,1010123456011,70,,1,2,8,1,0,,18,6,0,0.010304,2,0,0.1,,0,0,0,0,0,0,0,0,0,,12,8,,0,0,0,0
1602807267734,10,1010123456011,70,,1,2,8,1,0,,18,3,0,0.005152,1,0,0.1,,0.1,3,0,0.1,1,0,0,5.29854,31,,8,4,,0,0,0,1
1602807267984,10,1010123456011,70,,1,2,8,1,0,,18,3,0,0.005152,1,0,0.1,,0.266667,30,0,0.1,13,30.7692,0,3.53598,0,,4,4,,0,0,0,4
1602807268234,10,1010123456011,70,,1,2,8,1,0,,0,4,0,0.010304,2,0,0.1,,0,0,0,0,0,0,0,0,0,,16,8,,0,0,0,0
1602807268484,10,1010123456011,70,,1,2,8,1,0,,16.5,14,0,0.020704,5,0,0.1,,0,0,0,0,0,0,0,0,0,,32,18,,0,0,0,0
1602807268734,10,1010123456011,70,,1,2,8,1,0,,0,2,0,0.005152,1,0,9,,0.1,30,0,0.1,12,66.6667,0,1.43516,31,,8,4,,0,0,0,7.2
1602807268984,10,1010123456011,70,,1,2,8,1,0,,13.0714,14,0,0.026944,6,0,0.1,,0.1,21,0,0.1,9,55.5556,0,1.64206,31,,50,30,,0,0,0,5.85714
1602807269234,10,1010123456011,70,,1,2,8,1,0,,13,5,0,0.005408,1,0,0.1,,0,0,0,0,0,0,0,0,0,,12,12,,0,0,0,0
1602807269484,10,1010123456011,70,,1,2,8,1,0,,10.75,8,0,0.016128,4,0,0.1,,0,0,0,0,0,0,0,0,0,,21,14,,0,0,0,0
1602807269734,10,1010123456011,70,,1,2,8,1,0,,13,10,0,0.021632,4,0,0.1,,1.2,15,0,0.1,6,0,0,3.46552,31,,40,24,,0,0,0,1.93333
1602807269984,10,1010123456011,70,,1,2,8,1,0,,0,2,0,0.005408,1,0,0.1,,0,0,0,0,0,0,0,0,0,,13,6,,0,0,0,0
1602807270234,10,1010123456011,70,,1,2,8,1,0,,13,9,0,0.016224,3,0,0.1,,0,0,0,0,0,0,0,0,0,,35,18,,0,0,0,0
1602807270484,10,1010123456011,70,,1,2,8,1,0,,13.5,10,0,0.010656,4,0,0.1,,0,0,0,0,0,0,0,0,0,,26,12,,0,0,0,0
1602807270734,10,1010123456011,70,,1,2,8,1,0,,15.1429,7,0,0.015968,3,0,0.1,,3.81818,11,0,0.1,5,20,0,8.00018,31,,25,16,,0,0,0,2.63636
1602807270984,10,1010123456011,70,,1,2,8,1,0,,0,2,0,0.005408,1,0,0.1,,0,0,0,0,0,0,0,0,0,,14,6,,0,0,0,0
1602807271234,10,1010123456011,70,,1,2,8,1,0,,14.5714,7,158,0.010656,3,0,0.1,,0,0,0,0,0,0,0,0,0,,49,16,,0,0,0,0
1602807271484,10,1010123456011,70,,1,2,8,1,0,,14.1667,12,0,0.02128,5,0,0.1,,0,0,0,0,0,0,0,0,0,,33,22,,0,0,0,0
1602807271734,10,1010123456011,70,,1,2,8,1,0,,13.4,10,0,0.016128,4,0,0.1,,0,8,0,0,4,100,0,0,0,,20,18,,0,0,0,0
1602807271984,10,1010123456011,70,,1,2,8,1,0,,13.2,15,0,0.016128,4,0,0.1,,0,0,0,0,0,0,0,0,0,,70,24,,0,0,0,0
1602807272234,10,1010123456011,70,,1,2,8,1,0,,11.25,8,0,0.016224,4,0,0.1,,0,0,0,0,0,0,0,0,0,,25,12,,0,0,0,0
1602807272484,10,1010123456011,70,,1,2,8,1,0,,13.8333,12,0,0.015968,5,0,0.1,,0,0,0,0,0,0,0,0,0,,51,18,,0,0,0,0
1602807272734,10,1010123456011,70,,1,2,8,1,0,,10.5455,11,0,0.01616,4,0,0.1,,3.23077,26,0,0.1,10,40,0,3.54493,31,,36,20,,0,0,0,5.23077
1602807272984,10,1010123456011,70,,1,2,8,1,0,,13,3,0,0.005408,1,0,0.1,,0,0,0,0,0,0,0,0,0,,4,6,,0,0,0,0
1602807273234,10,1010123456011,70,,1,2,8,1,0,,11.8,5,0,0.005408,2,0,0.1,,0,0,0,0,0,0,0,0,0,,5,6,,0,0,0,0
1602807273484,10,1010123456011,70,,1,2,8,1,0,,11.0909,11,0,0.010816,4,0,0.1,,0,0,0,0,0,0,0,0,0,,22,14,,0,0,0,0
1602807273734,10,1010123456011,70,,1,2,8,1,0,,13.5,8,0,0.01072,3,0,0.1,,0.1,19,0,0.1,8,0,0,5.56303,31,,31,18,,0,0,0,1.15789
1602807273984,10,1010123456011,70,,1,2,8,1,0,,0,2,0,0,0,0,0.1,,0,0,0,0,0,0,0,0,0,,15,12,,0,0,0,0
1602807274234,10,1010123456011,70,,1,2,8,1,0,,13.5,8,0,0.016128,4,0,0.1,,0,0,0,0,0,0,0,0,0,,26,12,,0,0,0,0
1602807274484,10,1010123456011,70,,1,2,8,1,0,,14.375,8,0,0.010656,3,0,0.1,,0,0,0,0,0,0,0,0,0,,24,12,,0,0,0,0
1602807274734,10,1010123456011,70,,1,2,8,1,0,,13.3636,11,0,0.016128,4,0,0.1,,0,2,0,0,1,100,0,0,0,,45,18,,0,0,0,0
1602807274984,10,1010123456011,70,,1,2,8,1,0,,13.5,10,0,0.010624,4,0,0.1,,1.64706,17,0,0.1,7,14.2857,0,2.80412,31,,24,12,,0,0,0,2.76471
1602807275234,10,1010123456011,70,,1,2,8,1,0,,13.1667,12,0,0.016032,5,0,0.1,,0,0,0,0,0,0,0,0,0,,40,18,,0,0,0,0
1602807275484,10,1010123456011,70,,1,2,8,1,0,,12.05,20,0,0.021504,7,0,0.1,,0,0,0,0,0,0,0,0,0,,63,32,,0,0,0,0
1602807275734,10,1010123456011,70,,1,2,8,1,0,,13.5714,7,0,0.016128,4,0,0.1,,0.1,19,0,0.1,8,0,0,8.41576,31,,27,12,,0,0,0,1
1602807275984,10,1010123456011,70,,1,2,8,1,0,,13.3846,13,0,0.01072,3,0,0.1,,0,0,0,0,0,0,0,0,0,,33,18,,0,0,0,0
1602807276234,10,1010123456011,70,,1,2,8,1,0,,13.2,5,0,0.005312,2,0,0.1,,0,0,0,0,0,0,0,0,0,,12,6,,0,0,0,0
1602807276484,10,1010123456011,70,,1,2,8,1,0,,13.5,12,0,0.015936,6,0,0.1,,0,0,0,0,0,0,0,0,0,,30,12,,0,0,0,0
1602807276734,10,1010123456011,70,,1,2,8,1,0,,13.5,18,0,0.021344,7,0,0.1,,0.761905,21,0,0.1,9,11.1111,0,3.19994,31,,44,24,,0,0,0,2.04762
1602807276984,10,1010123456011,70,,1,2,8,1,0,,0,0,0,0,0,0,0.1,,0,0,0,0,0,0,0,0,0,,0,0,,0,0,0,0
1602807277234,10,1010123456011,70,,1,2,8,1,0,,12.8235,17,0,0.026464,7,0,0.1,,0,0,0,0,0,0,0,0,0,,83,32,,0,0,0,0
1602807277484,10,1010123456011,70,,1,2,8,1,0,,11.6818,22,0,0.026816,9,0,0.1,,0,0,0,0,0,0,0,0,0,,50,32,,0,0,0,0
1602807277734,10,1010123456011,70,,1,2,8,1,0,,0,0,0,0,0,0,0.1,,0,0,0,0,0,0,0,0,0,,0,0,,0,0,0,0
1602807277984,10,1010123456011,70,,1,2,8,1,0,,0,2,0,0.005408,1,0,0.1,,2.17241,29,0,0.1,12,50,0,3.36566,31,,9,6,,0,0,0,5.24138
1602807278234,10,1010123456011,70,,1,2,8,1,0,,0,2,0,0.005408,1,0,0.1,,0,0,0,0,0,0,0,0,0,,9,6,,0,0,0,0
1602807278484,10,1010123456011,70,,1,2,8,1,0,,13.6364,11,0,0.027168,5,0,0.1,,0,0,0,0,0,0,0,0,0,,95,28,,0,0,0,0
1602807278734,10,1010123456011,70,,1,2,8,1,0,,13.2,10,0,0.010624,4,0,0.1,,0.978261,46,0,0.1,19,26.3158,0,3.43025,31,,33,12,,0,0,0,3.41304
1602807278984,10,1010123456011,70,,1,2,8,1,0,,13.35,20,0,0.015936,6,0,0.1,,0,0,0,0,0,0,0,0,0,,49,24,,0,0,0,0
1602807279234,10,1010123456011,70,,1,2,8,1,0,,13,3,0,0.01072,3,0,0.1,,0,0,0,0,0,0,0,0,0,,4,6,,0,0,0,0
1602807279484,10,1010123456011,70,,1,2,8,1,0,,0,2,0,0.005408,1,0,0.1,,0,0,0,0,0,0,0,0,0,,4,6,,0,0,0,0
1602807279734,10,1010123456011,70,,1,2,8,1,0,,13.0455,22,0,0.03776,8,0,0.1,,0.538462,26,0,0.1,11,18.1818,0,3.20362,31,,85,52,,0,0,0,3.61538
1602807279984,10,1010123456011,70,,1,2,8,1,0,,0,4,0,0.010816,2,0,0.1,,0,0,0,0,0,0,0,0,0,,16,12,,0,0,0,0
1602807280234,10,1010123456011,70,,1,2,8,1,0,,12.2308,13,0,0.016128,5,0,0.1,,0,0,0,0,0,0,0,0,0,,46,18,,0,0,0,0
1602807280484,10,1010123456011,70,,1,2,8,1,0,,13,8,0,0.010816,2,0,0.1,,0,0,0,0,0,0,0,0,0,,92,22,,0,0,0,0
1602807280734,10,1010123456011,70,,1,2,8,1,0,,4.57143,28,0,0.027296,12,0,4,,0.21875,64,0,0.1,26,23.0769,0,3.7518,31,,66,80,,0,0,0,3.1875
1602807280984,10,1010123456011,70,,1,2,8,1,0,,3.625,8,0,0.0056,3,0,0.1,,0,0,0,0,0,0,0,0,0,,16,36,,0,0,0,0
1602807281234,10,1010123456011,70,,1,2,8,1,0,,7.5,14,0,0.01584,6,0,14,,0,0,0,0,0,0,0,0,0,,43,40,,0,0,0,0
1602807281484,10,1010123456011,70,,1,2,8,1,0,,0,2,0,0.005152,1,0,0.1,,0,0,0,0,0,0,0,0,0,,11,4,,0,0,0,0
1602807281734,10,1010123456011,70,,1,2,8,1,0,,18,3,0,0.005152,1,0,3,,7.90741,54,0,0.1,21,52.381,0,6.06076,31,,15,4,,0,0,0,6.05556
1602807281984,10,1010123456011,70,,1,2,8,1,0,,1.76812,69,0,0.02848,23,0,0.1,,0,0,0,0,0,0,0,0,0,,5,238,,0,0,0,0
1602807282234,10,1010123456011,70,,1,2,8,1,0,,2.55172,29,0,0.022368,17,0,7,,0,0,0,0,0,0,0,0,0,,39,88,,0,0,0,0
1602807282484,10,1010123456011,70,,1,2,8,1,0,,11,13,0,0.022048,5,0,0.1,,0,0,0,0,0,0,0,0,0,,140,40,,0,0,0,0
1602807282734,10,1010123456011,70,,1,2,8,1,0,,10.1667,12,0,0.01104,5,0,0.1,,7,5,0,0.1,2,0,0,10.9546,31,,47,18,,0,0,0,1
1602807282984,10,1010123456011,70,,1,2,8,1,0,,10.1739,23,0,0.027424,9,0,0.1,,0,0,0,0,0,0,0,0,0,,139,42,,0,0,0,0
1602807283234,10,1010123456011,70,,1,2,8,1,0,,6.91667,12,0,0.01088,5,0,7.5,,0,0,0,0,0,0,0,0,0,,33,28,,0,0,0,0
1602807283484,10,1010123456011,70,,1,2,8,1,0,,0,0,0,0,0,0,0.1,,0,0,0,0,0,0,0,0,0,,0,0,,0,0,0,0
1602807283734,10,1010123456011,70,,1,2,8,1,0,,18,6,0,0.015456,3,0,0.1,,2.33333,18,0,0.1,7,14.2857,0,2.5899,31,,42,12,,0,0,0,3.61111
1602807283984,10,1010123456011,70,,1,2,8,1,0,,15,8,0,0.010464,3,0,0.1,,0,0,0,0,0,0,0,0,0,,20,10,,0,0,0,0
1602807284234,10,1010123456011,70,,1,2,8,1,0,,18,3,0,0.005152,1,0,0.1,,0,0,0,0,0,0,0,0,0,,16,8,,0,0,0,0
1602807284484,10,1010123456011,70,,1,2,8,1,0,,15.3,10,0,0.015616,4,0,0.1,,0,0,0,0,0,0,0,0,0,,37,14,,0,0,0,0
1602807284734,10,1010123456011,70,,1,2,8,1,0,,18.0667,15,0,0.015776,5,0,0.1,,0.1,27,0,0.1,11,0,0,2.80523,31,,45,16,,0,0,0,1.22222
1602807284984,10,1010123456011,70,,1,2,8,1,0,,17.875,8,0,0.020864,4,0,0.1,,0,0,0,0,0,0,0,0,0,,94,12,,0,0,0,0
1602807285234,10,1010123456011,70,,1,2,8,1,0,,15.5385,13,0,0.015776,5,0,0.1,,0,0,0,0,0,0,0,0,0,,28,14,,0,0,0,0
1602807285484,10,1010123456011,70,,1,2,8,1,0,,0,2,0,0.005152,1,0,0.1,,0,0,0,0,0,0,0,0,0,,20,4,,0,0,0,0
1602807285734,10,1010123456011,70,,1,2,8,1,0,,0,4,0,0.010304,2,0,0.1,,1.33333,30,0,0.1,12,25,0,2.9221,31,,15,8,,0,0,0,3.86667
1602807285984,10,1010123456011,70,,1,2,8,1,0,,17,5,0,0.005312,2,0,0.1,,0,0,0,0,0,0,0,0,0,,9,4,,0,0,0,0
1602807286234,10,1010123456011,70,,1,2,8,1,0,,16.7647,17,0,0.021024,7,0,0.1,,0,0,0,0,0,0,0,0,0,,70,20,,0,0,0,0
1602807286484,10,1010123456011,70,,1,2,8,1,0,,17.3,20,0,0.031008,7,0,4,,0,0,0,0,0,0,0,0,0,,70,26,,0,0,0,0
1602807286734,10,1010123456011,70,,1,2,8,1,0,,3.73333,15,0,0.011168,6,0,0.1,,4.21429,14,0,0.1,5,0,0,10.6715,31,,50,78,,0,0,0,1
1602807286984,10,1010123456011,70,,1,2,8,1,0,,2.92308,26,0,0.01632,10,0,0.1,,0,0,0,0,0,0,0,0,0,,158,90,,0,0,0,0
1602807287234,10,1010123456011,70,,1,2,8,1,0,,3.69231,13,0,0.0112,6,0,0.1,,0,0,0,0,0,0,0,0,0,,37,46,,0,0,0,0
1602807287484,10,1010123456011,70,,1,2,8,1,0,,4,8,0,0.00544,3,0,2,,0,0,0,0,0,0,0,0,0,,10,22,,0,0,0,0
1602807287734,10,1010123456011,70,,1,2,8,1,0,,0,0,0,0,0,0,0.1,,0,0,0,0,0,0,0,0,0,,0,0,,0,0,0,0
1602807287984,10,1010123456011,70,,1,2,8,1,0,,0.1,78,0,0.024704,32,0,9,,3.625,8,0,0.1,3,0,0,6.7219,31,,34,278,,0,0,0,2.5
1602807288234,10,1010123456011,70,,1,2,8,1,0,,13.3333,12,0,0.021536,5,0,0.1,,0,0,0,0,0,0,0,0,0,,40,24,,0,0,0,0
1602807288484,10,1010123456011,70,,1,2,8,1,0,,0,0,0,0,0,0,0.1,,0,0,0,0,0,0,0,0,0,,0,0,,0,0,0,0
1602807288734,10,1010123456011,70,,1,2,8,1,0,,13.5714,7,0,0.01072,3,0,0.1,,0.1,27,0,0.1,10,10,0,2.68949,31,,44,12,,0,0,0,3.2963
1602807288984,10,1010123456011,70,,1,2,8,1,0,,13.1429,7,0,0.01072,3,0,0.1,,0,0,0,0,0,0,0,0,0,,24,12,,0,0,0,0
1602807289234,10,1010123456011,70,,1,2,8,1,0,,0,0,0,0,0,0,0.1,,0,0,0,0,0,0,0,0,0,,0,0,,0,0,0,0
1602807289484,10,1010123456011,70,,1,2,8,1,0,,12.4286,21,0,0.026848,9,0,0.1,,0,0,0,0,0,0,0,0,0,,54,30,,0,0,0,0
1602807289734,10,1010123456011,70,,1,2,8,1,0,,0,2,0,0.005408,1,0,0.1,,0,2,0,0.1,1,0,0,0,31,,8,6,,0,0,0,0
1602807289984,10,1010123456011,70,,1,2,8,1,0,,11,12,0,0.022048,5,0,7,,7.21569,51,0,0.1,20,60,0,4.90565,0,,110,36,,0,0,0,6.47059
1602807290234,10,1010123456011,70,,1,2,8,1,0,,9.13333,15,0,0.016416,6,0,0.1,,0,0,0,0,0,0,0,0,0,,86,32,,0,0,0,0
1602807290484,10,1010123456011,70,,1,2,8,1,0,,11,23,0,0.03856,9,0,0.1,,0,0,0,0,0,0,0,0,0,,226,56,,0,0,0,0
1602807290734,10,1010123456011,70,,1,2,8,1,0,,9,9,0,0.016352,4,0,0.1,,6.32258,31,0,0.1,12,8.33333,0,8.74909,31,,37,26,,0,0,0,3.12903
1602807290984,10,1010123456011,70,,1,2,8,1,0,,8.75,8,0,0.010816,3,0,0.1,,0,0,0,0,0,0,0,0,0,,64,30,,0,0,0,0
1602807291234,10,1010123456011,70,,1,2,8,1,0,,6.8,5,0,0.005312,2,0,0.1,,0,0,0,0,0,0,0,0,0,,9,10,,0,0,0,0
1602807291484,10,1010123456011,70,,1,2,8,1,0,,10.4286,7,0,0.016096,3,0,7,,0,0,0,0,0,0,0,0,0,,147,28,,0,0,0,0
1602807291734,10,1010123456011,70,,1,2,8,1,0,,11,8,0,0.010976,3,0,0.1,,5.85714,7,0,0.1,3,0,0,7.9409,31,,75,16,,0,0,0,1.42857
1602807291984,10,1010123456011,70,,1,2,8,1,0,,0,0,0,0,0,0,0.1,,0,0,0,0,0,0,0,0,0,,0,0,,0,0,0,0
1602807292234,10,1010123456011,70,,1,2,8,1,0,,8.75,8,0,0.010816,3,0,0.1,,0,0,0,0,0,0,0,0,0,,31,18,,0,0,0,0
1602807292484,10,1010123456011,70,,1,2,8,1,0,,10.3333,15,0,0.016576,6,0,0.1,,0,0,0,0,0,0,0,0,0,,67,26,,0,0,0,0
1602807292734,10,1010123456011,70,,1,2,8,1,0,,0,2,0,0.005536,1,0,0.1,,8.28572,42,0,0.1,18,50,0,6.59031,31,,79,8,,0,0,0,5.30952
1602807292984,10,1010123456011,70,,1,2,8,1,0,,11.6667,9,0,0.010848,3,0,8,,0,0,0,0,0,0,0,0,0,,65,16,,0,0,0,0
1602807293234,10,1010123456011,70,,1,2,8,1,0,,12.2632,19,0,0.03232,8,0,0.1,,0,0,0,0,0,0,0,0,0,,118,40,,0,0,0,0
1602807293484,10,1010123456011,70,,1,2,8,1,0,,12.3571,14,0,0.016288,5,0,0.1,,0,0,0,0,0,0,0,0,0,,62,26,,0,0,0,0
1602807293734,10,1010123456011,70,,1,2,8,1,0,,11.5714,21,0,0.02704,8,0,0.1,,0.714286,28,0,0.1,11,0,0,5.41788,31,,90,32,,0,0,0,1.21429
1602807293984,10,1010123456011,70,,1,2,8,1,0,,13,10,0,0.01616,5,0,0.1,,0.1,3,0,0.1,1,0,0,9.91333,31,,72,12,,0,0,0,1
1602807294234,10,1010123456011,70,,1,2,8,1,0,,0,0,0,0,0,0,0.1,,0,0,0,0,0,0,0,0,0,,0,0,,0,0,0,0
1602807294484,10,1010123456011,70,,1,2,8,1,0,,5.95238,21,0,0.016416,9,0,4,,0,0,0,0,0,0,0,0,0,,37,54,,0,0,0,0
1602807294734,10,1010123456011,70,,1,2,8,1,0,,0,0,0,0,0,0,0.1,,0,0,0,0,0,0,0,0,0,,0,0,,0,0,0,0
1602807294984,10,1010123456011,70,,1,2,8,1,0,,5.6875,16,0,0.016256,7,0,8,,10.66,50,0,0.1,23,86.9565,0,3.11642,31,,64,44,,0,0,0,8.78
1602807295234,10,1010123456011,70,,1,2,8,1,0,,0,0,0,0,0,0,0.1,,0,0,0,0,0,0,0,0,0,,0,0,,0,0,0,0
1602807295484,10,1010123456011,70,,1,2,8,1,0,,18,11,0,0.020608,4,0,0.1,,0,0,0,0,0,0,0,0,0,,30,16,,0,0,0,0
1602807295734,10,1010123456011,70,,1,2,8,1,0,,17.0556,18,0,0.02592,6,0,14,,0.1,18,0,0.1,7,0,0,4.67943,31,,89,24,,0,0,0,1.55556
1602807295984,10,1010123456011,70,,1,2,8,1,0,,12,14,0,0.026048,7,0,4,,0,4,0,0.1,2,50,0,0,31,,61,56,,0,0,0,0
1602807296234,10,1010123456011,70,,1,2,8,1,0,,3.58824,17,0,0.010976,7,0,0.1,,0,0,0,0,0,0,0,0,0,,25,52,,0,0,0,0
1602807296484,10,1010123456011,70,,1,2,8,1,0,,3.05,20,0,0.011104,8,0,0.1,,0,0,0,0,0,0,0,0,0,,84,56,,0,0,0,0
1602807296734,10,1010123456011,70,,1,2,8,1,0,,3.26154,65,0,0.035296,21,0,0.1,,7,5,0,0.1,2,0,0,11.1637,31,,195,212,,0,0,0,1
1602807296984,10,1010123456011,70,,1,2,8,1,0,,3.47059,17,0,0.019744,12,0,0.1,,0,0,0,0,0,0,0,0,0,,163,92,,0,0,0,0
1602807297234,10,1010123456011,70,,1,2,8,1,0,,0,0,0,0,0,0,0.1,,0,0,0,0,0,0,0,0,0,,0,0,,0,0,0,0
1602807297484,10,1010123456011,70,,1,2,8,1,0,,0,0,0,0,0,0,0.1,,0,0,0,0,0,0,0,0,0,,0,0,,0,0,0,0
1602807297734,10,1010123456011,70,,1,2,8,1,0,,0.1,60,0,0.018528,24,0,0.1,,4.75,8,0,0.1,3,0,0,10.8271,31,,7,198,,0,0,0,1
1602807297984,10,1010123456011,70,,1,2,8,1,0,,0,0,0,0,0,0,0.1,,0,0,0,0,0,0,0,0,0,,0,0,,0,0,0,0
1602807298234,10,1010123456011,70,,1,2,8,1,0,,0.1,42,0,0.012352,16,0,0.1,,0,0,0,0,0,0,0,0,0,,17,128,,0,0,0,0
1602807298484,10,1010123456011,70,,1,2,8,1,0,,8.25,12,0,0.015936,5,0,7,,0,0,0,0,0,0,0,0,0,,191,38,,0,0,0,0
1602807298734,10,1010123456011,70,,1,2,8,1,0,,6.70588,17,0,0.01648,7,0,4,,6.25,8,0,0.1,3,0,0,14.4322,31,,134,58,,0,0,0,1.5
1602807298984,10,1010123456011,70,,1,2,8,1,0,,3.41667,24,158,0.016672,10,0,5,,0,0,0,0,0,0,0,0,0,,93,100,,0,0,0,0
1602807299234,10,1010123456011,70,,1,2,8,1,0,,0,4,0,0.00528,2,0,0.1,,0,0,0,0,0,0,0,0,0,,99,12,,0,0,0,0
1602807299484,10,1010123456011,70,,1,2,8,1,0,,2.29167,24,158,0.011616,10,0,4.5,,0,0,0,0,0,0,0,0,0,,46,82,,0,0,0,0
1602807299734,10,1010123456011,70,,1,2,8,1,0,,10.25,8,0,0.016096,3,0,0.1,,11.8,5,0,0.1,2,0,0,12.0471,31,,142,28,,0,0,0,1.6
1602807299984,10,1010123456011,70,,1,2,8,1,0,,0.1,20,0,0.006176,8,0,1,,0,0,0,0,0,0,0,0,0,,3,64,,0,0,0,0
1602807300234,10,1010123456011,70,,1,2,8,1,0,,0.333333,57,0,0.01824,23,0,3,,0,0,0,0,0,0,0,0,0,,10,172,,0,0,0,0
1602807300484,10,1010123456011,70,,1,2,8,1,0,,0,0,0,0,0,0,0.1,,0,0,0,0,0,0,0,0,0,,0,0,,0,0,0,0
1602807300734,10,1010123456011,70,,1,2,8,1,0,,1.66667,12,0,0.0056,5,0,0.1,,9,3,0,0.1,1,0,0,12.1804,31,,3,44,,0,0,0,1
1602807300984,10,1010123456011,70,,1,2,8,1,0,,1.7,40,10,0.011552,11,0,0.1,,0,2,0,0.1,1,0,0,0,0,,27,120,,0,0,0,0
1602807301234,10,1010123456011,70,,1,2,8,1,0,,1.31034,29,0,0.016992,15,0,0.1,,0,0,0,0,0,0,0,0,0,,30,114,,0,0,0,0
1602807301484,10,1010123456011,70,,1,2,8,1,0,,1.25,16,0,0.005856,6,0,0.1,,0,0,0,0,0,0,0,0,0,,60,94,,0,0,0,0
1602807301734,10,1010123456011,70,,1,2,8,1,0,,1.325,40,0,0.017632,17,0,0.1,,10.5,8,0,0.1,3,33.3333,0,8.00405,31,,44,142,,0,0,0,6.25
1602807301984,10,1010123456011,70,,1,2,8,1,0,,1.68,25,0,0.011584,10,0,0.1,,0,0,0,0,0,0,0,0,0,,20,82,,0,0,0,0
1602807302234,10,1010123456011,70,,1,2,8,1,0,,1.5,12,0,0.005792,5,0,0.1,,0,0,0,0,0,0,0,0,0,,7,40,,0,0,0,0
1602807302484,10,1010123456011,70,,1,2,8,1,0,,1.68293,82,0,0.038912,32,0,8,,0,0,0,0,0,0,0,0,0,,38,326,,0,0,0,0
1602807302734,10,1010123456011,70,,1,2,8,1,0,,4.9,30,0,0.017408,10,0,5.33333,,15.0588,51,0,0.1288,19,52.6316,0,8.74316,31,,129,102,,0,0,0,7.15686
1602807302984,10,1010123456011,70,,1,2,8,1,0,,7,20,0,0.027328,11,0,0.1,,0,0,0,0,0,0,0,0,0,,227,64,,0,0,0,0
1602807303234,10,1010123456011,70,,1,2,8,1,0,,6.61538,26,0,0.031488,10,0,0.1,,0,0,0,0,0,0,0,0,0,,289,64,,0,0,0,0
1602807303484,10,1010123456011,70,,1,2,8,1,0,,3.22222,18,0,0.011328,8,0,4,,0,0,0,0,0,0,0,0,0,,72,52,,0,0,0,0
1602807303734,10,1010123456011,70,,1,2,8,1,0,,0.371429,70,0,0.024384,28,0,0.1,,5,28,0,0.1,11,0,0,13.0941,31,,53,294,,0,0,0,1.21429
1602807303984,10,1010123456011,70,,1,2,8,1,0,,7.38462,13,0,0.011168,5,0,7.33333,,0,0,0,0,0,0,0,0,0,,45,36,,0,0,0,0
1602807304234,10,1010123456011,70,,1,2,8,1,0,,16.25,8,0,0.0104,3,0,2,,0,0,0,0,0,0,0,0,0,,18,10,,0,0,0,0
1602807304484,10,1010123456011,70,,1,2,8,1,0,,0,0,0,0,0,0,7.5,,0,0,0,0,0,0,0,0,0,,0,0,,0,0,0,0
1602807304734,10,1010123456011,70,,1,2,8,1,0,,5.625,8,0,0.005376,3,0,0.1,,13.2,5,0,0.1,2,0,0,14.024,31,,72,14,,0,0,0,1.8
1602807304984,10,1010123456011,70,,1,2,8,1,0,,5.38462,13,0,0.015936,6,0,4,,0,0,0,0,0,0,0,0,0,,158,44,,0,0,0,0
1602807305234,10,1010123456011,70,,1,2,8,1,0,,4,16,0,0.01088,6,0,4,,0,0,0,0,0,0,0,0,0,,56,56,,0,0,0,0
1602807305484,10,1010123456011,70,,1,2,8,1,0,,7.96552,29,0,0.032608,11,0,6,,0,0,0,0,0,0,0,0,0,,245,96,,0,0,0,0
1602807305734,10,1010123456011,70,,1,2,8,1,0,,4.94737,19,0,0.016,8,0,0.1,,1.28,25,0,0.1,10,0,0,12.1298,31,,185,48,,0,0,0,1.24
1602807305984,10,1010123456011,70,,1,2,8,1,0,,5.60714,28,0,0.02736,12,0,5.5,,0,0,0,0,0,0,0,0,0,,133,82,,0,0,0,0
1602807306234,10,1010123456011,70,,1,2,8,1,0,,6.6,5,0,0.00544,2,0,6,,0,0,0,0,0,0,0,0,0,,53,14,,0,0,0,0
1602807306484,10,1010123456011,70,,1,2,8,1,0,,4,22,0,0.01632,9,0,4,,0,0,0,0,0,0,0,0,0,,107,76,,0,0,0,0
1602807306734,10,1010123456011,70,,1,2,8,1,0,,12,10,0,0.010656,4,0,8,,13.8,5,0,0.1,2,0,0,15.1115,31,,13,12,,0,0,0,1.4
1602807306984,10,1010123456011,70,,1,2,8,1,0,,0,0,0,0,0,0,2.33333,,0,0,0,0,0,0,0,0,0,,0,0,,0,0,0,0
1602807307234,10,1010123456011,70,,1,2,8,1,0,,3.53333,15,0,0.011328,6,0,7,,0,0,0,0,0,0,0,0,0,,57,48,,0,0,0,0
1602807307484,10,1010123456011,70,,1,2,8,1,0,,1.66667,12,0,0.005792,5,0,0.1,,0,0,0,0,0,0,0,0,0,,31,58,,0,0,0,0
1602807307734,10,1010123456011,70,,1,2,8,1,0,,1.55172,29,0,0.011552,11,0,3.5,,4.32,25,0,0.1,10,0,0,12.4797,31,,6,76,,0,0,0,1
1602807307984,10,1010123456011,70,,1,2,8,1,0,,6.9375,16,0,0.01616,7,0,7.33333,,0,0,0,0,0,0,0,0,0,,90,40,,0,0,0,0
1602807308234,10,1010123456011,70,,1,2,8,1,0,,0,0,158,0,0,0,11,,0,0,0,0,0,0,0,0,0,,28,0,,0,0,0,0
1602807308484,10,1010123456011,70,,1,2,8,1,0,,3.43333,30,0,0.016768,12,0,5.66667,,0,0,0,0,0,0,0,0,0,,107,124,,0,0,0,0
1602807308734,10,1010123456011,70,,1,2,8,1,0,,5.55556,9,0,0.010624,4,0,0.1,,12,7,0,0.1,3,33.3333,0,11.7563,31,,98,24,,0,0,0,3.85714
1602807308984,10,1010123456011,70,,1,2,8,1,0,,1.03774,53,142,0.018848,15,0,3.5,,0,0,0,0,0,0,0,0,0,,38,172,,0,0,0,0
1602807309234,10,1010123456011,70,,1,2,8,1,0,,3.48,25,0,0.026464,17,0,7,,0,0,0,0,0,0,0,0,0,,139,78,,0,0,0,0
1602807309484,10,1010123456011,70,,1,2,8,1,0,,0,0,0,0,0,0,11,,0,0,0,0,0,0,0,0,0,,0,0,,0,0,0,0
1602807309734,10,1010123456011,70,,1,2,8,1,0,,7.11765,17,0,0.016224,7,0,6,,11.0889,45,0,0.113888,17,35.2941,0,10.3478,31,,153,50,,0,0,0,5.2
1602807309984,10,1010123456011,70,,1,2,8,1,0,,0,4,158,0.005312,2,0,5.5,,0,0,0,0,0,0,0,0,0,,36,10,,0,0,0,0
1602807310234,10,1010123456011,70,,1,2,8,1,0,,16.2857,14,0,0.015776,5,0,0.1,,0,0,0,0,0,0,0,0,0,,56,14,,0,0,0,0
1602807310484,10,1010123456011,70,,1,2,8,1,0,,15.375,8,0,0.01584,3,0,3.5,,0,0,0,0,0,0,0,0,0,,48,16,,0,0,0,0
1602807310734,10,1010123456011,70,,1,2,8,1,0,,0.1,19,0,0.006176,8,0,6.5,,2.36364,22,0,0.1,8,0,0,16.8973,31,,-2,148,,0,0,0,1
1602807310984,10,1010123456011,70,,1,2,8,1,0,,6.58333,12,0,0.011168,5,0,5.5,,0,0,0,0,0,0,0,0,0,,63,68,,0,0,0,0
1602807311234,10,1010123456011,70,,1,2,8,1,0,,2.9,10,0,0.0056,4,0,0.1,,0,0,0,0,0,0,0,0,0,,14,28,,0,0,0,0
1602807311484,10,1010123456011,70,,1,2,8,1,0,,0,0,0,0,0,0,11,,0,2,0,0.1,1,0,0,0,31,,0,0,,0,0,0,0
1602807311734,10,1010123456011,70,,1,2,8,1,0,,18,12,0,0.02576,5,0,0.1,,4.8,10,0,0.1,4,0,0,7.49025,31,,64,20,,0,0,0,2.8
1602807311984,10,1010123456011,70,,1,2,8,1,0,,0,2,0,0.005152,1,0,11,,0,0,0,0,0,0,0,0,0,,3,4,,0,0,0,0
1602807312234,10,1010123456011,70,,1,2,8,1,0,,18,3,158,0.005152,1,0,0.1,,0,0,0,0,0,0,0,0,0,,-1,4,,0,0,0,0
1602807312484,10,1010123456011,70,,1,2,8,1,0,,0.1,63,136,0.018528,24,0,0.1,,0,0,0,0,0,0,0,0,0,,-12,256,,0,0,0,0
1602807312734,10,1010123456011,70,,1,2,8,1,0,,0.1,39,0,0.012352,16,0,0.1,,11.5556,54,0,0.1,20,60,0,5.71843,31,,29,176,,0,0,0,7.18518
1602807312984,10,1010123456011,70,,1,2,8,1,0,,4.66667,27,0,0.021632,11,0,15,,0,0,0,0,0,0,0,0,0,,45,84,,0,0,0,0
1602807313234,10,1010123456011,70,,1,2,8,1,0,,8.66667,12,0,0.015872,5,0,7.33333,,0,0,0,0,0,0,0,0,0,,121,32,,0,0,0,0
1602807313484,10,1010123456011,70,,1,2,8,1,0,,18,3,0,0.005152,1,0,0.1,,0,0,0,0,0,0,0,0,0,,11,4,,0,0,0,0
1602807313734,10,1010123456011,70,,1,2,8,1,0,,0,4,0,0.010304,2,0,1,,2.86667,30,0,0.1,13,7.69231,0,8.70412,31,,27,8,,0,0,0,1.86667
1602807313984,10,1010123456011,70,,1,2,8,1,0,,2.33333,12,0,0.005632,5,0,4,,0,0,0,0,0,0,0,0,0,,3,32,,0,0,0,0
1602807314234,10,1010123456011,70,,1,2,8,1,0,,12.8636,22,0,0.026496,8,0,9,,0,0,0,0,0,0,0,0,0,,157,46,,0,0,0,0
1602807314484,10,1010123456011,70,,1,2,8,1,0,,17.4286,14,0,0.020928,6,0,0.1,,0,0,0,0,0,0,0,0,0,,43,14,,0,0,0,0
1602807314734,10,1010123456011,70,,1,2,8,1,0,,4,15,0,0.010912,6,0,5.66667,,11.45,40,0,0.1,17,52.9412,0,8.70753,31,,48,36,,0,0,0,5.725
1602807314984,10,1010123456011,70,,1,2,8,1,0,,5.64706,17,0,0.016096,7,0,9,,0,0,0,0,0,0,0,0,0,,32,50,,0,0,0,0
1602807315234,10,1010123456011,70,,1,2,8,1,0,,18,3,0,0.005152,1,0,2,,0,0,0,0,0,0,0,0,0,,12,4,,0,0,0,0
1602807315484,10,1010123456011,70,,1,2,8,1,0,,0.1,59,0,0.018528,24,0,0.5,,0,0,0,0,0,0,0,0,0,,-2,204,,0,0,0,0
1602807315734,10,1010123456011,70,,1,2,8,1,0,,0.1,61,0,0.018528,24,0,7,,3.30769,26,0,0.1,10,0,0,11.535,31,,2,184,,0,0,0,1.07692
1602807315984,10,1010123456011,70,,1,2,8,1,0,,0,2,0,0.005536,1,0,7,,0,0,0,0,0,0,0,0,0,,78,12,,0,0,0,0
1602807316234,10,1010123456011,70,,1,2,8,1,0,,1.38961,77,158,0.029184,31,0,0.1,,0,0,0,0,0,0,0,0,0,,58,206,,0,0,0,0
1602807316484,10,1010123456011,70,,1,2,8,1,0,,1.54412,68,0,0.02768,26,0,0.1,,0,0,0,0,0,0,0,0,0,,47,206,,0,0,0,0
1602807316734,10,1010123456011,70,,1,2,8,1,0,,1.38462,13,0,0.006816,6,0,0.1,,8.6,5,0,0.1,2,0,0,11.3304,31,,13,42,,0,0,0,1
1602807316984,10,1010123456011,70,,1,2,8,1,0,,1.25,16,0,0.00592,6,0,0.1,,0,0,0,0,0,0,0,0,0,,9,40,,0,0,0,0
1602807317234,10,1010123456011,70,,1,2,8,1,0,,1.76923,13,0,0.005696,5,0,1,,0,0,0,0,0,0,0,0,0,,10,36,,0,0,0,0
1602807317484,10,1010123456011,70,,1,2,8,1,0,,0.1,79,0,0.024832,33,0,0.1,,0,0,0,0,0,0,0,0,0,,24,254,,0,0,0,0
1602807317734,10,1010123456011,70,,1,2,8,1,0,,0.1,39,0,0.012128,16,0,0.1,,0,0,0,0,0,0,0,0,0,,10,118,,0,0,0,0
1602807317984,10,1010123456011,70,,1,2,8,1,0,,0.1,21,0,0.003328,4,0,0.1,,10.72,25,0,0.101696,10,0,0,11.4266,31,,-3,64,,0,0,0,1.92
1602807318234,10,1010123456011,70,,1,2,8,1,0,,0.1,53,0,0.020928,26,0,0.1,,0,0,0,0,0,0,0,0,0,,-23,244,,0,0,0,0
1602807318484,10,1010123456011,70,,1,2,8,1,0,,0.1,26,114,0.006176,8,0,0.1,,0,0,0,0,0,0,0,0,0,,4,256,,0,0,0,0
1602807318734,10,1010123456011,70,,1,2,8,1,0,,0.1,15,0,0.006176,8,0,0.1,,8.2,5,0,0.1,2,0,0,12.1504,31,,8,72,,0,0,0,1
1602807318984,10,1010123456011,70,,1,2,8,1,0,,0.1,109,158,0.036,45,0,0.1,,0,0,0,0,0,0,0,0,0,,31,538,,0,0,0,0
1602807319234,10,1010123456011,70,,1,2,8,1,0,,2.3,30,0,0.016992,12,0,6,,0,0,0,0,0,0,0,0,0,,82,92,,0,0,0,0
1602807319484,10,1010123456011,70,,1,2,8,1,0,,5.71429,14,0,0.010976,6,0,0.1,,0,0,0,0,0,0,0,0,0,,53,26,,0,0,0,0
1602807319734,10,1010123456011,70,,1,2,8,1,0,,6.11111,18,0,0.016448,7,0,0.1,,7.8,5,0,0.1,2,0,0,10.7441,31,,100,46,,0,0,0,1
1602807319984,10,1010123456011,70,,1,2,8,1,0,,8,5,0,0.005376,2,0,0.1,,0,0,0,0,0,0,0,0,0,,25,10,,0,0,0,0
1602807320234,10,1010123456011,70,,1,2,8,1,0,,6.24242,33,0,0.03184,13,0,0.1,,0,0,0,0,0,0,0,0,0,,458,76,,0,0,0,0
1602807320484,10,1010123456011,70,,1,2,8,1,0,,5.55556,9,0,0.010624,4,0,0.1,,0,0,0,0,0,0,0,0,0,,40,24,,0,0,0,0
1602807320734,10,1010123456011,70,,1,2,8,1,0,,8,5,158,0.005376,2,0,0.1,,0,2,0,0.1,1,0,0,0,31,,34,10,,0,0,0,0
1602807320984,9,1010123456011,70,,1,2,8,1,0,,7.0625,16,0,0.015968,6,0,0.1,,6,24,0,0.1,9,44.4444,0,7.363,0,,67,38,,0,0,0,5.5
1602807321234,9,1010123456011,70,,1,2,8,1,0,,7.06667,15,0,0.015872,6,0,0.1,,0,0,0,0,0,0,0,0,0,,81,34,,0,0,0,0
1602807321484,9,1010123456011,70,,1,2,8,1,0,,6.94118,17,0,0.016064,7,0,0.1,,0,0,0,0,0,0,0,0,0,,96,32,,0,0,0,0
1602807321734,9,1010123456011,70,,1,2,8,1,0,,7.13333,15,0,0.015968,6,0,0.1,,7.4,5,0,0.1,2,0,0,15.8542,31,,69,32,,0,0,0,1
1602807321984,9,1010123456011,70,,1,2,8,1,0,,6.81818,22,0,0.021568,9,0,5,,0,0,0,0,0,0,0,0,0,,129,48,,0,0,0,0
1602807322234,9,1010123456011,70,,1,2,8,1,0,,4.6,10,0,0.005536,4,0,0.1,,0,0,0,0,0,0,0,0,0,,43,16,,0,0,0,0
1602807322484,9,1010123456011,70,,1,2,8,1,0,,5.6,10,0,0.005664,4,0,0.1,,0,0,0,0,0,0,0,0,0,,49,16,,0,0,0,0
1602807322734,9,1010123456011,70,,1,2,8,1,0,,6.31818,22,0,0.021888,8,0,6,,12.3333,9,0,0.1,3,33.3333,0,9.3252,31,,182,56,,0,0,0,4.66667
1602807322984,9,1010123456011,70,,1,2,8,1,0,,6.24,25,0,0.02688,11,0,0.1,,0,0,0,0,0,0,0,0,0,,171,74,,0,0,0,0
1602807323234,9,1010123456011,70,,1,2,8,1,0,,7.3,10,0,0.010624,4,0,0.1,,0,0,0,0,0,0,0,0,0,,59,28,,0,0,0,0
1602807323484,9,1010123456011,70,,1,2,8,1,0,,7.42857,14,0,0.016096,6,0,0.1,,0,0,0,0,0,0,0,0,0,,70,30,,0,0,0,0
1602807323734,9,1010123456011,70,,1,2,8,1,0,,6.6,10,0,0.010688,4,0,0.1,,11.2,5,0,0.1,2,0,0,17.0246,31,,42,20,,0,0,0,1
1602807323984,9,1010123456011,70,,1,2,8,1,0,,0,0,0,0,0,0,0.1,,0,0,0,0,0,0,0,0,0,,0,0,,0,0,0,0
1602807324234,9,1010123456011,70,,1,2,8,1,0,,6.6,5,0,0.00544,2,0,0.1,,0,0,0,0,0,0,0,0,0,,61,14,,0,0,0,0
1602807324484,9,1010123456011,70,,1,2,8,1,0,,7.3,10,0,0.00544,2,0,0.1,,0,0,0,0,0,0,0,0,0,,47,22,,0,0,0,0
1602807324734,9,1010123456011,70,,1,2,8,1,0,,7.8,10,0,0.016032,6,0,0.1,,11.8,5,0,0.1,2,0,0,12.0016,31,,66,36,,0,0,0,1.6
1602807324984,9,1010123456011,70,,1,2,8,1,0,,7.31579,19,0,0.010816,5,0,0.1,,0,0,0,0,0,0,0,0,0,,62,32,,0,0,0,0
1602807325234,9,1010123456011,70,,1,2,8,1,0,,6.42857,14,0,0.02144,9,0,0.1,,0,0,0,0,0,0,0,0,0,,57,30,,0,0,0,0
1602807325484,9,1010123456011,70,,1,2,8,1,0,,6.66667,15,0,0.010688,4,0,0.1,,0,0,0,0,0,0,0,0,0,,74,30,,0,0,0,0
1602807325734,9,1010123456011,70,,1,2,8,1,0,,8.2,10,0,0.01616,6,0,6,,9.6,5,0,0.1,2,0,0,12.4462,31,,54,20,,0,0,0,1
1602807325984,9,1010123456011,70,,1,2,8,1,0,,6,10,0,0.010624,4,0,0.1,,0,0,0,0,0,0,0,0,0,,48,22,,0,0,0,0
1602807326234,9,1010123456011,70,,1,2,8,1,0,,6.52,25,0,0.021472,10,0,0.1,,0,0,0,0,0,0,0,0,0,,132,50,,0,0,0,0
1602807326484,9,1010123456011,70,,1,2,8,1,0,,8,5,0,0.005376,2,0,0.1,,0,0,0,0,0,0,0,0,0,,23,10,,0,0,0,0
1602807326734,9,1010123456011,70,,1,2,8,1,0,,6.57143,14,0,0.016128,6,0,0.1,,7,5,0,0.1,2,0,0,6.57757,31,,70,32,,0,0,0,5.2
1602807326984,9,1010123456011,70,,1,2,8,1,0,,7.8,10,0,0.010688,4,0,0.1,,0,0,0,0,0,0,0,0,0,,57,20,,0,0,0,0
1602807327234,9,1010123456011,70,,1,2,8,1,0,,0,8,0,0.010624,4,0,0.1,,0,0,0,0,0,0,0,0,0,,31,20,,0,0,0,0
1602807327484,9,1010123456011,70,,1,2,8,1,0,,6.82759,29,0,0.026656,12,0,4,,0,0,0,0,0,0,0,0,0,,110,56,,0,0,0,0
1602807327734,9,1010123456011,70,,1,2,8,1,0,,4.95455,22,0,0.016352,9,0,6,,8,25,0,0.1,10,0,0,11.1859,31,,66,50,,0,0,0,1.24
1602807327984,9,1010123456011,70,,1,2,8,1,0,,0,0,0,0,0,0,0.1,,0,0,0,0,0,0,0,0,0,,0,0,,0,0,0,0
1602807328234,9,1010123456011,70,,1,2,8,1,0,,7.5,10,0,0.01056,4,0,0.1,,0,0,0,0,0,0,0,0,0,,62,20,,0,0,0,0
1602807328484,9,1010123456011,70,,1,2,8,1,0,,6.35714,14,0,0.01584,6,0,0.1,,0,0,0,0,0,0,0,0,0,,83,34,,0,0,0,0
1602807328734,9,1010123456011,70,,1,2,8,1,0,,6.6,5,158,0.00544,2,0,0.1,,0,2,0,0,1,100,0,0,0,,82,18,,0,0,0,0
1602807328984,9,1010123456011,70,,1,2,8,1,0,,6.27273,11,0,0.011136,5,0,0.1,,0,6,0,0,3,100,0,0,0,,43,26,,0,0,0,0
1602807329234,9,1010123456011,70,,1,2,8,1,0,,7.11111,9,0,0.010688,4,0,0.1,,0,0,0,0,0,0,0,0,0,,47,24,,0,0,0,0
1602807329484,9,1010123456011,70,,1,2,8,1,0,,7.7,10,0,0.010688,4,0,0.1,,0,0,0,0,0,0,0,0,0,,58,20,,0,0,0,0
1602807329734,9,1010123456011,70,,1,2,8,1,0,,5.91667,12,0,0.010688,5,0,0.1,,6.16,25,0,0.1,10,0,0,11.6376,31,,67,28,,0,0,0,1.12
1602807329984,9,1010123456011,70,,1,2,8,1,0,,6.88462,26,0,0.021792,10,0,0.1,,0,0,0,0,0,0,0,0,0,,122,56,,0,0,0,0
1602807330234,9,1010123456011,70,,1,2,8,1,0,,7.14286,7,0,0.010656,3,0,7,,0,0,0,0,0,0,0,0,0,,25,22,,0,0,0,0
1602807330484,9,1010123456011,70,,1,2,8,1,0,,0,0,158,0,0,0,0.1,,0,0,0,0,0,0,0,0,0,,8,0,,0,0,0,0
1602807330734,9,1010123456011,70,,1,2,8,1,0,,7.8125,16,0,0.016,6,0,0.1,,7,5,0,0.1,2,0,0,12.1585,31,,54,34,,0,0,0,1
1602807330984,9,1010123456011,70,,1,2,8,1,0,,9.06667,15,0,0.027456,6,0,0.1,,0,0,0,0,0,0,0,0,0,,113,54,,0,0,0,0
1602807331234,9,1010123456011,70,,1,2,8,1,0,,8.36364,22,0,0.027072,8,0,0.1,,0,0,0,0,0,0,0,0,0,,89,46,,0,0,0,0
1602807331484,9,1010123456011,70,,1,2,8,1,0,,11,10,0,0.016512,4,0,0.1,,0,0,0,0,0,0,0,0,0,,50,24,,0,0,0,0
1602807331734,9,1010123456011,70,,1,2,8,1,0,,10.8333,6,158,0.010784,3,0,0.1,,8.6,5,0,0.1,2,0,0,13.5093,31,,26,16,,0,0,0,1
1602807331984,9,1010123456011,70,,1,2,8,1,0,,8.36364,11,0,0.016288,5,0,6,,0,0,0,0,0,0,0,0,0,,69,34,,0,0,0,0
1602807332234,9,1010123456011,70,,1,2,8,1,0,,6.93333,15,0,0.015776,6,0,0.1,,0,0,0,0,0,0,0,0,0,,100,34,,0,0,0,0
1602807332484,9,1010123456011,70,,1,2,8,1,0,,7.05,20,0,0.021248,8,0,0.1,,0,0,0,0,0,0,0,0,0,,98,42,,0,0,0,0
1602807332734,9,1010123456011,70,,1,2,8,1,0,,0,0,0,0,0,0,0.1,,0,0,0,0,0,0,0,0,0,,0,0,,0,0,0,0
1602807332984,9,1010123456011,70,,1,2,8,1,0,,0,0,0,0,0,0,0.1,,0,0,0,0,0,0,0,0,0,,0,0,,0,0,0,0
1602807333234,9,1010123456011,70,,1,2,8,1,0,,7.35714,14,0,0.016096,6,0,0.1,,9.6,5,0,0.1,2,0,0,13.4578,31,,95,34,,0,0,0,1
1602807333484,9,1010123456011,70,,1,2,8,1,0,,6.8,5,0,0.005312,2,0,0.1,,0,0,0,0,0,0,0,0,0,,19,10,,0,0,0,0
1602807333734,9,1010123456011,70,,1,2,8,1,0,,6,14,0,0.015936,6,0,6,,2.25,16,0,0.1,7,14.2857,0,11.4921,31,,69,32,,0,0,0,2.5
1602807333984,9,1010123456011,70,,1,2,8,1,0,,0,0,0,0,0,0,0.1,,0,0,0,0,0,0,0,0,0,,0,0,,0,0,0,0
1602807334234,9,1010123456011,70,,1,2,8,1,0,,6.90909,11,0,0.010688,4,0,0.1,,0,0,0,0,0,0,0,0,0,,45,22,,0,0,0,0
1602807334484,9,1010123456011,70,,1,2,8,1,0,,7.66667,21,0,0.021312,8,0,0.1,,0,0,0,0,0,0,0,0,0,,253,42,,0,0,0,0
1602807334734,9,1010123456011,70,,1,2,8,1,0,,7,11,0,0.010624,4,0,0.1,,10.4,5,0,0.1,2,0,0,10.7247,31,,38,20,,0,0,0,1
1602807334984,9,1010123456011,70,,1,2,8,1,0,,3.23529,34,0,0.022208,14,0,1,,0,0,0,0,0,0,0,0,0,,83,90,,0,0,0,0
1602807335234,9,1010123456011,70,,1,2,8,1,0,,0.1,18,0,0.006176,8,0,0.1,,0,0,0,0,0,0,0,0,0,,-6,232,,0,0,0,0
1602807335484,9,1010123456011,70,,1,2,8,1,0,,4.45455,44,0,0.032928,18,0,6,,0,0,0,0,0,0,0,0,0,,211,144,,0,0,0,0
1602807335734,9,1010123456011,70,,1,2,8,1,0,,8,5,0,0.005376,2,0,0.1,,4,3,0,0.1,1,0,0,12.2769,31,,85,10,,0,0,0,1
1602807335984,9,1010123456011,70,,1,2,8,1,0,,7.08333,12,0,0.010816,5,0,0.1,,3.32,25,0,0.1,10,0,0,13.3108,0,,66,24,,0,0,0,1
1602807336234,9,1010123456011,70,,1,2,8,1,0,,6.8,5,0,0.005312,2,0,0.1,,0,0,0,0,0,0,0,0,0,,19,10,,0,0,0,0
1602807336484,9,1010123456011,70,,1,2,8,1,0,,5.57143,7,0,0,0,0,0.1,,0,0,0,0,0,0,0,0,0,,22,12,,0,0,0,0
1602807336734,9,1010123456011,70,,1,2,8,1,0,,8.57143,7,0,0.016448,6,0,0.1,,10.8,5,0,0.1,2,0,0,11.2698,31,,15,20,,0,0,0,1
1602807336984,9,1010123456011,70,,1,2,8,1,0,,6.53846,13,0,0.010688,5,0,0.1,,0,0,0,0,0,0,0,0,0,,54,22,,0,0,0,0
1602807337234,9,1010123456011,70,,1,2,8,1,0,,0,8,0,0.010624,4,0,0.1,,0,0,0,0,0,0,0,0,0,,92,20,,0,0,0,0
1602807337484,9,1010123456011,70,,1,2,8,1,0,,7.30769,13,0,0.011168,6,0,0.1,,4,3,0,0.1,1,0,0,11.6882,31,,94,48,,0,0,0,1
1602807337734,9,1010123456011,70,,1,2,8,1,0,,6.8,5,0,0.005312,2,0,0.1,,8.8,5,0,0.1,2,0,0,11.5186,31,,10,10,,0,0,0,1
1602807337984,9,1010123456011,70,,1,2,8,1,0,,6.22222,27,0,0.021696,11,0,0.1,,0,0,0,0,0,0,0,0,0,,131,52,,0,0,0,0
1602807338234,9,1010123456011,70,,1,2,8,1,0,,7.28571,14,6,0.010752,5,0,0.1,,0,0,0,0,0,0,0,0,0,,91,30,,0,0,0,0
1602807338484,9,1010123456011,70,,1,2,8,1,0,,5.61765,34,0,0.032192,14,0,7,,0,0,0,0,0,0,0,0,0,,159,70,,0,0,0,0
1602807338734,9,1010123456011,70,,1,2,8,1,0,,13.5714,7,0,0.01072,3,0,0.1,,0,0,0,0,0,0,0,0,0,,48,12,,0,0,0,0
1602807338984,9,1010123456011,70,,1,2,8,1,0,,13.2,5,0,0.005312,2,0,0.1,,0,0,0,0,0,0,0,0,0,,7,6,,0,0,0,0
1602807339234,9,1010123456011,70,,1,2,8,1,0,,12.8462,13,0,0.010688,4,0,0.1,,6.4,5,0,0.1,2,0,0,14.7151,31,,26,18,,0,0,0,1
1602807339484,9,1010123456011,70,,1,2,8,1,0,,0,4,0,0.01072,3,0,0.1,,0,0,0,0,0,0,0,0,0,,15,6,,0,0,0,0
1602807339734,9,1010123456011,70,,1,2,8,1,0,,0,0,0,0,0,0,0.1,,0,0,0,0,0,0,0,0,0,,0,0,,0,0,0,0
1602807339984,9,1010123456011,70,,1,2,8,1,0,,15.5,6,0,0.01056,2,0,0.1,,0,0,0,0,0,0,0,0,0,,12,10,,0,0,0,0
1602807340234,9,1010123456011,70,,1,2,8,1,0,,12.5333,15,0,0.016256,6,0,0.1,,0,0,0,0,0,0,0,0,0,,41,20,,0,0,0,0
1602807340484,9,1010123456011,70,,1,2,8,1,0,,13.5714,7,0,0.01072,3,0,0.1,,1.8,15,0,0.1,6,0,0,4.30766,31,,22,12,,0,0,0,1.8
1602807340734,9,1010123456011,70,,1,2,8,1,0,,13,3,0,0.005408,1,0,0.1,,2.16,25,0,0.1,10,0,0,9.07542,31,,8,6,,0,0,0,1.08
1602807340984,9,1010123456011,70,,1,2,8,1,0,,13.1,20,0,0.02672,8,0,0.1,,0,0,0,0,0,0,0,0,0,,61,30,,0,0,0,0
1602807341234,9,1010123456011,70,,1,2,8,1,0,,12.7727,22,0,0.032352,9,0,0.1,,0,0,0,0,0,0,0,0,0,,121,36,,0,0,0,0
1602807341484,9,1010123456011,70,,1,2,8,1,0,,14.1818,11,0,0.01056,4,0,0.1,,0,0,0,0,0,0,0,0,0,,26,12,,0,0,0,0
1602807341734,9,1010123456011,70,,1,2,8,1,0,,13.2,10,0,0.010848,4,0,0.1,,0,0,0,0,0,0,0,0,0,,27,12,,0,0,0,0
1602807341984,9,1010123456011,70,,1,2,8,1,0,,13.5,10,0,0.010624,4,0,0.1,,0,0,0,0,0,0,0,0,0,,25,12,,0,0,0,0
1602807342234,9,1010123456011,70,,1,2,8,1,0,,13.1538,13,0,0.016032,5,0,0.1,,0,0,0,0,0,0,0,0,0,,50,20,,0,0,0,0
1602807342484,9,1010123456011,70,,1,2,8,1,0,,12.7692,13,0,0.016064,5,0,0.1,,6.72,25,0,0.1,10,0,0,10.3856,31,,22,18,,0,0,0,1.12
1602807342734,9,1010123456011,70,,1,2,8,1,0,,0,8,0,0.016128,4,0,0.1,,0.571429,21,0,0.1,8,0,0,4.62328,31,,53,20,,0,0,0,1
1602807342984,9,1010123456011,70,,1,2,8,1,0,,13,3,0,0.005408,1,0,0.1,,0,0,0,0,0,0,0,0,0,,9,6,,0,0,0,0
1602807343234,9,1010123456011,70,,1,2,8,1,0,,13.2353,17,0,0.021344,7,0,0.1,,0,0,0,0,0,0,0,0,0,,31,24,,0,0,0,0
1602807343484,9,1010123456011,70,,1,2,8,1,0,,13,3,0,0.005408,1,0,0.1,,0,0,0,0,0,0,0,0,0,,31,6,,0,0,0,0
1602807343734,9,1010123456011,70,,1,2,8,1,0,,13,8,0,0.016224,3,0,0.1,,6.36667,30,0,0.1,12,16.6667,0,6.50729,31,,27,18,,0,0,0,3.3
1602807343984,9,1010123456011,70,,1,2,8,1,0,,14,11,0,0.016064,4,0,0.1,,0,0,0,0,0,0,0,0,0,,46,18,,0,0,0,0
1602807344234,9,1010123456011,70,,1,2,8,1,0,,10.9524,21,0,0.01616,6,0,0.1,,0,0,0,0,0,0,0,0,0,,86,28,,0,0,0,0
1602807344484,9,1010123456011,70,,1,2,8,1,0,,12.8667,15,0,0.026784,8,0,0.1,,0,0,0,0,0,0,0,0,0,,85,24,,0,0,0,0
1602807344734,9,1010123456011,70,,1,2,8,1,0,,13.5714,7,0,0.010656,3,0,0.1,,0,0,0,0,0,0,0,0,0,,34,12,,0,0,0,0
1602807344984,9,1010123456011,70,,1,2,8,1,0,,0,0,0,0,0,0,0.1,,0,0,0,0,0,0,0,0,0,,0,0,,0,0,0,0
1602807345234,9,1010123456011,70,,1,2,8,1,0,,13,6,0,0.010816,2,0,0.1,,6.67857,28,0,0.1,11,0,0,12.6014,31,,13,12,,0,0,0,1
1602807345484,9,1010123456011,70,,1,2,8,1,0,,13.8182,11,0,0.016064,4,0,0.1,,0,0,0,0,0,0,0,0,0,,50,18,,0,0,0,0
1602807345734,9,1010123456011,70,,1,2,8,1,0,,13.8421,19,0,0.02672,8,0,0.1,,9.6,5,0,0.1,2,0,0,13.2044,31,,84,30,,0,0,0,1.4
1602807345984,9,1010123456011,70,,1,2,8,1,0,,13,3,0,0.005408,1,0,0.1,,0,0,0,0,0,0,0,0,0,,9,6,,0,0,0,0
1602807346234,9,1010123456011,70,,1,2,8,1,0,,13.5455,11,0,0.016032,5,0,0.1,,0,0,0,0,0,0,0,0,0,,50,18,,0,0,0,0
1602807346484,9,1010123456011,70,,1,2,8,1,0,,7.8,5,0,0.005344,2,0,0.1,,0,0,0,0,0,0,0,0,0,,53,12,,0,0,0,0
1602807346734,9,1010123456011,70,,1,2,8,1,0,,13,9,0,0.016224,3,0,0.1,,9,3,0,0.1,1,0,0,12.7391,31,,32,18,,0,0,0,1
1602807346984,9,1010123456011,70,,1,2,8,1,0,,13,11,0,0.021632,4,0,0.1,,0,2,0,0.1,1,0,0,0,0,,28,24,,0,0,0,0
1602807347234,9,1010123456011,70,,1,2,8,1,0,,13.25,12,0,0.02096,5,0,0.1,,0,0,0,0,0,0,0,0,0,,43,22,,0,0,0,0
1602807347484,9,1010123456011,70,,1,2,8,1,0,,13.1905,21,0,0.037152,9,0,0.1,,0,0,0,0,0,0,0,0,0,,197,40,,0,0,0,0
1602807347734,9,1010123456011,70,,1,2,8,1,0,,0,4,0,0.010816,2,0,0.1,,12,10,0,0,4,100,0,3.84066,0,,53,12,,0,0,0,10
1602807347984,9,1010123456011,70,,1,2,8,1,0,,11.0909,11,0,0.010784,4,0,0.1,,0,0,0,0,0,0,0,0,0,,22,14,,0,0,0,0
1602807348234,9,1010123456011,70,,1,2,8,1,0,,0,0,0,0,0,0,0.1,,0,0,0,0,0,0,0,0,0,,0,0,,0,0,0,0
1602807348484,9,1010123456011,70,,1,2,8,1,0,,13,5,0,0.010816,2,0,0.1,,0.1,3,0,0.1,1,0,0,2.00507,31,,17,12,,0,0,0,3
1602807348734,9,1010123456011,70,,1,2,8,1,0,,12.8421,19,158,0.026624,7,0,0.1,,3.42857,28,0,0.1,11,0,0,14.4329,31,,77,36,,0,0,0,1.07143
1602807348984,9,1010123456011,70,,1,2,8,1,0,,15.6471,17,0,0.037088,7,0,0.1,,0,0,0,0,0,0,0,0,0,,89,30,,0,0,0,0
1602807349234,9,1010123456011,70,,1,2,8,1,0,,14.7857,14,0,0.015712,5,0,11,,0,0,0,0,0,0,0,0,0,,32,16,,0,0,0,0
1602807349484,9,1010123456011,70,,1,2,8,1,0,,18,8,0,0.015456,3,0,0.1,,0,0,0,0,0,0,0,0,0,,44,12,,0,0,0,0
1602807349734,9,1010123456011,70,,1,2,8,1,0,,0,2,0,0,0,0,0.1,,0,0,0,0,0,0,0,0,0,,4,4,,0,0,0,0
1602807349984,9,1010123456011,70,,1,2,8,1,0,,16.7273,11,0,0.025856,6,0,0.1,,0,0,0,0,0,0,0,0,0,,105,18,,0,0,0,0
1602807350234,9,1010123456011,70,,1,2,8,1,0,,18.1,10,0,0.015616,4,0,0.1,,0,0,0,0,0,0,0,0,0,,38,12,,0,0,0,0
1602807350484,9,1010123456011,70,,1,2,8,1,0,,18,11,0,0.020608,4,0,0.1,,0,0,0,0,0,0,0,0,0,,102,16,,0,0,0,0
1602807350734,9,1010123456011,70,,1,2,8,1,0,,0,6,0,0.015456,3,0,0.1,,0,0,0,0,0,0,0,0,0,,17,12,,0,0,0,0
1602807350984,9,1010123456011,70,,1,2,8,1,0,,18,5,0,0.010304,2,0,0.1,,0,0,0,0,0,0,0,0,0,,13,8,,0,0,0,0
1602807351234,9,1010123456011,70,,1,2,8,1,0,,8.56,25,0,0.026464,10,0,6,,11,10,0,0.1,4,0,0,14.7072,31,,210,48,,0,0,0,1
1602807351484,9,1010123456011,70,,1,2,8,1,0,,10,15,0,0.015776,5,0,11,,0,0,0,0,0,0,0,0,0,,87,28,,0,0,0,0
1602807351734,9,1010123456011,70,,1,2,8,1,0,,0,2,0,0.010304,2,0,0.1,,0,0,0,0,0,0,0,0,0,,28,4,,0,0,0,0
1602807351984,9,1010123456011,70,,1,2,8,1,0,,18,5,0,0.010304,2,0,0.1,,0,0,0,0,0,0,0,0,0,,9,8,,0,0,0,0
1602807352234,9,1010123456011,70,,1,2,8,1,0,,0,0,0,0,0,0,0.1,,0,0,0,0,0,0,0,0,0,,0,0,,0,0,0,0
1602807352484,9,1010123456011,70,,1,2,8,1,0,,17.7857,14,0,0.020768,5,0,0.1,,0,0,0,0,0,0,0,0,0,,35,16,,0,0,0,0
1602807352734,9,1010123456011,70,,1,2,8,1,0,,18,5,0,0.010304,2,0,0.1,,0,0,0,0,0,0,0,0,0,,6,8,,0,0,0,0
1602807352984,9,1010123456011,70,,1,2,8,1,0,,17.2222,9,158,0.010624,4,0,5,,0,0,0,0,0,0,0,0,0,,31,8,,0,0,0,0
1602807353234,9,1010123456011,70,,1,2,8,1,0,,11.7,10,0,0.01056,4,0,11,,11.2,5,0,0.1,2,0,0,15.7782,31,,136,18,,0,0,0,1
1602807353484,9,1010123456011,70,,1,2,8,1,0,,18,3,0,0.005152,1,0,11,,0,0,0,0,0,0,0,0,0,,3,4,,0,0,0,0
1602807353734,9,1010123456011,70,,1,2,8,1,0,,18.0833,12,0,0.015776,5,0,0.1,,0,0,0,0,0,0,0,0,0,,28,12,,0,0,0,0
1602807353984,9,1010123456011,70,,1,2,8,1,0,,0,2,0,0.005152,1,0,0.1,,0,0,0,0,0,0,0,0,0,,3,4,,0,0,0,0
1602807354234,9,1010123456011,70,,1,2,8,1,0,,1.06154,65,0,0.02384,26,0,1,,10.3333,9,0,0.1,4,0,0,13.4478,31,,77,300,,0,0,0,1
1602807354484,9,1010123456011,70,,1,2,8,1,0,,1.03704,27,0,0.011616,11,0,4.5,,0,0,0,0,0,0,0,0,0,,47,148,,0,0,0,0
1602807354734,9,1010123456011,70,,1,2,8,1,0,,5.42857,7,0,0.005728,3,0,0.1,,9.4,5,0,0.1,2,0,0,16.2378,31,,28,16,,0,0,0,1
1602807354984,9,1010123456011,70,,1,2,8,1,0,,5.5122,41,0,0.027552,16,0,0.1,,0,0,0,0,0,0,0,0,0,,188,76,,0,0,0,0
1602807355234,9,1010123456011,70,,1,2,8,1,0,,0,0,0,0,0,0,0.1,,0,0,0,0,0,0,0,0,0,,0,0,,0,0,0,0
1602807355484,9,1010123456011,70,,1,2,8,1,0,,9.05882,17,0,0.020928,7,0,11,,0,0,0,0,0,0,0,0,0,,70,36,,0,0,0,0
1602807355734,9,1010123456011,70,,1,2,8,1,0,,18,3,0,0.005152,1,0,0.1,,6.42857,7,0,0.1,3,0,0,9.27116,31,,3,4,,0,0,0,2.42857
1602807355984,9,1010123456011,70,,1,2,8,1,0,,17.7222,18,0,0.03632,7,0,0.1,,0,0,0,0,0,0,0,0,0,,61,28,,0,0,0,0
1602807356234,9,1010123456011,70,,1,2,8,1,0,,16.5714,14,0,0.016064,6,0,12,,0,0,0,0,0,0,0,0,0,,25,12,,0,0,0,0
1602807356484,9,1010123456011,70,,1,2,8,1,0,,15.8,5,0,0.005312,2,0,0.1,,0,0,0,0,0,0,0,0,0,,7,4,,0,0,0,0
1602807356734,9,1010123456011,70,,1,2,8,1,0,,0,0,0,0,0,0,0.1,,0,0,0,0,0,0,0,0,0,,0,0,,0,0,0,0
1602807356984,9,1010123456011,70,,1,2,8,1,0,,18,6,0,0.005152,1,0,0.1,,0,0,0,0,0,0,0,0,0,,18,16,,0,0,0,0
1602807357234,9,1010123456011,70,,1,2,8,1,0,,11.2857,7,0,0.015616,4,0,0.1,,0,0,0,0,0,0,0,0,0,,10,10,,0,0,0,0
1602807357484,9,1010123456011,70,,1,2,8,1,0,,13.2,10,121,0.015456,3,0,3,,0,0,0,0,0,0,0,0,0,,26,20,,0,0,0,0
1602807357734,9,1010123456011,70,,1,2,8,1,0,,1.5,50,0,0.022912,21,0,0.1,,8.8,10,0,0.1,4,0,0,15.0413,31,,54,156,,0,0,0,1
1602807357984,9,1010123456011,70,,1,2,8,1,0,,1.86,50,0,0.022752,20,0,4,,0,0,0,0,0,0,0,0,0,,94,136,,0,0,0,0
1602807358234,9,1010123456011,70,,1,2,8,1,0,,3.86667,30,0,0.022112,12,0,0.1,,0,0,0,0,0,0,0,0,0,,160,110,,0,0,0,0
1602807358484,9,1010123456011,70,,1,2,8,1,0,,0,0,0,0,0,0,6,,0,0,0,0,0,0,0,0,0,,0,0,,0,0,0,0
1602807358734,9,1010123456011,70,,1,2,8,1,0,,9.35294,17,0,0.020992,7,0,7,,10.8,5,0,0.1,2,0,0,15.2987,31,,135,30,,0,0,0,1
1602807358984,9,1010123456011,70,,1,2,8,1,0,,0,2,0,0.005152,1,0,0.1,,0,0,0,0,0,0,0,0,0,,36,4,,0,0,0,0
1602807359234,9,1010123456011,70,,1,2,8,1,0,,3.83333,24,0,0.016448,10,0,4,,0,0,0,0,0,0,0,0,0,,85,72,,0,0,0,0
1602807359484,9,1010123456011,70,,1,2,8,1,0,,8.75,16,0,0.010752,5,0,11,,0,0,0,0,0,0,0,0,0,,67,34,,0,0,0,0
1602807359734,9,1010123456011,70,,1,2,8,1,0,,18,5,0,0.015456,3,0,1,,0,0,0,0,0,0,0,0,0,,30,8,,0,0,0,0
1602807359984,9,1010123456011,70,,1,2,8,1,0,,0.1,19,0,0.006176,8,0,4,,9.6,5,0,0.1,2,0,0,14.2366,31,,27,60,,0,0,0,1
1602807360234,9,1010123456011,70,,1,2,8,1,0,,2.375,32,158,0.016896,13,0,3.5,,0,0,0,0,0,0,0,0,0,,150,140,,0,0,0,0
1602807360484,9,1010123456011,70,,1,2,8,1,0,,1.43636,55,0,0.023296,22,0,0.1,,0,0,0,0,0,0,0,0,0,,113,260,,0,0,0,0
1602807360734,9,1010123456011,70,,1,2,8,1,0,,1.42857,14,0,0.00592,6,0,0.1,,12.125,8,0,0.1,3,0,0,15.044,31,,24,40,,0,0,0,1.75
1602807360984,9,1010123456011,70,,1,2,8,1,0,,1.66667,12,0,0.005792,5,0,0.1,,0,0,0,0,0,0,0,0,0,,12,54,,0,0,0,0
1602807361234,9,1010123456011,70,,1,2,8,1,0,,0,0,0,0,0,0,11,,0,0,0,0,0,0,0,0,0,,0,0,,0,0,0,0
1602807361484,9,1010123456011,70,,1,2,8,1,0,,6.08696,23,0,0.021568,9,0,6,,0,0,0,0,0,0,0,0,0,,102,54,,0,0,0,0
1602807361734,9,1010123456011,70,,1,2,8,1,0,,0.1,38,0,0.012384,16,0,2,,0,3,0,0.1,2,0,0,0,31,,15,180,,0,0,0,0
1602807361984,9,1010123456011,70,,1,2,8,1,0,,0.1,52,48,0.012352,16,0,0.1,,0,0,0,0,0,0,0,0,0,,5,206,,0,0,0,0
1602807362234,9,1010123456011,70,,1,2,8,1,0,,0.394366,71,0,0.029792,34,0,4,,0,0,0,0,0,0,0,0,0,,49,322,,0,0,0,0
1602807362484,9,1010123456011,70,,1,2,8,1,0,,0,6,0,0.00544,3,0,3,,0,0,0,0,0,0,0,0,0,,23,62,,0,0,0,0
1602807362734,9,1010123456011,70,,1,2,8,1,0,,1.64,25,0,0.011616,10,0,0.1,,11.6,5,0,0.1,2,0,0,12.9795,31,,43,104,,0,0,0,1
1602807362984,9,1010123456011,70,,1,2,8,1,0,,1.70175,57,0,0.028512,24,0,0.1,,0,0,0,0,0,0,0,0,0,,51,258,,0,0,0,0
1602807363234,9,1010123456011,70,,1,2,8,1,0,,1.63636,11,0,0.005792,5,0,4,,0,0,0,0,0,0,0,0,0,,5,64,,0,0,0,0
1602807363484,9,1010123456011,70,,1,2,8,1,0,,0,0,0,0,0,0,0.1,,0,0,0,0,0,0,0,0,0,,0,0,,0,0,0,0
1602807363734,9,1010123456011,70,,1,2,8,1,0,,3.20833,24,0,0.016384,10,0,4,,10.4,5,0,0.1,2,0,0,13.9601,31,,148,136,,0,0,0,1.6
1602807363984,9,1010123456011,70,,1,2,8,1,0,,9.81818,11,0,0.015744,5,0,15,,0,0,0,0,0,0,0,0,0,,21,26,,0,0,0,0
1602807364234,9,1010123456011,70,,1,2,8,1,0,,5.5625,16,0,0.016192,7,0,4,,0,0,0,0,0,0,0,0,0,,77,60,,0,0,0,0
1602807364484,9,1010123456011,70,,1,2,8,1,0,,3.42857,7,0,0.005728,3,0,0.1,,0,0,0,0,0,0,0,0,0,,31,56,,0,0,0,0
1602807364734,9,1010123456011,70,,1,2,8,1,0,,0,0,0,0,0,0,0.1,,0,0,0,0,0,0,0,0,0,,0,0,,0,0,0,0
1602807364984,9,1010123456011,70,,1,2,8,1,0,,3.69231,26,0,0.016416,10,0,0.1,,4.41667,24,0,0.1,10,30,0,9.07211,31,,70,108,,0,0,0,4
1602807365234,9,1010123456011,70,,1,2,8,1,0,,3.2,25,250,0.016384,10,0,0.1,,0,0,0,0,0,0,0,0,0,,95,116,,0,0,0,0
1602807365484,9,1010123456011,70,,1,2,8,1,0,,6.77419,31,158,0.032416,13,0,6,,0,0,0,0,0,0,0,0,0,,146,72,,0,0,0,0
1602807365734,9,1010123456011,70,,1,2,8,1,0,,5.42857,14,0,0.015936,6,0,5,,8.06452,31,0,0.1,12,33.3333,0,8.71895,31,,41,30,,0,0,0,4.3871
1602807365984,9,1010123456011,70,,1,2,8,1,0,,4.84,25,0,0.010944,6,0,5,,0,0,0,0,0,0,0,0,0,,146,48,,0,0,0,0
1602807366234,9,1010123456011,70,,1,2,8,1,0,,0,0,0,0.005504,4,0,0.1,,0,0,0,0,0,0,0,0,0,,0,0,,0,0,0,0
1602807366484,9,1010123456011,70,,1,2,8,1,0,,5.29412,17,0,0.016128,7,0,5,,0,0,0,0,0,0,0,0,0,,151,46,,0,0,0,0
1602807366734,9,1010123456011,70,,1,2,8,1,0,,4.58333,12,0,0.010688,5,0,4,,10.2,5,0,0.1,2,0,0,14.847,31,,126,42,,0,0,0,1.4
1602807366984,9,1010123456011,70,,1,2,8,1,0,,0.54902,51,0,0.016192,17,0,1,,0,0,0,0,0,0,0,0,0,,22,150,,0,0,0,0
1602807367234,9,1010123456011,70,,1,2,8,1,0,,0,0,158,0.002016,3,0,0.1,,0,0,0,0,0,0,0,0,0,,-9,0,,0,0,0,0
1602807367484,9,1010123456011,70,,1,2,8,1,0,,0.1,118,0,0.036736,47,0,0.1,,0,0,0,0,0,0,0,0,0,,18,438,,0,0,0,0
1602807367734,9,1010123456011,70,,1,2,8,1,0,,1.38806,67,158,0.028832,26,0,4,,9.6,5,0,0.1,2,0,0,14.5342,31,,107,212,,0,0,0,1
1602807367984,9,1010123456011,70,,1,2,8,1,0,,3.81818,22,0,0.016608,9,0,0.1,,0,0,0,0,0,0,0,0,0,,96,104,,0,0,0,0
1602807368234,9,1010123456011,70,,1,2,8,1,0,,4,8,0,0.00544,3,0,0.1,,0,0,0,0,0,0,0,0,0,,19,20,,0,0,0,0
1602807368484,9,1010123456011,70,,1,2,8,1,0,,3.36364,33,0,0.022272,14,0,4,,0,0,0,0,0,0,0,0,0,,75,94,,0,0,0,0
1602807368734,9,1010123456011,70,,1,2,8,1,0,,4,7,0,0.00544,3,0,0.1,,0,3,0,0.1,2,0,0,0,31,,92,20,,0,0,0,0
1602807368984,9,1010123456011,70,,1,2,8,1,0,,0,0,0,0,0,0,0.1,,0,0,0,0,0,0,0,0,0,,0,0,,0,0,0,0
1602807369234,9,1010123456011,70,,1,2,8,1,0,,2.63636,33,0,0.016928,13,0,6,,0,0,0,0,0,0,0,0,0,,61,128,,0,0,0,0
1602807369484,9,1010123456011,70,,1,2,8,1,0,,0,2,0,0.005152,1,0,8,,0,0,0,0,0,0,0,0,0,,3,4,,0,0,0,0
1602807369734,9,1010123456011,70,,1,2,8,1,0,,5.22222,18,61,0.010912,6,0,5,,9.6,5,0,0.1,2,0,0,14.6352,31,,107,38,,0,0,0,1
1602807369984,9,1010123456011,70,,1,2,8,1,0,,5.21053,19,0,0.021184,9,0,0.1,,0,0,0,0,0,0,0,0,0,,292,62,,0,0,0,0
1602807370234,9,1010123456011,70,,1,2,8,1,0,,0,0,0,0,0,0,0.1,,0,0,0,0,0,0,0,0,0,,0,0,,0,0,0,0
1602807370484,9,1010123456011,70,,1,2,8,1,0,,5.14286,28,0,0.021344,9,0,0.1,,0,0,0,0,0,0,0,0,0,,124,76,,0,0,0,0
1602807370734,9,1010123456011,70,,1,2,8,1,0,,5.5,14,0,0.016448,8,0,0.1,,11.2,5,0,0.1,2,0,0,14.0964,31,,115,32,,0,0,0,1
1602807370984,9,1010123456011,70,,1,2,8,1,0,,5.6,25,0,0.0216,10,0,0.1,,0,0,0,0,0,0,0,0,0,,364,78,,0,0,0,0
1602807371234,9,1010123456011,70,,1,2,8,1,0,,0,0,0,0,0,0,2,,0,0,0,0,0,0,0,0,0,,0,0,,0,0,0,0
1602807371484,9,1010123456011,70,,1,2,8,1,0,,3.66667,21,0,0.011136,8,0,5,,0,0,0,0,0,0,0,0,0,,75,44,,0,0,0,0
1602807371734,9,1010123456011,70,,1,2,8,1,0,,4.78947,19,0,0.0112,8,0,0.1,,9,3,0,0,1,100,0,0.269664,0,,214,40,,0,0,0,10
1602807371984,9,1010123456011,70,,1,2,8,1,0,,5.76923,13,0,0.010752,5,0,4,,1.8,15,0,0.1,6,0,0,11.1334,31,,88,36,,0,0,0,2
1602807372234,9,1010123456011,70,,1,2,8,1,0,,4.64706,17,0,0.016128,7,0,5,,0,0,0,0,0,0,0,0,0,,83,62,,0,0,0,0
1602807372484,9,1010123456011,70,,1,2,8,1,0,,5.1,20,0,0.010624,5,0,0.1,,0,0,0,0,0,0,0,0,0,,143,46,,0,0,0,0
1602807372734,9,1010123456011,70,,1,2,8,1,0,,0,0,0,0.005504,3,0,0.1,,11.375,8,0,0.1,3,33.3333,0,10.9948,31,,0,0,,0,0,0,4.625
1602807372984,9,1010123456011,70,,1,2,8,1,0,,5.47368,19,0,0.021568,8,0,0.1,,0,0,0,0,0,0,0,0,0,,294,68,,0,0,0,0
1602807373234,9,1010123456011,70,,1,2,8,1,0,,5.04545,22,0,0.016,8,0,0.1,,0,0,0,0,0,0,0,0,0,,144,50,,0,0,0,0
1602807373484,9,1010123456011,70,,1,2,8,1,0,,5.6875,16,0,0.016,7,0,0.1,,0,0,0,0,0,0,0,0,0,,116,46,,0,0,0,0
1602807373734,9,1010123456011,70,,1,2,8,1,0,,5.71429,7,0,0.005376,3,0,0.1,,7,6,0,0.1,2,0,0,11.5573,31,,24,14,,0,0,0,1
1602807373984,9,1010123456011,70,,1,2,8,1,0,,5.84615,13,0,0.010752,5,0,0.1,,0,0,0,0,0,0,0,0,0,,177,32,,0,0,0,0
1602807374234,9,1010123456011,70,,1,2,8,1,0,,3.38095,21,0,0.011328,8,0,3,,0,0,0,0,0,0,0,0,0,,51,78,,0,0,0,0
1602807374484,9,1010123456011,70,,1,2,8,1,0,,0,0,0,0,0,0,0.1,,0,0,0,0,0,0,0,0,0,,0,0,,0,0,0,0
1602807374734,9,1010123456011,70,,1,2,8,1,0,,1.67568,37,0,0.017376,15,0,0.1,,7,5,0,0.1,2,0,0,11.6457,31,,37,130,,0,0,0,1
1602807374984,9,1010123456011,70,,1,2,8,1,0,,1.76136,88,0,0.040096,35,0,0.1,,0,0,0,0,0,0,0,0,0,,43,388,,0,0,0,0
1602807375234,9,1010123456011,70,,1,2,8,1,0,,8.5,6,0,0.005344,2,0,8,,0,0,0,0,0,0,0,0,0,,8,8,,0,0,0,0
1602807375484,9,1010123456011,70,,1,2,8,1,0,,13,23,0,0.021536,7,0,0.1,,0,0,0,0,0,0,0,0,0,,74,30,,0,0,0,0
1602807375734,9,1010123456011,70,,1,2,8,1,0,,0,6,0,0.0216,5,0,0.1,,0,0,0,0,0,0,0,0,0,,30,18,,0,0,0,0
1602807375984,9,1010123456011,70,,1,2,8,1,0,,0,4,0,0.010816,2,0,0.1,,0,0,0,0,0,0,0,0,0,,78,12,,0,0,0,0
1602807376234,9,1010123456011,70,,1,2,8,1,0,,0,0,0,0,0,0,0.1,,0,0,0,0,0,0,0,0,0,,0,0,,0,0,0,0
1602807376484,9,1010123456011,70,,1,2,8,1,0,,12.8462,13,0,0.021536,5,0,0.1,,0,0,0,0,0,0,0,0,0,,88,24,,0,0,0,0
1602807376734,9,1010123456011,70,,1,2,8,1,0,,13,17,0,0.026976,7,0,0.1,,0,0,0,0,0,0,0,0,0,,70,30,,0,0,0,0
1602807376984,9,1010123456011,70,,1,2,8,1,0,,12.4706,17,0,0.021408,7,0,0.1,,0,0,0,0,0,0,0,0,0,,112,26,,0,0,0,0
1602807377234,9,1010123456011,70,,1,2,8,1,0,,12.6,5,0,0.010304,2,0,0.1,,0,0,0,0,0,0,0,0,0,,120,12,,0,0,0,0
1602807377484,9,1010123456011,70,,1,2,8,1,0,,13,10,0,0.016192,4,0,5,,0,0,0,0,0,0,0,0,0,,80,18,,0,0,0,0
1602807377734,9,1010123456011,70,,1,2,8,1,0,,5.53333,15,0,0.011008,6,0,0.1,,9,3,0,0.1,1,0,0,9.43557,31,,100,30,,0,0,0,1
1602807377984,9,1010123456011,70,,1,2,8,1,0,,0,6,0,0.005376,3,0,0.1,,5.5,14,0,0.1,6,16.6667,0,9.30158,31,,52,20,,0,0,0,2.42857
1602807378234,9,1010123456011,70,,1,2,8,1,0,,4.96296,27,158,0.021952,11,0,0.1,,0.1,15,0,0.1,6,0,0,9.94398,0,,206,64,,0,0,0,1
1602807378484,9,1010123456011,70,,1,2,8,1,0,,5.11111,27,0,0.0216,10,0,0.1,,0,0,0,0,0,0,0,0,0,,148,64,,0,0,0,0
1602807378734,9,1010123456011,70,,1,2,8,1,0,,5.5,6,0,0.005248,2,0,0.1,,11.2,5,0,0.1,2,0,0,7.60729,31,,23,14,,0,0,0,2
1602807378984,9,1010123456011,70,,1,2,8,1,0,,0,0,0,0,0,0,0.1,,0,0,0,0,0,0,0,0,0,,0,0,,0,0,0,0
1602807379234,9,1010123456011,70,,1,2,8,1,0,,5.44444,18,0,0.016064,7,0,0.1,,0,0,0,0,0,0,0,0,0,,425,56,,0,0,0,0
1602807379484,9,1010123456011,70,,1,2,8,1,0,,5.26087,23,0,0.016288,9,0,0.1,,0,0,0,0,0,0,0,0,0,,192,60,,0,0,0,0
1602807379734,9,1010123456011,70,,1,2,8,1,0,,5.35714,14,0,0.00544,2,0,0.1,,2.47826,23,0,0.1,9,0,0,8.24946,31,,166,30,,0,0,0,1
1602807379984,9,1010123456011,70,,1,2,8,1,0,,5.28571,21,0,0.02656,12,0,0.1,,0,0,0,0,0,0,0,0,0,,159,60,,0,0,0,0
1602807380234,9,1010123456011,70,,1,2,8,1,0,,5.6,5,0,0.005248,2,0,0.1,,0,0,0,0,0,0,0,0,0,,93,14,,0,0,0,0
1602807380484,9,1010123456011,70,,1,2,8,1,0,,4.875,24,0,0.016416,10,0,0.1,,0,0,0,0,0,0,0,0,0,,184,50,,0,0,0,0
1602807380734,9,1010123456011,70,,1,2,8,1,0,,5.66667,12,0,0.010944,5,0,0.1,,0,0,0,0,0,0,0,0,0,,118,32,,0,0,0,0
1602807380984,9,1010123456011,70,,1,2,8,1,0,,6,15,0,0.011008,6,0,0.1,,7,5,0,0.1,2,0,0,6.70669,31,,81,28,,0,0,0,3.4
1602807381234,9,1010123456011,70,,1,2,8,1,0,,3.6,30,0,0.016864,12,0,3,,0,0,0,0,0,0,0,0,0,,105,70,,0,0,0,0
1602807381484,9,1010123456011,70,,1,2,8,1,0,,1.61224,49,0,0.023008,20,0,3,,0,0,0,0,0,0,0,0,0,,122,204,,0,0,0,0
1602807381734,9,1010123456011,70,,1,2,8,1,0,,0,0,0,0,0,0,0.1,,0,0,0,0,0,0,0,0,0,,0,0,,0,0,0,0
1602807381984,9,1010123456011,70,,1,2,8,1,0,,1.46377,69,0,0.028768,27,0,0.1,,8.2619,42,0,0.1,16,50,0,5.64474,31,,20,244,,0,0,0,6.14286
1602807382234,9,1010123456011,70,,1,2,8,1,0,,1.46429,56,0,0.023328,22,0,3,,0,0,0,0,0,0,0,0,0,,93,212,,0,0,0,0
1602807382484,9,1010123456011,70,,1,2,8,1,0,,1.33333,30,0,0.011616,11,0,3,,0,0,0,0,0,0,0,0,0,,50,94,,0,0,0,0
1602807382734,9,1010123456011,70,,1,2,8,1,0,,1.60714,28,0,0.011488,11,0,0.1,,0,0,0,0,0,0,0,0,0,,8,122,,0,0,0,0
1602807382984,9,1010123456011,70,,1,2,8,1,0,,1.58491,53,0,0.022944,21,0,3,,6.5,22,0,0.1,9,22.2222,0,8.25472,31,,45,210,,0,0,0,3
1602807383234,9,1010123456011,70,,1,2,8,1,0,,1.7377,61,0,0.02832,24,0,0.1,,0,0,0,0,0,0,0,0,0,,14,316,,0,0,0,0
1602807383484,9,1010123456011,70,,1,2,8,1,0,,3.4,10,0,0.005632,4,0,4,,0,0,0,0,0,0,0,0,0,,11,26,,0,0,0,0
1602807383734,9,1010123456011,70,,1,2,8,1,0,,3.61111,18,0,0.010976,7,0,3,,1.5,28,0,0.1,12,16.6667,0,6.00225,31,,60,66,,0,0,0,2.42857
1602807383984,9,1010123456011,70,,1,2,8,1,0,,1.66,50,0,0.023008,20,0,3,,0,0,0,0,0,0,0,0,0,,28,198,,0,0,0,0
1602807384234,9,1010123456011,70,,1,2,8,1,0,,0,0,0,0,0,0,0.1,,0,0,0,0,0,0,0,0,0,,0,0,,0,0,0,0
1602807384484,9,1010123456011,70,,1,2,8,1,0,,1.69231,26,0,0.011616,10,0,0.1,,0,0,0,0,0,0,0,0,0,,30,78,,0,0,0,0
1602807384734,9,1010123456011,70,,1,2,8,1,0,,1.53333,75,0,0.034272,30,0,0.1,,3.63636,11,0,0.1,5,0,0,9.46616,31,,0,328,,0,0,0,1
1602807384984,9,1010123456011,70,,1,2,8,1,0,,1.57353,68,0,0.029088,27,0,3,,0,0,0,0,0,0,0,0,0,,50,204,,0,0,0,0
1602807385234,9,1010123456011,70,,1,2,8,1,0,,1.6,40,0,0.01744,16,0,0.1,,0,0,0,0,0,0,0,0,0,,37,126,,0,0,0,0
1602807385484,9,1010123456011,70,,1,2,8,1,0,,1.66667,12,0,0.0056,5,0,0.1,,0,0,0,0,0,0,0,0,0,,2,36,,0,0,0,0
1602807385734,9,1010123456011,70,,1,2,8,1,0,,1.5,12,0,0.005792,5,0,0.1,,2,3,0,0.1,1,0,0,8.99955,31,,9,38,,0,0,0,1
1602807385984,9,1010123456011,70,,1,2,8,1,0,,1.5,14,121,0.00448,4,0,0.1,,2.85714,7,0,0.1,3,0,0,7.29667,0,,9,62,,0,0,0,1
1602807386234,9,1010123456011,70,,1,2,8,1,0,,1.65217,23,0,0.012736,11,0,0.1,,0,0,0,0,0,0,0,0,0,,17,72,,0,0,0,0
1602807386484,9,1010123456011,70,,1,2,8,1,0,,0,0,0,0,0,0,0.1,,0,0,0,0,0,0,0,0,0,,0,0,,0,0,0,0
1602807386734,9,1010123456011,70,,1,2,8,1,0,,1.625,24,0,0.005792,5,0,0.1,,0,0,0,0,0,0,0,0,0,,22,80,,0,0,0,0
1602807386984,9,1010123456011,70,,1,2,8,1,0,,0,0,0,0.005792,5,0,0.1,,6.64,25,0,0.1,10,0,0,7.78726,31,,0,0,,0,0,0,2.68
1602807387234,9,1010123456011,70,,1,2,8,1,0,,1.5,28,0,0.011552,11,0,3,,0,0,0,0,0,0,0,0,0,,34,78,,0,0,0,0
1602807387484,9,1010123456011,70,,1,2,8,1,0,,1.46667,15,0,0.00576,6,0,3,,0,0,0,0,0,0,0,0,0,,13,40,,0,0,0,0
1602807387734,9,1010123456011,70,,1,2,8,1,0,,1.625,64,0,0.022976,20,0,3,,4.52381,21,0,0.1,9,0,0,8.90749,31,,63,206,,0,0,0,1.28571
1602807387984,9,1010123456011,70,,1,2,8,1,0,,1.50649,77,0,0.040704,37,0,3,,0,0,0,0,0,0,0,0,0,,51,256,,0,0,0,0
1602807388234,9,1010123456011,70,,1,2,8,1,0,,1.72549,51,0,0.017216,15,0,3,,0,0,0,0,0,0,0,0,0,,69,222,,0,0,0,0
1602807388484,9,1010123456011,70,,1,2,8,1,0,,1.45455,11,0,0.011488,10,0,3,,0,0,0,0,0,0,0,0,0,,33,50,,0,0,0,0
1602807388734,9,1010123456011,70,,1,2,8,1,0,,1.41667,12,0,0.005792,5,0,0.1,,5.92308,13,0,0.1,5,0,0,10.582,31,,84,114,,0,0,0,1.15385
1602807388984,9,1010123456011,70,,1,2,8,1,0,,1.75676,37,0,0.017472,15,0,4,,0,0,0,0,0,0,0,0,0,,57,104,,0,0,0,0
1602807389234,9,1010123456011,70,,1,2,8,1,0,,3.57143,35,0,0.0224,15,0,4,,0,0,0,0,0,0,0,0,0,,55,92,,0,0,0,0
1602807389484,9,1010123456011,70,,1,2,8,1,0,,3,37,0,0.022528,15,0,0.1,,0,0,0,0,0,0,0,0,0,,97,122,,0,0,0,0
1602807389734,9,1010123456011,70,,1,2,8,1,0,,3.6,25,0,0.016576,10,0,4,,5.14286,7,0,0.1,3,0,0,9.77525,31,,136,92,,0,0,0,1
1602807389984,9,1010123456011,70,,1,2,8,1,0,,4,7,0,0.00544,3,0,0.1,,0,0,0,0,0,0,0,0,0,,36,20,,0,0,0,0
1602807390234,9,1010123456011,70,,1,2,8,1,0,,3.58824,34,0,0.022368,13,0,0.1,,0,0,0,0,0,0,0,0,0,,105,94,,0,0,0,0
1602807390484,9,1010123456011,70,,1,2,8,1,0,,3.42857,7,0,0.005728,3,0,0.1,,0,0,0,0,0,0,0,0,0,,43,24,,0,0,0,0
1602807390734,9,1010123456011,70,,1,2,8,1,0,,3.85714,14,0,0.01104,6,0,0.1,,4,18,0,0.1,8,0,0,8.11244,31,,159,60,,0,0,0,1.33333
1602807390984,9,1010123456011,70,,1,2,8,1,0,,3.8,10,0,0.005472,4,0,4,,0,0,0,0,0,0,0,0,0,,35,22,,0,0,0,0
1602807391234,9,1010123456011,70,,1,2,8,1,0,,0,0,0,0,0,0,0.1,,0,0,0,0,0,0,0,0,0,,0,0,,0,0,0,0
1602807391484,9,1010123456011,70,,1,2,8,1,0,,3.825,40,0,0.02752,16,0,0.1,,0,0,0,0,0,0,0,0,0,,160,118,,0,0,0,0
1602807391734,9,1010123456011,70,,1,2,8,1,0,,3.64706,17,0,0.011008,7,0,0.1,,0,0,0,0,0,0,0,0,0,,59,44,,0,0,0,0
1602807391984,9,1010123456011,70,,1,2,8,1,0,,4,7,0,0.00544,3,0,0.1,,1.79167,24,0,0.1,10,0,0,7.2925,31,,45,34,,0,0,0,1.25
1602807392234,9,1010123456011,70,,1,2,8,1,0,,3.61765,34,0,0.022048,14,0,4,,0,0,0,0,0,0,0,0,0,,127,88,,0,0,0,0
1602807392484,9,1010123456011,70,,1,2,8,1,0,,4,8,0,0.005472,3,0,0.1,,0,0,0,0,0,0,0,0,0,,17,22,,0,0,0,0
1602807392734,9,1010123456011,70,,1,2,8,1,0,,3.6,10,0,0.005568,4,0,0.1,,0,0,0,0,0,0,0,0,0,,17,28,,0,0,0,0
1602807392984,9,1010123456011,70,,1,2,8,1,0,,4,7,0,0,0,0,0.1,,4.75,8,0,0.1,3,0,0,7.05401,31,,23,22,,0,0,0,1
1602807393234,9,1010123456011,70,,1,2,8,1,0,,3.54286,35,0,0.027648,17,0,0.1,,0,0,0,0,0,0,0,0,0,,102,106,,0,0,0,0
1602807393484,9,1010123456011,70,,1,2,8,1,0,,3.4,10,0,0.005632,4,0,4,,0,0,0,0,0,0,0,0,0,,34,24,,0,0,0,0
1602807393734,9,1010123456011,70,,1,2,8,1,0,,4,7,0,0.00544,3,0,0.1,,1.66667,15,0,0.1,6,0,0,7.21651,31,,12,24,,0,0,0,1.13333
1602807393984,9,1010123456011,70,,1,2,8,1,0,,3.86667,15,0,0.01104,6,0,0.1,,0,0,0,0,0,0,0,0,0,,66,76,,0,0,0,0
1602807394234,9,1010123456011,70,,1,2,8,1,0,,3.22222,18,0,0.011264,7,0,0.1,,0,0,0,0,0,0,0,0,0,,32,56,,0,0,0,0
1602807394484,9,1010123456011,70,,1,2,8,1,0,,0,0,0,0,0,0,0.1,,0,0,0,0,0,0,0,0,0,,0,0,,0,0,0,0
1602807394734,9,1010123456011,70,,1,2,8,1,0,,3.57576,33,0,0.02192,13,0,0.1,,3.71429,7,0,0.1,3,0,0,6.43957,31,,73,98,,0,0,0,1.28571
1602807394984,9,1010123456011,70,,1,2,8,1,0,,3.33333,15,158,0.011008,6,0,3,,0,0,0,0,0,0,0,0,0,,7,58,,0,0,0,0
1602807395234,9,1010123456011,70,,1,2,8,1,0,,1.67308,52,0,0.02304,20,0,0.1,,0,0,0,0,0,0,0,0,0,,57,286,,0,0,0,0
1602807395484,9,1010123456011,70,,1,2,8,1,0,,1.62921,89,0,0.040064,36,0,0.1,,0,0,0,0,0,0,0,0,0,,56,384,,0,0,0,0
1602807395734,9,1010123456011,70,,1,2,8,1,0,,1.46667,15,0,0.00576,6,0,0.1,,1.16667,18,0,0.1,6,0,0,8.57328,31,,17,52,,0,0,0,1
1602807395984,9,1010123456011,70,,1,2,8,1,0,,1.66667,54,0,0.023008,21,0,0.1,,0,0,0,0,0,0,0,0,0,,32,216,,0,0,0,0
1602807396234,9,1010123456011,70,,1,2,8,1,0,,1.76923,13,0,0.005824,5,0,0.1,,0,0,0,0,0,0,0,0,0,,0,40,,0,0,0,0
1602807396484,9,1010123456011,70,,1,2,8,1,0,,1.4375,16,0,0.005824,6,0,0.1,,0,0,0,0,0,0,0,0,0,,4,54,,0,0,0,0
1602807396734,9,1010123456011,70,,1,2,8,1,0,,1.52174,23,0,0.011424,10,0,0.1,,7.8,5,0,0.1,2,0,0,9.53414,31,,50,106,,0,0,0,1
1602807396984,9,1010123456011,70,,1,2,8,1,0,,1.64,25,0,0.011616,10,0,0.1,,0,0,0,0,0,0,0,0,0,,24,76,,0,0,0,0
1602807397234,9,1010123456011,70,,1,2,8,1,0,,2.7,20,0,0.011392,8,0,7.5,,0,0,0,0,0,0,0,0,0,,48,70,,0,0,0,0
1602807397484,9,1010123456011,70,,1,2,8,1,0,,0,4,0,0.010304,2,0,0.1,,0,0,0,0,0,0,0,0,0,,13,8,,0,0,0,0
1602807397734,9,1010123456011,70,,1,2,8,1,0,,17.2222,18,0,0.031008,7,0,0.1,,0,0,0,0,0,0,0,0,0,,116,38,,0,0,0,0
1602807397984,9,1010123456011,70,,1,2,8,1,0,,17.5833,12,0,0.020768,5,0,0.1,,0,0,0,0,0,0,0,0,0,,40,16,,0,0,0,0
1602807398234,9,1010123456011,70,,1,2,8,1,0,,17.2857,7,0,0.010464,3,0,0.1,,0,0,0,0,0,0,0,0,0,,25,8,,0,0,0,0
1602807398484,9,1010123456011,70,,1,2,8,1,0,,15,8,0,0.010464,3,0,0.1,,0,0,0,0,0,0,0,0,0,,24,12,,0,0,0,0
1602807398734,9,1010123456011,70,,1,2,8,1,0,,18,11,0,0.010464,3,0,0.1,,0,0,0,0,0,0,0,0,0,,33,12,,0,0,0,0
1602807398984,9,1010123456011,70,,1,2,8,1,0,,18,3,0,0.010304,2,0,0.1,,0,0,0,0,0,0,0,0,0,,14,4,,0,0,0,0
1602807399234,9,1010123456011,70,,1,2,8,1,0,,0,4,0,0.010304,2,0,0.1,,0,0,0,0,0,0,0,0,0,,30,12,,0,0,0,0
1602807399484,9,1010123456011,70,,1,2,8,1,0,,18,3,0,0.005152,1,0,0.1,,0,0,0,0,0,0,0,0,0,,16,4,,0,0,0,0
1602807399734,9,1010123456011,70,,1,2,8,1,0,,15.0625,16,0,0.015776,5,0,0.1,,0,0,0,0,0,0,0,0,0,,55,18,,0,0,0,0
1602807399984,9,1010123456011,70,,1,2,8,1,0,,18,3,0,0.015552,2,0,0.1,,0,0,0,0,0,0,0,0,0,,19,8,,0,0,0,0
1602807400234,9,1010123456011,70,,1,2,8,1,0,,0,2,0,0.005152,1,0,0.1,,0,0,0,0,0,0,0,0,0,,3,4,,0,0,0,0
1602807400484,9,1010123456011,70,,1,2,8,1,0,,0,4,0,0.005312,2,0,0.1,,0,0,0,0,0,0,0,0,0,,11,4,,0,0,0,0
1602807400734,9,1010123456011,70,,1,2,8,1,0,,18,5,0,0.005152,1,0,0.1,,0,0,0,0,0,0,0,0,0,,23,8,,0,0,0,0
1602807400984,9,1010123456011,70,,1,2,8,1,0,,15.9091,11,0,0.020992,6,0,0.1,,0,0,0,0,0,0,0,0,0,,49,16,,0,0,0,0
1602807401234,9,1010123456011,70,,1,2,8,1,0,,18,5,0,0.010304,2,0,0.1,,0,0,0,0,0,0,0,0,0,,32,8,,0,0,0,0
1602807401484,9,1010123456011,70,,1,2,8,1,0,,17.2857,7,0,0.010464,3,0,0.1,,0,0,0,0,0,0,0,0,0,,19,8,,0,0,0,0
1602807401734,9,1010123456011,70,,1,2,8,1,0,,18,13,0,0.020768,5,0,0.1,,0,0,0,0,0,0,0,0,0,,70,16,,0,0,0,0
1602807401984,9,1010123456011,70,,1,2,8,1,0,,18,3,0,0.005152,1,0,0.1,,0,0,0,0,0,0,0,0,0,,32,4,,0,0,0,0
1602807402234,9,1010123456011,70,,1,2,8,1,0,,18,3,0,0.005152,1,0,0.1,,0,0,0,0,0,0,0,0,0,,3,4,,0,0,0,0
1602807402484,9,1010123456011,70,,1,2,8,1,0,,0,0,0,0,0,0,0.1,,0,0,0,0,0,0,0,0,0,,0,0,,0,0,0,0
1602807402734,9,1010123456011,70,,1,2,8,1,0,,0,2,0,0.005152,1,0,0.1,,0,0,0,0,0,0,0,0,0,,14,4,,0,0,0,0
1602807402984,9,1010123456011,70,,1,2,8,1,0,,17.1304,23,0,0.026336,9,0,0.1,,0,0,0,0,0,0,0,0,0,,57,22,,0,0,0,0
1602807403234,9,1010123456011,70,,1,2,8,1,0,,18,5,0,0.005152,1,0,0.1,,0,0,0,0,0,0,0,0,0,,49,8,,0,0,0,0
1602807403484,9,1010123456011,70,,1,2,8,1,0,,17.375,8,0,0.015616,4,0,0.1,,0,0,0,0,0,0,0,0,0,,13,8,,0,0,0,0
1602807403734,9,1010123456011,70,,1,2,8,1,0,,0,0,0,0,0,0,0.1,,0,0,0,0,0,0,0,0,0,,0,0,,0,0,0,0
1602807403984,9,1010123456011,70,,1,2,8,1,0,,18,8,0,0.015456,3,0,0.1,,0,0,0,0,0,0,0,0,0,,27,12,,0,0,0,0
1602807404234,9,1010123456011,70,,1,2,8,1,0,,0,0,0,0,0,0,0.1,,0,0,0,0,0,0,0,0,0,,0,0,,0,0,0,0
1602807404484,9,1010123456011,70,,1,2,8,1,0,,18,8,0,0.015456,3,0,0.1,,0,0,0,0,0,0,0,0,0,,22,12,,0,0,0,0
1602807404734,9,1010123456011,70,,1,2,8,1,0,,13.2,5,0,0.005312,2,0,0.1,,0,0,0,0,0,0,0,0,0,,8,6,,0,0,0,0
1602807404984,9,1010123456011,70,,1,2,8,1,0,,17.375,8,0,0.010464,3,0,0.1,,0,0,0,0,0,0,0,0,0,,23,8,,0,0,0,0
1602807405234,9,1010123456011,70,,1,2,8,1,0,,16.5556,18,0,0.021088,7,0,0.1,,0,0,0,0,0,0,0,0,0,,30,18,,0,0,0,0
1602807405484,9,1010123456011,70,,1,2,8,1,0,,17.1429,7,0,0.010464,3,0,0.1,,0,0,0,0,0,0,0,0,0,,24,8,,0,0,0,0
1602807405734,9,1010123456011,70,,1,2,8,1,0,,18,5,0,0.010304,2,0,0.1,,0,0,0,0,0,0,0,0,0,,33,8,,0,0,0,0
1602807405984,9,1010123456011,70,,1,2,8,1,0,,17.3846,26,0,0.036544,10,0,0.1,,0,0,0,0,0,0,0,0,0,,61,28,,0,0,0,0
1602807406234,9,1010123456011,70,,1,2,8,1,0,,16.1538,13,0,0.026176,6,0,0.1,,0,0,0,0,0,0,0,0,0,,34,22,,0,0,0,0
1602807406484,9,1010123456011,70,,1,2,8,1,0,,17.5,10,0,0.010624,4,0,0.1,,0,0,0,0,0,0,0,0,0,,19,8,,0,0,0,0
1602807406734,9,1010123456011,70,,1,2,8,1,0,,0,0,0,0,0,0,0.1,,0,0,0,0,0,0,0,0,0,,0,0,,0,0,0,0
1602807406984,9,1010123456011,70,,1,2,8,1,0,,0,8,0,0.015552,4,0,0.1,,0,0,0,0,0,0,0,0,0,,25,14,,0,0,0,0
1602807407234,9,1010123456011,70,,1,2,8,1,0,,0,2,0,0.005152,1,0,0.1,,0,0,0,0,0,0,0,0,0,,6,4,,0,0,0,0
1602807407484,9,1010123456011,70,,1,2,8,1,0,,18,9,0,0.020864,4,0,0.1,,0,0,0,0,0,0,0,0,0,,34,16,,0,0,0,0
1602807407734,9,1010123456011,70,,1,2,8,1,0,,18,8,0,0.010304,2,0,0.1,,0,0,0,0,0,0,0,0,0,,27,12,,0,0,0,0
1602807407984,9,1010123456011,70,,1,2,8,1,0,,14,20,0,0.021344,9,0,0.1,,0,0,0,0,0,0,0,0,0,,37,16,,0,0,0,0
1602807408234,9,1010123456011,70,,1,2,8,1,0,,13.5,6,0,0.005312,2,0,0.1,,0,0,0,0,0,0,0,0,0,,7,6,,0,0,0,0
1602807408484,9,1010123456011,70,,1,2,8,1,0,,18,5,0,0.010304,2,0,0.1,,0,0,0,0,0,0,0,0,0,,17,8,,0,0,0,0
1602807408734,9,1010123456011,70,,1,2,8,1,0,,17.375,16,0,0.020928,6,0,0.1,,0,0,0,0,0,0,0,0,0,,36,16,,0,0,0,0
1602807408984,9,1010123456011,70,,1,2,8,1,0,,17.6154,13,0,0.015456,3,0,0.1,,0,0,0,0,0,0,0,0,0,,54,16,,0,0,0,0
1602807409234,9,1010123456011,70,,1,2,8,1,0,,18,3,0,0.010464,3,0,0.1,,0,0,0,0,0,0,0,0,0,,3,4,,0,0,0,0
1602807409484,9,1010123456011,70,,1,2,8,1,0,,18,3,0,0.005152,1,0,0.1,,0,0,0,0,0,0,0,0,0,,10,4,,0,0,0,0
1602807409734,9,1010123456011,70,,1,2,8,1,0,,16.8,5,0,0.005312,2,0,0.1,,0,0,0,0,0,0,0,0,0,,13,4,,0,0,0,0
1602807409984,9,1010123456011,70,,1,2,8,1,0,,15.2,15,0,0.015904,6,0,0.1,,0,0,0,0,0,0,0,0,0,,32,14,,0,0,0,0
1602807410234,9,1010123456011,70,,1,2,8,1,0,,0,2,0,0.005152,1,0,0.1,,0,0,0,0,0,0,0,0,0,,6,4,,0,0,0,0
1602807410484,9,1010123456011,70,,1,2,8,1,0,,18,5,0,0.005312,2,0,0.1,,0,0,0,0,0,0,0,0,0,,9,4,,0,0,0,0
1602807410734,9,1010123456011,70,,1,2,8,1,0,,0,0,0,0,0,0,0.1,,0,0,0,0,0,0,0,0,0,,0,0,,0,0,0,0
1602807410984,9,1010123456011,70,,1,2,8,1,0,,18.1429,7,0,0.010464,3,0,0.1,,0,0,0,0,0,0,0,0,0,,18,8,,0,0,0,0
1602807411234,9,1010123456011,70,,1,2,8,1,0,,0,4,0,0.010304,2,0,0.1,,0,0,0,0,0,0,0,0,0,,14,8,,0,0,0,0
1602807411484,9,1010123456011,70,,1,2,8,1,0,,18,5,0,0.005152,1,0,0.1,,0,0,0,0,0,0,0,0,0,,20,8,,0,0,0,0
1602807411734,9,1010123456011,70,,1,2,8,1,0,,17.5833,12,0,0.020928,6,0,0.1,,0,0,0,0,0,0,0,0,0,,23,12,,0,0,0,0
1602807411984,9,1010123456011,70,,1,2,8,1,0,,14.625,8,0,0.010464,3,0,0.1,,0,0,0,0,0,0,0,0,0,,15,10,,0,0,0,0
1602807412234,9,1010123456011,70,,1,2,8,1,0,,17.375,8,0,0.005312,2,0,0.1,,0,0,0,0,0,0,0,0,0,,20,8,,0,0,0,0
1602807412484,9,1010123456011,70,,1,2,8,1,0,,16.8,5,0,0.010464,3,0,0.1,,0,0,0,0,0,0,0,0,0,,11,4,,0,0,0,0
1602807412734,9,1010123456011,70,,1,2,8,1,0,,0,0,0,0,0,0,0.1,,0,0,0,0,0,0,0,0,0,,0,0,,0,0,0,0
1602807412984,9,1010123456011,70,,1,2,8,1,0,,18,8,0,0.010464,3,0,0.1,,0,0,0,0,0,0,0,0,0,,15,8,,0,0,0,0
1602807413234,9,1010123456011,70,,1,2,8,1,0,,17.5,10,0,0.010464,3,0,0.1,,0,0,0,0,0,0,0,0,0,,37,14,,0,0,0,0
1602807413484,9,1010123456011,70,,1,2,8,1,0,,0,0,0,0.005152,1,0,0.1,,0,0,0,0,0,0,0,0,0,,0,0,,0,0,0,0
1602807413734,9,1010123456011,70,,1,2,8,1,0,,15,13,0,0.010656,4,0,0.1,,0,0,0,0,0,0,0,0,0,,43,14,,0,0,0,0
1602807413984,9,1010123456011,70,,1,2,8,1,0,,17.8889,9,0,0.015776,5,0,0.1,,0,0,0,0,0,0,0,0,0,,22,8,,0,0,0,0
1602807414234,9,1010123456011,70,,1,2,8,1,0,,18.2,5,0,0.005312,2,0,0.1,,0,0,0,0,0,0,0,0,0,,9,4,,0,0,0,0
1602807414484,9,1010123456011,70,,1,2,8,1,0,,17.8235,17,0,0.02592,6,0,0.1,,0,0,0,0,0,0,0,0,0,,50,20,,0,0,0,0
1602807414734,9,1010123456011,70,,1,2,8,1,0,,15.6667,12,0,0.015744,5,0,0.1,,0,0,0,0,0,0,0,0,0,,21,14,,0,0,0,0
1602807414984,9,1010123456011,70,,1,2,8,1,0,,18,5,0,0.010304,2,0,0.1,,0,0,0,0,0,0,0,0,0,,11,8,,0,0,0,0
1602807415234,9,1010123456011,70,,1,2,8,1,0,,18.125,8,0,0.010464,3,0,0.1,,0,0,0,0,0,0,0,0,0,,25,8,,0,0,0,0
1602807415484,9,1010123456011,70,,1,2,8,1,0,,18.125,8,0,0.010464,3,0,0.1,,0,0,0,0,0,0,0,0,0,,21,8,,0,0,0,0
1602807415734,9,1010123456011,70,,1,2,8,1,0,,16.25,8,0,0.015648,3,0,0.1,,0,0,0,0,0,0,0,0,0,,213,14,,0,0,0,0
1602807415984,9,1010123456011,70,,1,2,8,1,0,,0,2,0,0.005152,1,0,0.1,,0,0,0,0,0,0,0,0,0,,11,4,,0,0,0,0
1602807416234,9,1010123456011,70,,1,2,8,1,0,,14.2727,11,0,0.010528,4,0,0.1,,0,0,0,0,0,0,0,0,0,,20,10,,0,0,0,0
1602807416484,9,1010123456011,70,,1,2,8,1,0,,17.9,20,0,0.02608,7,0,0.1,,0,0,0,0,0,0,0,0,0,,60,24,,0,0,0,0
1602807416734,9,1010123456011,70,,1,2,8,1,0,,18,8,0,0.015776,5,0,0.1,,0,0,0,0,0,0,0,0,0,,21,8,,0,0,0,0
1602807416984,9,1010123456011,70,,1,2,8,1,0,,18.125,8,0,0.010464,3,0,0.1,,0,0,0,0,0,0,0,0,0,,15,8,,0,0,0,0
1602807417234,9,1010123456011,70,,1,2,8,1,0,,18,6,0,0.010304,2,0,0.1,,0,0,0,0,0,0,0,0,0,,26,8,,0,0,0,0
1602807417484,9,1010123456011,70,,1,2,8,1,0,,18,8,0,0.010464,3,0,0.1,,0,0,0,0,0,0,0,0,0,,16,8,,0,0,0,0
1602807417734,9,1010123456011,70,,1,2,8,1,0,,15.25,12,0,0.015616,4,0,0.1,,0,0,0,0,0,0,0,0,0,,39,14,,0,0,0,0
1602807417984,9,1010123456011,70,,1,2,8,1,0,,0,6,0,0.01056,3,0,10,,0,0,0,0,0,0,0,0,0,,46,10,,0,0,0,0
1602807418234,9,1010123456011,70,,1,2,8,1,0,,17.4167,24,0,0.026336,9,0,11,,0,4,0,0.1,2,50,0,0,31,,53,22,,0,0,0,0
1602807418484,9,1010123456011,70,,1,2,8,1,0,,18,5,0,0.005312,2,0,0.1,,0,0,0,0,0,0,0,0,0,,25,4,,0,0,0,0
1602807418734,9,1010123456011,70,,1,2,8,1,0,,16.7143,7,0,0.015712,3,0,0.1,,0,0,0,0,0,0,0,0,0,,32,12,,0,0,0,0
1602807418984,9,1010123456011,70,,1,2,8,1,0,,0,2,0,0.005152,1,0,0.1,,0,0,0,0,0,0,0,0,0,,8,4,,0,0,0,0
1602807419234,9,1010123456011,70,,1,2,8,1,0,,18,6,0,0.005152,1,0,0.1,,0,0,0,0,0,0,0,0,0,,14,8,,0,0,0,0
1602807419484,9,1010123456011,70,,1,2,8,1,0,,17.7273,11,0,0.020768,5,0,0.1,,0,0,0,0,0,0,0,0,0,,20,12,,0,0,0,0
1602807419734,9,1010123456011,70,,1,2,8,1,0,,14.6,10,0,0.010624,4,0,0.1,,0,0,0,0,0,0,0,0,0,,25,10,,0,0,0,0
1602807419984,9,1010123456011,70,,1,2,8,1,0,,17.4,10,0,0.015616,4,0,0.1,,0,0,0,0,0,0,0,0,0,,30,12,,0,0,0,0
1602807420234,9,1010123456011,70,,1,2,8,1,0,,18.125,8,0,0.010464,3,0,0.1,,0,0,0,0,0,0,0,0,0,,22,8,,0,0,0,0
1602807420484,9,1010123456011,70,,1,2,8,1,0,,18,9,0,0.020608,4,0,0.1,,0,0,0,0,0,0,0,0,0,,56,20,,0,0,0,0
1602807420734,9,1010123456011,70,,1,2,8,1,0,,18,3,0,0.005152,1,0,0.1,,0,0,0,0,0,0,0,0,0,,15,6,,0,0,0,0
1602807420984,9,1010123456011,70,,1,2,8,1,0,,17.3333,15,0,0.010624,4,0,0.1,,0,0,0,0,0,0,0,0,0,,28,12,,0,0,0,0
1602807421234,9,1010123456011,70,,1,2,8,1,0,,18,3,0,0.010464,3,0,0.1,,0,0,0,0,0,0,0,0,0,,10,4,,0,0,0,0
1602807421484,9,1010123456011,70,,1,2,8,1,0,,0,2,0,0.005152,1,0,0.1,,0,0,0,0,0,0,0,0,0,,16,4,,0,0,0,0
1602807421734,9,1010123456011,70,,1,2,8,1,0,,18,9,0,0.020608,4,0,0.1,,0,0,0,0,0,0,0,0,0,,41,16,,0,0,0,0
1602807421984,9,1010123456011,70,,1,2,8,1,0,,3.46154,26,0,0.006976,4,0,1,,0,0,0,0,0,0,0,0,0,,14,80,,0,0,0,0
1602807422234,9,1010123456011,70,,1,2,8,1,0,,0.1,59,0,0.02304,30,0,0.1,,3.21739,23,0,0.1,10,0,0,8.37847,31,,24,238,,0,0,0,1.13043
1602807422484,9,1010123456011,70,,1,2,8,1,0,,0.1,19,0,0.006176,8,0,0.1,,2.35484,31,0,0.1,13,7.69231,0,6.89931,31,,1,102,,0,0,0,1.96774
1602807422734,9,1010123456011,70,,1,2,8,1,0,,0.111111,18,0,0.006048,8,0,3,,0,12,0,0.1,6,0,0,0,31,,11,120,,0,0,0,0
1602807422984,9,1010123456011,70,,1,2,8,1,0,,1.5,12,0,0.0056,5,0,0.1,,0,0,0,0,0,0,0,0,0,,4,68,,0,0,0,0
1602807423234,9,1010123456011,70,,1,2,8,1,0,,1.61538,52,5,0.017344,16,0,0.1,,5.78947,19,0,0.1,7,57.1429,0,4.68902,31,,117,182,,0,0,0,6.68421
1602807423484,9,1010123456011,70,,1,2,8,1,0,,2.63636,11,0,0.011488,9,0,4,,0,0,0,0,0,0,0,0,0,,50,28,,0,0,0,0
1602807423734,9,1010123456011,70,,1,2,8,1,0,,3.2,10,0,0.005536,4,0,4,,0,0,0,0,0,0,0,0,0,,9,26,,0,0,0,0
1602807423984,9,1010123456011,70,,1,2,8,1,0,,3.2,35,0,0.022144,14,0,0.1,,0,0,0,0,0,0,0,0,0,,206,114,,0,0,0,0
1602807424234,9,1010123456011,70,,1,2,8,1,0,,3.83333,30,0,0.021856,12,0,0.1,,4.30435,23,0,0.1,8,37.5,0,5.94361,31,,195,140,,0,0,0,5.04348
1602807424484,9,1010123456011,70,,1,2,8,1,0,,3.78571,28,0,0.01664,9,0,0.1,,0,0,0,0,0,0,0,0,0,,136,134,,0,0,0,0
1602807424734,9,1010123456011,70,,1,2,8,1,0,,3.66667,33,0,0.027552,16,0,9,,0,0,0,0,0,0,0,0,0,,232,112,,0,0,0,0
1602807424984,9,1010123456011,70,,1,2,8,1,0,,17.4444,9,0,0.015616,4,0,0.1,,0,0,0,0,0,0,0,0,0,,19,12,,0,0,0,0
1602807425234,9,1010123456011,70,,1,2,8,1,0,,18,9,0,0.015456,3,0,0.1,,0,0,0,0,0,0,0,0,0,,24,12,,0,0,0,0
1602807425484,9,1010123456011,70,,1,2,8,1,0,,18,3,0,0.005152,1,0,0.1,,0,0,0,0,0,0,0,0,0,,9,4,,0,0,0,0
1602807425734,9,1010123456011,70,,1,2,8,1,0,,18,7,0,0.015456,3,0,0.1,,0,0,0,0,0,0,0,0,0,,16,12,,0,0,0,0
1602807425984,9,1010123456011,70,,1,2,8,1,0,,14.6667,9,0,0.015616,4,0,10,,0,0,0,0,0,0,0,0,0,,67,12,,0,0,0,0
1602807426234,9,1010123456011,70,,1,2,8,1,0,,16,7,0,0.0104,3,0,0.1,,0,0,0,0,0,0,0,0,0,,46,10,,0,0,0,0
1602807426484,9,1010123456011,70,,1,2,8,1,0,,18,3,158,0.005152,1,0,0.1,,0,0,0,0,0,0,0,0,0,,12,4,,0,0,0,0
1602807426734,9,1010123456011,70,,1,2,8,1,0,,18,7,0,0.015456,3,0,0.1,,0,0,0,0,0,0,0,0,0,,72,12,,0,0,0,0
1602807426984,9,1010123456011,70,,1,2,8,1,0,,16.6,10,0,0.015552,4,0,0.1,,0,0,0,0,0,0,0,0,0,,54,18,,0,0,0,0
1602807427234,9,1010123456011,70,,1,2,8,1,0,,16,21,0,0.026112,6,0,0.1,,0,0,0,0,0,0,0,0,0,,85,28,,0,0,0,0
1602807427484,9,1010123456011,70,,1,2,8,1,0,,15.8462,13,0,0.02096,7,0,0.1,,0,0,0,0,0,0,0,0,0,,32,16,,0,0,0,0
1602807427734,9,1010123456011,70,,1,2,8,1,0,,15,13,0,0.020864,5,0,0.1,,0,0,0,0,0,0,0,0,0,,37,18,,0,0,0,0
1602807427984,9,1010123456011,70,,1,2,8,1,0,,16.5,14,0,0.020704,5,0,0.1,,0,0,0,0,0,0,0,0,0,,46,18,,0,0,0,0
1602807428234,9,1010123456011,70,,1,2,8,1,0,,18,3,0,0.005152,1,0,0.1,,0,0,0,0,0,0,0,0,0,,20,4,,0,0,0,0
1602807428484,9,1010123456011,70,,1,2,8,1,0,,15.3333,9,0,0.015616,4,0,0.1,,0,0,0,0,0,0,0,0,0,,38,14,,0,0,0,0
1602807428734,9,1010123456011,70,,1,2,8,1,0,,0,0,0,0,0,0,0.1,,0,0,0,0,0,0,0,0,0,,0,0,,0,0,0,0
1602807428984,9,1010123456011,70,,1,2,8,1,0,,18,3,0,0.005152,1,0,0.1,,0,0,0,0,0,0,0,0,0,,12,4,,0,0,0,0
1602807429234,9,1010123456011,70,,1,2,8,1,0,,0,0,0,0,0,0,0.1,,0,0,0,0,0,0,0,0,0,,0,0,,0,0,0,0
1602807429484,9,1010123456011,70,,1,2,8,1,0,,0,4,0,0.005152,1,0,0.1,,0,0,0,0,0,0,0,0,0,,20,8,,0,0,0,0
1602807429734,9,1010123456011,70,,1,2,8,1,0,,0,2,0,0.010304,2,0,0.1,,0,0,0,0,0,0,0,0,0,,12,4,,0,0,0,0
1602807429984,9,1010123456011,70,,1,2,8,1,0,,18,3,0,0.005152,1,0,0.1,,0,0,0,0,0,0,0,0,0,,24,4,,0,0,0,0
1602807430234,9,1010123456011,70,,1,2,8,1,0,,18,9,0,0.020608,4,0,0.1,,0,0,0,0,0,0,0,0,0,,32,16,,0,0,0,0
1602807430484,9,1010123456011,70,,1,2,8,1,0,,11.8,5,0,0.005408,2,0,10,,0,0,0,0,0,0,0,0,0,,9,6,,0,0,0,0
1602807430734,9,1010123456011,70,,1,2,8,1,0,,18,3,0,0.005152,1,0,0.1,,0,0,0,0,0,0,0,0,0,,44,4,,0,0,0,0
1602807430984,9,1010123456011,70,,1,2,8,1,0,,13.2857,7,0,0.010464,3,0,0.1,,0,0,0,0,0,0,0,0,0,,9,10,,0,0,0,0
1602807431234,9,1010123456011,70,,1,2,8,1,0,,0,0,0,0,0,0,0.1,,0,0,0,0,0,0,0,0,0,,0,0,,0,0,0,0
1602807431484,9,1010123456011,70,,1,2,8,1,0,,15.4167,12,0,0.020864,5,0,0.1,,0,0,0,0,0,0,0,0,0,,37,18,,0,0,0,0
1602807431734,9,1010123456011,70,,1,2,8,1,0,,0,4,0,0.005312,2,0,0.1,,0,0,0,0,0,0,0,0,0,,10,6,,0,0,0,0
1602807431984,9,1010123456011,70,,1,2,8,1,0,,0,2,0,0.005152,1,0,0.1,,0,0,0,0,0,0,0,0,0,,8,4,,0,0,0,0
1602807432234,9,1010123456011,70,,1,2,8,1,0,,16.5,14,0,0.020704,5,0,0.1,,0,0,0,0,0,0,0,0,0,,152,18,,0,0,0,0
1602807432484,9,1010123456011,70,,1,2,8,1,0,,18,9,0,0.020608,4,0,0.1,,0,0,0,0,0,0,0,0,0,,36,16,,0,0,0,0
1602807432734,9,1010123456011,70,,1,2,8,1,0,,18,3,0,0,0,0,0.1,,0,0,0,0,0,0,0,0,0,,8,4,,0,0,0,0
1602807432984,9,1010123456011,70,,1,2,8,1,0,,18,5,0,0.015456,3,0,0.1,,0,0,0,0,0,0,0,0,0,,40,8,,0,0,0,0
1602807433234,9,1010123456011,70,,1,2,8,1,0,,0,2,0,0.005152,1,0,0.1,,0,0,0,0,0,0,0,0,0,,8,4,,0,0,0,0
1602807433484,9,1010123456011,70,,1,2,8,1,0,,16.6667,15,0,0.020928,6,0,0.1,,0,0,0,0,0,0,0,0,0,,41,18,,0,0,0,0
1602807433734,9,1010123456011,70,,1,2,8,1,0,,18,10,0,0.020704,3,0,0.1,,0,0,0,0,0,0,0,0,0,,43,20,,0,0,0,0
1602807433984,9,1010123456011,70,,1,2,8,1,0,,18,9,0,0.020608,4,0,0.1,,0,2,0,0.1,1,0,0,0,31,,20,12,,0,0,0,0
1602807434234,9,1010123456011,70,,1,2,8,1,0,,13.6667,9,0,0.015712,4,0,0.1,,0,0,0,0,0,0,0,0,0,,37,14,,0,0,0,0
1602807434484,9,1010123456011,70,,1,2,8,1,0,,0,6,0,0.015456,3,0,0.1,,0,0,0,0,0,0,0,0,0,,28,12,,0,0,0,0
1602807434734,9,1010123456011,70,,1,2,8,1,0,,16.8947,19,0,0.036224,8,0,0.1,,0,0,0,0,0,0,0,0,0,,78,30,,0,0,0,0
1602807434984,9,1010123456011,70,,1,2,8,1,0,,18,3,0,0.005152,1,0,0.1,,0,0,0,0,0,0,0,0,0,,12,4,,0,0,0,0
1602807435234,9,1010123456011,70,,1,2,8,1,0,,16.3846,13,0,0.026016,5,0,0.1,,0,0,0,0,0,0,0,0,0,,77,26,,0,0,0,0
1602807435484,9,1010123456011,70,,1,2,8,1,0,,13.8,5,0,0.0104,3,0,0.1,,0,0,0,0,0,0,0,0,0,,10,6,,0,0,0,0
1602807435734,9,1010123456011,70,,1,2,8,1,0,,13.7273,11,0,0.016128,4,0,0.1,,0,0,0,0,0,0,0,0,0,,63,16,,0,0,0,0
1602807435984,9,1010123456011,70,,1,2,8,1,0,,18,3,0,0.005152,1,0,0.1,,0,0,0,0,0,0,0,0,0,,8,4,,0,0,0,0
1602807436234,9,1010123456011,70,,1,2,8,1,0,,16.4762,21,0,0.026112,8,0,0.1,,0,0,0,0,0,0,0,0,0,,74,24,,0,0,0,0
1602807436484,9,1010123456011,70,,1,2,8,1,0,,16.1538,13,0,0.021024,5,0,0.1,,0,0,0,0,0,0,0,0,0,,38,18,,0,0,0,0
1602807436734,9,1010123456011,70,,1,2,8,1,0,,15.0833,12,0,0.015712,5,0,0.1,,0,0,0,0,0,0,0,0,0,,40,16,,0,0,0,0
1602807436984,9,1010123456011,70,,1,2,8,1,0,,15.8,10,0,0.015872,4,0,0.1,,0,0,0,0,0,0,0,0,0,,28,16,,0,0,0,0
1602807437234,9,1010123456011,70,,1,2,8,1,0,,18,3,0,0.005152,1,0,0.1,,2.07407,27,0,0.1,11,81.8182,0,1.40807,31,,16,4,,0,0,0,8.55556
1602807437484,9,1010123456011,70,,1,2,8,1,0,,15.3043,46,0,0.062624,18,0,0.1,,0,0,0,0,0,0,0,0,0,,125,58,,0,0,0,0
1602807437734,9,1010123456011,70,,1,2,8,1,0,,13,10,0,0.015808,4,0,0.1,,0,0,0,0,0,0,0,0,0,,38,16,,0,0,0,0
1602807437984,9,1010123456011,70,,1,2,8,1,0,,15.9,10,0,0.015552,4,0,0.1,,0,0,0,0,0,0,0,0,0,,29,14,,0,0,0,0
1602807438234,9,1010123456011,70,,1,2,8,1,0,,15.2,5,0,0.005248,2,0,0.1,,0,0,0,0,0,0,0,0,0,,10,6,,0,0,0,0
1602807438484,9,1010123456011,70,,1,2,8,1,0,,14,10,0,0.01056,4,0,0.1,,0,0,0,0,0,0,0,0,0,,20,12,,0,0,0,0
1602807438734,9,1010123456011,70,,1,2,8,1,0,,18,3,0,0.005152,1,0,0.1,,0,0,0,0,0,0,0,0,0,,12,4,,0,0,0,0
1602807438984,9,1010123456011,70,,1,2,8,1,0,,15.7,10,158,0.010624,4,0,0.1,,0,0,0,0,0,0,0,0,0,,32,10,,0,0,0,0
1602807439234,9,1010123456011,70,,1,2,8,1,0,,16.8667,15,0,0.015872,6,0,0.1,,0,0,0,0,0,0,0,0,0,,38,18,,0,0,0,0
1602807439484,9,1010123456011,70,,1,2,8,1,0,,13.8,5,0,0.005248,2,0,0.1,,0,0,0,0,0,0,0,0,0,,18,8,,0,0,0,0
1602807439734,9,1010123456011,70,,1,2,8,1,0,,12.7647,17,75,0.010848,6,0,0.1,,0,0,0,0,0,0,0,0,0,,35,16,,0,0,0,0
1602807439984,9,1010123456011,70,,1,2,8,1,0,,18,5,0,0.010464,3,0,0.1,,0,0,0,0,0,0,0,0,0,,24,6,,0,0,0,0
1602807440234,9,1010123456011,70,,1,2,8,1,0,,13.8,5,0,0.005248,2,0,0.1,,0,0,0,0,0,0,0,0,0,,10,6,,0,0,0,0
1602807440484,9,1010123456011,70,,1,2,8,1,0,,14.8125,16,0,0.015872,6,0,0.1,,0,0,0,0,0,0,0,0,0,,36,20,,0,0,0,0
1602807440734,9,1010123456011,70,,1,2,8,1,0,,18.2857,7,0,0.015648,3,0,0.1,,0,0,0,0,0,0,0,0,0,,79,12,,0,0,0,0
1602807440984,9,1010123456011,70,,1,2,8,1,0,,15.6923,13,0,0.015776,5,0,0.1,,0,0,0,0,0,0,0,0,0,,36,16,,0,0,0,0
1602807441234,9,1010123456011,70,,1,2,8,1,0,,18,6,158,0.010304,2,0,0.1,,0,0,0,0,0,0,0,0,0,,36,8,,0,0,0,0
1602807441484,9,1010123456011,70,,1,2,8,1,0,,16.1,10,0,0.01056,4,0,0.1,,0,0,0,0,0,0,0,0,0,,16,10,,0,0,0,0
1602807441734,9,1010123456011,70,,1,2,8,1,0,,16.6,10,0,0.015552,4,0,0.1,,0,0,0,0,0,0,0,0,0,,35,14,,0,0,0,0
1602807441984,9,1010123456011,70,,1,2,8,1,0,,15.3077,13,0,0.015648,5,0,0.1,,0,0,0,0,0,0,0,0,0,,37,16,,0,0,0,0
1602807442234,9,1010123456011,70,,1,2,8,1,0,,14.7333,15,0,0.010496,4,0,0.1,,0,0,0,0,0,0,0,0,0,,39,18,,0,0,0,0
1602807442484,9,1010123456011,70,,1,2,8,1,0,,15.2,5,0,0.010496,4,0,0.1,,0,0,0,0,0,0,0,0,0,,10,6,,0,0,0,0
1602807442734,9,1010123456011,70,,1,2,8,1,0,,16.25,8,0,0.0104,3,0,0.1,,0,0,0,0,0,0,0,0,0,,23,10,,0,0,0,0
1602807442984,9,1010123456011,70,,1,2,8,1,0,,0,0,0,0,0,0,0.1,,0,0,0,0,0,0,0,0,0,,0,0,,0,0,0,0
1602807443234,9,1010123456011,70,,1,2,8,1,0,,0,0,0,0,0,0,0.1,,0,0,0,0,0,0,0,0,0,,0,0,,0,0,0,0
1602807443484,9,1010123456011,70,,1,2,8,1,0,,0,4,0,0.005248,2,0,0.1,,0,0,0,0,0,0,0,0,0,,8,6,,0,0,0,0
1602807443734,9,1010123456011,70,,1,2,8,1,0,,18.1429,14,0,0.02592,6,0,0.1,,0,0,0,0,0,0,0,0,0,,68,22,,0,0,0,0
1602807443984,9,1010123456011,70,,1,2,8,1,0,,16.7273,11,0,0.015552,4,0,0.1,,0,0,0,0,0,0,0,0,0,,46,22,,0,0,0,0
1602807444234,9,1010123456011,70,,1,2,8,1,0,,18.1429,14,0,0.020768,5,0,0.1,,0,0,0,0,0,0,0,0,0,,46,16,,0,0,0,0
1602807444484,9,1010123456011,70,,1,2,8,1,0,,11.5714,7,0,0.005408,3,0,0.1,,0,0,0,0,0,0,0,0,0,,13,8,,0,0,0,0
1602807444734,9,1010123456011,70,,1,2,8,1,0,,18,5,0,0.010304,2,0,0.1,,0,0,0,0,0,0,0,0,0,,24,8,,0,0,0,0
1602807444984,9,1010123456011,70,,1,2,8,1,0,,0,0,0,0,0,0,0.1,,0,0,0,0,0,0,0,0,0,,0,0,,0,0,0,0
1602807445234,9,1010123456011,70,,1,2,8,1,0,,14.9,10,0,0.015712,4,0,0.1,,0,0,0,0,0,0,0,0,0,,25,14,,0,0,0,0
1602807445484,9,1010123456011,70,,1,2,8,1,0,,18.3333,12,0,0.015776,5,0,0.1,,0,0,0,0,0,0,0,0,0,,44,12,,0,0,0,0
1602807445734,9,1010123456011,70,,1,2,8,1,0,,18,6,0,0.010304,2,0,0.1,,0,0,0,0,0,0,0,0,0,,24,10,,0,0,0,0
1602807445984,9,1010123456011,70,,1,2,8,1,0,,18,6,0,0.010304,2,0,0.1,,0,0,0,0,0,0,0,0,0,,12,8,,0,0,0,0
1602807446234,9,1010123456011,70,,1,2,8,1,0,,18,5,0,0.010304,2,0,0.1,,0,0,0,0,0,0,0,0,0,,24,8,,0,0,0,0
1602807446484,9,1010123456011,70,,1,2,8,1,0,,13.8,5,0,0.005248,2,0,0.1,,0,0,0,0,0,0,0,0,0,,10,6,,0,0,0,0
1602807446734,9,1010123456011,70,,1,2,8,1,0,,13.8,5,0,0.005248,2,0,0.1,,0,0,0,0,0,0,0,0,0,,15,6,,0,0,0,0
1602807446984,9,1010123456011,70,,1,2,8,1,0,,18,3,0,0.005152,1,0,0.1,,0,0,0,0,0,0,0,0,0,,12,4,,0,0,0,0
1602807447234,9,1010123456011,70,,1,2,8,1,0,,18.3,10,0,0.015616,4,0,0.1,,0,0,0,0,0,0,0,0,0,,30,12,,0,0,0,0
1602807447484,9,1010123456011,70,,1,2,8,1,0,,0,2,0,0.005152,1,0,0.1,,0,0,0,0,0,0,0,0,0,,8,4,,0,0,0,0
1602807447734,9,1010123456011,70,,1,2,8,1,0,,18.2,10,0,0.015616,4,0,0.1,,0,0,0,0,0,0,0,0,0,,38,12,,0,0,0,0
1602807447984,9,1010123456011,70,,1,2,8,1,0,,17.3333,18,0,0.026016,7,0,0.1,,0,0,0,0,0,0,0,0,0,,56,24,,0,0,0,0
1602807448234,9,1010123456011,70,,1,2,8,1,0,,15.2,5,0,0.005248,2,0,0.1,,0,0,0,0,0,0,0,0,0,,10,6,,0,0,0,0
1602807448484,9,1010123456011,70,,1,2,8,1,0,,13.2857,7,0,0.015456,3,0,0.1,,0,0,0,0,0,0,0,0,0,,105,14,,0,0,0,0
1602807448734,9,1010123456011,70,,1,2,8,1,0,,17.0769,13,0,0.015712,5,0,0.1,,0,0,0,0,0,0,0,0,0,,41,14,,0,0,0,0
1602807448984,9,1010123456011,70,,1,2,8,1,0,,14.2,20,0,0.02112,8,0,0.1,,0,0,0,0,0,0,0,0,0,,47,24,,0,0,0,0
1602807449234,9,1010123456011,70,,1,2,8,1,0,,18.2222,9,0,0.015616,4,0,0.1,,0,0,0,0,0,0,0,0,0,,38,14,,0,0,0,0
1602807449484,9,1010123456011,70,,1,2,8,1,0,,18,10,83,0.020608,4,0,0.1,,0,0,0,0,0,0,0,0,0,,56,18,,0,0,0,0
1602807449734,9,1010123456011,70,,1,2,8,1,0,,15.2222,18,0,0.026016,7,0,0.1,,0,0,0,0,0,0,0,0,0,,39,26,,0,0,0,0
1602807449984,9,1010123456011,70,,1,2,8,1,0,,13.8,5,0,0.0104,3,0,0.1,,0,0,0,0,0,0,0,0,0,,14,6,,0,0,0,0
1602807450234,9,1010123456011,70,,1,2,8,1,0,,16.375,16,0,0.02096,7,0,0.1,,0,0,0,0,0,0,0,0,0,,40,20,,0,0,0,0
1602807450484,9,1010123456011,70,,1,2,8,1,0,,15.4286,7,0,0.010464,3,0,0.1,,0,0,0,0,0,0,0,0,0,,32,14,,0,0,0,0
1602807450734,9,1010123456011,70,,1,2,8,1,0,,16.5385,13,0,0.015712,5,0,0.1,,0,0,0,0,0,0,0,0,0,,28,14,,0,0,0,0
1602807450984,9,1010123456011,70,,1,2,8,1,0,,13,9,0,0.01056,4,0,0.1,,0,8,0,0,4,100,0,0,0,,42,12,,0,0,0,0
1602807451234,9,1010123456011,70,,1,2,8,1,0,,18,9,83,0.015456,3,0,0.1,,0,0,0,0,0,0,0,0,0,,56,14,,0,0,0,0
1602807451484,9,1010123456011,70,,1,2,8,1,0,,16.7692,13,0,0.031072,7,0,0.1,,0,0,0,0,0,0,0,0,0,,92,40,,0,0,0,0
1602807451734,9,1010123456011,70,,1,2,8,1,0,,16.3636,11,0,0.01056,4,0,0.1,,0,0,0,0,0,0,0,0,0,,26,10,,0,0,0,0
1602807451984,9,1010123456011,70,,1,2,8,1,0,,14.9,10,0,0.015712,4,0,0.1,,0,0,0,0,0,0,0,0,0,,37,14,,0,0,0,0
1602807452234,9,1010123456011,70,,1,2,8,1,0,,0,0,0,0,0,0,0.1,,0,0,0,0,0,0,0,0,0,,0,0,,0,0,0,0
1602807452484,9,1010123456011,70,,1,2,8,1,0,,15.3,20,0,0.015808,6,0,0.1,,0,0,0,0,0,0,0,0,0,,46,22,,0,0,0,0
1602807452734,9,1010123456011,70,,1,2,8,1,0,,16.8,10,0,0.015808,6,0,0.1,,0,0,0,0,0,0,0,0,0,,24,10,,0,0,0,0
1602807452984,9,1010123456011,70,,1,2,8,1,0,,0,2,0,0.005152,1,0,0.1,,0,0,0,0,0,0,0,0,0,,12,6,,0,0,0,0
1602807453234,9,1010123456011,70,,1,2,8,1,0,,18,3,0,0.005152,1,0,0.1,,0,0,0,0,0,0,0,0,0,,12,4,,0,0,0,0
1602807453484,9,1010123456011,70,,1,2,8,1,0,,15.85,20,75,0.015776,5,0,0.1,,0,0,0,0,0,0,0,0,0,,64,24,,0,0,0,0
1602807453734,9,1010123456011,70,,1,2,8,1,0,,13.5833,12,0,0.02112,8,0,0.1,,0,0,0,0,0,0,0,0,0,,17,14,,0,0,0,0
1602807453984,9,1010123456011,70,,1,2,8,1,0,,14.1176,17,0,0.010656,4,0,0.1,,0,0,0,0,0,0,0,0,0,,62,24,,0,0,0,0
1602807454234,9,1010123456011,70,,1,2,8,1,0,,15.4,10,0,0.021024,7,0,0.1,,0,0,0,0,0,0,0,0,0,,32,12,,0,0,0,0
1602807454484,9,1010123456011,70,,1,2,8,1,0,,13.5714,7,0,0.01056,3,0,0.1,,0,0,0,0,0,0,0,0,0,,17,12,,0,0,0,0
1602807454734,9,1010123456011,70,,1,2,8,1,0,,18,11,0,0.020608,4,0,0.1,,0,0,0,0,0,0,0,0,0,,48,16,,0,0,0,0
1602807454984,9,1010123456011,70,,1,2,8,1,0,,18.2857,7,0,0.010464,3,0,0.1,,0,0,0,0,0,0,0,0,0,,26,8,,0,0,0,0
1602807455234,9,1010123456011,70,,1,2,8,1,0,,15.4211,19,0,0.020896,7,0,0.1,,0,0,0,0,0,0,0,0,0,,48,22,,0,0,0,0
1602807455484,9,1010123456011,70,,1,2,8,1,0,,15.6667,12,0,0.015648,5,0,0.1,,0,0,0,0,0,0,0,0,0,,33,16,,0,0,0,0
1602807455734,9,1010123456011,70,,1,2,8,1,0,,15.4118,17,0,0.021024,7,0,0.1,,0,0,0,0,0,0,0,0,0,,57,20,,0,0,0,0
1602807455984,9,1010123456011,70,,1,2,8,1,0,,17.6667,15,0,0.02624,6,0,0.1,,0,0,0,0,0,0,0,0,0,,57,24,,0,0,0,0
1602807456234,9,1010123456011,70,,1,2,8,1,0,,15.375,8,0,0.0104,3,0,0.1,,0,0,0,0,0,0,0,0,0,,34,10,,0,0,0,0
1602807456484,9,1010123456011,70,,1,2,8,1,0,,16.7273,11,0,0.020704,5,0,0.1,,0,0,0,0,0,0,0,0,0,,52,20,,0,0,0,0
1602807456734,9,1010123456011,70,,1,2,8,1,0,,12.8571,7,0,0.01072,3,0,0.1,,0,0,0,0,0,0,0,0,0,,25,14,,0,0,0,0
1602807456984,9,1010123456011,70,,1,2,8,1,0,,13.4286,14,0,0.015808,6,0,0.1,,0,0,0,0,0,0,0,0,0,,50,18,,0,0,0,0
1602807457234,9,1010123456011,70,,1,2,8,1,0,,0,2,0,0.005152,1,0,0.1,,0,0,0,0,0,0,0,0,0,,8,4,,0,0,0,0
1602807457484,9,1010123456011,70,,1,2,8,1,0,,12.4286,7,0,0.01056,3,0,0.1,,0,0,0,0,0,0,0,0,0,,17,10,,0,0,0,0
1602807457734,9,1010123456011,70,,1,2,8,1,0,,14.5,10,0,0.010496,4,0,0.1,,0,0,0,0,0,0,0,0,0,,20,12,,0,0,0,0
1602807457984,9,1010123456011,70,,1,2,8,1,0,,11.5,10,0,0.010816,4,0,0.1,,0,0,0,0,0,0,0,0,0,,37,18,,0,0,0,0
1602807458234,9,1010123456011,70,,1,2,8,1,0,,16.25,8,0,0.0104,3,0,0.1,,0,0,0,0,0,0,0,0,0,,18,10,,0,0,0,0
1602807458484,9,1010123456011,70,,1,2,8,1,0,,18,3,0,0.005152,1,0,0.1,,0,0,0,0,0,0,0,0,0,,4,4,,0,0,0,0
1602807458734,9,1010123456011,70,,1,2,8,1,0,,15.6923,13,0,0.020928,6,0,0.1,,0,0,0,0,0,0,0,0,0,,76,18,,0,0,0,0
1602807458984,9,1010123456011,70,,1,2,8,1,0,,16.6,10,0,0.015552,4,0,0.1,,0,0,0,0,0,0,0,0,0,,54,18,,0,0,0,0
1602807459234,9,1010123456011,70,,1,2,8,1,0,,10.2,5,0,0.005408,2,0,0.1,,0,0,0,0,0,0,0,0,0,,11,6,,0,0,0,0
1602807459484,9,1010123456011,70,,1,2,8,1,0,,18,7,0,0.015456,3,0,0.1,,0,0,0,0,0,0,0,0,0,,56,20,,0,0,0,0
1602807459734,9,1010123456011,70,,1,2,8,1,0,,16.25,8,0,0.0104,3,0,0.1,,0,0,0,0,0,0,0,0,0,,22,10,,0,0,0,0
1602807459984,9,1010123456011,70,,1,2,8,1,0,,13.2857,7,0,0.010464,3,0,0.1,,0,0,0,0,0,0,0,0,0,,29,10,,0,0,0,0
1602807460234,9,1010123456011,70,,1,2,8,1,0,,13.8,5,0,0.005248,2,0,0.1,,0,0,0,0,0,0,0,0,0,,18,6,,0,0,0,0
1602807460484,9,1010123456011,70,,1,2,8,1,0,,14.5,12,0,0.010496,4,0,0.1,,0,0,0,0,0,0,0,0,0,,60,20,,0,0,0,0
1602807460734,9,1010123456011,70,,1,2,8,1,0,,18,7,0,0.015456,3,0,0.1,,0,0,0,0,0,0,0,0,0,,44,12,,0,0,0,0
1602807460984,9,1010123456011,70,,1,2,8,1,0,,13.4615,13,0,0.015808,6,0,0.1,,0,0,0,0,0,0,0,0,0,,41,14,,0,0,0,0
1602807461234,9,1010123456011,70,,1,2,8,1,0,,12.2,5,0,0.005312,2,0,0.1,,0,0,0,0,0,0,0,0,0,,18,6,,0,0,0,0
1602807461484,9,1010123456011,70,,1,2,8,1,0,,17.0769,13,0,0.01584,5,0,0.1,,0,0,0,0,0,0,0,0,0,,63,14,,0,0,0,0
1602807461734,9,1010123456011,70,,1,2,8,1,0,,16.3333,9,0,0.010624,4,0,0.1,,0,0,0,0,0,0,0,0,0,,36,10,,0,0,0,0
1602807461984,9,1010123456011,70,,1,2,8,1,0,,0,0,0,0,0,0,0.1,,0,0,0,0,0,0,0,0,0,,0,0,,0,0,0,0
1602807462234,9,1010123456011,70,,1,2,8,1,0,,12.2941,17,0,0.0216,7,0,0.1,,0,0,0,0,0,0,0,0,0,,67,26,,0,0,0,0
1602807462484,9,1010123456011,70,,1,2,8,1,0,,14.4167,12,0,0.015712,5,0,0.1,,0,0,0,0,0,0,0,0,0,,59,16,,0,0,0,0
1602807462734,9,1010123456011,70,,1,2,8,1,0,,14.2,10,0,0.015552,4,0,0.1,,0,0,0,0,0,0,0,0,0,,75,16,,0,0,0,0
1602807462984,9,1010123456011,70,,1,2,8,1,0,,16.1,10,0,0.01056,4,0,0.1,,0,0,0,0,0,0,0,0,0,,24,10,,0,0,0,0
1602807463234,9,1010123456011,70,,1,2,8,1,0,,16.1,10,0,0.01056,4,0,0.1,,0,0,0,0,0,0,0,0,0,,28,10,,0,0,0,0
1602807463484,9,1010123456011,70,,1,2,8,1,0,,18,6,0,0.010304,2,0,0.1,,0,0,0,0,0,0,0,0,0,,12,8,,0,0,0,0
1602807463734,9,1010123456011,70,,1,2,8,1,0,,13.9444,18,0,0.021056,7,0,0.1,,0,0,0,0,0,0,0,0,0,,57,22,,0,0,0,0
1602807463984,9,1010123456011,70,,1,2,8,1,0,,15.2,5,0,0.005248,2,0,0.1,,0,0,0,0,0,0,0,0,0,,10,6,,0,0,0,0
1602807464234,9,1010123456011,70,,1,2,8,1,0,,18.1818,11,0,0.015616,4,0,0.1,,0,0,0,0,0,0,0,0,0,,34,14,,0,0,0,0
1602807464484,9,1010123456011,70,,1,2,8,1,0,,15.6667,12,0,0.015648,5,0,0.1,,0,0,0,0,0,0,0,0,0,,24,16,,0,0,0,0
1602807464734,9,1010123456011,70,,1,2,8,1,0,,18.3333,9,0,0.010464,3,0,0.1,,0,0,0,0,0,0,0,0,0,,28,8,,0,0,0,0
1602807464984,9,1010123456011,70,,1,2,8,1,0,,18.4,5,0,0.005312,2,0,14,,0,0,0,0,0,0,0,0,0,,14,4,,0,0,0,0
1602807465234,9,1010123456011,70,,1,2,8,1,0,,15.6667,15,0,0.015616,4,0,0.1,,0,0,0,0,0,0,0,0,0,,24,16,,0,0,0,0
1602807465484,9,1010123456011,70,,1,2,8,1,0,,0,0,0,0.005312,2,0,0.1,,0,0,0,0,0,0,0,0,0,,0,0,,0,0,0,0
1602807465734,9,1010123456011,70,,1,2,8,1,0,,12,5,0,0.005312,2,0,0.1,,0,0,0,0,0,0,0,0,0,,10,4,,0,0,0,0
1602807465984,9,1010123456011,70,,1,2,8,1,0,,16.9,10,0,0.010624,4,0,11,,0,0,0,0,0,0,0,0,0,,15,8,,0,0,0,0
1602807466234,9,1010123456011,70,,1,2,8,1,0,,17.4444,9,0,0.015616,4,0,0.1,,0,0,0,0,0,0,0,0,0,,30,12,,0,0,0,0
1602807466484,9,1010123456011,70,,1,2,8,1,0,,13.8,10,0,0.010592,4,0,0.1,,0,0,0,0,0,0,0,0,0,,19,10,,0,0,0,0
1602807466734,9,1010123456011,70,,1,2,8,1,0,,18,7,0,0.005312,2,0,0.1,,0,0,0,0,0,0,0,0,0,,12,8,,0,0,0,0
1602807466984,9,1010123456011,70,,1,2,8,1,0,,17.4444,9,0,0.020768,5,0,0.1,,0.1,3,0,0.1,1,0,0,8.31039,31,,28,12,,0,0,0,1
1602807467234,9,1010123456011,70,,1,2,8,1,0,,17.2857,7,0,0.010464,3,0,0.1,,0,0,0,0,0,0,0,0,0,,17,8,,0,0,0,0
1602807467484,9,1010123456011,70,,1,2,8,1,0,,17,5,0,0.005312,2,0,0.1,,0,0,0,0,0,0,0,0,0,,9,4,,0,0,0,0
1602807467734,9,1010123456011,70,,1,2,8,1,0,,17.7273,11,0,0.020608,4,0,0.1,,0,0,0,0,0,0,0,0,0,,40,16,,0,0,0,0
1602807467984,9,1010123456011,70,,1,2,8,1,0,,18,9,0,0.020608,4,0,0.1,,0,0,0,0,0,0,0,0,0,,38,22,,0,0,0,0
1602807468234,9,1010123456011,70,,1,2,8,1,0,,17,5,0,0.005312,2,0,0.1,,0,0,0,0,0,0,0,0,0,,10,4,,0,0,0,0
1602807468484,9,1010123456011,70,,1,2,8,1,0,,18,10,0,0.020608,4,0,0.1,,0,0,0,0,0,0,0,0,0,,39,16,,0,0,0,0
1602807468734,9,1010123456011,70,,1,2,8,1,0,,18,10,0,0.015616,4,0,0.1,,0,0,0,0,0,0,0,0,0,,30,12,,0,0,0,0
1602807468984,9,1010123456011,70,,1,2,8,1,0,,0,4,0,0.010304,2,0,0.1,,0,0,0,0,0,0,0,0,0,,9,8,,0,0,0,0
1602807469234,9,1010123456011,70,,1,2,8,1,0,,18,6,0,0.010304,2,0,0.1,,4,3,0,0.1,1,0,0,8.84495,31,,17,8,,0,0,0,1
1602807469484,9,1010123456011,70,,1,2,8,1,0,,18,5,0,0.010304,2,0,0.1,,0,0,0,0,0,0,0,0,0,,17,8,,0,0,0,0
1602807469734,9,1010123456011,70,,1,2,8,1,0,,0,2,0,0.005152,1,0,0.1,,0,0,0,0,0,0,0,0,0,,10,4,,0,0,0,0
1602807469984,9,1010123456011,70,,1,2,8,1,0,,16.375,16,0,0.031072,7,0,0.1,,0,0,0,0,0,0,0,0,0,,55,26,,0,0,0,0
1602807470234,9,1010123456011,70,,1,2,8,1,0,,17.5385,13,0,0.02592,6,0,0.1,,0,0,0,0,0,0,0,0,0,,32,20,,0,0,0,0
1602807470484,9,1010123456011,70,,1,2,8,1,0,,18,3,0,0.005152,1,0,0.1,,0,0,0,0,0,0,0,0,0,,6,4,,0,0,0,0
1602807470734,9,1010123456011,70,,1,2,8,1,0,,0,6,0,0.015456,3,0,0.1,,0,0,0,0,0,0,0,0,0,,20,12,,0,0,0,0
1602807470984,9,1010123456011,70,,1,2,8,1,0,,0,0,0,0,0,0,0.1,,0,0,0,0,0,0,0,0,0,,0,0,,0,0,0,0
1602807471234,9,1010123456011,70,,1,2,8,1,0,,18,9,0,0.010304,2,0,0.1,,0,0,0,0,0,0,0,0,0,,28,12,,0,0,0,0
1602807471484,9,1010123456011,70,,1,2,8,1,0,,18,8,0,0.020608,4,0,0.1,,0,0,0,0,0,0,0,0,0,,24,12,,0,0,0,0
1602807471734,9,1010123456011,70,,1,2,8,1,0,,16.7273,11,0,0.015552,4,0,0.1,,0,0,0,0,0,0,0,0,0,,23,14,,0,0,0,0
1602807471984,9,1010123456011,70,,1,2,8,1,0,,0,6,0,0.010464,3,0,0.1,,0,0,0,0,0,0,0,0,0,,14,10,,0,0,0,0
1602807472234,9,1010123456011,70,,1,2,8,1,0,,18,3,0,0.005152,1,0,0.1,,0,0,0,0,0,0,0,0,0,,6,4,,0,0,0,0
1602807472484,9,1010123456011,70,,1,2,8,1,0,,15.7692,13,0,0.020768,5,0,0.1,,0,0,0,0,0,0,0,0,0,,25,18,,0,0,0,0
1602807472734,9,1010123456011,70,,1,2,8,1,0,,18,3,0,0.005152,1,0,0.1,,3.72727,11,0,0.1,4,0,0,9.1485,31,,6,4,,0,0,0,1
1602807472984,9,1010123456011,70,,1,2,8,1,0,,17.2,25,0,0.046784,10,0,0.1,,0,0,0,0,0,0,0,0,0,,88,36,,0,0,0,0
1602807473234,9,1010123456011,70,,1,2,8,1,0,,18,6,0,0.010304,2,0,0.1,,0,0,0,0,0,0,0,0,0,,9,8,,0,0,0,0
1602807473484,9,1010123456011,70,,1,2,8,1,0,,0,2,0,0.005152,1,0,0.1,,0,0,0,0,0,0,0,0,0,,6,4,,0,0,0,0
1602807473734,9,1010123456011,70,,1,2,8,1,0,,18,6,0,0.010304,2,0,0.1,,0,0,0,0,0,0,0,0,0,,14,8,,0,0,0,0
1602807473984,9,1010123456011,70,,1,2,8,1,0,,16.25,12,0,0.020768,5,0,0.1,,3.75,8,0,0.1,3,0,0,6.02883,31,,34,18,,0,0,0,1
1602807474234,9,1010123456011,70,,1,2,8,1,0,,16.7778,9,0,0.0256,4,0,0.1,,0.1,24,0,0.1,10,0,0,2.8313,31,,54,18,,0,0,0,1.79167
1602807474484,9,1010123456011,70,,1,2,8,1,0,,18,7,0,0.010464,3,0,0.1,,2.47368,38,0,0.1,16,56.25,0,2.83851,31,,11,8,,0,0,0,6.02632
1602807474734,9,1010123456011,70,,1,2,8,1,0,,0,0,0,0,0,0,0.1,,0,0,0,0,0,0,0,0,0,,0,0,,0,0,0,0
1602807474984,9,1010123456011,70,,1,2,8,1,0,,18,3,0,0,0,0,0.1,,0,0,0,0,0,0,0,0,0,,7,4,,0,0,0,0
1602807475234,9,1010123456011,70,,1,2,8,1,0,,15,7,0,0.015616,4,0,0.1,,0,0,0,0,0,0,0,0,0,,14,10,,0,0,0,0
1602807475484,9,1010123456011,70,,1,2,8,1,0,,16.6875,16,0,0.02592,6,0,0.1,,1.77778,63,0,0.1,25,64,0,1.86925,31,,42,22,,0,0,0,7.33333
1602807475734,9,1010123456011,70,,1,2,8,1,0,,16.5,14,0,0.02592,6,0,0.1,,2.25,24,0,0.1,9,44.4444,0,2.96775,31,,41,22,,0,0,0,5.875
1602807475984,9,1010123456011,70,,1,2,8,1,0,,15.8333,12,0,0.020768,5,0,0.1,,3.45455,11,0,0.1,4,25,0,6.13267,31,,31,18,,0,0,0,2.90909
1602807476234,9,1010123456011,70,,1,2,8,1,0,,18,13,0,0.020768,5,0,0.1,,2.15385,13,0,0.1,6,83.3333,0,1.71753,0,,30,16,,0,0,0,8.76923
1602807476484,9,1010123456011,70,,1,2,8,1,0,,17.5,10,0,0.015616,4,0,0.1,,0,0,0,0,0,0,0,0,0,,26,12,,0,0,0,0
1602807476734,9,1010123456011,70,,1,2,8,1,0,,16.2667,15,0,0.031008,6,0,0.1,,0,0,0,0,0,0,0,0,0,,49,24,,0,0,0,0
1602807476984,9,1010123456011,70,,1,2,8,1,0,,18,10,0,0.020608,4,0,0.1,,0.1,22,0,0.1,9,0,0,2.88768,31,,33,16,,0,0,0,1.22727
1602807477234,9,1010123456011,70,,1,2,8,1,0,,18,12,0,0.02576,5,0,0.1,,0,0,0,0,0,0,0,0,0,,27,20,,0,0,0,0
1602807477484,9,1010123456011,70,,1,2,8,1,0,,18,5,0,0.010304,2,0,0.1,,0,0,0,0,0,0,0,0,0,,12,8,,0,0,0,0
1602807477734,9,1010123456011,70,,1,2,8,1,0,,16.6875,16,0,0.031072,7,0,0.1,,0,0,0,0,0,0,0,0,0,,34,26,,0,0,0,0
1602807477984,9,1010123456011,70,,1,2,8,1,0,,16.7647,17,0,0.031072,7,0,0.1,,1.13333,15,0,0.1,6,0,0,5.87937,31,,35,26,,0,0,0,1.73333
1602807478234,9,1010123456011,70,,1,2,8,1,0,,17.5385,13,0,0.020768,5,0,0.1,,0,0,0,0,0,0,0,0,0,,31,16,,0,0,0,0
1602807478484,9,1010123456011,70,,1,2,8,1,0,,18,5,0,0.010304,2,0,0.1,,0,0,0,0,0,0,0,0,0,,12,8,,0,0,0,0
1602807478734,9,1010123456011,70,,1,2,8,1,0,,14.5,10,0,0.01056,4,0,0.1,,0,0,0,0,0,0,0,0,0,,20,12,,0,0,0,0
1602807478984,9,1010123456011,70,,1,2,8,1,0,,0,4,0,0.005152,1,0,0.1,,0,0,0,0,0,0,0,0,0,,13,8,,0,0,0,0
1602807479234,9,1010123456011,70,,1,2,8,1,0,,17.5,10,0,0.015776,5,0,0.1,,0,0,0,0,0,0,0,0,0,,10,8,,0,0,0,0
1602807479484,9,1010123456011,70,,1,2,8,1,0,,0,6,0,0.015456,3,0,0.1,,5.2,10,0,0.1,4,25,0,4.37746,31,,15,12,,0,0,0,4.1
1602807479734,9,1010123456011,70,,1,2,8,1,0,,13.8333,12,0,0.010752,5,0,0.1,,0,0,0,0,0,0,0,0,0,,17,10,,0,0,0,0
1602807479984,9,1010123456011,70,,1,2,8,1,0,,0,2,65,0,0,0,0.1,,0,0,0,0,0,0,0,0,0,,6,2,,0,0,0,0
1602807480234,9,1010123456011,70,,1,2,8,1,0,,13.9355,31,0,0.032096,14,0,0.1,,0.1,27,0,0.1,11,0,0,5.34855,31,,38,30,,0,0,0,1.07407
1602807480484,9,1010123456011,70,,1,2,8,1,0,,17.2727,11,0,0.015776,5,0,0.1,,0,0,0,0,0,0,0,0,0,,18,12,,0,0,0,0
1602807480734,9,1010123456011,70,,1,2,8,1,0,,17.5,6,0,0.005312,2,0,0.1,,0,0,0,0,0,0,0,0,0,,8,4,,0,0,0,0
1602807480984,9,1010123456011,70,,1,2,8,1,0,,17.6667,9,0,0.010464,3,0,0.1,,0.461538,26,0,0.1,11,9.09091,0,2.98259,31,,15,8,,0,0,0,2.23077
1602807481234,9,1010123456011,70,,1,2,8,1,0,,16.9,10,0,0.010624,4,0,0.1,,0,0,0,0,0,0,0,0,0,,11,8,,0,0,0,0
1602807481484,9,1010123456011,70,,1,2,8,1,0,,18.2,5,0,0.005312,2,0,6,,0,0,0,0,0,0,0,0,0,,9,4,,0,0,0,0
1602807481734,9,1010123456011,70,,1,2,8,1,0,,7.22581,31,0,0.027264,11,0,0.1,,0,0,0,0,0,0,0,0,0,,122,68,,0,0,0,0
1602807481984,9,1010123456011,70,,1,2,8,1,0,,8,5,0,0.01072,4,0,0.1,,4.21429,14,0,0.1,5,20,0,7.50718,31,,17,10,,0,0,0,2.92857
1602807482234,9,1010123456011,70,,1,2,8,1,0,,7,23,0,0.021664,10,0,0.1,,0,0,0,0,0,0,0,0,0,,71,44,,0,0,0,0
1602807482484,9,1010123456011,70,,1,2,8,1,0,,8,5,0,0.005408,2,0,0.1,,0,0,0,0,0,0,0,0,0,,17,10,,0,0,0,0
1602807482734,9,1010123456011,70,,1,2,8,1,0,,8,30,0,0.026944,12,0,0.1,,0,0,0,0,0,0,0,0,0,,109,50,,0,0,0,0
1602807482984,9,1010123456011,70,,1,2,8,1,0,,7.625,16,0,0.016288,6,0,0.1,,0,0,0,0,0,0,0,0,0,,44,30,,0,0,0,0
1602807483234,9,1010123456011,70,,1,2,8,1,0,,7.86364,22,0,0.021952,9,0,0.1,,0.857143,21,0,0.1,8,0,0,7.09564,31,,81,42,,0,0,0,1.38095
1602807483484,9,1010123456011,70,,1,2,8,1,0,,7.0625,32,0,0.027488,13,0,0.1,,0,0,0,0,0,0,0,0,0,,96,60,,0,0,0,0
1602807483734,9,1010123456011,70,,1,2,8,1,0,,8.625,16,0,0.016544,6,0,0.1,,0,0,0,0,0,0,0,0,0,,56,30,,0,0,0,0
1602807483984,9,1010123456011,70,,1,2,8,1,0,,7.33333,15,0,0.016288,6,0,0.1,,4,12,0,0,4,100,0,1.19033,0,,63,30,,0,0,0,10
1602807484234,9,1010123456011,70,,1,2,8,1,0,,8.57143,7,0,0.00544,3,0,0.1,,0,0,0,0,0,0,0,0,0,,29,10,,0,0,0,0
1602807484484,9,1010123456011,70,,1,2,8,1,0,,8.33333,12,0,0.010848,5,0,0.1,,1,10,0,0.1,4,0,0,6.74084,31,,35,20,,0,0,0,1
1602807484734,9,1010123456011,70,,1,2,8,1,0,,6.375,8,0,0.005568,3,0,0.1,,0,0,0,0,0,0,0,0,0,,19,14,,0,0,0,0
1602807484984,9,1010123456011,70,,1,2,8,1,0,,8,10,0,0.010816,4,0,0.1,,0.96,25,0,0.1,11,45.4545,0,4.20071,31,,44,20,,0,0,0,4.96
1602807485234,9,1010123456011,70,,1,2,8,1,0,,6.96429,28,0,0.026816,11,0,0.1,,0,0,0,0,0,0,0,0,0,,110,52,,0,0,0,0
1602807485484,9,1010123456011,70,,1,2,8,1,0,,8.4,10,0,0.010848,4,0,0.1,,0,0,0,0,0,0,0,0,0,,37,20,,0,0,0,0
1602807485734,9,1010123456011,70,,1,2,8,1,0,,7.82353,17,0,0.016736,7,0,0.1,,0,0,0,0,0,0,0,0,0,,65,32,,0,0,0,0
1602807485984,9,1010123456011,70,,1,2,8,1,0,,7.89474,19,0,0.016096,7,0,0.1,,0,0,0,0,0,0,0,0,0,,79,36,,0,0,0,0
1602807486234,9,1010123456011,70,,1,2,8,1,0,,0,0,0,0,0,0,0.1,,1.25806,31,0,0.1,12,50,0,3.01539,31,,0,0,,0,0,0,6.80645
1602807486484,9,1010123456011,70,,1,2,8,1,0,,8,12,0,0.016128,5,0,0.1,,0,0,0,0,0,0,0,0,0,,42,30,,0,0,0,0
1602807486734,9,1010123456011,70,,1,2,8,1,0,,0,0,0,0,0,0,0.1,,0,0,0,0,0,0,0,0,0,,0,0,,0,0,0,0
1602807486984,9,1010123456011,70,,1,2,8,1,0,,6.95,20,0,0.016544,8,0,0.1,,1.6,15,0,0.1,7,57.1429,0,2.02472,31,,56,36,,0,0,0,5.93333
1602807487234,9,1010123456011,70,,1,2,8,1,0,,8.42857,14,0,0.016384,6,0,0.1,,0,0,0,0,0,0,0,0,0,,58,30,,0,0,0,0
1602807487484,9,1010123456011,70,,1,2,8,1,0,,8.8,5,0,0.005568,2,0,0.1,,0,0,0,0,0,0,0,0,0,,25,10,,0,0,0,0
1602807487734,9,1010123456011,70,,1,2,8,1,0,,8.23529,17,0,0.016128,7,0,0.1,,0,0,0,0,0,0,0,0,0,,66,32,,0,0,0,0
1602807487984,9,1010123456011,70,,1,2,8,1,0,,8.16667,24,0,0.021792,9,0,0.1,,0.538462,52,0,0.1,21,61.9048,0,2.4945,31,,75,40,,0,0,0,6.59615
1602807488234,9,1010123456011,70,,1,2,8,1,0,,7.09756,41,0,0.037792,16,0,0.1,,0,0,0,0,0,0,0,0,0,,144,76,,0,0,0,0
1602807488484,9,1010123456011,70,,1,2,8,1,0,,8.20833,24,0,0.027392,9,0,0.1,,0,0,0,0,0,0,0,0,0,,81,50,,0,0,0,0
1602807488734,9,1010123456011,70,,1,2,8,1,0,,8,5,0,0.005408,2,0,0.1,,0,0,0,0,0,0,0,0,0,,17,10,,0,0,0,0
1602807488984,9,1010123456011,70,,1,2,8,1,0,,8,5,0,0.005376,2,0,0.1,,1.57895,19,0,0.1,7,57.1429,0,3.33137,31,,32,10,,0,0,0,6.68421
1602807489234,9,1010123456011,70,,1,2,8,1,0,,8,5,0,0.005376,2,0,0.1,,0,0,0,0,0,0,0,0,0,,15,10,,0,0,0,0
1602807489484,9,1010123456011,70,,1,2,8,1,0,,8.4,10,0,0.005408,2,0,0.1,,0,0,0,0,0,0,0,0,0,,31,20,,0,0,0,0
1602807489734,9,1010123456011,70,,1,2,8,1,0,,0,0,0,0.005312,2,0,0.1,,0,0,0,0,0,0,0,0,0,,0,0,,0,0,0,0
1602807489984,9,1010123456011,70,,1,2,8,1,0,,8,15,0,0.010784,4,0,0.1,,0,0,0,0,0,0,0,0,0,,66,30,,0,0,0,0
1602807490234,9,1010123456011,70,,1,2,8,1,0,,8,8,0,0.010752,4,0,0.1,,3.08333,12,0,0.1,5,0,0,9.51792,31,,40,20,,0,0,0,1
1602807490484,9,1010123456011,70,,1,2,8,1,0,,8.72727,22,0,0.026976,10,0,7,,0,0,0,0,0,0,0,0,0,,58,38,,0,0,0,0
1602807490734,9,1010123456011,70,,1,2,8,1,0,,11,7,0,0.010976,3,0,0.1,,0,0,0,0,0,0,0,0,0,,21,16,,0,0,0,0
1602807490984,9,1010123456011,70,,1,2,8,1,0,,11,8,0,0.010976,3,0,0.1,,1.89474,19,0,0.1,7,14.2857,0,4.09509,31,,28,16,,0,0,0,4
1602807491234,9,1010123456011,70,,1,2,8,1,0,,10.8571,7,0,0.010784,3,0,0.1,,0,0,0,0,0,0,0,0,0,,27,16,,0,0,0,0
1602807491484,9,1010123456011,70,,1,2,8,1,0,,10.7333,15,0,0.016128,6,0,0.1,,0,0,0,0,0,0,0,0,0,,48,24,,0,0,0,0
1602807491734,8,1010123456011,70,,1,2,8,1,0,,10.5,10,0,0.005248,2,0,0.1,,0,0,0,0,0,0,0,0,0,,26,16,,0,0,0,0
1602807491984,8,1010123456011,70,,1,2,8,1,0,,10.0455,22,0,0.026816,11,0,7,,0.666667,36,0,0.1,14,28.5714,0,3.24227,31,,57,34,,0,0,0,4.11111
1602807492234,9,1010123456011,70,,1,2,8,1,0,,10.44,25,0,0.033152,10,0,0.1,,0.1,3,0,0.1,1,0,0,8.2538,31,,66,50,,0,0,0,1
1602807492484,9,1010123456011,70,,1,2,8,1,0,,8.8125,16,0,0.021472,7,0,0.1,,0,0,0,0,0,0,0,0,0,,68,40,,0,0,0,0
1602807492734,9,1010123456011,70,,1,2,8,1,0,,0,2,0,0.005536,1,0,0.1,,0,0,0,0,0,0,0,0,0,,14,8,,0,0,0,0
1602807492984,9,1010123456011,70,,1,2,8,1,0,,8.75,8,0,0.00544,3,0,0.1,,0,0,0,0,0,0,0,0,0,,15,10,,0,0,0,0
1602807493234,9,1010123456011,70,,1,2,8,1,0,,9.66667,15,0,0.016288,6,0,0.1,,3.625,8,0,0.1,3,0,0,6.19957,31,,51,26,,0,0,0,1.375
1602807493484,9,1010123456011,70,,1,2,8,1,0,,10.4,10,0,0.016384,4,0,0.1,,0,0,0,0,0,0,0,0,0,,94,34,,0,0,0,0
1602807493734,9,1010123456011,70,,1,2,8,1,0,,11,10,0,0.022144,4,0,0.1,,0,0,0,0,0,0,0,0,0,,74,32,,0,0,0,0
1602807493984,9,1010123456011,70,,1,2,8,1,0,,0,0,0,0,0,0,0.1,,0.1,3,0,0.1,1,0,0,6.50847,31,,0,0,,0,0,0,1
1602807494234,9,1010123456011,70,,1,2,8,1,0,,8.57143,7,0,0.010848,3,0,0.1,,1.75,12,0,0.1,5,0,0,8.30185,31,,24,18,,0,0,0,1
1602807494484,9,1010123456011,70,,1,2,8,1,0,,9.42857,7,158,0.010848,3,0,0.1,,0,2,0,0.1,1,0,0,0,31,,57,18,,0,0,0,0
1602807494734,9,1010123456011,70,,1,2,8,1,0,,10.48,25,0,0.02704,10,0,0.1,,0,0,0,0,0,0,0,0,0,,82,40,,0,0,0,0
1602807494984,9,1010123456011,70,,1,2,8,1,0,,10.25,8,0,0.010848,3,0,0.1,,1.8,10,0,0.1,4,0,0,6.26217,31,,31,16,,0,0,0,1.6
1602807495234,9,1010123456011,70,,1,2,8,1,0,,8.9,10,0,0.010976,4,0,0.1,,2.8,5,0,0.1,2,0,0,4.94729,0,,35,18,,0,0,0,1
1602807495484,9,1010123456011,70,,1,2,8,1,0,,8.85714,7,0,0.005376,3,0,0.1,,0,0,0,0,0,0,0,0,0,,21,10,,0,0,0,0
1602807495734,9,1010123456011,70,,1,2,8,1,0,,0,0,0,0,0,0,0.1,,0,0,0,0,0,0,0,0,0,,0,0,,0,0,0,0
1602807495984,9,1010123456011,70,,1,2,8,1,0,,11,8,0,0.010976,3,0,0.1,,2.2,20,0,0.1,8,0,0,6.98688,31,,52,16,,0,0,0,1.35
1602807496234,9,1010123456011,70,,1,2,8,1,0,,8.53846,13,0,0.016128,5,0,0.1,,0,0,0,0,0,0,0,0,0,,59,28,,0,0,0,0
1602807496484,9,1010123456011,70,,1,2,8,1,0,,9.95,20,0,0.021472,8,0,0.1,,0,0,0,0,0,0,0,0,0,,83,34,,0,0,0,0
1602807496734,9,1010123456011,70,,1,2,8,1,0,,8.1,10,0,0.011072,2,0,0.1,,4,6,0,0.1,2,50,0,1.47507,31,,76,30,,0,0,0,7
1602807496984,9,1010123456011,70,,1,2,8,1,0,,7.88235,17,115,0.021312,8,0,0.1,,1.28571,14,0,0.1,6,0,0,6.95068,31,,84,32,,0,0,0,1
1602807497234,9,1010123456011,70,,1,2,8,1,0,,7.4,5,0,0.005376,3,0,0.1,,0,0,0,0,0,0,0,0,0,,8,8,,0,0,0,0
1602807497484,9,1010123456011,70,,1,2,8,1,0,,9.20833,24,0,0.02192,10,0,0.1,,0,0,0,0,0,0,0,0,0,,91,36,,0,0,0,0
1602807497734,9,1010123456011,70,,1,2,8,1,0,,11,5,0,0.00544,2,0,0.1,,0,0,0,0,0,0,0,0,0,,22,8,,0,0,0,0
1602807497984,9,1010123456011,70,,1,2,8,1,0,,4.73077,26,0,0.01648,10,0,3,,3.41667,12,0,0.1,5,20,0,4.75319,31,,80,78,,0,0,0,3.08333
1602807498234,9,1010123456011,70,,1,2,8,1,0,,1.38462,26,201,0.005888,6,0,0.1,,0,0,0,0,0,0,0,0,0,,1,80,,0,0,0,0
1602807498484,9,1010123456011,70,,1,2,8,1,0,,1.42222,45,0,0.022912,22,0,0.1,,0,0,0,0,0,0,0,0,0,,40,128,,0,0,0,0
1602807498734,9,1010123456011,70,,1,2,8,1,0,,1.5,66,0,0.029184,27,0,0.1,,0,0,0,0,0,0,0,0,0,,80,208,,0,0,0,0
1602807498984,9,1010123456011,70,,1,2,8,1,0,,0,0,0,0,0,0,0.1,,0,0,0,0,0,0,0,0,0,,0,0,,0,0,0,0
1602807499234,9,1010123456011,70,,1,2,8,1,0,,1.66667,27,0,0.011616,10,0,0.1,,0,8,0,0.1,4,0,0,0,31,,27,74,,0,0,0,0
1602807499484,9,1010123456011,70,,1,2,8,1,0,,1.60976,41,0,0.017344,16,0,0.1,,0,0,0,0,0,0,0,0,0,,48,142,,0,0,0,0
1602807499734,9,1010123456011,70,,1,2,8,1,0,,1.35714,28,0,0.01168,12,0,0.1,,0,0,0,0,0,0,0,0,0,,24,80,,0,0,0,0
1602807499984,9,1010123456011,70,,1,2,8,1,0,,1.60526,38,119,0.017184,15,0,0.1,,3.77778,9,0,0.1,4,0,0,6.88118,31,,44,250,,0,0,0,1.33333
1602807500234,9,1010123456011,70,,1,2,8,1,0,,4.6875,16,0,0.010944,6,0,13,,0,2,0,0.1,1,0,0,0,0,,30,46,,0,0,0,0
1602807500484,9,1010123456011,70,,1,2,8,1,0,,7.53846,13,0,0.015776,5,0,6,,0,0,0,0,0,0,0,0,0,,189,28,,0,0,0,0
1602807500734,9,1010123456011,70,,1,2,8,1,0,,6,14,0,0.016,6,0,0.1,,0,0,0,0,0,0,0,0,0,,96,30,,0,0,0,0
1602807500984,9,1010123456011,70,,1,2,8,1,0,,6.30435,23,0,0.01616,7,0,0.1,,2.875,8,0,0.1,3,0,0,7.07052,31,,105,46,,0,0,0,1
1602807501234,9,1010123456011,70,,1,2,8,1,0,,7.47059,17,0,0.021824,9,0,0.1,,0,0,0,0,0,0,0,0,0,,71,34,,0,0,0,0
1602807501484,9,1010123456011,70,,1,2,8,1,0,,7.08333,12,0,0.010752,5,0,0.1,,0,0,0,0,0,0,0,0,0,,62,22,,0,0,0,0
1602807501734,9,1010123456011,70,,1,2,8,1,0,,0,0,0,0,0,0,0.1,,0,0,0,0,0,0,0,0,0,,0,0,,0,0,0,0
1602807501984,9,1010123456011,70,,1,2,8,1,0,,6.47059,17,0,0.016128,6,0,0.1,,2.125,8,0,0.1,3,0,0,7.83873,31,,80,42,,0,0,0,1.25
1602807502234,9,1010123456011,70,,1,2,8,1,0,,6.08333,12,0,0.01088,5,0,0.1,,0,2,0,0.1,1,0,0,0,0,,60,26,,0,0,0,0
1602807502484,9,1010123456011,70,,1,2,8,1,0,,8,10,0,0.010816,4,0,0.1,,0,0,0,0,0,0,0,0,0,,63,20,,0,0,0,0
1602807502734,9,1010123456011,70,,1,2,8,1,0,,8,10,0,0.010784,4,0,0.1,,0,0,0,0,0,0,0,0,0,,59,20,,0,0,0,0
1602807502984,9,1010123456011,70,,1,2,8,1,0,,6.375,16,0,0.011136,6,0,0.1,,0,0,0,0,0,0,0,0,0,,58,28,,0,0,0,0
1602807503234,9,1010123456011,70,,1,2,8,1,0,,6.63636,11,0,0.010752,4,0,0.1,,2.63636,11,0,0.1,4,0,0,6.57198,31,,44,22,,0,0,0,1.27273
1602807503484,9,1010123456011,70,,1,2,8,1,0,,5.2,10,0,0.010624,4,0,0.1,,0,0,0,0,0,0,0,0,0,,47,20,,0,0,0,0
1602807503734,9,1010123456011,70,,1,2,8,1,0,,8,10,0,0.005408,2,0,0.1,,0,0,0,0,0,0,0,0,0,,52,20,,0,0,0,0
1602807503984,9,1010123456011,70,,1,2,8,1,0,,0,4,0,0.01072,4,0,8,,0,0,0,0,0,0,0,0,0,,11,10,,0,0,0,0
1602807504234,9,1010123456011,70,,1,2,8,1,0,,13.1667,12,0,0.016288,5,0,0.1,,0.1,28,0,0.1,11,18.1818,0,2.79111,31,,36,18,,0,0,0,2.60714
1602807504484,9,1010123456011,70,,1,2,8,1,0,,11.6667,12,0,0.010944,5,0,0.1,,0,0,0,0,0,0,0,0,0,,33,14,,0,0,0,0
1602807504734,9,1010123456011,70,,1,2,8,1,0,,13.5,10,0,0.011136,4,0,0.1,,0,0,0,0,0,0,0,0,0,,32,12,,0,0,0,0
1602807504984,9,1010123456011,70,,1,2,8,1,0,,0,0,0,0,0,0,0.1,,0,0,0,0,0,0,0,0,0,,0,0,,0,0,0,0
1602807505234,9,1010123456011,70,,1,2,8,1,0,,10.4545,11,0,0.015904,4,0,0.1,,0.1,19,0,0.1,7,0,0,3.71436,31,,78,20,,0,0,0,1
1602807505484,9,1010123456011,70,,1,2,8,1,0,,13,5,158,0.005376,2,0,0.1,,0,0,0,0,0,0,0,0,0,,34,6,,0,0,0,0
1602807505734,9,1010123456011,70,,1,2,8,1,0,,13,9,0,0.021632,4,0,0.1,,0,0,0,0,0,0,0,0,0,,54,24,,0,0,0,0
1602807505984,9,1010123456011,70,,1,2,8,1,0,,9.36364,11,0,0.010656,5,0,7,,0,0,0,0,0,0,0,0,0,,28,18,,0,0,0,0
1602807506234,9,1010123456011,70,,1,2,8,1,0,,10.6,10,0,0.010688,4,0,0.1,,0.666667,30,0,0.1,12,16.6667,0,4.08935,31,,41,16,,0,0,0,2.6
1602807506484,9,1010123456011,70,,1,2,8,1,0,,0,0,0,0,0,0,0.1,,0,0,0,0,0,0,0,0,0,,0,0,,0,0,0,0
1602807506734,9,1010123456011,70,,1,2,8,1,0,,3.45161,31,0,0.022272,13,0,3.5,,0,0,0,0,0,0,0,0,0,,57,88,,0,0,0,0
1602807506984,9,1010123456011,70,,1,2,8,1,0,,8.8,10,0,0.010528,4,0,0.1,,0,0,0,0,0,0,0,0,0,,37,18,,0,0,0,0
1602807507234,9,1010123456011,70,,1,2,8,1,0,,11,10,0,0.016512,4,0,0.1,,1.59091,22,0,0.1,9,0,0,5.84067,31,,71,24,,0,0,0,1.13636
1602807507484,9,1010123456011,70,,1,2,8,1,0,,9.625,16,0,0.016448,6,0,0.1,,0,0,0,0,0,0,0,0,0,,58,28,,0,0,0,0
1602807507734,9,1010123456011,70,,1,2,8,1,0,,10.2051,39,0,0.048256,16,0,0.1,,0,0,0,0,0,0,0,0,0,,241,76,,0,0,0,0
1602807507984,9,1010123456011,70,,1,2,8,1,0,,8.53846,13,0,0.01072,5,0,0.1,,0,0,0,0,0,0,0,0,0,,33,18,,0,0,0,0
1602807508234,9,1010123456011,70,,1,2,8,1,0,,11,3,0,0.005536,1,0,0.1,,0.722222,18,0,0.1,7,0,0,4.38891,31,,7,8,,0,0,0,1.66667
1602807508484,9,1010123456011,70,,1,2,8,1,0,,11.4737,19,0,0.027488,7,0,8,,0,0,0,0,0,0,0,0,0,,92,38,,0,0,0,0
1602807508734,9,1010123456011,70,,1,2,8,1,0,,13.6,5,0,0.005568,2,0,0.1,,0,0,0,0,0,0,0,0,0,,16,6,,0,0,0,0
1602807508984,9,1010123456011,70,,1,2,8,1,0,,11.6154,13,0,0.010752,5,0,0.1,,0.1,15,0,0.1,6,0,0,4.03996,31,,31,14,,0,0,0,1
1602807509234,9,1010123456011,70,,1,2,8,1,0,,10.8438,32,0,0.042752,13,0,0.1,,0.1,10,0,0.1,4,0,0,3.30177,0,,140,52,,0,0,0,1.2
1602807509484,9,1010123456011,70,,1,2,8,1,0,,0,4,0,0.005568,2,0,0.1,,0,0,0,0,0,0,0,0,0,,14,6,,0,0,0,0
1602807509734,9,1010123456011,70,,1,2,8,1,0,,13,8,0,0.016224,3,0,0.1,,0,0,0,0,0,0,0,0,0,,36,18,,0,0,0,0
1602807509984,9,1010123456011,70,,1,2,8,1,0,,11.7692,13,0,0.016096,5,0,0.1,,1.6,15,0,0.1,6,0,0,6.16511,31,,52,20,,0,0,0,1
1602807510234,9,1010123456011,70,,1,2,8,1,0,,13,8,0,0.010784,3,0,0.1,,0,0,0,0,0,0,0,0,0,,82,12,,0,0,0,0
1602807510484,9,1010123456011,70,,1,2,8,1,0,,9.28571,7,0,0.010752,3,0,0.1,,0,0,0,0,0,0,0,0,0,,25,14,,0,0,0,0
1602807510734,9,1010123456011,70,,1,2,8,1,0,,0,2,0,0.005408,1,0,0.1,,0,0,0,0,0,0,0,0,0,,18,6,,0,0,0,0
1602807510984,9,1010123456011,70,,1,2,8,1,0,,0,4,0,0.005408,1,0,0.1,,0.857143,14,0,0.1,6,0,0,3.75773,31,,24,12,,0,0,0,1
1602807511234,9,1010123456011,70,,1,2,8,1,0,,12,12,0,0.021472,5,0,0.1,,0,0,0,0,0,0,0,0,0,,46,20,,0,0,0,0
1602807511484,9,1010123456011,70,,1,2,8,1,0,,13,5,0,0.010816,2,0,0.1,,0,0,0,0,0,0,0,0,0,,30,12,,0,0,0,0
1602807511734,9,1010123456011,70,,1,2,8,1,0,,13,8,0,0.016224,3,0,0.1,,0,0,0,0,0,0,0,0,0,,30,18,,0,0,0,0
1602807511984,9,1010123456011,70,,1,2,8,1,0,,0,0,0,0,0,0,0.1,,0,0,0,0,0,0,0,0,0,,0,0,,0,0,0,0
1602807512234,9,1010123456011,70,,1,2,8,1,0,,13.1,10,0,0.01088,4,0,0.1,,1,16,0,0.1,7,14.2857,0,2.74147,31,,36,12,,0,0,0,2.375
1602807512484,9,1010123456011,70,,1,2,8,1,0,,12.1481,27,0,0.037536,9,0,0.1,,0,0,0,0,0,0,0,0,0,,120,52,,0,0,0,0
1602807512734,9,1010123456011,70,,1,2,8,1,0,,12.0833,12,0,0.02144,6,0,0.1,,0,0,0,0,0,0,0,0,0,,42,20,,0,0,0,0
1602807512984,9,1010123456011,70,,1,2,8,1,0,,13,10,0,0.010752,4,0,0.1,,0.1,26,0,0.1,10,0,0,3.17716,31,,48,12,,0,0,0,1.42308
1602807513234,9,1010123456011,70,,1,2,8,1,0,,13,18,0,0.026976,7,0,0.1,,0,0,0,0,0,0,0,0,0,,80,30,,0,0,0,0
1602807513484,9,1010123456011,70,,1,2,8,1,0,,12.0769,13,0,0.010784,5,0,0.1,,0,0,0,0,0,0,0,0,0,,40,14,,0,0,0,0
1602807513734,9,1010123456011,70,,1,2,8,1,0,,0,4,0,0.010816,2,0,0.1,,0,0,0,0,0,0,0,0,0,,24,12,,0,0,0,0
1602807513984,9,1010123456011,70,,1,2,8,1,0,,13.1333,15,0,0.02176,6,0,0.1,,0.1,25,0,0.1,10,0,0,3.7568,31,,56,24,,0,0,0,1.08
1602807514234,9,1010123456011,70,,1,2,8,1,0,,11,6,0,0.005248,2,0,0.1,,0,0,0,0,0,0,0,0,0,,10,8,,0,0,0,0
1602807514484,9,1010123456011,70,,1,2,8,1,0,,13.25,12,0,0.010784,5,0,0.1,,0,0,0,0,0,0,0,0,0,,34,12,,0,0,0,0
1602807514734,9,1010123456011,70,,1,2,8,1,0,,12.0909,11,0,0.015936,4,0,0.1,,0,0,0,0,0,0,0,0,0,,69,18,,0,0,0,0
1602807514984,9,1010123456011,70,,1,2,8,1,0,,0,0,0,0,0,0,0.1,,0,0,0,0,0,0,0,0,0,,0,0,,0,0,0,0
1602807515234,9,1010123456011,70,,1,2,8,1,0,,13,8,0,0.010784,3,0,0.1,,0.1,23,0,0.1,9,0,0,3.91415,31,,22,12,,0,0,0,1.08696
1602807515484,9,1010123456011,70,,1,2,8,1,0,,11.2353,17,0,0.021632,7,0,0.1,,0,0,0,0,0,0,0,0,0,,60,26,,0,0,0,0
1602807515734,9,1010123456011,70,,1,2,8,1,0,,13,3,0,0.005408,1,0,0.1,,0,0,0,0,0,0,0,0,0,,12,6,,0,0,0,0
1602807515984,9,1010123456011,70,,1,2,8,1,0,,0,0,0,0,0,0,0.1,,0,0,0,0,0,0,0,0,0,,0,0,,0,0,0,0
1602807516234,9,1010123456011,70,,1,2,8,1,0,,9.375,8,0,0.005408,3,0,0.1,,0.181818,22,0,0.1,9,0,0,4.31929,31,,26,10,,0,0,0,1.45455
1602807516484,9,1010123456011,70,,1,2,8,1,0,,13.1176,17,0,0.01616,5,0,0.1,,0,0,0,0,0,0,0,0,0,,90,24,,0,0,0,0
1602807516734,9,1010123456011,70,,1,2,8,1,0,,10.8333,12,0,0.010976,5,0,0.1,,0,0,0,0,0,0,0,0,0,,35,14,,0,0,0,0
1602807516984,9,1010123456011,70,,1,2,8,1,0,,10.4286,7,0,0.010688,5,0,0.1,,0,0,0,0,0,0,0,0,0,,17,8,,0,0,0,0
1602807517234,9,1010123456011,70,,1,2,8,1,0,,13,5,0,0.005376,2,0,0.1,,0.923077,13,0,0.1,5,0,0,4.69083,31,,16,6,,0,0,0,1
1602807517484,9,1010123456011,70,,1,2,8,1,0,,11.5,12,0,0.016192,5,0,0.1,,0,0,0,0,0,0,0,0,0,,41,20,,0,0,0,0
1602807517734,9,1010123456011,70,,1,2,8,1,0,,11.2,5,0,0.005248,2,0,0.1,,0,0,0,0,0,0,0,0,0,,14,8,,0,0,0,0
1602807517984,9,1010123456011,70,,1,2,8,1,0,,11.8824,17,0,0.026944,7,0,0.1,,0.1,21,0,0.1,9,0,0,3.81847,31,,77,34,,0,0,0,1.42857
1602807518234,9,1010123456011,70,,1,2,8,1,0,,13,3,0,0.005408,1,0,4,,0,0,0,0,0,0,0,0,0,,6,6,,0,0,0,0
1602807518484,9,1010123456011,70,,1,2,8,1,0,,3.48,25,0,0.016384,10,0,0.1,,0,0,0,0,0,0,0,0,0,,21,72,,0,0,0,0
1602807518734,9,1010123456011,70,,1,2,8,1,0,,2.9,10,0,0.0056,4,0,0.1,,0,0,0,0,0,0,0,0,0,,15,24,,0,0,0,0
1602807518984,9,1010123456011,70,,1,2,8,1,0,,3.71875,32,0,0.022048,14,0,0.1,,1,18,0,0.1,7,14.2857,0,4.03812,31,,56,94,,0,0,0,2.66667
1602807519234,9,1010123456011,70,,1,2,8,1,0,,3.5,8,0,0.005728,3,0,0.1,,0,0,0,0,0,0,0,0,0,,15,26,,0,0,0,0
1602807519484,9,1010123456011,70,,1,2,8,1,0,,6.76,25,0,0.016544,10,0,7,,0,0,0,0,0,0,0,0,0,,77,42,,0,0,0,0
1602807519734,9,1010123456011,70,,1,2,8,1,0,,11,7,0,0.010976,3,0,0.1,,0,0,0,0,0,0,0,0,0,,29,16,,0,0,0,0
1602807519984,9,1010123456011,70,,1,2,8,1,0,,8.28571,14,0,0.016096,5,0,0.1,,6.54839,31,0,0.1,13,30.7692,0,6.83269,31,,64,30,,0,0,0,3.45161
1602807520234,9,1010123456011,70,,1,2,8,1,0,,10.7647,17,0,0.02736,7,0,0.1,,0,0,0,0,0,0,0,0,0,,98,40,,0,0,0,0
1602807520484,9,1010123456011,70,,1,2,8,1,0,,9.8,15,0,0.021792,6,0,7,,0,0,0,0,0,0,0,0,0,,86,34,,0,0,0,0
1602807520734,9,1010123456011,70,,1,2,8,1,0,,11,15,0,0.01632,6,0,0.1,,0,0,0,0,0,0,0,0,0,,68,24,,0,0,0,0
1602807520984,9,1010123456011,70,,1,2,8,1,0,,11,12,0,0.01616,5,0,8,,0.352941,34,0,0.1,13,7.69231,0,4.85515,31,,91,22,,0,0,0,1.79412
1602807521234,9,1010123456011,70,,1,2,8,1,0,,13,5,0,0.005376,2,0,0.1,,0,0,0,0,0,0,0,0,0,,16,6,,0,0,0,0
1602807521484,9,1010123456011,70,,1,2,8,1,0,,11.0588,17,0,0.01616,7,0,0.1,,0,0,0,0,0,0,0,0,0,,51,20,,0,0,0,0
1602807521734,9,1010123456011,70,,1,2,8,1,0,,13.2,10,0,0.010944,4,0,0.1,,0,0,0,0,0,0,0,0,0,,44,12,,0,0,0,0
1602807521984,9,1010123456011,70,,1,2,8,1,0,,12.8889,18,0,0.021664,7,0,0.1,,1,25,0,0.1,10,0,0,5.04767,31,,50,24,,0,0,0,1.36
1602807522234,9,1010123456011,70,,1,2,8,1,0,,4.55814,43,0,0.028064,17,0,4,,0,0,0,0,0,0,0,0,0,,131,120,,0,0,0,0
1602807522484,9,1010123456011,70,,1,2,8,1,0,,4,7,0,0.00544,3,0,9,,0,0,0,0,0,0,0,0,0,,20,20,,0,0,0,0
1602807522734,9,1010123456011,70,,1,2,8,1,0,,13.8,5,0,0.005312,2,0,0.1,,0,0,0,0,0,0,0,0,0,,13,6,,0,0,0,0
1602807522984,9,1010123456011,70,,1,2,8,1,0,,9.52381,21,0,0.021504,8,0,6,,7.84,25,0,0.1,10,0,0,9.40718,31,,58,30,,0,0,0,1.6
1602807523234,9,1010123456011,70,,1,2,8,1,0,,7.08696,23,0,0.01616,7,0,0.1,,0,0,0,0,0,0,0,0,0,,134,44,,0,0,0,0
1602807523484,9,1010123456011,70,,1,2,8,1,0,,5.88889,18,0,0.021376,9,0,0.1,,0,0,0,0,0,0,0,0,0,,86,34,,0,0,0,0
1602807523734,9,1010123456011,70,,1,2,8,1,0,,8.11539,26,0,0.023872,9,0,0.1,,0,0,0,0,0,0,0,0,0,,162,50,,0,0,0,0
1602807523984,9,1010123456011,70,,1,2,8,1,0,,7.21053,19,0,0.024576,9,0,0.1,,7.4,5,0,0.1,2,0,0,12.5049,31,,136,40,,0,0,0,1
1602807524234,9,1010123456011,70,,1,2,8,1,0,,6.23077,13,0,0.01088,5,0,0.1,,0,0,0,0,0,0,0,0,0,,51,22,,0,0,0,0
1602807524484,9,1010123456011,70,,1,2,8,1,0,,6.8,5,0,0.005312,2,0,0.1,,0,0,0,0,0,0,0,0,0,,22,10,,0,0,0,0
1602807524734,9,1010123456011,70,,1,2,8,1,0,,8,14,0,0.01632,5,0,0.1,,0,0,0,0,0,0,0,0,0,,108,34,,0,0,0,0
1602807524984,9,1010123456011,70,,1,2,8,1,0,,8,5,0,0.005408,2,0,0.1,,0,0,0,0,0,0,0,0,0,,26,10,,0,0,0,0
1602807525234,9,1010123456011,70,,1,2,8,1,0,,13,3,0,0.005408,1,0,9,,9.5,6,0,0.1,2,0,0,10.3671,31,,9,6,,0,0,0,2
1602807525484,9,1010123456011,70,,1,2,8,1,0,,13,5,0,0.010816,2,0,0.1,,0,0,0,0,0,0,0,0,0,,21,12,,0,0,0,0
1602807525734,9,1010123456011,70,,1,2,8,1,0,,13,5,0,0.010816,2,0,0.1,,0,0,0,0,0,0,0,0,0,,22,12,,0,0,0,0
1602807525984,9,1010123456011,70,,1,2,8,1,0,,15,8,0,0.010464,3,0,9,,0.235294,17,0,0.1,7,0,0,6.54974,31,,31,10,,0,0,0,1
1602807526234,9,1010123456011,70,,1,2,8,1,0,,13.2,5,0,0.005312,2,0,0.1,,1.8,10,0,0.1,4,0,0,7.85977,0,,37,6,,0,0,0,1
1602807526484,9,1010123456011,70,,1,2,8,1,0,,13,7,0,0.016224,3,0,0.1,,0,0,0,0,0,0,0,0,0,,36,18,,0,0,0,0
1602807526734,9,1010123456011,70,,1,2,8,1,0,,13.2,10,0,0.010624,4,0,0.1,,0,0,0,0,0,0,0,0,0,,24,12,,0,0,0,0
1602807526984,9,1010123456011,70,,1,2,8,1,0,,0,0,0,0,0,0,0.1,,0,0,0,0,0,0,0,0,0,,0,0,,0,0,0,0
1602807527234,9,1010123456011,70,,1,2,8,1,0,,13.5,10,0,0.01056,4,0,0.1,,0.48,25,0,0.1,10,0,0,9.28402,31,,29,12,,0,0,0,1
1602807527484,9,1010123456011,70,,1,2,8,1,0,,11.375,16,0,0.010816,6,0,9,,0,0,0,0,0,0,0,0,0,,24,16,,0,0,0,0
1602807527734,9,1010123456011,70,,1,2,8,1,0,,15.4167,12,0,0.01056,4,0,15,,0,0,0,0,0,0,0,0,0,,29,12,,0,0,0,0
1602807527984,9,1010123456011,70,,1,2,8,1,0,,18,5,0,0.016224,3,0,0.1,,0,0,0,0,0,0,0,0,0,,8,8,,0,0,0,0
1602807528234,9,1010123456011,70,,1,2,8,1,0,,20.2857,7,0,0.011232,3,0,0.1,,1.5,18,0,0.1,7,0,0,6.25436,31,,15,6,,0,0,0,1.5
1602807528484,9,1010123456011,70,,1,2,8,1,0,,20.2222,9,0,0.021376,4,0,0.1,,0,0,0,0,0,0,0,0,0,,27,16,,0,0,0,0
1602807528734,9,1010123456011,70,,1,2,8,1,0,,14.5,20,0,0.027008,8,0,0.1,,0,0,0,0,0,0,0,0,0,,36,18,,0,0,0,0
1602807528984,9,1010123456011,70,,1,2,8,1,0,,0,0,0,0,0,0,9,,0,0,0,0,0,0,0,0,0,,0,0,,0,0,0,0
1602807529234,9,1010123456011,70,,1,2,8,1,0,,10.8889,9,158,0.010816,4,0,0.1,,5.625,32,0,0.1,12,33.3333,0,7.19317,31,,32,14,,0,0,0,4.375
1602807529484,9,1010123456011,70,,1,2,8,1,0,,10.2857,7,0,0.010752,3,0,0.1,,0,0,0,0,0,0,0,0,0,,9,14,,0,0,0,0
1602807529734,9,1010123456011,70,,1,2,8,1,0,,0,0,0,0,0,0,10,,0,0,0,0,0,0,0,0,0,,0,0,,0,0,0,0
1602807529984,9,1010123456011,70,,1,2,8,1,0,,15.2,15,0,0.015936,6,0,0.1,,1.5,12,0,0.1,5,0,0,6.86225,31,,30,14,,0,0,0,1
1602807530234,9,1010123456011,70,,1,2,8,1,0,,16.4444,9,0,0.015552,4,0,0.1,,2,6,0,0.1,2,0,0,7.76417,0,,38,14,,0,0,0,1.5
1602807530484,9,1010123456011,70,,1,2,8,1,0,,18,5,0,0.010304,2,0,0.1,,0,0,0,0,0,0,0,0,0,,12,8,,0,0,0,0
1602807530734,9,1010123456011,70,,1,2,8,1,0,,18,3,0,0.005152,1,0,0.1,,0,0,0,0,0,0,0,0,0,,16,4,,0,0,0,0
1602807530984,9,1010123456011,70,,1,2,8,1,0,,16.0909,11,0,0.015552,4,0,0.1,,0,0,0,0,0,0,0,0,0,,30,14,,0,0,0,0
1602807531234,9,1010123456011,70,,1,2,8,1,0,,18,7,0,0.015456,3,0,0.1,,2.84211,19,0,0.1,8,25,0,3.91679,31,,28,12,,0,0,0,3.73684
1602807531484,9,1010123456011,70,,1,2,8,1,0,,18,5,0,0.010304,2,0,0.1,,0,0,0,0,0,0,0,0,0,,16,8,,0,0,0,0
1602807531734,9,1010123456011,70,,1,2,8,1,0,,15.2,5,0,0.005248,2,0,9,,0,0,0,0,0,0,0,0,0,,10,6,,0,0,0,0
1602807531984,9,1010123456011,70,,1,2,8,1,0,,15.2,5,158,0.005248,2,0,0.1,,2,3,0,0.1,1,0,0,11.6551,31,,30,6,,0,0,0,1
1602807532234,9,1010123456011,70,,1,2,8,1,0,,13,5,0,0.010816,2,0,9,,7.6,5,0,0.1,2,0,0,9.33041,31,,18,12,,0,0,0,1.6
1602807532484,9,1010123456011,70,,1,2,8,1,0,,12,9,0,0.01056,4,0,9,,0,0,0,0,0,0,0,0,0,,19,12,,0,0,0,0
1602807532734,9,1010123456011,70,,1,2,8,1,0,,7.78125,32,0,0.032288,13,0,6,,0,0,0,0,0,0,0,0,0,,133,62,,0,0,0,0
1602807532984,9,1010123456011,70,,1,2,8,1,0,,7.6,5,0,0.005312,2,0,6,,0,0,0,0,0,0,0,0,0,,27,10,,0,0,0,0
1602807533234,9,1010123456011,70,,1,2,8,1,0,,0,0,0,0,0,0,0.1,,2.3125,16,0,0.1,6,0,0,6.85,31,,0,0,,0,0,0,1
1602807533484,9,1010123456011,70,,1,2,8,1,0,,6.71429,21,0,0.016224,8,0,5,,0,0,0,0,0,0,0,0,0,,97,36,,0,0,0,0
1602807533734,9,1010123456011,70,,1,2,8,1,0,,5.86957,23,0,0.01088,6,0,0.1,,0,0,0,0,0,0,0,0,0,,174,46,,0,0,0,0
1602807533984,9,1010123456011,70,,1,2,8,1,0,,5.93333,15,0,0.01104,7,0,6,,4.89474,19,0,0.1,7,28.5714,0,9.59576,31,,70,26,,0,0,0,3.52632
1602807534234,9,1010123456011,70,,1,2,8,1,0,,5.2,5,0,0.01072,4,0,0.1,,0,0,0,0,0,0,0,0,0,,12,10,,0,0,0,0
1602807534484,9,1010123456011,70,,1,2,8,1,0,,6.52174,23,0,0.021408,9,0,7,,0,0,0,0,0,0,0,0,0,,116,46,,0,0,0,0
1602807534734,9,1010123456011,70,,1,2,8,1,0,,0,4,0,0.01056,2,0,8.5,,0,0,0,0,0,0,0,0,0,,11,10,,0,0,0,0
1602807534984,9,1010123456011,70,,1,2,8,1,0,,6.81818,22,0,0.021408,8,0,0.1,,10.4,5,0,0.1,2,0,0,14.3674,31,,122,44,,0,0,0,1.4
1602807535234,9,1010123456011,70,,1,2,8,1,0,,7.82143,28,0,0.027424,12,0,8,,0,0,0,0,0,0,0,0,0,,153,50,,0,0,0,0
1602807535484,9,1010123456011,70,,1,2,8,1,0,,0,0,0,0,0,0,0.1,,0,0,0,0,0,0,0,0,0,,0,0,,0,0,0,0
1602807535734,9,1010123456011,70,,1,2,8,1,0,,15.6667,15,0,0.020864,6,0,9,,0,0,0,0,0,0,0,0,0,,39,20,,0,0,0,0
1602807535984,9,1010123456011,70,,1,2,8,1,0,,16.2143,14,0,0.031424,6,0,0.1,,10,5,0,0.1,2,0,0,12.5315,31,,49,28,,0,0,0,1.6
1602807536234,9,1010123456011,70,,1,2,8,1,0,,0,2,0,0.005408,1,0,9,,0,0,0,0,0,0,0,0,0,,13,8,,0,0,0,0
1602807536484,9,1010123456011,70,,1,2,8,1,0,,16,8,0,0.01056,4,0,13,,0,0,0,0,0,0,0,0,0,,17,8,,0,0,0,0
1602807536734,9,1010123456011,70,,1,2,8,1,0,,16.75,16,0,0.020928,6,0,0.1,,0,0,0,0,0,0,0,0,0,,29,16,,0,0,0,0
1602807536984,9,1010123456011,70,,1,2,8,1,0,,18,5,0,0.010304,2,0,0.1,,8.2,5,0,0.1,2,0,0,8.29806,31,,39,8,,0,0,0,1.4
1602807537234,9,1010123456011,70,,1,2,8,1,0,,13.52,25,0,0.021312,8,0,9,,0,0,0,0,0,0,0,0,0,,76,30,,0,0,0,0
1602807537484,9,1010123456011,70,,1,2,8,1,0,,11.5357,28,0,0.037728,12,0,0.1,,0,0,0,0,0,0,0,0,0,,62,40,,0,0,0,0
1602807537734,9,1010123456011,70,,1,2,8,1,0,,15.3636,11,0,0.015808,4,0,0.1,,0,0,0,0,0,0,0,0,0,,22,16,,0,0,0,0
1602807537984,9,1010123456011,70,,1,2,8,1,0,,6.94118,17,0,0.016352,8,0,6,,2.92,25,0,0.1,10,0,0,10.6823,31,,84,42,,0,0,0,1.08
1602807538234,9,1010123456011,70,,1,2,8,1,0,,0,0,0,0,0,0,0.1,,0,0,0,0,0,0,0,0,0,,0,0,,0,0,0,0
1602807538484,9,1010123456011,70,,1,2,8,1,0,,6.63636,22,0,0.021408,8,0,0.1,,0,0,0,0,0,0,0,0,0,,89,42,,0,0,0,0
1602807538734,9,1010123456011,70,,1,2,8,1,0,,11.9333,15,0,0.016128,6,0,6.66667,,0,0,0,0,0,0,0,0,0,,32,18,,0,0,0,0
1602807538984,9,1010123456011,70,,1,2,8,1,0,,2.88462,52,0,0.028128,21,0,6,,7.8,5,0,0.1,2,0,0,7.22218,31,,71,132,,0,0,0,1.6
1602807539234,9,1010123456011,70,,1,2,8,1,0,,5.2,5,0,0.005312,2,0,9,,0,0,0,0,0,0,0,0,0,,40,14,,0,0,0,0
1602807539484,9,1010123456011,70,,1,2,8,1,0,,14.375,8,0,0.010656,3,0,9,,0,0,0,0,0,0,0,0,0,,25,12,,0,0,0,0
1602807539734,9,1010123456011,70,,1,2,8,1,0,,13,4,0,0.010816,2,0,0.1,,0,0,0,0,0,0,0,0,0,,17,12,,0,0,0,0
1602807539984,9,1010123456011,70,,1,2,8,1,0,,13,9,0,0.016224,3,0,0.1,,0.1,15,0,0.1,6,0,0,5.96181,31,,36,18,,0,0,0,1
1602807540234,9,1010123456011,70,,1,2,8,1,0,,14.1538,13,0,0.015904,5,0,0.1,,0.75,8,0,0.1,3,0,0,3.74075,0,,37,18,,0,0,0,1.25
1602807540484,9,1010123456011,70,,1,2,8,1,0,,15.1429,7,0,0.015968,3,0,0.1,,0,0,0,0,0,0,0,0,0,,54,18,,0,0,0,0
1602807540734,9,1010123456011,70,,1,2,8,1,0,,14.2727,11,83,0.013024,3,0,9,,0,0,0,0,0,0,0,0,0,,31,20,,0,0,0,0
1602807540984,9,1010123456011,70,,1,2,8,1,0,,10.2941,17,0,0.02432,9,0,6,,8.19444,36,0,0.1,14,35.7143,0,6.42502,31,,68,26,,0,0,0,4.83333
1602807541234,9,1010123456011,70,,1,2,8,1,0,,7.27273,22,0,0.021376,9,0,7,,0,0,0,0,0,0,0,0,0,,135,44,,0,0,0,0
1602807541484,9,1010123456011,70,,1,2,8,1,0,,11,15,0,0.01632,6,0,5,,0,0,0,0,0,0,0,0,0,,62,24,,0,0,0,0
1602807541734,9,1010123456011,70,,1,2,8,1,0,,1.125,24,0,0.011424,10,0,1,,0,0,0,0,0,0,0,0,0,,32,104,,0,0,0,0
1602807541984,9,1010123456011,70,,1,2,8,1,0,,0.1,19,0,0.006176,8,0,7,,0,0,0,0,0,0,0,0,0,,4,64,,0,0,0,0
1602807542234,9,1010123456011,70,,1,2,8,1,0,,5,5,0,0.00544,2,0,8.33333,,10.8,45,0,0.1,17,47.0588,0,7.13867,31,,163,22,,0,0,0,6.24444
1602807542484,9,1010123456011,70,,1,2,8,1,0,,14.2,10,0,0.01056,4,0,9,,0,0,0,0,0,0,0,0,0,,20,12,,0,0,0,0
1602807542734,9,1010123456011,70,,1,2,8,1,0,,13,5,0,0.005376,2,0,0.1,,0,0,0,0,0,0,0,0,0,,14,6,,0,0,0,0
1602807542984,9,1010123456011,70,,1,2,8,1,0,,11.2308,13,0,0.016032,5,0,7.5,,6.93023,43,0,0.1,17,41.1765,0,8.5875,31,,84,26,,0,0,0,4.97674
1602807543234,9,1010123456011,70,,1,2,8,1,0,,13.6,5,0,0.005568,2,0,10,,0,4,0,0,2,100,0,0,0,,22,6,,0,0,0,0
1602807543484,9,1010123456011,70,,1,2,8,1,0,,11,11,0,0.01088,4,0,7,,0,0,0,0,0,0,0,0,0,,42,16,,0,0,0,0
1602807543734,9,1010123456011,70,,1,2,8,1,0,,0,2,0,0.005152,1,0,10,,0,0,0,0,0,0,0,0,0,,4,4,,0,0,0,0
1602807543984,9,1010123456011,70,,1,2,8,1,0,,0,10,0,0.02576,5,0,10,,3.1,10,0,0.1,4,0,0,7.44976,31,,44,20,,0,0,0,1.2
1602807544234,9,1010123456011,70,,1,2,8,1,0,,0,4,0,0.010304,2,0,0.1,,0,0,0,0,0,0,0,0,0,,16,8,,0,0,0,0
1602807544484,9,1010123456011,70,,1,2,8,1,0,,8,5,0,0.005376,2,0,7,,0,0,0,0,0,0,0,0,0,,35,10,,0,0,0,0
1602807544734,9,1010123456011,70,,1,2,8,1,0,,7.8,5,0,0.005344,2,0,9,,0,0,0,0,0,0,0,0,0,,14,8,,0,0,0,0
1602807544984,9,1010123456011,70,,1,2,8,1,0,,0,0,0,0,0,0,9,,0,0,0,0,0,0,0,0,0,,0,0,,0,0,0,0
1602807545234,9,1010123456011,70,,1,2,8,1,0,,8.6,10,0,0.010848,4,0,9,,3,12,0,0.1,5,0,0,10.6333,31,,15,14,,0,0,0,1
1602807545484,9,1010123456011,70,,1,2,8,1,0,,17.5,10,0,0.010624,4,0,7.66667,,0,0,0,0,0,0,0,0,0,,20,8,,0,0,0,0
1602807545734,9,1010123456011,70,,1,2,8,1,0,,8.09091,11,0,0.010592,4,0,7.33333,,0,0,0,0,0,0,0,0,0,,57,22,,0,0,0,0
1602807545984,9,1010123456011,70,,1,2,8,1,0,,14.2857,7,0,0.010464,3,0,8.5,,0,0,0,0,0,0,0,0,0,,13,10,,0,0,0,0
1602807546234,9,1010123456011,70,,1,2,8,1,0,,19.5714,7,0,0.010464,3,0,9.75,,12.4,30,0,0.139232,12,8.33333,0,13.9988,31,,6,8,,0,0,0,2.2
1602807546484,9,1010123456011,70,,1,2,8,1,0,,3.10345,29,0,0.011456,10,0,14,,0,0,0,0,0,0,0,0,0,,14,78,,0,0,0,0
1602807546734,9,1010123456011,70,,1,2,8,1,0,,14.25,8,158,0.010464,3,0,10,,0,0,0,0,0,0,0,0,0,,36,8,,0,0,0,0
1602807546984,9,1010123456011,70,,1,2,8,1,0,,10.3636,11,0,0.011808,3,0,5,,0,0,0,0,0,0,0,0,0,,57,14,,0,0,0,0
1602807547234,9,1010123456011,70,,1,2,8,1,0,,17,5,0,0.009248,4,0,10.75,,5.08333,12,0,0.1,5,20,0,8.20629,31,,4,4,,0,0,0,3.16667
1602807547484,9,1010123456011,70,,1,2,8,1,0,,13.8,5,0,0.010688,2,0,7,,0,0,0,0,0,0,0,0,0,,45,18,,0,0,0,0
1602807547734,9,1010123456011,70,,1,2,8,1,0,,12.6667,12,0,0.021536,5,0,10,,0,0,0,0,0,0,0,0,0,,86,26,,0,0,0,0
1602807547984,9,1010123456011,70,,1,2,8,1,0,,17,7,0,0.0104,3,0,5.5,,0,0,0,0,0,0,0,0,0,,26,10,,0,0,0,0
1602807548234,9,1010123456011,70,,1,2,8,1,0,,18.1429,7,0,0.010464,3,0,10,,10.8,5,0,0.1,2,0,0,11.7262,31,,16,8,,0,0,0,1.6
1602807548484,9,1010123456011,70,,1,2,8,1,0,,13,5,0,0.005376,2,0,10.5,,0,0,0,0,0,0,0,0,0,,68,6,,0,0,0,0
1602807548734,9,1010123456011,70,,1,2,8,1,0,,0,2,0,0.005152,1,0,8.33333,,0,0,0,0,0,0,0,0,0,,9,4,,0,0,0,0
1602807548984,9,1010123456011,70,,1,2,8,1,0,,0.1,23,0,0.006304,9,0,4.5,,0,0,0,0,0,0,0,0,0,,4,62,,0,0,0,0
1602807549234,9,1010123456011,70,,1,2,8,1,0,,10.2,5,0,0.005248,2,0,6,,6,13,0,0.1,5,0,0,12.3524,31,,13,8,,0,0,0,1.38462
1602807549484,9,1010123456011,70,,1,2,8,1,0,,9.91304,23,0,0.021568,9,0,10,,0,0,0,0,0,0,0,0,0,,75,34,,0,0,0,0
1602807549734,9,1010123456011,70,,1,2,8,1,0,,0,0,0,0,0,0,7,,0,0,0,0,0,0,0,0,0,,0,0,,0,0,0,0
1602807549984,9,1010123456011,70,,1,2,8,1,0,,14.5714,7,0,0.010464,3,0,11.5,,10.5,6,0,0.1,2,0,0,13.079,31,,18,10,,0,0,0,1
1602807550234,9,1010123456011,70,,1,2,8,1,0,,0,2,0,0.005152,1,0,10,,0,0,0,0,0,0,0,0,0,,8,4,,0,0,0,0
1602807550484,9,1010123456011,70,,1,2,8,1,0,,18.25,8,0,0.015648,3,0,11,,0,0,0,0,0,0,0,0,0,,40,12,,0,0,0,0
1602807550734,9,1010123456011,70,,1,2,8,1,0,,15.6842,19,0,0.036352,7,0,8.5,,0,0,0,0,0,0,0,0,0,,79,32,,0,0,0,0
1602807550984,9,1010123456011,70,,1,2,8,1,0,,0,2,0,0.005152,1,0,7,,0,0,0,0,0,0,0,0,0,,8,4,,0,0,0,0
1602807551234,9,1010123456011,70,,1,2,8,1,0,,13,6,0,0.010816,2,0,10,,1.41176,17,0,0.1,7,0,0,7.83217,31,,24,12,,0,0,0,1
1602807551484,9,1010123456011,70,,1,2,8,1,0,,0,0,0,0,0,0,8.33333,,0,0,0,0,0,0,0,0,0,,0,0,,0,0,0,0
1602807551734,9,1010123456011,70,,1,2,8,1,0,,15.5,12,0,0.02112,4,0,12,,0,0,0,0,0,0,0,0,0,,44,20,,0,0,0,0
1602807551984,9,1010123456011,70,,1,2,8,1,0,,9.33333,15,0,0.016064,6,0,6,,11.25,32,0,0.113632,13,15.3846,0,9.93002,31,,83,28,,0,0,0,3.84375
1602807552234,9,1010123456011,70,,1,2,8,1,0,,8.57143,7,0,0.00544,3,0,6.66667,,0,0,0,0,0,0,0,0,0,,21,10,,0,0,0,0
1602807552484,9,1010123456011,70,,1,2,8,1,0,,9.23077,13,0,0.016128,5,0,8,,0,0,0,0,0,0,0,0,0,,84,26,,0,0,0,0
1602807552734,9,1010123456011,70,,1,2,8,1,0,,15.9167,24,0,0.032416,9,0,12,,0,0,0,0,0,0,0,0,0,,130,28,,0,0,0,0
1602807552984,9,1010123456011,70,,1,2,8,1,0,,1.53846,13,0,0.005792,5,0,6.33333,,3.25,8,0,0.1,3,0,0,9.22012,31,,11,40,,0,0,0,1
1602807553234,9,1010123456011,70,,1,2,8,1,0,,0,2,158,0.005152,1,0,9.5,,5.8,5,0,0.1,2,0,0,8.61271,0,,-5,4,,0,0,0,1
1602807553484,9,1010123456011,70,,1,2,8,1,0,,8.23529,17,0,0.02144,7,0,9.5,,0,0,0,0,0,0,0,0,0,,105,48,,0,0,0,0
1602807553734,9,1010123456011,70,,1,2,8,1,0,,13.2381,21,0,0.02128,9,0,10.5,,0,0,0,0,0,0,0,0,0,,48,22,,0,0,0,0
1602807553984,9,1010123456011,70,,1,2,8,1,0,,0,6,0,0.015456,3,0,12,,1.66667,24,0,0.1,9,11.1111,0,6.69047,31,,48,12,,0,0,0,2.25
1602807554234,9,1010123456011,70,,1,2,8,1,0,,0,4,0,0.010304,2,0,9,,0,0,0,0,0,0,0,0,0,,32,8,,0,0,0,0
1602807554484,9,1010123456011,70,,1,2,8,1,0,,12.1429,7,0,0.010464,3,0,8.5,,0,0,0,0,0,0,0,0,0,,49,16,,0,0,0,0
1602807554734,9,1010123456011,70,,1,2,8,1,0,,10.25,8,158,0.010848,3,0,6,,0,0,0,0,0,0,0,0,0,,41,22,,0,0,0,0
1602807554984,9,1010123456011,70,,1,2,8,1,0,,4.18182,33,0,0.022016,13,0,6.25,,10.64,25,0,0.100288,10,0,0,12.9337,31,,54,96,,0,0,0,1.56
1602807555234,9,1010123456011,70,,1,2,8,1,0,,16,12,0,0.020768,5,0,9,,0,0,0,0,0,0,0,0,0,,27,18,,0,0,0,0
1602807555484,9,1010123456011,70,,1,2,8,1,0,,18,5,0,0.010304,2,0,8,,0,0,0,0,0,0,0,0,0,,9,8,,0,0,0,0
1602807555734,9,1010123456011,70,,1,2,8,1,0,,8.52,25,0,0.026848,10,0,8,,0,0,0,0,0,0,0,0,0,,97,46,,0,0,0,0
1602807555984,9,1010123456011,70,,1,2,8,1,0,,13,10,0,0.010752,4,0,10.3333,,9.6,5,0,0.1,2,0,0,13.2718,31,,48,12,,0,0,0,1
1602807556234,9,1010123456011,70,,1,2,8,1,0,,17.875,16,0,0.020928,6,0,12,,0,0,0,0,0,0,0,0,0,,24,16,,0,0,0,0
1602807556484,9,1010123456011,70,,1,2,8,1,0,,3.32,25,0,0.016928,10,0,7.33333,,0,2,0,0.1,1,0,0,0,31,,75,86,,0,0,0,0
1602807556734,9,1010123456011,70,,1,2,8,1,0,,0,0,0,0,0,0,12,,14,3,0,0.1,1,0,0,16.6511,31,,0,0,,0,0,0,2
1602807556984,9,1010123456011,70,,1,2,8,1,0,,0,2,0,0.005408,1,0,6.33333,,11.2,5,0,0.1,2,0,0,13.0959,31,,24,6,,0,0,0,2.8
1602807557234,9,1010123456011,70,,1,2,8,1,0,,0,2,0,0.005152,1,0,10.6667,,0,0,0,0,0,0,0,0,0,,3,4,,0,0,0,0
1602807557484,9,1010123456011,70,,1,2,8,1,0,,7.8,5,0,0.005344,2,0,9,,0,0,0,0,0,0,0,0,0,,15,8,,0,0,0,0
1602807557734,9,1010123456011,70,,1,2,8,1,0,,9.16667,12,0,0.015872,5,0,9.75,,0,0,0,0,0,0,0,0,0,,98,24,,0,0,0,0
1602807557984,9,1010123456011,70,,1,2,8,1,0,,15.3571,14,0,0.021184,6,0,9.66667,,13.2,5,0,0.1,2,0,0,14.9227,31,,92,20,,0,0,0,1.4
1602807558234,9,1010123456011,70,,1,2,8,1,0,,9,22,0,0.026848,8,0,8.83333,,0,0,0,0,0,0,0,0,0,,173,42,,0,0,0,0
1602807558484,9,1010123456011,70,,1,2,8,1,0,,10.9,10,0,0.010752,4,0,5.75,,0,0,0,0,0,0,0,0,0,,31,14,,0,0,0,0
1602807558734,9,1010123456011,70,,1,2,8,1,0,,13,3,0,0.005408,1,0,9.8,,0,0,0,0,0,0,0,0,0,,30,6,,0,0,0,0
1602807558984,9,1010123456011,70,,1,2,8,1,0,,16,5,0,0.01056,2,0,4.8,,10.8,5,0,0.1,2,0,0,14.8616,31,,16,10,,0,0,0,1
1602807559234,9,1010123456011,70,,1,2,8,1,0,,11.5,10,0,0.015744,4,0,10.2,,0,0,0,0,0,0,0,0,0,,45,24,,0,0,0,0
1602807559484,9,1010123456011,70,,1,2,8,1,0,,0,0,0,0,0,0,7.75,,0,0,0,0,0,0,0,0,0,,0,0,,0,0,0,0
1602807559734,9,1010123456011,70,,1,2,8,1,0,,13,8,0,0.016224,3,0,8,,0,0,0,0,0,0,0,0,0,,24,18,,0,0,0,0
1602807559984,9,1010123456011,70,,1,2,8,1,0,,15.7273,11,0,0.02112,4,0,9.25,,9,5,0,0.1,2,0,0,15.6005,31,,32,20,,0,0,0,1.4
1602807560234,9,1010123456011,70,,1,2,8,1,0,,18,11,158,0.020608,4,0,11,,0,0,0,0,0,0,0,0,0,,47,16,,0,0,0,0
1602807560484,9,1010123456011,70,,1,2,8,1,0,,10.619,21,0,0.021216,8,0,9,,0,0,0,0,0,0,0,0,0,,259,36,,0,0,0,0
1602807560734,9,1010123456011,70,,1,2,8,1,0,,15.4,10,0,0.015616,4,0,10,,0,0,0,0,0,0,0,0,0,,26,14,,0,0,0,0
1602807560984,9,1010123456011,70,,1,2,8,1,0,,11,9,0,0.015552,4,0,7.5,,9,5,0,0.1,2,0,0,16.3553,31,,43,22,,0,0,0,1
1602807561234,9,1010123456011,70,,1,2,8,1,0,,10.8,15,0,0.01584,6,0,7.75,,0,0,0,0,0,0,0,0,0,,39,24,,0,0,0,0
1602807561484,9,1010123456011,70,,1,2,8,1,0,,0,0,0,0,0,0,7.4,,0,0,0,0,0,0,0,0,0,,0,0,,0,0,0,0
1602807561734,9,1010123456011,70,,1,2,8,1,0,,5.625,8,0,0.005376,3,0,10.3333,,0,0,0,0,0,0,0,0,0,,37,14,,0,0,0,0
1602807561984,9,1010123456011,70,,1,2,8,1,0,,18,11,0,0.02576,5,0,9.2,,0,0,0,0,0,0,0,0,0,,40,20,,0,0,0,0
1602807562234,9,1010123456011,70,,1,2,8,1,0,,4.88235,17,0,0.016096,7,0,6,,10.8,5,0,0.1,2,0,0,13.5039,31,,115,46,,0,0,0,1.6
1602807562484,9,1010123456011,70,,1,2,8,1,0,,4,7,0,0.00544,3,0,6.83333,,0,0,0,0,0,0,0,0,0,,29,20,,0,0,0,0
1602807562734,9,1010123456011,70,,1,2,8,1,0,,5.85714,49,0,0.042944,19,0,5.83333,,0,0,0,0,0,0,0,0,0,,214,116,,0,0,0,0
1602807562984,9,1010123456011,70,,1,2,8,1,0,,9.4,10,0,0.010528,4,0,6.5,,0,0,0,0,0,0,0,0,0,,45,18,,0,0,0,0
1602807563234,9,1010123456011,70,,1,2,8,1,0,,0,0,0,0,0,0,5.16667,,10,5,0,0.1,2,0,0,18.4943,31,,0,0,,0,0,0,1
1602807563484,9,1010123456011,70,,1,2,8,1,0,,10.2,5,0,0.005408,2,0,6.5,,0,0,0,0,0,0,0,0,0,,25,6,,0,0,0,0
1602807563734,9,1010123456011,70,,1,2,8,1,0,,6.5,6,0,0.00544,2,0,6.66667,,0,0,0,0,0,0,0,0,0,,65,12,,0,0,0,0
1602807563984,9,1010123456011,70,,1,2,8,1,0,,6.85,20,0,0.021184,8,0,7.75,,13.8,5,0,0.1,2,0,0,20.3531,31,,275,56,,0,0,0,1
1602807564234,9,1010123456011,70,,1,2,8,1,0,,0,8,0,0.010752,4,0,5.6,,0,0,0,0,0,0,0,0,0,,128,28,,0,0,0,0
1602807564484,9,1010123456011,70,,1,2,8,1,0,,5.2,10,0,0.010624,4,0,6.71429,,0,0,0,0,0,0,0,0,0,,112,24,,0,0,0,0
1602807564734,9,1010123456011,70,,1,2,8,1,0,,6,6,0,0.005312,2,0,6,,0,0,0,0,0,0,0,0,0,,33,10,,0,0,0,0
1602807564984,9,1010123456011,70,,1,2,8,1,0,,6.6,10,0,0.01072,4,0,6,,13.8,5,0,0.1,2,0,0,22.0988,31,,83,22,,0,0,0,1
1602807565234,9,1010123456011,70,,1,2,8,1,0,,11.75,16,0,0.020928,6,0,8,,0,0,0,0,0,0,0,0,0,,113,28,,0,0,0,0
1602807565484,9,1010123456011,70,,1,2,8,1,0,,6.8,5,0,0.005312,2,0,7.2,,0,0,0,0,0,0,0,0,0,,9,10,,0,0,0,0
1602807565734,9,1010123456011,70,,1,2,8,1,0,,10.1,10,0,0.010368,3,0,9.6,,0,0,0,0,0,0,0,0,0,,48,14,,0,0,0,0
1602807565984,9,1010123456011,70,,1,2,8,1,0,,0,8,0,0.01088,5,0,10.5,,13.8,5,0,0.1,2,0,0,20.4869,31,,47,20,,0,0,0,1
1602807566234,9,1010123456011,70,,1,2,8,1,0,,0,2,0,0.005152,1,0,7,,0,0,0,0,0,0,0,0,0,,9,4,,0,0,0,0
1602807566484,9,1010123456011,70,,1,2,8,1,0,,0,0,0,0,0,0,9.75,,0,0,0,0,0,0,0,0,0,,0,0,,0,0,0,0
1602807566734,9,1010123456011,70,,1,2,8,1,0,,12.4286,7,158,0.01056,3,0,7.8,,15,3,0,0.1,1,0,0,18.9184,31,,20,10,,0,0,0,1
1602807566984,9,1010123456011,70,,1,2,8,1,0,,4.85,20,0,0.016224,8,0,9.16667,,13.5,6,0,0.1,2,0,0,14.5283,31,,36,56,,0,0,0,1.5
1602807567234,9,1010123456011,70,,1,2,8,1,0,,10.4286,7,0,0.010432,3,0,8,,0,0,0,0,0,0,0,0,0,,20,14,,0,0,0,0
1602807567484,9,1010123456011,70,,1,2,8,1,0,,13.8,5,0,0.010688,2,0,5.4,,0,0,0,0,0,0,0,0,0,,36,12,,0,0,0,0
1602807567734,9,1010123456011,70,,1,2,8,1,0,,18,6,0,0.010304,2,0,9.75,,0,0,0,0,0,0,0,0,0,,24,8,,0,0,0,0
1602807567984,9,1010123456011,70,,1,2,8,1,0,,18,3,0,0.005152,1,0,9.75,,0,0,0,0,0,0,0,0,0,,3,4,,0,0,0,0
1602807568234,9,1010123456011,70,,1,2,8,1,0,,0,2,0,0.005408,1,0,10,,0,0,0,0,0,0,0,0,0,,9,6,,0,0,0,0
1602807568484,9,1010123456011,70,,1,2,8,1,0,,0,6,6,0.010304,2,0,8,,9,5,0,0.1,2,0,0,19.0874,31,,25,16,,0,0,0,1
1602807568734,9,1010123456011,70,,1,2,8,1,0,,6.62069,29,0,0.031872,12,0,7.8,,0,0,0,0,0,0,0,0,0,,70,56,,0,0,0,0
1602807568984,9,1010123456011,70,,1,2,8,1,0,,12.2778,18,0,0.026112,7,0,9,,12.375,8,0,0.1,3,0,0,18.0487,31,,54,30,,0,0,0,1
1602807569234,9,1010123456011,70,,1,2,8,1,0,,8.85714,7,0,0.010464,3,0,8.4,,0,0,0,0,0,0,0,0,0,,72,16,,0,0,0,0
1602807569484,9,1010123456011,70,,1,2,8,1,0,,13,6,0,0.010816,2,0,8,,0,2,0,0.1,1,0,0,0,31,,54,12,,0,0,0,0
1602807569734,9,1010123456011,70,,1,2,8,1,0,,0,2,0,0.005408,1,0,9.8,,0,0,0,0,0,0,0,0,0,,8,6,,0,0,0,0
1602807569984,9,1010123456011,70,,1,2,8,1,0,,13,10,0,0.01568,4,0,7.66667,,14.25,8,0,0.1,3,0,0,19.4139,31,,51,18,,0,0,0,1
1602807570234,9,1010123456011,70,,1,2,8,1,0,,0,0,0,0,0,0,8.4,,0,0,0,0,0,0,0,0,0,,8,4,,0,0,0,0
1602807570484,9,1010123456011,70,,1,2,8,1,0,,18,3,0,0.005152,1,0,8.33333,,0,0,0,0,0,0,0,0,0,,0,0,,0,0,0,0
1602807570734,9,1010123456011,70,,1,2,8,1,0,,11.5385,13,0,0.015968,5,0,8.6,,0,0,0,0,0,0,0,0,0,,45,22,,0,0,0,0
1602807570984,9,1010123456011,70,,1,2,8,1,0,,13,3,0,0.005408,1,0,7.8,,0,0,0,0,0,0,0,0,0,,4,6,,0,0,0,0
1602807571234,9,1010123456011,70,,1,2,8,1,0,,5.5,16,0,0.01104,6,0,4.8,,13.2,5,0,0.1,2,0,0,19.8883,31,,50,32,,0,0,0,1
1602807571484,9,1010123456011,70,,1,2,8,1,0,,1.35294,17,0,0.005984,7,0,7,,0,0,0,0,0,0,0,0,0,,17,40,,0,0,0,0
1602807571734,9,1010123456011,70,,1,2,8,1,0,,7.23077,13,0,0.010816,5,0,9,,0,0,0,0,0,0,0,0,0,,46,24,,0,0,0,0
1602807571984,9,1010123456011,70,,1,2,8,1,0,,18,3,0,0.005152,1,0,11,,0,0,0,0,0,0,0,0,0,,11,4,,0,0,0,0
1602807572234,9,1010123456011,70,,1,2,8,1,0,,8.16667,24,0,0.03184,10,0,8.16667,,13.8,5,0,0.1,2,0,0,20.5979,31,,262,60,,0,0,0,1
1602807572484,9,1010123456011,70,,1,2,8,1,0,,11.3333,9,0,0.010656,3,0,10.5,,0,0,0,0,0,0,0,0,0,,38,14,,0,0,0,0
1602807572734,9,1010123456011,70,,1,2,8,1,0,,11.4545,11,0,0.010816,4,0,8.6,,0,0,0,0,0,0,0,0,0,,29,14,,0,0,0,0
1602807572984,9,1010123456011,70,,1,2,8,1,0,,10.4,5,0,0.005248,2,0,7,,0,0,0,0,0,0,0,0,0,,18,8,,0,0,0,0
1602807573234,9,1010123456011,70,,1,2,8,1,0,,0,0,0,0,0,0,8.6,,0,0,0,0,0,0,0,0,0,,0,0,,0,0,0,0
1602807573484,9,1010123456011,70,,1,2,8,1,0,,11.5714,7,0,0.010848,3,0,7.75,,13.8,5,0,0.1,2,0,0,20.1512,31,,30,14,,0,0,0,1
1602807573734,9,1010123456011,70,,1,2,8,1,0,,13,3,0,0.005408,1,0,8.5,,0,0,0,0,0,0,0,0,0,,12,6,,0,0,0,0
1602807573984,9,1010123456011,70,,1,2,8,1,0,,9.8,5,0,0.005312,2,0,3.66667,,0,0,0,0,0,0,0,0,0,,17,8,,0,0,0,0
1602807574234,9,1010123456011,70,,1,2,8,1,0,,6.5,10,0,0.010656,4,0,7,,13.2,5,0,0.1,2,0,0,15.9207,31,,38,18,,0,0,0,1
1602807574484,9,1010123456011,70,,1,2,8,1,0,,9.08333,12,0,0.016416,5,0,5.8,,0,0,0,0,0,0,0,0,0,,71,28,,0,0,0,0
1602807574734,9,1010123456011,70,,1,2,8,1,0,,13,9,0,0.021632,4,0,8,,0,0,0,0,0,0,0,0,0,,32,24,,0,0,0,0
1602807574984,9,1010123456011,70,,1,2,8,1,0,,9.1579,19,0,0.021376,7,0,7.2,,0,0,0,0,0,0,0,0,0,,58,34,,0,0,0,0
1602807575234,9,1010123456011,70,,1,2,8,1,0,,11,8,0,0.016608,3,0,7,,0,4,0,0.1,2,0,0,0,31,,66,34,,0,0,0,0
1602807575484,9,1010123456011,70,,1,2,8,1,0,,10.5833,12,0,0.015776,5,0,7.42857,,0,0,0,0,0,0,0,0,0,,50,22,,0,0,0,0
1602807575734,9,1010123456011,70,,1,2,8,1,0,,8.88889,27,0,0.036384,10,0,6.6,,15,3,0,0.1,1,0,0,11.4677,31,,225,66,,0,0,0,2
1602807575984,9,1010123456011,70,,1,2,8,1,0,,7.5,22,0,0.028032,9,0,5,,10,5,0,0.1,2,0,0,20.1833,31,,332,54,,0,0,0,1
1602807576234,9,1010123456011,70,,1,2,8,1,0,,4.14286,14,0,0.010912,6,0,5.83333,,0,0,0,0,0,0,0,0,0,,29,32,,0,0,0,0
1602807576484,9,1010123456011,70,,1,2,8,1,0,,8,10,0,0.010816,4,0,6.83333,,0,0,0,0,0,0,0,0,0,,52,20,,0,0,0,0
1602807576734,9,1010123456011,70,,1,2,8,1,0,,8,11,0,0.010752,4,0,6.4,,15,3,0,0.1,1,0,0,21.9388,31,,75,20,,0,0,0,1
1602807576984,9,1010123456011,70,,1,2,8,1,0,,7.03125,32,0,0.03248,13,0,6.16667,,14.25,8,0,0.1,3,0,0,17.3044,31,,124,62,,0,0,0,2.5
1602807577234,9,1010123456011,70,,1,2,8,1,0,,7.4,10,0,0.010688,4,0,6,,0,0,0,0,0,0,0,0,0,,43,20,,0,0,0,0
1602807577484,9,1010123456011,70,,1,2,8,1,0,,9.78571,14,0,0.021888,5,0,6.83333,,0,0,0,0,0,0,0,0,0,,61,34,,0,0,0,0
1602807577734,9,1010123456011,70,,1,2,8,1,0,,10.5714,7,0,0.005248,2,0,8,,0,0,0,0,0,0,0,0,0,,31,16,,0,0,0,0
1602807577984,9,1010123456011,70,,1,2,8,1,0,,11,16,0,0.021696,6,0,7.2,,14.2857,35,0,0.19152,14,7.14286,0,16.107,31,,68,30,,0,0,0,2.45714
1602807578234,9,1010123456011,70,,1,2,8,1,0,,11,10,0,0.021824,6,0,9.5,,0,0,0,0,0,0,0,0,0,,59,30,,0,0,0,0
1602807578484,9,1010123456011,70,,1,2,8,1,0,,15.6667,9,0,0.01584,3,0,10.25,,0,0,0,0,0,0,0,0,0,,73,16,,0,0,0,0
1602807578734,9,1010123456011,70,,1,2,8,1,0,,11,5,0,0.011072,2,0,6.25,,0,0,0,0,0,0,0,0,0,,21,16,,0,0,0,0
1602807578984,9,1010123456011,70,,1,2,8,1,0,,0,2,0,0.005536,1,0,7,,13.8,5,0,0.1,2,0,0,21.7112,31,,14,8,,0,0,0,1
1602807579234,9,1010123456011,70,,1,2,8,1,0,,11,5,0,0.00544,2,0,8.5,,0,0,0,0,0,0,0,0,0,,12,8,,0,0,0,0
1602807579484,9,1010123456011,70,,1,2,8,1,0,,0,0,0,0,0,0,8.4,,0,0,0,0,0,0,0,0,0,,0,0,,0,0,0,0
1602807579734,9,1010123456011,70,,1,2,8,1,0,,6.47619,21,0,0.021184,8,0,6.25,,0,0,0,0,0,0,0,0,0,,90,38,,0,0,0,0
1602807579984,9,1010123456011,70,,1,2,8,1,0,,5.2,10,0,0.010624,4,0,6,,0,0,0,0,0,0,0,0,0,,38,20,,0,0,0,0
1602807580234,9,1010123456011,70,,1,2,8,1,0,,8,9,0,0.003232,1,0,6,,13.8,5,0,0.1,2,0,0,20.6325,31,,193,30,,0,0,0,1
1602807580484,9,1010123456011,70,,1,2,8,1,0,,9.2,10,0,0.023264,7,0,7.33333,,0,0,0,0,0,0,0,0,0,,29,16,,0,0,0,0
1602807580734,9,1010123456011,70,,1,2,8,1,0,,0,2,0,0.005536,1,0,9.4,,0,0,0,0,0,0,0,0,0,,14,8,,0,0,0,0
1602807580984,9,1010123456011,70,,1,2,8,1,0,,0,2,0,0.005536,1,0,5.5,,13.2,5,0,0.1,2,0,0,21.4065,31,,7,8,,0,0,0,1
1602807581234,9,1010123456011,70,,1,2,8,1,0,,6.73077,26,0,0.021536,9,0,8.2,,0,0,0,0,0,0,0,0,0,,135,60,,0,0,0,0
1602807581484,9,1010123456011,70,,1,2,8,1,0,,9.44444,9,0,0.021664,6,0,7.6,,0,0,0,0,0,0,0,0,0,,47,28,,0,0,0,0
1602807581734,9,1010123456011,70,,1,2,8,1,0,,9.5625,16,0,0.016224,6,0,7.6,,0,0,0,0,0,0,0,0,0,,51,24,,0,0,0,0
1602807581984,9,1010123456011,70,,1,2,8,1,0,,11,3,0,0.005536,1,0,7.6,,0,0,0,0,0,0,0,0,0,,7,8,,0,0,0,0
1602807582234,9,1010123456011,70,,1,2,8,1,0,,8.85714,21,0,0.027104,8,0,6.25,,13.8,5,0,0.1,2,0,0,21.3769,31,,93,44,,0,0,0,1
1602807582484,9,1010123456011,70,,1,2,8,1,0,,8.57143,21,0,0.019168,7,0,7.16667,,0,0,0,0,0,0,0,0,0,,73,36,,0,0,0,0
1602807582734,9,1010123456011,70,,1,2,8,1,0,,0,0,0,0.002336,2,0,6.5,,0,0,0,0,0,0,0,0,0,,0,0,,0,0,0,0
1602807582984,9,1010123456011,70,,1,2,8,1,0,,8.27778,18,0,0.010848,5,0,7,,13.2,5,0,0.1,2,0,0,18.8182,31,,61,32,,0,0,0,1.4
1602807583234,9,1010123456011,70,,1,2,8,1,0,,5.2,5,0,0.010624,4,0,5.6,,0,0,0,0,0,0,0,0,0,,19,10,,0,0,0,0
1602807583484,9,1010123456011,70,,1,2,8,1,0,,7.14286,14,0,0.015904,6,0,7.4,,0,0,0,0,0,0,0,0,0,,49,26,,0,0,0,0
1602807583734,9,1010123456011,70,,1,2,8,1,0,,8.76923,13,0,0.01584,5,0,8.25,,0,0,0,0,0,0,0,0,0,,53,26,,0,0,0,0
1602807583984,9,1010123456011,70,,1,2,8,1,0,,6.23529,17,0,0.015936,6,0,8,,0,0,0,0,0,0,0,0,0,,50,30,,0,0,0,0
1602807584234,9,1010123456011,70,,1,2,8,1,0,,5.66667,15,0,0.016128,6,0,5.5,,13.2,5,0,0.1,2,0,0,14.8768,31,,95,42,,0,0,0,1.6
1602807584484,9,1010123456011,70,,1,2,8,1,0,,0,0,0,0,0,0,6,,0,0,0,0,0,0,0,0,0,,0,0,,0,0,0,0
1602807584734,9,1010123456011,70,,1,2,8,1,0,,5.2,5,0,0.005312,2,0,5.2,,0,0,0,0,0,0,0,0,0,,19,10,,0,0,0,0
1602807584984,9,1010123456011,70,,1,2,8,1,0,,6.8,5,0,0.005312,2,0,6,,4.75,8,0,0.1,3,0,0,14.8662,31,,28,10,,0,0,0,1
1602807585234,9,1010123456011,70,,1,2,8,1,0,,16,7,0,0.01584,3,0,8.8,,0,0,0,0,0,0,0,0,0,,26,16,,0,0,0,0
1602807585484,9,1010123456011,70,,1,2,8,1,0,,8.85714,7,0,0.010464,3,0,7.5,,0,0,0,0,0,0,0,0,0,,27,14,,0,0,0,0
1602807585734,9,1010123456011,70,,1,2,8,1,0,,8.2,5,0,0.005312,2,0,7.5,,0,0,0,0,0,0,0,0,0,,24,10,,0,0,0,0
1602807585984,9,1010123456011,70,,1,2,8,1,0,,11,9,0,0.010432,3,0,9,,0,0,0,0,0,0,0,0,0,,14,14,,0,0,0,0
1602807586234,9,1010123456011,70,,1,2,8,1,0,,11.6364,11,0,0.0264,5,0,9,,10.8571,14,0,0.1,5,40,0,9.20373,31,,57,30,,0,0,0,5.71429
1602807586484,9,1010123456011,70,,1,2,8,1,0,,15.2,5,0,0.010688,2,0,7.25,,0,0,0,0,0,0,0,0,0,,19,12,,0,0,0,0
1602807586734,9,1010123456011,70,,1,2,8,1,0,,10.7,10,0,0.015968,4,0,11,,0,0,0,0,0,0,0,0,0,,37,22,,0,0,0,0
1602807586984,9,1010123456011,70,,1,2,8,1,0,,2.81481,27,0,0.011584,11,0,7.75,,8.8,5,0,0.1,2,0,0,11.8303,31,,21,68,,0,0,0,1
1602807587234,9,1010123456011,70,,1,2,8,1,0,,11.8182,22,0,0.021504,9,0,7.75,,0,0,0,0,0,0,0,0,0,,66,30,,0,0,0,0
1602807587484,9,1010123456011,70,,1,2,8,1,0,,8.54545,11,0,0.015776,5,0,10.4,,0,0,0,0,0,0,0,0,0,,36,24,,0,0,0,0
1602807587734,9,1010123456011,70,,1,2,8,1,0,,12.3333,15,0,0.021216,6,0,9.33333,,0,0,0,0,0,0,0,0,0,,36,24,,0,0,0,0
1602807587984,9,1010123456011,70,,1,2,8,1,0,,10.8889,9,0,0.01616,4,0,9,,2.27273,11,0,0.1,4,0,0,7.25714,31,,36,20,,0,0,0,1
1602807588234,9,1010123456011,70,,1,2,8,1,0,,0.837209,43,0,0.017632,18,0,8,,0,0,0,0,0,0,0,0,0,,45,170,,0,0,0,0
1602807588484,9,1010123456011,70,,1,2,8,1,0,,0,2,0,0.005408,1,0,6.5,,0,0,0,0,0,0,0,0,0,,12,6,,0,0,0,0
1602807588734,9,1010123456011,70,,1,2,8,1,0,,0,4,0,0.010944,2,0,9.33333,,0,0,0,0,0,0,0,0,0,,26,14,,0,0,0,0
1602807588984,9,1010123456011,70,,1,2,8,1,0,,8.35714,14,0,0.016096,5,0,7,,14.9804,51,0,0.10688,20,60,0,9.59756,31,,42,26,,0,0,0,7.01961
1602807589234,9,1010123456011,70,,1,2,8,1,0,,8.66667,6,0,0.010752,3,0,8.33333,,0,0,0,0,0,0,0,0,0,,25,14,,0,0,0,0
1602807589484,9,1010123456011,70,,1,2,8,1,0,,6.9375,16,0,0.016224,6,0,6.75,,0,0,0,0,0,0,0,0,0,,46,36,,0,0,0,0
1602807589734,9,1010123456011,70,,1,2,8,1,0,,15.6923,13,0,0.026272,5,0,9.4,,0,0,0,0,0,0,0,0,0,,33,24,,0,0,0,0
1602807589984,9,1010123456011,70,,1,2,8,1,0,,0,2,0,0.005152,1,0,9,,0,0,0,0,0,0,0,0,0,,4,4,,0,0,0,0
1602807590234,9,1010123456011,70,,1,2,8,1,0,,0,0,0,0,0,0,14,,1.69231,13,0,0.1,5,0,0,13.74,31,,0,0,,0,0,0,1
1602807590484,9,1010123456011,70,,1,2,8,1,0,,10.7,10,0,0.016288,4,0,7.6,,0,0,0,0,0,0,0,0,0,,34,22,,0,0,0,0
1602807590734,9,1010123456011,70,,1,2,8,1,0,,1.68889,45,0,0.022688,18,0,6,,0,0,0,0,0,0,0,0,0,,50,132,,0,0,0,0
1602807590984,9,1010123456011,70,,1,2,8,1,0,,11.6667,9,0,0.010496,3,0,12,,4.3,10,0,0.1,4,0,0,8.72663,31,,46,12,,0,0,0,2.4
1602807591234,9,1010123456011,70,,1,2,8,1,0,,6.96,25,0,0.019872,9,0,8.5,,0,0,0,0,0,0,0,0,0,,272,50,,0,0,0,0
1602807591484,9,1010123456011,70,,1,2,8,1,0,,14.875,8,0,0.017536,4,0,12.25,,0,0,0,0,0,0,0,0,0,,154,16,,0,0,0,0
1602807591734,9,1010123456011,70,,1,2,8,1,0,,0,2,0,0.005408,1,0,10.3333,,0,0,0,0,0,0,0,0,0,,12,6,,0,0,0,0
1602807591984,9,1010123456011,70,,1,2,8,1,0,,0,2,0,0.005152,1,0,8.33333,,9,5,0,0.1,2,0,0,13.713,31,,4,4,,0,0,0,1.4
1602807592234,9,1010123456011,70,,1,2,8,1,0,,18,5,0,0.010304,2,0,5.5,,0,0,0,0,0,0,0,0,0,,16,8,,0,0,0,0
1602807592484,9,1010123456011,70,,1,2,8,1,0,,11.2,5,0,0.005248,2,0,9.75,,0,0,0,0,0,0,0,0,0,,14,8,,0,0,0,0
1602807592734,9,1010123456011,70,,1,2,8,1,0,,0,0,0,0,0,0,10,,0,0,0,0,0,0,0,0,0,,0,0,,0,0,0,0
1602807592984,9,1010123456011,70,,1,2,8,1,0,,0,8,0,0.016,4,0,9.75,,3.3,10,0,0.1,4,0,0,8.68643,31,,78,26,,0,0,0,1
1602807593234,9,1010123456011,70,,1,2,8,1,0,,15.1429,7,0,0.015968,3,0,9,,0,0,0,0,0,0,0,0,0,,93,16,,0,0,0,0
1602807593484,9,1010123456011,70,,1,2,8,1,0,,15,5,0,0.01056,2,0,11,,0,0,0,0,0,0,0,0,0,,18,10,,0,0,0,0
1602807593734,9,1010123456011,70,,1,2,8,1,0,,13.2857,7,0,0.010976,3,0,9,,0,0,0,0,0,0,0,0,0,,16,12,,0,0,0,0
1602807593984,9,1010123456011,70,,1,2,8,1,0,,13,8,0,0.016224,3,0,7.2,,4.75,8,0,0.1,3,0,0,9.07167,31,,36,18,,0,0,0,1
1602807594234,9,1010123456011,70,,1,2,8,1,0,,0,2,0,0.005408,1,0,9,,0,2,0,0.1,1,0,0,0,31,,24,6,,0,0,0,0
1602807594484,9,1010123456011,70,,1,2,8,1,0,,12,18,0,0.02128,7,0,8,,0,0,0,0,0,0,0,0,0,,87,26,,0,0,0,0
1602807594734,9,1010123456011,70,,1,2,8,1,0,,10,10,0,0.010816,4,0,8,,0,0,0,0,0,0,0,0,0,,27,14,,0,0,0,0
1602807594984,9,1010123456011,70,,1,2,8,1,0,,11.6667,12,0,0.015872,5,0,9,,4.8,10,0,0.1,4,0,0,10.5085,31,,39,18,,0,0,0,1.6
1602807595234,9,1010123456011,70,,1,2,8,1,0,,10.8333,12,0,0.015936,5,0,7.25,,0,0,0,0,0,0,0,0,0,,27,18,,0,0,0,0
1602807595484,9,1010123456011,70,,1,2,8,1,0,,14.1111,9,0,0.015936,4,0,9.2,,0,0,0,0,0,0,0,0,0,,25,16,,0,0,0,0
1602807595734,9,1010123456011,70,,1,2,8,1,0,,12.8,5,0,0.005312,2,0,8,,7,3,0,0.1,1,0,0,21.0707,31,,14,6,,0,0,0,1
1602807595984,9,1010123456011,70,,1,2,8,1,0,,16.3333,15,0,0.031424,6,0,12,,13.2,5,0,0.1,2,0,0,18.7797,31,,48,28,,0,0,0,1
1602807596234,9,1010123456011,70,,1,2,8,1,0,,13,3,0,0.005408,1,0,6,,15,3,0,0.1,1,0,0,16.8328,31,,42,8,,0,0,0,1
1602807596484,9,1010123456011,70,,1,2,8,1,0,,9.625,8,0,0.010752,3,0,6.83333,,0,0,0,0,0,0,0,0,0,,71,14,,0,0,0,0
1602807596734,9,1010123456011,70,,1,2,8,1,0,,15.2,5,0,0.010688,2,0,10,,0,0,0,0,0,0,0,0,0,,17,12,,0,0,0,0
1602807596984,9,1010123456011,70,,1,2,8,1,0,,0,0,0,0,0,0,6.25,,0,0,0,0,0,0,0,0,0,,0,0,,0,0,0,0
1602807597234,9,1010123456011,70,,1,2,8,1,0,,0.1,20,0,0.006176,8,0,8.66667,,13.2,5,0,0.1,2,0,0,18.8015,31,,0,66,,0,0,0,1
1602807597484,9,1010123456011,70,,1,2,8,1,0,,10,9,0,0.010464,3,0,8,,0,0,0,0,0,0,0,0,0,,44,14,,0,0,0,0
1602807597734,9,1010123456011,70,,1,2,8,1,0,,11,3,0,0.005536,1,0,7,,0,0,0,0,0,0,0,0,0,,14,8,,0,0,0,0
1602807597984,9,1010123456011,70,,1,2,8,1,0,,7.63636,22,0,0.021632,9,0,6.25,,13.8,5,0,0.1,2,0,0,15.5285,31,,87,42,,0,0,0,1.4
1602807598234,9,1010123456011,70,,1,2,8,1,0,,12.4545,11,0,0.01568,4,0,6.16667,,0,0,0,0,0,0,0,0,0,,88,20,,0,0,0,0
1602807598484,9,1010123456011,70,,1,2,8,1,0,,0,0,0,0,0,0,7,,0,0,0,0,0,0,0,0,0,,0,0,,0,0,0,0
1602807598734,9,1010123456011,70,,1,2,8,1,0,,0,0,0,0,0,0,5,,0,0,0,0,0,0,0,0,0,,0,0,,0,0,0,0
1602807598984,9,1010123456011,70,,1,2,8,1,0,,18,3,0,0.005152,1,0,10.4,,7,5,0,0.1,2,0,0,11.0269,31,,27,4,,0,0,0,1
1602807599234,9,1010123456011,70,,1,2,8,1,0,,13.2105,19,0,0.021504,8,0,7.6,,0,0,0,0,0,0,0,0,0,,47,24,,0,0,0,0
1602807599484,9,1010123456011,70,,1,2,8,1,0,,15,7,0,0.01584,3,0,9,,0,0,0,0,0,0,0,0,0,,30,16,,0,0,0,0
1602807599734,9,1010123456011,70,,1,2,8,1,0,,9.23077,26,0,0.027072,10,0,8.33333,,7,3,0,0.1,1,0,0,17.3412,31,,104,44,,0,0,0,1
1602807599984,9,1010123456011,70,,1,2,8,1,0,,1.69565,23,0,0.011552,9,0,6.5,,12.8,5,0,0.1,2,0,0,14.4012,31,,18,64,,0,0,0,1
1602807600234,9,1010123456011,70,,1,2,8,1,0,,10.4286,7,0,0.010848,3,0,3.66667,,0,0,0,0,0,0,0,0,0,,31,16,,0,0,0,0
1602807600484,9,1010123456011,70,,1,2,8,1,0,,18.4,5,0,0.005312,2,0,8,,0,0,0,0,0,0,0,0,0,,14,4,,0,0,0,0
1602807600734,9,1010123456011,70,,1,2,8,1,0,,11,5,0,0.011072,2,0,5.75,,0,0,0,0,0,0,0,0,0,,30,16,,0,0,0,0
1602807600984,9,1010123456011,70,,1,2,8,1,0,,11,3,0,0.005536,1,0,6,,0,0,0,0,0,0,0,0,0,,14,8,,0,0,0,0
1602807601234,9,1010123456011,70,,1,2,8,1,0,,10.125,16,0,0.021824,6,0,6.83333,,12.8182,11,0,0.1,4,0,0,18.9642,31,,61,34,,0,0,0,1
1602807601484,9,1010123456011,70,,1,2,8,1,0,,13,3,0,0.005408,1,0,7.57143,,0,0,0,0,0,0,0,0,0,,4,6,,0,0,0,0
1602807601734,9,1010123456011,70,,1,2,8,1,0,,16.4444,9,0,0.015552,4,0,8.33333,,0,0,0,0,0,0,0,0,0,,65,14,,0,0,0,0
1602807601984,9,1010123456011,70,,1,2,8,1,0,,3.5102,49,158,0.028096,20,0,6,,0,4,0,0.1,2,0,0,0,31,,165,176,,0,0,0,0
1602807602234,9,1010123456011,70,,1,2,8,1,0,,5.52632,19,0,0.016256,7,0,5.16667,,0,0,0,0,0,0,0,0,0,,189,72,,0,0,0,0
1602807602484,9,1010123456011,70,,1,2,8,1,0,,13,5,0,0.005504,2,0,7.66667,,0,0,0,0,0,0,0,0,0,,9,6,,0,0,0,0
1602807602734,9,1010123456011,70,,1,2,8,1,0,,8.22222,9,0,0.016256,4,0,7.33333,,0,0,0,0,0,0,0,0,0,,41,24,,0,0,0,0
1602807602984,9,1010123456011,70,,1,2,8,1,0,,12.2963,27,0,0.037216,11,0,8.4,,13,8,0,0.1,3,33.3333,0,9.2884,31,,101,50,,0,0,0,5.5
1602807603234,9,1010123456011,70,,1,2,8,1,0,,9.9,10,0,0.010688,4,0,8,,0,0,0,0,0,0,0,0,0,,28,16,,0,0,0,0
1602807603484,9,1010123456011,70,,1,2,8,1,0,,2.25806,31,0,0.016896,12,0,5,,0,0,0,0,0,0,0,0,0,,48,122,,0,0,0,0
1602807603734,9,1010123456011,70,,1,2,8,1,0,,7.46154,13,0,0.016352,5,0,6,,0,0,0,0,0,0,0,0,0,,54,32,,0,0,0,0
1602807603984,9,1010123456011,70,,1,2,8,1,0,,13.5,6,0,0.005312,2,0,10,,0,0,0,0,0,0,0,0,0,,7,6,,0,0,0,0
1602807604234,9,1010123456011,70,,1,2,8,1,0,,5.2,30,0,0.021984,12,0,6.6,,2.47619,21,0,0.1,9,0,0,10.0367,31,,23,80,,0,0,0,1
1602807604484,9,1010123456011,70,,1,2,8,1,0,,0,0,0,0,0,0,3.4,,0,0,0,0,0,0,0,0,0,,0,0,,0,0,0,0
1602807604734,9,1010123456011,70,,1,2,8,1,0,,14.4286,7,0,0.010528,3,0,10.4,,0,0,0,0,0,0,0,0,0,,10,10,,0,0,0,0
1602807604984,9,1010123456011,70,,1,2,8,1,0,,15.2,5,0,0.010688,2,0,9.5,,6.52381,21,0,0.1,8,0,0,9.13432,31,,98,16,,0,0,0,1.42857
1602807605234,9,1010123456011,70,,1,2,8,1,0,,14.5,6,158,0.010688,2,0,8,,0,0,0,0,0,0,0,0,0,,81,12,,0,0,0,0
1602807605484,9,1010123456011,70,,1,2,8,1,0,,1.96875,32,0,0.017344,12,0,4.83333,,0,0,0,0,0,0,0,0,0,,108,108,,0,0,0,0
1602807605734,9,1010123456011,70,,1,2,8,1,0,,6.8,5,0,0.005312,2,0,7,,0,0,0,0,0,0,0,0,0,,17,10,,0,0,0,0
1602807605984,9,1010123456011,70,,1,2,8,1,0,,0,0,0,0,0,0,7,,0,0,0,0,0,0,0,0,0,,0,0,,0,0,0,0
1602807606234,9,1010123456011,70,,1,2,8,1,0,,11,12,0,0.022048,5,0,7,,1.3125,16,0,0.1,6,0,0,12.7146,31,,174,38,,0,0,0,1.1875
1602807606484,9,1010123456011,70,,1,2,8,1,0,,11.5714,7,0,0.01648,3,0,7.16667,,0,0,0,0,0,0,0,0,0,,112,28,,0,0,0,0
1602807606734,9,1010123456011,70,,1,2,8,1,0,,12.9375,16,0,0.016192,6,0,7.83333,,0,0,0,0,0,0,0,0,0,,54,18,,0,0,0,0
1602807606984,9,1010123456011,70,,1,2,8,1,0,,13,3,0,0.005408,1,0,7.83333,,9,5,0,0.1,2,0,0,9.22707,31,,12,6,,0,0,0,1.4
1602807607234,9,1010123456011,70,,1,2,8,1,0,,8.42857,7,0,0.010816,3,0,5.66667,,0,0,0,0,0,0,0,0,0,,59,18,,0,0,0,0
1602807607484,9,1010123456011,70,,1,2,8,1,0,,11,18,0,0.022048,7,0,8.14286,,0,0,0,0,0,0,0,0,0,,82,32,,0,0,0,0
1602807607734,9,1010123456011,70,,1,2,8,1,0,,10.7,10,158,0.010944,4,0,7.16667,,0,0,0,0,0,0,0,0,0,,171,20,,0,0,0,0
1602807607984,9,1010123456011,70,,1,2,8,1,0,,9.76471,17,0,0.027424,6,0,7.83333,,10.8,25,0,0.1,10,0,0,14.7349,31,,94,46,,0,0,0,1.2
1602807608234,9,1010123456011,70,,1,2,8,1,0,,13,5,0,0.005376,2,0,7.75,,0,0,0,0,0,0,0,0,0,,20,6,,0,0,0,0
1602807608484,9,1010123456011,70,,1,2,8,1,0,,13,8,0,0.010784,3,0,8,,0,0,0,0,0,0,0,0,0,,40,12,,0,0,0,0
1602807608734,9,1010123456011,70,,1,2,8,1,0,,4.81818,33,0,0.02784,13,0,6,,0,0,0,0,0,0,0,0,0,,82,94,,0,0,0,0
1602807608984,9,1010123456011,70,,1,2,8,1,0,,7.57143,7,0,0.005408,1,0,7.66667,,0,0,0,0,0,0,0,0,0,,107,24,,0,0,0,0
1602807609234,9,1010123456011,70,,1,2,8,1,0,,11.5263,19,0,0.021536,9,0,7.83333,,9,5,0,0.1,2,0,0,14.9346,31,,47,22,,0,0,0,1.4
1602807609484,9,1010123456011,70,,1,2,8,1,0,,9.6,5,0,0.005248,2,0,8.5,,0,0,0,0,0,0,0,0,0,,123,8,,0,0,0,0
1602807609734,9,1010123456011,70,,1,2,8,1,0,,9.85714,14,0,0.016064,5,0,7.83333,,0,0,0,0,0,0,0,0,0,,54,22,,0,0,0,0
1602807609984,9,1010123456011,70,,1,2,8,1,0,,15.5,6,0,0.01056,2,0,10.3333,,7,5,0,0.1,2,0,0,14.4551,31,,14,10,,0,0,0,1
1602807610234,9,1010123456011,70,,1,2,8,1,0,,15.8571,7,0,0.015712,3,0,10.6,,0,0,0,0,0,0,0,0,0,,74,14,,0,0,0,0
1602807610484,9,1010123456011,70,,1,2,8,1,0,,0,2,0,0.005408,1,0,8.5,,0,0,0,0,0,0,0,0,0,,18,6,,0,0,0,0
1602807610734,9,1010123456011,70,,1,2,8,1,0,,11.5714,7,0,0.01648,3,0,7.4,,0,0,0,0,0,0,0,0,0,,109,22,,0,0,0,0
1602807610984,9,1010123456011,70,,1,2,8,1,0,,12.6923,13,0,0.021536,5,0,9,,13.8,5,0,0.1,2,0,0,19.1168,31,,80,24,,0,0,0,1
1602807611234,9,1010123456011,70,,1,2,8,1,0,,11,3,0,0.005536,1,0,8.16667,,0,0,0,0,0,0,0,0,0,,15,8,,0,0,0,0
1602807611484,9,1010123456011,70,,1,2,8,1,0,,0,2,0,0.005408,1,0,9.28571,,0,0,0,0,0,0,0,0,0,,24,6,,0,0,0,0
1602807611734,9,1010123456011,70,,1,2,8,1,0,,14.4286,7,0,0.015968,3,0,8.33333,,0,0,0,0,0,0,0,0,0,,26,16,,0,0,0,0
1602807611984,9,1010123456011,70,,1,2,8,1,0,,0,2,0,0.005408,1,0,8.6,,0,0,0,0,0,0,0,0,0,,12,6,,0,0,0,0
1602807612234,9,1010123456011,70,,1,2,8,1,0,,0,0,0,0,0,0,7.8,,0,0,0,0,0,0,0,0,0,,0,0,,0,0,0,0
1602807612484,9,1010123456011,70,,1,2,8,1,0,,11,3,0,0.005536,1,0,8.5,,13.8,5,0,0.1,2,0,0,17.6339,31,,39,12,,0,0,0,1.4
1602807612734,9,1010123456011,70,,1,2,8,1,0,,12.5,8,0,0.010496,3,0,10.4,,0,0,0,0,0,0,0,0,0,,17,12,,0,0,0,0
1602807612984,9,1010123456011,70,,1,2,8,1,0,,13.5556,9,0,0.02112,4,0,9.6,,10.8,5,0,0.1,2,0,0,15.7261,31,,103,22,,0,0,0,1
1602807613234,9,1010123456011,70,,1,2,8,1,0,,14.6,5,0,0.010304,2,0,9,,0,0,0,0,0,0,0,0,0,,30,10,,0,0,0,0
1602807613484,9,1010123456011,70,,1,2,8,1,0,,11.1667,12,0,0.015904,5,0,7.42857,,0,0,0,0,0,0,0,0,0,,126,22,,0,0,0,0
1602807613734,9,1010123456011,70,,1,2,8,1,0,,0,4,0,0.01056,2,0,7.83333,,0,0,0,0,0,0,0,0,0,,30,10,,0,0,0,0
1602807613984,9,1010123456011,70,,1,2,8,1,0,,10.2353,17,0,0.021504,6,0,8.66667,,8.6,5,0,0.1,2,0,0,12.7516,31,,51,36,,0,0,0,1
1602807614234,9,1010123456011,70,,1,2,8,1,0,,13,7,0,0.02176,4,0,8.66667,,0,0,0,0,0,0,0,0,0,,30,18,,0,0,0,0
1602807614484,9,1010123456011,70,,1,2,8,1,0,,13,3,0,0,0,0,8.57143,,0,0,0,0,0,0,0,0,0,,24,6,,0,0,0,0
1602807614734,9,1010123456011,70,,1,2,8,1,0,,12,18,0,0.026688,8,0,8.16667,,0,0,0,0,0,0,0,0,0,,104,28,,0,0,0,0
1602807614984,9,1010123456011,70,,1,2,8,1,0,,13,3,0,0.005408,1,0,9,,8.2,5,0,0.1,2,0,0,10.1741,31,,6,6,,0,0,0,1
1602807615234,9,1010123456011,70,,1,2,8,1,0,,0,2,0,0.005408,1,0,8.6,,0,0,0,0,0,0,0,0,0,,49,6,,0,0,0,0
1602807615484,9,1010123456011,70,,1,2,8,1,0,,11,9,0,0.01072,4,0,9.28571,,0,0,0,0,0,0,0,0,0,,22,14,,0,0,0,0
1602807615734,9,1010123456011,70,,1,2,8,1,0,,13,3,0,0.005408,1,0,7.8,,0,0,0,0,0,0,0,0,0,,8,6,,0,0,0,0
1602807615984,9,1010123456011,70,,1,2,8,1,0,,13.45,20,0,0.026752,8,0,8.16667,,8.48,25,0,0.1,10,0,0,14.8777,31,,72,32,,0,0,0,1
1602807616234,9,1010123456011,70,,1,2,8,1,0,,0,4,0,0.005376,2,0,8.6,,0,0,0,0,0,0,0,0,0,,20,10,,0,0,0,0
1602807616484,9,1010123456011,70,,1,2,8,1,0,,13,5,0,0.010816,2,0,8.57143,,0,0,0,0,0,0,0,0,0,,35,12,,0,0,0,0
1602807616734,9,1010123456011,70,,1,2,8,1,0,,12.4,10,0,0.016224,4,0,8.83333,,0,0,0,0,0,0,0,0,0,,27,18,,0,0,0,0
1602807616984,9,1010123456011,70,,1,2,8,1,0,,13,3,0,0.005408,1,0,8.66667,,0,0,0,0,0,0,0,0,0,,49,6,,0,0,0,0
1602807617234,9,1010123456011,70,,1,2,8,1,0,,0,0,0,0,0,0,8.66667,,0,0,0,0,0,0,0,0,0,,0,0,,0,0,0,0
1602807617484,9,1010123456011,70,,1,2,8,1,0,,13.0714,14,0,0.021536,5,0,9,,10,5,0,0.1,2,0,0,17.2167,31,,68,24,,0,0,0,1
1602807617734,9,1010123456011,70,,1,2,8,1,0,,0,2,0,0.005408,1,0,8.2,,0,0,0,0,0,0,0,0,0,,12,6,,0,0,0,0
1602807617984,9,1010123456011,70,,1,2,8,1,0,,13,3,0,0.005408,1,0,8,,0,0,0,0,0,0,0,0,0,,12,6,,0,0,0,0
1602807618234,9,1010123456011,70,,1,2,8,1,0,,13,11,0,0.010784,3,0,9.4,,12,5,0,0.1,2,0,0,16.3165,31,,52,18,,0,0,0,1.6
1602807618484,9,1010123456011,70,,1,2,8,1,0,,13,3,0,0.010816,2,0,8.33333,,9,3,0,0.1,1,0,0,12.419,31,,6,6,,0,0,0,1
1602807618734,9,1010123456011,70,,1,2,8,1,0,,11.5,6,0,0.01056,2,0,7.25,,0,0,0,0,0,0,0,0,0,,82,12,,0,0,0,0
1602807618984,9,1010123456011,70,,1,2,8,1,0,,13.3636,11,0,0.016064,4,0,8.5,,0,0,0,0,0,0,0,0,0,,61,18,,0,0,0,0
1602807619234,9,1010123456011,70,,1,2,8,1,0,,12.8125,16,0,0.015872,5,0,8.83333,,9.6,5,0,0.1,2,0,0,13.1553,31,,102,22,,0,0,0,1
1602807619484,9,1010123456011,70,,1,2,8,1,0,,11.25,8,0,0.016224,4,0,10.1667,,0,0,0,0,0,0,0,0,0,,39,12,,0,0,0,0
1602807619734,9,1010123456011,70,,1,2,8,1,0,,13,3,0,0.005408,1,0,9.83333,,0,0,0,0,0,0,0,0,0,,44,6,,0,0,0,0
1602807619984,9,1010123456011,70,,1,2,8,1,0,,14.125,8,0,0.01056,3,0,8.66667,,0,0,0,0,0,0,0,0,0,,16,10,,0,0,0,0
1602807620234,9,1010123456011,70,,1,2,8,1,0,,11,12,114,0.017216,5,0,7.8,,7,5,0,0.1,2,0,0,10.0172,31,,57,34,,0,0,0,1
1602807620484,9,1010123456011,70,,1,2,8,1,0,,7.38889,18,0,0.015552,7,0,8.83333,,0,0,0,0,0,0,0,0,0,,18,30,,0,0,0,0
1602807620734,9,1010123456011,70,,1,2,8,1,0,,0,0,0,0,0,0,11.8333,,0,0,0,0,0,0,0,0,0,,0,0,,0,0,0,0
1602807620984,9,1010123456011,70,,1,2,8,1,0,,9.57143,7,0,0.01088,3,0,9,,1.52381,21,0,0.1,8,0,0,10.5234,31,,100,16,,0,0,0,1
1602807621234,9,1010123456011,70,,1,2,8,1,0,,12.5385,13,0,0.021504,5,0,9,,0,0,0,0,0,0,0,0,0,,96,22,,0,0,0,0
1602807621484,9,1010123456011,70,,1,2,8,1,0,,10.2,5,0,0.005408,2,0,9,,0,0,0,0,0,0,0,0,0,,10,6,,0,0,0,0
1602807621734,9,1010123456011,70,,1,2,8,1,0,,12.1667,30,0,0.037664,11,0,9.2,,0,2,0,0.1,1,0,0,0,31,,71,48,,0,0,0,0
1602807621984,9,1010123456011,70,,1,2,8,1,0,,11.1364,22,0,0.042752,10,0,8.8,,8.42857,7,0,0.1,3,0,0,13.4692,31,,62,42,,0,0,0,2.71429
1602807622234,9,1010123456011,70,,1,2,8,1,0,,13,6,0,0.010816,2,0,9,,0,2,0,0.1,1,0,0,0,31,,12,12,,0,0,0,0
1602807622484,9,1010123456011,70,,1,2,8,1,0,,15.5,10,0,0.02112,4,0,11.5,,0,0,0,0,0,0,0,0,0,,27,20,,0,0,0,0
1602807622734,9,1010123456011,70,,1,2,8,1,0,,0,2,0,0.005408,1,0,8.8,,0,0,0,0,0,0,0,0,0,,12,6,,0,0,0,0
1602807622984,9,1010123456011,70,,1,2,8,1,0,,1.56,25,0,0.011712,10,0,5.4,,12,5,0,0.1,2,0,0,12.2057,31,,9,76,,0,0,0,1
1602807623234,9,1010123456011,70,,1,2,8,1,0,,10.7143,14,0,0.021568,6,0,10,,0,0,0,0,0,0,0,0,0,,141,26,,0,0,0,0
1602807623484,9,1010123456011,70,,1,2,8,1,0,,11.6111,18,0,0.021376,7,0,9.83333,,0,0,0,0,0,0,0,0,0,,63,24,,0,0,0,0
1602807623734,9,1010123456011,70,,1,2,8,1,0,,10.1111,9,0,0.01616,4,0,9,,0,0,0,0,0,0,0,0,0,,25,20,,0,0,0,0
1602807623984,9,1010123456011,70,,1,2,8,1,0,,10.2,5,0,0.005408,2,0,9,,5.2,5,16145,0.1,2,0,0,10.2668,31,,21,6,,0,0,0,1
1602807624234,9,1010123456011,70,,1,2,8,1,0,,12.1852,27,0,0.032128,9,0,9,,7,12,0,0.1,5,0,0,9.34305,0,,94,50,,0,0,0,1.25
1602807624484,9,1010123456011,70,,1,2,8,1,0,,4.24138,29,0,0.032608,13,0,8.28571,,0,0,0,0,0,0,0,0,0,,27,76,,0,0,0,0
1602807624734,9,1010123456011,70,,1,2,8,1,0,,0,0,0,0,0,0,9,,0,0,0,0,0,0,0,0,0,,0,0,,0,0,0,0
1602807624984,9,1010123456011,70,,1,2,8,1,0,,12.875,8,0,0.01072,3,0,8.83333,,0,0,0,0,0,0,0,0,0,,71,16,,0,0,0,0
1602807625234,9,1010123456011,70,,1,2,8,1,0,,3.75,32,0,0.022304,12,0,8.83333,,5.875,8,0,0.1,3,0,0,21.8856,31,,-4,98,,0,0,0,1.25
1602807625484,9,1010123456011,70,,1,2,8,1,0,,15.1429,7,0,0.015968,3,0,9.14286,,0,6,0,0.1,3,0,0,0,31,,16,16,,0,0,0,0
1602807625734,9,1010123456011,70,,1,2,8,1,0,,14.4286,7,0,0.015968,3,0,9,,0,0,0,0,0,0,0,0,0,,29,16,,0,0,0,0
1602807625984,9,1010123456011,70,,1,2,8,1,0,,0,4,0,0.010816,2,0,9,,13.7143,7,0,0.1,3,33.3333,0,12.0444,31,,21,12,,0,0,0,4.28571
1602807626234,9,1010123456011,70,,1,2,8,1,0,,13,3,0,0.005408,1,0,8.83333,,0,0,0,0,0,0,0,0,0,,8,6,,0,0,0,0
1602807626484,9,1010123456011,70,,1,2,8,1,0,,12.2,5,0,0.005312,2,0,9.16667,,4,3,0,0.1,1,0,0,17.2039,31,,20,6,,0,0,0,1
1602807626734,9,1010123456011,70,,1,2,8,1,0,,0,0,0,0,0,0,9.4,,0,0,0,0,0,0,0,0,0,,0,0,,0,0,0,0
1602807626984,9,1010123456011,70,,1,2,8,1,0,,0,0,0,0,0,0,11,,0,8,0,0.1,4,0,0,0,31,,0,0,,0,0,0,0
1602807627234,9,1010123456011,70,,1,2,8,1,0,,0,0,0,0,0,0,7.2,,0,0,0,0,0,0,0,0,0,,0,0,,0,0,0,0
1602807627484,9,1010123456011,70,,1,2,8,1,0,,0,0,0,0,0,0,7.5,,0,0,0,0,0,0,0,0,0,,0,0,,0,0,0,0
1602807627734,9,1010123456011,70,,1,2,8,1,0,,0,0,0,0,0,0,9,,0,0,0,0,0,0,0,0,0,,0,0,,0,0,0,0
1602807627984,9,1010123456011,70,,1,2,8,1,0,,0,0,0,0,0,0,9,,0,0,0,0,0,0,0,0,0,,0,0,,0,0,0,0
1602807628234,9,1010123456011,70,,1,2,8,1,0,,0,0,0,0,0,0,9,,0,0,0,0,0,0,0,0,0,,0,0,,0,0,0,0
1602807628484,9,1010123456011,70,,1,2,8,1,0,,0,0,0,0,0,0,7.2,,0,0,0,0,0,0,0,0,0,,0,0,,0,0,0,0
1602807628734,9,1010123456011,70,,1,2,8,1,0,,0,0,0,0,0,0,10,,0,0,0,0,0,0,0,0,0,,0,0,,0,0,0,0
1602807628984,9,1010123456011,70,,1,2,8,1,0,,0,0,0,0,0,0,9,,0,0,0,0,0,0,0,0,0,,0,0,,0,0,0,0
1602807629234,9,1010123456011,70,,1,2,8,1,0,,0,0,0,0,0,0,10.25,,0,0,0,0,0,0,0,0,0,,0,0,,0,0,0,0
1602807629484,9,1010123456011,70,,1,2,8,1,0,,0,0,0,0,0,0,10,,0,0,0,0,0,0,0,0,0,,0,0,,0,0,0,0
1602807629734,9,1010123456011,70,,1,2,8,1,0,,0,0,0,0,0,0,9,,0,0,0,0,0,0,0,0,0,,0,0,,0,0,0,0
1602807629984,9,1010123456011,70,,1,2,8,1,0,,0,0,0,0,0,0,9.83333,,0,0,0,0,0,0,0,0,0,,0,0,,0,0,0,0
1602807630234,9,1010123456011,70,,1,2,8,1,0,,0,0,0,0,0,0,9,,0,0,0,0,0,0,0,0,0,,0,0,,0,0,0,0
1602807630484,9,1010123456011,70,,1,2,8,1,0,,0,0,0,0,0,0,8,,15,11,0,0,4,100,0,6.5735,0,,0,0,,0,0,0,10
1602807630734,9,1010123456011,70,,1,2,8,1,0,,0,0,0,0,0,0,9,,0,0,0,0,0,0,0,0,0,,0,0,,0,0,0,0
1602807630984,9,1010123456011,70,,1,2,8,1,0,,0,0,0,0,0,0,9,,0,0,0,0,0,0,0,0,0,,0,0,,0,0,0,0
1602807631234,8,1010123456011,70,,1,2,8,1,0,,0,0,0,0,0,0,9,,0,0,0,0,0,0,0,0,0,,0,0,,0,0,0,0
1602807631484,8,1010123456011,70,,1,2,8,1,0,,0,0,0,0,0,0,9,,0,0,0,0,0,0,0,0,0,,0,0,,0,0,0,0
1602807631734,8,1010123456011,70,,1,2,8,1,0,,0,0,0,0,0,0,9,,0,0,0,0,0,0,0,0,0,,0,0,,0,0,0,0
1602807631984,8,1010123456011,70,,1,2,8,1,0,,0,0,0,0,0,0,10.5,,0,0,0,0,0,0,0,0,0,,0,0,,0,0,0,0
1602807632234,7,1010123456011,70,,1,2,8,1,0,,0,0,0,0,0,0,0.1,,0,0,0,0,0,0,0,0,0,,0,0,,0,0,0,0
1602807632484,7,1010123456011,70,,1,2,8,1,0,,0,0,0,0,0,0,0.1,,0,0,0,0,0,0,0,0,0,,0,0,,0,0,0,0
1602807632734,7,1010123456011,70,,1,2,8,1,0,,0,0,0,0,0,0,0.1,,0,0,0,0,0,0,0,0,0,,0,0,,0,0,0,0
1602807632984,7,1010123456011,70,,1,2,8,1,0,,0,0,0,0,0,0,0.1,,0,0,0,0,0,0,0,0,0,,0,0,,0,0,0,0
1602807633234,7,1010123456011,70,,1,2,8,1,0,,0,0,0,0,0,0,0.1,,0,0,0,0,0,0,0,0,0,,0,0,,0,0,0,0
1602807633484,7,1010123456011,70,,1,2,8,1,0,,0,0,0,0,0,0,0.1,,0,0,0,0,0,0,0,0,0,,0,0,,0,0,0,0
1602807633734,7,1010123456011,70,,1,2,8,1,0,,0,0,0,0,0,0,0.1,,0,0,0,0,0,0,0,0,0,,0,0,,0,0,0,0
