time,cc,pci,earfcn,rsrp,pl,cfo,dl_mcs,dl_snr,dl_turbo,dl_brate,dl_bler,ul_ta,ul_mcs,ul_buff,ul_brate,ul_bler,rf_o,rf_u,rf_l,is_attached
0,0,0,4294967295,0.0,0.0,0.0,0.0,0.0,0.0,0.0,0.0,0.0,0.0,0.0,0.0,0.0,0.0,0.0,0.0,0.0
249,0,0,3400,0.0,0.0,0.0,0.0,0.0,0.0,0.0,0.0,0.0,0.0,0.0,0.0,0.0,0.0,0.0,0.0,0.0
498,0,0,3400,0.0,0.0,0.0,0.0,0.0,0.0,0.0,0.0,0.0,0.0,0.0,0.0,0.0,0.0,0.0,0.0,0.0
747,0,1,3400,0.0,0.0,0.0,0.0,0.0,0.0,0.0,0.0,0.0,0.0,0.0,0.0,0.0,0.0,0.0,0.0,0.0
996,0,1,3400,0.0,0.0,0.0,0.0,0.0,0.0,0.0,0.0,0.0,0.0,0.0,0.0,0.0,0.0,0.0,0.0,0.0
1245,0,1,3400,-82,82,754,1.6,5.8,0.49,2912.000000,0,0.0,0.0,33,224,0,0.0,0.0,0.0,1.0
1494,0,1,3400,-81,81,819,2.5,5.6,0.75,0.0,0.0,27,0.0,33,0.0,0.0,0.0,0.0,0.0,1.0
1743,0,1,3400,-81,81,814,2.5,5.6,0.75,0.0,0.0,27,0.0,33,0.0,0.0,0.0,0.0,0.0,1.0
1992,0,1,3400,-81,81,814,2.4,5.1,0.88,1856.000000,0,27,0.32,24,3136.000000,67,0.0,0.0,0.0,1.0
2241,0,1,3400,-80,80,808,2.5,3.6,1.5,0.0,0.0,27,0.0,24,0.0,0.0,0.0,0.0,0.0,1.0
2490,0,1,3400,-80,80,812,2.5,3.7,1.5,0.0,0.0,27,0.0,21,0.0,80,0.0,0.0,0.0,1.0
2740,0,1,3400,-80,80,814,2.9,4.5,1.6,0.0,100.000000,27,0.0,21,0.0,0.0,0.0,0.0,0.0,1.0
2989,0,1,3400,-81,81,812,11,4.9,3.2,0.0,0.0,27,0.0,21,0.0,0.0,0.0,0.0,0.0,1.0
3238,0,1,3400,-81,81,821,11,5.1,3.2,0.0,0.0,27,0.0,21,0.0,80,0.0,0.0,0.0,1.0
3487,0,1,3400,-81,81,820,6.8,5.6,2.7,1632.000000,50,27,0.0,0.0,3136.000000,43,0.0,0.0,0.0,1.0
3736,0,1,3400,-81,81,809,5.0,5.7,2.5,0.0,100.000000,27,0.0,0.0,0.0,0.0,0.0,0.0,0.0,1.0
3985,0,1,3400,-81,81,805,5.0,5.4,2.5,0.0,0.0,27,0.0,0.0,0.0,0.0,0.0,0.0,0.0,1.0
4234,0,1,3400,-81,81,811,4.9,4.8,2.4,0.0,0.0,27,0.0,0.0,0.0,0.0,0.0,0.0,0.0,1.0
4483,0,1,3400,-81,81,802,5.0,5.6,2.5,0.0,0.0,27,0.0,0.0,0.0,0.0,0.0,0.0,0.0,1.0
4732,0,1,3400,-81,81,804,5.1,5.0,2.4,1317.269043,0,27,0.0,21,0.0,0.0,0.0,0.0,0.0,1.0
4981,0,1,3400,-81,81,801,5.5,5.2,2.5,0.0,0.0,27,0.0,21,0.0,0.0,0.0,0.0,0.0,1.0
5230,0,1,3400,-81,81,811,5.5,5.2,2.5,0.0,0.0,27,0.0,21,0.0,0.0,0.0,0.0,0.0,1.0
5479,0,1,3400,-81,81,803,5.5,5.0,2.5,0.0,0.0,27,0.0,21,0.0,0.0,0.0,0.0,0.0,1.0
5728,0,1,3400,-81,81,815,5.5,5.3,2.5,0.0,0.0,27,0.0,21,0.0,0.0,0.0,0.0,0.0,1.0
5977,0,1,3400,-80,80,826,5.5,4.4,2.5,0.0,0.0,27,0.0,21,0.0,0.0,0.0,0.0,0.0,1.0
6226,0,1,3400,-81,81,813,5.5,5.0,2.5,0.0,0.0,27,0.0,21,0.0,0.0,0.0,0.0,0.0,1.0
6475,0,1,3400,-81,81,812,5.4,5.3,2.4,0.0,0.0,27,0.0,21,0.0,0.0,0.0,0.0,0.0,1.0
6724,0,1,3400,-81,81,817,3.4,5.1,1.6,0.0,0.0,27,0.0,0.0,0.0,0.0,0.0,0.0,0.0,0.0
6973,0,1,3400,-81,81,809,0.0,5.1,0.0,0.0,0.0,0.0,0.0,0.0,0.0,0.0,0.0,0.0,0.0,0.0
7222,0,1,3400,-81,81,817,0.0,5.5,0.0,0.0,0.0,0.0,0.0,0.0,0.0,0.0,0.0,0.0,0.0,0.0
7471,0,1,3400,-81,81,806,0.0,5.1,0.0,0.0,0.0,0.0,0.0,0.0,0.0,0.0,0.0,0.0,0.0,0.0
7720,0,1,3400,-81,81,822,0.0,5.3,0.0,0.0,0.0,0.0,0.0,0.0,0.0,0.0,0.0,0.0,0.0,0.0
7969,0,1,3400,-81,81,810,0.0,5.2,0.0,0.0,0.0,0.0,0.0,0.0,0.0,0.0,0.0,0.0,0.0,0.0
8218,0,1,3400,-80,80,829,0.0,4.6,0.0,0.0,0.0,0.0,0.0,0.0,0.0,0.0,0.0,0.0,0.0,0.0
8467,0,1,3400,-80,80,829,0.0,4.6,0.0,0.0,0.0,0.0,0.0,0.0,0.0,0.0,0.0,0.0,0.0,0.0
8716,0,1,3400,-76,76,1366.128784,0.0,2.2,0.0,0.0,0.0,0.0,0.0,0.0,0.0,0.0,0.0,0.0,0.0,0.0
8965,0,1,3400,-79,79,841,0.63,3.6,0.31,576,0,0.0,0.0,0.0,0.0,0.0,0.0,0.0,0.0,0.0
9214,0,1,3400,-81,81,809,3.3,5.2,1.2,2912.000000,25,0.0,0.0,33,448,0,0.0,0.0,0.0,1.0
9463,0,1,3400,-80,80,800,2.5,4.5,0.75,0.0,0.0,27,0.0,33,0.0,0.0,0.0,0.0,0.0,1.0
9712,0,1,3400,-81,81,779,2.5,4.8,1.2,224,0,27,0.064,0.0,3360.000000,30,0.0,0.0,0.0,1.0
9961,0,1,3400,-81,81,804,2.5,5.4,1.2,0.0,0.0,27,0.0,0.0,0.0,0.0,0.0,0.0,0.0,1.0
10210,0,1,3400,-80,80,804,2.5,4.5,1.2,0.0,0.0,27,0.0,0.0,0.0,0.0,0.0,0.0,0.0,1.0
10459,0,1,3400,-81,81,813,2.5,5.4,1.2,0.0,0.0,27,0.0,0.0,0.0,0.0,0.0,0.0,0.0,1.0
10708,0,1,3400,-81,81,820,2.5,5.8,1.3,0.0,0.0,27,0.0,0.0,1568.000000,50,0.0,0.0,0.0,1.0
10957,0,1,3400,-81,81,821,2.5,5.2,1.2,0.0,0.0,27,0.0,0.0,0.0,0.0,0.0,0.0,0.0,1.0
11206,0,1,3400,-81,81,829,2.5,5.8,1.2,0.0,0.0,27,0.0,0.0,0.0,0.0,0.0,0.0,0.0,1.0
11455,0,1,3400,-81,81,814,2.5,5.6,1.2,0.0,0.0,27,0.0,0.0,0.0,0.0,0.0,0.0,0.0,1.0
11704,0,1,3400,-81,81,814,2.5,4.9,1.3,0.0,0.0,27,0.0,0.0,896,33,0.0,0.0,0.0,1.0
11953,0,1,3400,-81,81,807,2.5,5.3,1.2,0.0,0.0,27,0.0,0.0,0.0,0.0,0.0,0.0,0.0,1.0
12202,0,1,3400,-81,81,824,2.5,5.2,1.2,0.0,0.0,27,0.0,0.0,0.0,0.0,0.0,0.0,0.0,1.0
12451,0,1,3400,-80,80,765,2.5,4.2,1.2,0.0,0.0,27,0.0,0.0,0.0,0.0,0.0,0.0,0.0,1.0
12700,0,1,3400,-81,81,803,2.5,5.6,1.2,0.0,0.0,27,0.0,0.0,1568.000000,0,0.0,0.0,0.0,1.0
12949,0,1,3400,-80,80,814,2.5,4.8,1.2,0.0,0.0,27,0.0,0.0,0.0,0.0,0.0,0.0,0.0,1.0
13198,0,1,3400,-81,81,832,2.5,5.3,1.2,0.0,0.0,27,0.0,0.0,0.0,0.0,0.0,0.0,0.0,1.0
13447,0,1,3400,-81,81,820,2.5,5.3,1.2,0.0,0.0,27,0.0,0.0,0.0,0.0,0.0,0.0,0.0,1.0
13696,0,1,3400,-80,80,824,2.5,4.5,1.2,0.0,0.0,27,0.0,0.0,896,60,0.0,0.0,0.0,1.0
13945,0,1,3400,-80,80,824,2.5,4.8,1.2,0.0,0.0,27,0.0,0.0,0.0,0.0,0.0,0.0,0.0,1.0
14194,0,1,3400,-80,80,820,2.5,4.7,1.2,0.0,0.0,27,0.0,0.0,0.0,0.0,0.0,0.0,0.0,1.0
14443,0,1,3400,-80,80,822,2.5,4.4,1.2,0.0,0.0,27,0.0,0.0,0.0,0.0,0.0,0.0,0.0,1.0
14692,0,1,3400,-81,81,812,2.5,5.5,1.2,0.0,0.0,27,0.0,0.0,1568.000000,33,0.0,0.0,0.0,1.0
14941,0,1,3400,-80,80,830,2.5,4.8,1.2,0.0,0.0,27,0.0,0.0,0.0,0.0,0.0,0.0,0.0,1.0
15190,0,1,3400,-81,81,819,2.5,5.1,1.2,0.0,0.0,27,0.0,0.0,0.0,0.0,0.0,0.0,0.0,1.0
15439,0,1,3400,-80,80,812,2.5,5.1,1.2,0.0,0.0,27,0.0,0.0,0.0,0.0,0.0,0.0,0.0,1.0
15688,0,1,3400,-80,80,878,2.5,4.5,1.2,0.0,0.0,27,0.0,0.0,1568.000000,0,0.0,0.0,0.0,1.0
15937,0,1,3400,-81,81,836,2.5,5.6,1.2,0.0,0.0,27,0.0,0.0,0.0,0.0,0.0,0.0,0.0,1.0
16186,0,1,3400,-80,80,834,2.5,4.1,1.2,0.0,0.0,27,0.0,0.0,0.0,0.0,0.0,0.0,0.0,1.0
16435,0,1,3400,-80,80,834,2.5,4.1,1.2,0.0,0.0,27,0.0,0.0,0.0,0.0,0.0,0.0,0.0,1.0
16684,0,1,3400,-80,80,834,2.5,4.1,1.2,0.0,0.0,27,0.0,0.0,0.0,0.0,0.0,0.0,0.0,1.0
16933,0,1,3400,-80,80,834,2.5,4.1,1.2,0.0,0.0,27,0.0,0.0,0.0,0.0,0.0,0.0,0.0,1.0
17182,0,1,3400,-80,80,834,2.5,4.1,1.2,0.0,0.0,27,0.0,0.0,0.0,0.0,0.0,0.0,0.0,1.0
17431,0,1,3400,-80,80,834,2.5,4.1,1.2,0.0,0.0,27,0.0,0.0,0.0,0.0,0.0,0.0,0.0,1.0
17680,0,1,3400,-80,80,834,2.5,4.1,1.2,0.0,0.0,27,0.0,0.0,0.0,0.0,0.0,0.0,0.0,1.0
17929,0,1,3400,-80,80,834,2.5,4.1,1.2,0.0,0.0,27,0.0,0.0,0.0,0.0,0.0,0.0,0.0,1.0
18178,0,1,3400,-80,80,834,2.5,4.1,1.2,0.0,0.0,27,0.0,0.0,0.0,0.0,0.0,0.0,0.0,1.0
18427,0,1,3400,-80,80,834,2.5,4.1,1.2,0.0,0.0,27,0.0,0.0,0.0,0.0,0.0,0.0,0.0,1.0
18676,0,1,3400,-80,80,834,2.5,4.1,1.2,0.0,0.0,27,0.0,0.0,0.0,0.0,0.0,0.0,0.0,1.0
18925,0,1,3400,-80,80,834,2.5,4.1,1.2,0.0,0.0,27,0.0,0.0,0.0,0.0,0.0,0.0,0.0,1.0
19175,0,1,3400,-80,80,834,2.5,4.1,1.2,0.0,0.0,27,0.0,0.0,0.0,0.0,0.0,0.0,0.0,1.0
19424,0,1,3400,-80,80,834,2.5,4.1,1.2,0.0,0.0,27,0.0,0.0,0.0,0.0,0.0,0.0,0.0,1.0
19673,0,1,3400,-74,74,121,1.7,9.4,1.0,576,0,27,0.0,0.0,0.0,0.0,0.0,0.0,0.0,1.0
19922,0,1,3400,-74,74,116,1.5,9.3,1.0,0.0,0.0,27,0.0,0.0,0.0,0.0,0.0,0.0,0.0,1.0
20171,0,1,3400,-74,74,108,1.5,9.3,0.99,0.0,0.0,27,0.0,0.0,0.0,0.0,0.0,0.0,0.0,1.0
20420,0,1,3400,-74,74,106,1.5,9.4,1.0,0.0,0.0,27,0.0,0.0,0.0,0.0,0.0,0.0,0.0,1.0
20669,0,1,3400,-74,74,109,1.5,9.5,1.0,0.0,0.0,27,0.0,0.0,0.0,0.0,0.0,0.0,0.0,1.0
20918,0,1,3400,-74,74,113,3.3,9.4,1.5,0.0,100.000000,27,0.0,0.0,0.0,0.0,0.0,0.0,0.0,1.0
21167,0,1,3400,-74,74,116,7.5,9.4,2.7,0.0,0.0,27,0.0,0.0,0.0,0.0,0.0,0.0,0.0,1.0
21416,0,1,3400,-74,74,121,7.5,9.2,2.8,0.0,0.0,27,0.0,0.0,0.0,0.0,0.0,0.0,0.0,1.0
21665,0,1,3400,-74,74,125,7.5,9.1,2.8,0.0,0.0,27,0.0,0.0,0.0,0.0,0.0,0.0,0.0,1.0
21914,0,1,3400,-74,74,118,7.5,8.9,2.8,0.0,0.0,27,0.0,0.0,0.0,0.0,0.0,0.0,0.0,1.0
22163,0,1,3400,-75,75,122,7.5,8.6,2.8,0.0,0.0,27,0.0,0.0,0.0,0.0,0.0,0.0,0.0,1.0
22412,0,1,3400,-75,75,121,7.5,8.7,2.8,0.0,0.0,27,0.0,0.0,0.0,0.0,0.0,0.0,0.0,1.0
22661,0,1,3400,-74,74,114,7.5,8.8,2.8,0.0,0.0,27,0.0,0.0,0.0,0.0,0.0,0.0,0.0,1.0
22910,0,1,3400,-74,74,118,7.5,9.0,2.8,0.0,0.0,27,0.0,0.0,0.0,0.0,0.0,0.0,0.0,1.0
23159,0,1,3400,-74,74,120,7.5,9.1,2.8,0.0,0.0,27,0.0,0.0,0.0,0.0,0.0,0.0,0.0,1.0
23408,0,1,3400,-74,74,118,7.5,9.3,2.7,0.0,0.0,27,0.0,0.0,0.0,0.0,0.0,0.0,0.0,1.0
23657,0,1,3400,-74,74,117,7.5,9.0,2.8,0.0,0.0,27,0.0,0.0,0.0,0.0,0.0,0.0,0.0,1.0
23906,0,1,3400,-74,74,119,7.5,9.2,2.8,0.0,0.0,27,0.0,0.0,0.0,0.0,0.0,0.0,0.0,1.0
24155,0,1,3400,-74,74,117,7.4,9.1,2.7,0.0,0.0,27,0.0,0.0,0.0,0.0,0.0,0.0,0.0,1.0
24404,0,1,3400,-74,74,110,7.5,9.3,2.7,0.0,0.0,27,0.0,0.0,0.0,0.0,0.0,0.0,0.0,1.0
24653,0,1,3400,-74,74,107,7.5,9.3,2.7,0.0,0.0,27,0.0,0.0,0.0,0.0,0.0,0.0,0.0,1.0
24902,0,1,3400,-74,74,100,7.5,9.1,2.8,0.0,0.0,27,0.0,0.0,0.0,0.0,0.0,0.0,0.0,1.0
25151,0,1,3400,-74,74,103,7.5,9.2,2.8,0.0,0.0,27,0.0,0.0,0.0,0.0,0.0,0.0,0.0,1.0
25400,0,1,3400,-74,74,106,7.5,9.2,2.7,0.0,0.0,27,0.0,0.0,0.0,0.0,0.0,0.0,0.0,1.0
25649,0,1,3400,-74,74,113,7.5,8.7,2.8,0.0,0.0,27,0.0,0.0,0.0,0.0,0.0,0.0,0.0,1.0
25898,0,1,3400,-74,74,111,7.5,8.8,2.8,0.0,0.0,27,0.0,0.0,0.0,0.0,0.0,0.0,0.0,1.0
26147,0,1,3400,-74,74,120,7.5,9.1,2.8,0.0,0.0,27,0.0,0.0,0.0,0.0,0.0,0.0,0.0,1.0
26396,0,1,3400,-74,74,121,7.5,8.9,2.8,0.0,0.0,27,0.0,0.0,0.0,0.0,0.0,0.0,0.0,1.0
26645,0,1,3400,-74,74,117,7.4,8.8,2.7,0.0,0.0,27,0.0,0.0,0.0,0.0,0.0,0.0,0.0,1.0
26894,0,1,3400,-74,74,116,7.5,8.6,2.8,0.0,0.0,27,0.0,0.0,0.0,0.0,0.0,0.0,0.0,1.0
27143,0,1,3400,-74,74,112,7.5,8.9,2.8,0.0,0.0,27,0.0,0.0,0.0,0.0,0.0,0.0,0.0,1.0
27392,0,1,3400,-74,74,107,7.5,8.9,2.8,0.0,0.0,27,0.0,0.0,0.0,0.0,0.0,0.0,0.0,1.0
27641,0,1,3400,-74,74,108,7.4,9.1,2.7,0.0,0.0,27,0.0,0.0,0.0,0.0,0.0,0.0,0.0,1.0
27890,0,1,3400,-74,74,107,7.5,9.0,2.7,0.0,0.0,27,0.0,0.0,0.0,0.0,0.0,0.0,0.0,1.0
28139,0,1,3400,-74,74,107,7.5,9.0,2.8,0.0,0.0,27,0.0,0.0,0.0,0.0,0.0,0.0,0.0,1.0
28388,0,1,3400,-74,74,108,7.5,9.1,2.7,0.0,0.0,27,0.0,0.0,0.0,0.0,0.0,0.0,0.0,1.0
28637,0,1,3400,-74,74,112,7.5,8.9,2.8,0.0,0.0,27,0.0,0.0,0.0,0.0,0.0,0.0,0.0,1.0
28886,0,1,3400,-74,74,115,7.5,8.5,2.8,0.0,0.0,27,0.0,0.0,0.0,0.0,0.0,0.0,0.0,1.0
29135,0,1,3400,-74,74,116,7.5,8.5,2.7,0.0,0.0,27,0.0,0.0,0.0,0.0,0.0,0.0,0.0,1.0
29384,0,1,3400,-74,74,117,7.5,8.5,2.8,0.0,0.0,27,0.0,0.0,0.0,0.0,0.0,0.0,0.0,1.0
29633,0,1,3400,-74,74,114,7.4,8.7,2.7,0.0,0.0,27,0.0,0.0,0.0,0.0,0.0,0.0,0.0,1.0
29882,0,1,3400,-74,74,114,7.5,8.9,2.8,0.0,0.0,27,0.0,0.0,0.0,0.0,0.0,0.0,0.0,1.0
30131,0,1,3400,-74,74,112,6.5,9.2,2.8,0.0,100.000000,27,0.0,0.0,0.0,0.0,0.0,0.0,0.0,1.0
30380,0,1,3400,-74,74,118,6.5,9.2,2.7,0.0,0.0,27,0.0,0.0,0.0,0.0,0.0,0.0,0.0,1.0
30629,0,1,3400,-74,74,111,6.5,9.1,2.8,0.0,0.0,27,0.0,0.0,0.0,0.0,0.0,0.0,0.0,1.0
30878,0,1,3400,-74,74,109,6.5,9.3,2.8,0.0,0.0,27,0.0,0.0,0.0,0.0,0.0,0.0,0.0,1.0
31127,0,1,3400,-74,74,115,6.5,9.3,2.8,0.0,0.0,27,0.0,0.0,0.0,0.0,0.0,0.0,0.0,1.0
31376,0,1,3400,-74,74,113,6.5,8.9,2.8,0.0,0.0,27,0.0,0.0,0.0,0.0,0.0,0.0,0.0,1.0
31625,0,1,3400,-74,74,111,6.5,8.9,2.8,0.0,0.0,27,0.0,0.0,0.0,0.0,0.0,0.0,0.0,1.0
31874,0,1,3400,-74,74,108,6.5,8.4,2.8,0.0,0.0,27,0.0,0.0,0.0,0.0,0.0,0.0,0.0,1.0
32123,0,1,3400,-74,74,102,6.5,8.4,2.8,0.0,0.0,27,0.0,0.0,0.0,0.0,0.0,0.0,0.0,1.0
32372,0,1,3400,-75,75,110,6.5,8.2,2.7,0.0,0.0,27,0.0,0.0,0.0,0.0,0.0,0.0,0.0,1.0
32621,0,1,3400,-74,74,105,6.5,8.1,2.7,0.0,0.0,27,0.0,0.0,0.0,0.0,0.0,0.0,0.0,1.0
32870,0,1,3400,-75,75,109,6.5,8.1,2.7,0.0,0.0,27,0.0,0.0,0.0,0.0,0.0,0.0,0.0,1.0
33119,0,1,3400,-75,75,107,6.5,8.2,2.7,0.0,0.0,27,0.0,0.0,0.0,0.0,0.0,0.0,0.0,1.0
33368,0,1,3400,-75,75,109,6.5,8.1,2.7,0.0,0.0,27,0.0,0.0,0.0,0.0,0.0,0.0,0.0,1.0
33617,0,1,3400,-75,75,111,6.5,8.1,2.8,0.0,0.0,27,0.0,0.0,0.0,0.0,0.0,0.0,0.0,1.0
33866,0,1,3400,-75,75,121,6.5,8.0,2.8,0.0,0.0,27,0.0,33,0.0,0.0,0.0,0.0,0.0,1.0
34115,0,1,3400,-75,75,120,6.5,8.0,2.7,0.0,0.0,27,0.0,33,0.0,0.0,0.0,0.0,0.0,1.0
34364,0,1,3400,-75,75,110,6.5,8.0,2.8,0.0,0.0,27,0.0,33,0.0,0.0,0.0,0.0,0.0,1.0
34613,0,1,3400,-75,75,121,6.5,7.9,2.8,0.0,0.0,27,0.0,33,0.0,0.0,0.0,0.0,0.0,1.0
34862,0,1,3400,-75,75,115,6.5,7.9,2.8,0.0,0.0,27,0.0,33,0.0,0.0,0.0,0.0,0.0,1.0
35111,0,1,3400,-74,74,109,6.5,7.8,2.7,0.0,0.0,27,0.0,33,0.0,0.0,0.0,0.0,0.0,1.0
35360,0,1,3400,-75,75,108,6.5,7.8,2.7,0.0,0.0,27,0.0,33,0.0,0.0,0.0,0.0,0.0,1.0
35609,0,1,3400,-75,75,106,6.4,7.7,2.7,0.0,0.0,27,0.0,33,0.0,0.0,0.0,0.0,0.0,1.0
35858,0,1,3400,-75,75,106,6.5,7.7,2.7,0.0,0.0,27,0.0,33,0.0,0.0,0.0,0.0,0.0,1.0
36107,0,1,3400,-75,75,107,6.5,7.8,2.7,0.0,0.0,27,0.0,33,0.0,0.0,0.0,0.0,0.0,1.0
36356,0,1,3400,-74,74,115,3.3,7.6,1.6,0.0,0.0,27,0.70,0.0,2848.000000,0,0.0,0.0,0.0,1.0
36605,0,1,3400,-75,75,116,1.00,7.7,0.50,0.0,0.0,27,0.072,31,672,0,0.0,0.0,0.0,1.0
36854,0,1,3400,-75,75,116,0.99,7.8,0.50,0.0,0.0,27,0.0,31,672,0,0.0,0.0,0.0,1.0
37103,0,1,3400,-74,74,122,0.99,7.6,0.50,0.0,0.0,27,0.0,31,448,0,0.0,0.0,0.0,1.0
37352,0,1,3400,-75,75,118,1.0,7.6,0.50,0.0,0.0,0.0,0.0,31,448,0,0.0,0.0,0.0,1.0
37601,0,1,3400,-75,75,120,1.0,7.5,0.50,0.0,0.0,27,0.0,31,0.0,0.0,0.0,0.0,0.0,1.0
37850,0,1,3400,-75,75,119,1.0,7.3,0.50,0.0,0.0,27,0.0,31,0.0,0.0,0.0,0.0,0.0,1.0
38099,0,1,3400,-75,75,111,1.0,7.0,0.50,0.0,0.0,27,0.0,31,0.0,0.0,0.0,0.0,0.0,1.0
38348,0,1,3400,-75,75,113,1.0,7.2,0.50,0.0,0.0,27,0.0,31,0.0,0.0,0.0,0.0,0.0,1.0
38597,0,1,3400,-75,75,114,1.0,7.4,0.50,0.0,0.0,27,0.0,31,0.0,0.0,0.0,0.0,0.0,1.0
38846,0,1,3400,-75,75,117,0.99,7.6,0.50,0.0,0.0,27,0.0,31,0.0,0.0,0.0,0.0,0.0,1.0
39095,0,1,3400,-75,75,118,1.00,7.8,0.50,0.0,0.0,27,0.0,31,0.0,0.0,0.0,0.0,0.0,1.0
39344,0,1,3400,-74,74,115,0.72,7.9,0.36,0.0,0.0,27,0.0,0.0,0.0,0.0,0.0,0.0,0.0,0.0
39593,0,1,3400,-74,74,106,0.0,8.2,0.0,0.0,0.0,0.0,0.0,0.0,0.0,0.0,0.0,0.0,0.0,0.0
39842,0,1,3400,-74,74,104,0.0,8.2,0.0,0.0,0.0,0.0,0.0,0.0,0.0,0.0,0.0,0.0,0.0,0.0
40091,0,1,3400,-74,74,106,5.5,8.5,1.2,0.0,0.0,0.0,0.0,0.0,0.0,0.0,0.0,0.0,0.0,0.0
40340,0,1,3400,-74,74,115,9.5,8.8,2.0,0.0,0.0,0.0,0.0,0.0,0.0,0.0,0.0,0.0,0.0,0.0
40589,0,1,3400,-74,74,116,9.5,8.8,2.0,0.0,0.0,0.0,0.0,0.0,0.0,0.0,0.0,0.0,0.0,0.0
40838,0,1,3400,-74,74,117,9.5,8.9,2.0,0.0,0.0,0.0,0.0,0.0,0.0,0.0,0.0,0.0,0.0,0.0
41087,0,1,3400,-74,74,118,9.5,8.8,2.0,0.0,0.0,0.0,0.0,0.0,0.0,0.0,0.0,0.0,0.0,0.0
41336,0,1,3400,-74,74,108,9.5,8.9,2.0,0.0,0.0,0.0,0.0,0.0,0.0,0.0,0.0,0.0,0.0,0.0
41585,0,1,3400,-74,74,104,9.5,8.6,2.0,0.0,0.0,0.0,0.0,0.0,0.0,0.0,0.0,0.0,0.0,0.0
41834,0,1,3400,-74,74,110,9.5,8.3,2.0,0.0,0.0,0.0,0.0,0.0,0.0,0.0,0.0,0.0,0.0,0.0
42083,0,1,3400,-74,74,113,9.5,8.3,2.0,0.0,0.0,0.0,0.0,0.0,0.0,0.0,0.0,0.0,0.0,0.0
42332,0,1,3400,-75,75,117,9.5,8.3,2.0,0.0,0.0,0.0,0.0,0.0,0.0,0.0,0.0,0.0,0.0,0.0
42581,0,1,3400,-75,75,115,9.5,8.2,2.0,0.0,0.0,0.0,0.0,0.0,0.0,0.0,0.0,0.0,0.0,0.0
42830,0,1,3400,-75,75,111,9.5,8.1,2.0,0.0,0.0,0.0,0.0,0.0,0.0,0.0,0.0,0.0,0.0,0.0
43079,0,1,3400,-75,75,109,9.5,7.8,2.0,0.0,0.0,0.0,0.0,0.0,0.0,0.0,0.0,0.0,0.0,0.0
43328,0,1,3400,-75,75,109,9.5,7.8,2.0,0.0,0.0,0.0,0.0,0.0,0.0,0.0,0.0,0.0,0.0,0.0
43577,0,1,3400,-75,75,112,9.5,8.2,2.0,0.0,0.0,0.0,0.0,0.0,0.0,0.0,0.0,0.0,0.0,0.0
43826,0,1,3400,-75,75,115,9.5,8.3,2.0,0.0,0.0,0.0,0.0,0.0,0.0,0.0,0.0,0.0,0.0,0.0
44075,0,1,3400,-75,75,117,9.5,8.4,2.0,0.0,0.0,0.0,0.0,0.0,0.0,0.0,0.0,0.0,0.0,0.0
44324,0,1,3400,-75,75,117,9.5,8.3,2.0,0.0,0.0,0.0,0.0,0.0,0.0,0.0,0.0,0.0,0.0,0.0
44573,0,1,3400,-75,75,121,9.5,8.4,2.0,0.0,0.0,0.0,0.0,0.0,0.0,0.0,0.0,0.0,0.0,0.0
44822,0,1,3400,-75,75,120,9.5,8.7,2.0,0.0,0.0,0.0,0.0,0.0,0.0,0.0,0.0,0.0,0.0,0.0
45071,0,1,3400,-75,75,116,9.5,8.7,2.0,0.0,0.0,0.0,0.0,0.0,0.0,0.0,0.0,0.0,0.0,0.0
45320,0,1,3400,-75,75,118,9.5,8.8,2.0,0.0,0.0,0.0,0.0,0.0,0.0,0.0,0.0,0.0,0.0,0.0
45569,0,1,3400,-75,75,125,9.5,8.8,2.0,0.0,0.0,0.0,0.0,0.0,0.0,0.0,0.0,0.0,0.0,0.0
45818,0,1,3400,-75,75,121,9.5,8.7,2.0,0.0,0.0,0.0,0.0,0.0,0.0,0.0,0.0,0.0,0.0,0.0
46067,0,1,3400,-75,75,117,9.5,8.6,2.0,0.0,0.0,0.0,0.0,0.0,0.0,0.0,0.0,0.0,0.0,0.0
46316,0,1,3400,-75,75,121,9.5,8.5,2.0,0.0,0.0,0.0,0.0,0.0,0.0,0.0,0.0,0.0,0.0,0.0
46565,0,1,3400,-75,75,125,9.5,8.6,2.0,0.0,0.0,0.0,0.0,0.0,0.0,0.0,0.0,0.0,0.0,0.0
46814,0,1,3400,-75,75,124,9.5,8.8,2.0,0.0,0.0,0.0,0.0,0.0,0.0,0.0,0.0,0.0,0.0,0.0
47063,0,1,3400,-75,75,117,9.5,8.9,2.0,0.0,0.0,0.0,0.0,0.0,0.0,0.0,0.0,0.0,0.0,0.0
47312,0,1,3400,-75,75,117,9.5,8.8,2.0,0.0,0.0,0.0,0.0,0.0,0.0,0.0,0.0,0.0,0.0,0.0
47561,0,1,3400,-75,75,108,9.5,8.8,2.0,0.0,0.0,0.0,0.0,0.0,0.0,0.0,0.0,0.0,0.0,0.0
47810,0,1,3400,-75,75,106,9.5,8.3,2.0,0.0,0.0,0.0,0.0,0.0,0.0,0.0,0.0,0.0,0.0,0.0
48059,0,1,3400,-75,75,110,9.5,8.1,2.0,0.0,0.0,0.0,0.0,0.0,0.0,0.0,0.0,0.0,0.0,0.0
48308,0,1,3400,-76,76,108,9.5,7.6,2.0,0.0,0.0,0.0,0.0,0.0,0.0,0.0,0.0,0.0,0.0,0.0
48557,0,1,3400,-76,76,112,9.5,7.9,2.0,0.0,0.0,0.0,0.0,0.0,0.0,0.0,0.0,0.0,0.0,0.0
48806,0,1,3400,-76,76,113,9.5,7.9,2.0,0.0,0.0,0.0,0.0,0.0,0.0,0.0,0.0,0.0,0.0,0.0
49055,0,1,3400,-76,76,113,9.5,7.7,2.0,0.0,0.0,0.0,0.0,0.0,0.0,0.0,0.0,0.0,0.0,0.0
49304,0,1,3400,-76,76,114,9.5,7.3,2.0,0.0,0.0,0.0,0.0,0.0,0.0,0.0,0.0,0.0,0.0,0.0
49553,0,1,3400,-76,76,112,9.5,7.2,2.0,0.0,0.0,0.0,0.0,0.0,0.0,0.0,0.0,0.0,0.0,0.0
49802,0,1,3400,-76,76,111,9.5,7.4,2.0,0.0,0.0,0.0,0.0,0.0,0.0,0.0,0.0,0.0,0.0,0.0
50051,0,1,3400,-76,76,110,9.5,7.5,2.0,0.0,0.0,0.0,0.0,0.0,0.0,0.0,0.0,0.0,0.0,0.0
50300,0,1,3400,-76,76,113,9.5,7.3,2.0,0.0,0.0,0.0,0.0,0.0,0.0,0.0,0.0,0.0,0.0,0.0
50549,0,1,3400,-77,77,120,9.5,7.2,2.0,0.0,0.0,0.0,0.0,0.0,0.0,0.0,0.0,0.0,0.0,0.0
50798,0,1,3400,-77,77,122,9.5,7.3,2.0,0.0,0.0,0.0,0.0,0.0,0.0,0.0,0.0,0.0,0.0,0.0
51047,0,1,3400,-77,77,116,9.5,6.8,2.0,0.0,0.0,0.0,0.0,0.0,0.0,0.0,0.0,0.0,0.0,0.0
51296,0,1,3400,-77,77,111,9.5,7.0,2.0,0.0,0.0,0.0,0.0,0.0,0.0,0.0,0.0,0.0,0.0,0.0
51545,0,1,3400,-77,77,100,9.5,6.7,2.0,0.0,0.0,0.0,0.0,0.0,0.0,0.0,0.0,0.0,0.0,0.0
51794,0,1,3400,-77,77,101,9.5,6.7,2.0,0.0,0.0,0.0,0.0,0.0,0.0,0.0,0.0,0.0,0.0,0.0
52043,0,1,3400,-77,77,108,9.5,6.7,2.0,0.0,0.0,0.0,0.0,0.0,0.0,0.0,0.0,0.0,0.0,0.0
52292,0,1,3400,-77,77,114,9.5,7.1,2.0,0.0,0.0,0.0,0.0,0.0,0.0,0.0,0.0,0.0,0.0,0.0
52541,0,1,3400,-77,77,111,9.5,7.2,2.0,0.0,0.0,0.0,0.0,0.0,0.0,0.0,0.0,0.0,0.0,0.0
52790,0,1,3400,-77,77,109,9.5,7.4,2.0,0.0,0.0,0.0,0.0,0.0,0.0,0.0,0.0,0.0,0.0,0.0
53039,0,1,3400,-77,77,111,9.5,7.9,2.0,0.0,0.0,0.0,0.0,0.0,0.0,0.0,0.0,0.0,0.0,0.0
53288,0,1,3400,-76,76,114,9.5,8.0,2.0,0.0,0.0,0.0,0.0,0.0,0.0,0.0,0.0,0.0,0.0,0.0
53537,0,1,3400,-76,76,116,9.5,7.9,2.0,0.0,0.0,0.0,0.0,0.0,0.0,0.0,0.0,0.0,0.0,0.0
53786,0,1,3400,-76,76,116,9.5,8.3,2.0,0.0,0.0,0.0,0.0,0.0,0.0,0.0,0.0,0.0,0.0,0.0
54035,0,1,3400,-76,76,117,9.5,8.3,2.0,0.0,0.0,0.0,0.0,0.0,0.0,0.0,0.0,0.0,0.0,0.0
54284,0,1,3400,-76,76,117,9.5,8.3,2.0,0.0,0.0,0.0,0.0,0.0,0.0,0.0,0.0,0.0,0.0,0.0
54533,0,1,3400,-76,76,111,9.5,8.2,2.0,0.0,0.0,0.0,0.0,0.0,0.0,0.0,0.0,0.0,0.0,0.0
54782,0,1,3400,-76,76,112,9.5,8.3,2.0,0.0,0.0,0.0,0.0,0.0,0.0,0.0,0.0,0.0,0.0,0.0
55031,0,1,3400,-76,76,113,9.5,8.5,2.0,0.0,0.0,0.0,0.0,0.0,0.0,0.0,0.0,0.0,0.0,0.0
55280,0,1,3400,-76,76,118,9.5,8.4,2.0,0.0,0.0,0.0,0.0,0.0,0.0,0.0,0.0,0.0,0.0,0.0
55529,0,1,3400,-75,75,114,9.5,8.6,2.0,0.0,0.0,0.0,0.0,0.0,0.0,0.0,0.0,0.0,0.0,0.0
55778,0,1,3400,-75,75,113,9.5,9.1,2.0,0.0,0.0,0.0,0.0,0.0,0.0,0.0,0.0,0.0,0.0,0.0
56027,0,1,3400,-75,75,114,9.5,9.3,2.0,0.0,0.0,0.0,0.0,0.0,0.0,0.0,0.0,0.0,0.0,0.0
56276,0,1,3400,-75,75,116,9.5,9.7,2.0,0.0,0.0,0.0,0.0,0.0,0.0,0.0,0.0,0.0,0.0,0.0
56525,0,1,3400,-75,75,116,9.5,9.1,2.0,0.0,0.0,0.0,0.0,0.0,0.0,0.0,0.0,0.0,0.0,0.0
56774,0,1,3400,-75,75,106,9.5,9.3,2.0,0.0,0.0,0.0,0.0,0.0,0.0,0.0,0.0,0.0,0.0,0.0
57023,0,1,3400,-75,75,106,9.5,9.5,2.0,0.0,0.0,0.0,0.0,0.0,0.0,0.0,0.0,0.0,0.0,0.0
57272,0,1,3400,-75,75,112,9.5,9.4,2.0,0.0,0.0,0.0,0.0,0.0,0.0,0.0,0.0,0.0,0.0,0.0
57521,0,1,3400,-74,74,119,9.5,9.8,2.0,0.0,0.0,0.0,0.0,0.0,0.0,0.0,0.0,0.0,0.0,0.0
57770,0,1,3400,-74,74,120,9.5,10,2.0,0.0,0.0,0.0,0.0,0.0,0.0,0.0,0.0,0.0,0.0,0.0
58019,0,1,3400,-74,74,124,9.5,10,2.0,0.0,0.0,0.0,0.0,0.0,0.0,0.0,0.0,0.0,0.0,0.0
58268,0,1,3400,-74,74,121,9.5,11,2.0,0.0,0.0,0.0,0.0,0.0,0.0,0.0,0.0,0.0,0.0,0.0
58517,0,1,3400,-74,74,118,9.5,11,2.0,0.0,0.0,0.0,0.0,0.0,0.0,0.0,0.0,0.0,0.0,0.0
58766,0,1,3400,-73,73,113,6.5,11,1.3,2336.000000,0,0.0,0.0,33,224,0,0.0,1.0,1.0,1.0
59015,0,1,3400,-73,73,111,2.5,12,0.50,0.0,0.0,27,0.0,33,0.0,0.0,0.0,0.0,0.0,1.0
59264,0,1,3400,-73,73,112,3.2,11,0.50,4992.000000,0,27,8.5,0.0,90016.000000,5,0.0,0.0,0.0,1.0
59513,0,1,3400,-73,73,117,4.2,11,0.52,12480.000000,0,27,13,0.0,55712.000000,0,0.0,0.0,0.0,1.0
59762,0,1,3400,-73,73,123,13,12,2.0,15712.000000,29,27,15,0.0,228064.000000,0,0.0,0.0,0.0,1.0
60011,0,1,3400,-73,73,119,5.4,11,0.50,50624.000000,0,27,14,0.0,46976.000000,0,0.0,0.0,0.0,1.0
60260,0,1,3400,-73,73,105,6.7,11,0.62,33952.000000,0,27,13,0.0,0.0,0.0,0.0,0.0,0.0,1.0
60509,0,1,3400,-73,73,103,3.8,11,0.51,49344.000000,0,27,14,186,0.0,0.0,0.0,0.0,0.0,1.0
60758,0,1,3400,-74,74,111,6.6,11,0.91,32800.000000,8,27,13,0.0,21952.000000,0,0.0,0.0,0.0,1.0
61007,0,1,3400,-74,74,111,4.9,11,0.50,61216.000000,0,27,13,0.0,0.0,0.0,0.0,0.0,0.0,1.0
61256,0,1,3400,-74,74,112,4.8,11,0.50,28640.000000,0,27,13,0.0,0.0,0.0,0.0,0.0,0.0,1.0
61505,0,1,3400,-74,74,110,4.7,11,0.50,17024.000000,0,27,13,0.0,0.0,0.0,0.0,0.0,0.0,1.0
61754,0,1,3400,-74,74,113,4.6,11,0.50,11072.000000,0,27,13,0.0,23488.000000,0,0.0,0.0,0.0,1.0
62003,0,1,3400,-74,74,115,4.6,11,0.50,61440.000000,0,27,14,0.0,0.0,0.0,0.0,0.0,0.0,1.0
62252,0,1,3400,-74,74,108,10,11,1.7,44352.000000,6,27,14,0.0,0.0,0.0,0.0,0.0,0.0,1.0
62501,0,1,3400,-74,74,111,4.9,11,0.50,39360.000000,0,27,13,0.0,0.0,0.0,0.0,0.0,0.0,1.0
62750,0,1,3400,-74,74,110,4.4,11,0.50,37088.000000,0,27,14,0.0,23488.000000,0,0.0,0.0,0.0,1.0
62999,0,1,3400,-74,74,116,4.7,11,0.50,46592.000000,0,27,13,0.0,0.0,0.0,0.0,0.0,0.0,1.0
63248,0,1,3400,-74,74,117,4.3,10,0.50,44384.000000,0,27,13,0.0,0.0,0.0,0.0,0.0,0.0,1.0
63497,0,1,3400,-74,74,121,4.2,11,0.50,52480.000000,0,27,13,186,0.0,0.0,0.0,0.0,0.0,1.0
63746,0,1,3400,-74,74,116,5.9,11,0.74,33824.000000,0,27,13,0.0,23488.000000,0,0.0,0.0,0.0,1.0
63995,0,1,3400,-74,74,103,3.8,11,0.50,28608.000000,0,27,13,0.0,0.0,0.0,0.0,0.0,0.0,1.0
64244,0,1,3400,-74,74,101,3.8,11,0.50,35808.000000,0,27,11,0.0,0.0,80,0.0,0.0,0.0,1.0
64493,0,1,3400,-74,74,103,4.5,10,0.50,34688.000000,0,27,9.5,186,0.0,0.0,0.0,0.0,0.0,1.0
64742,0,1,3400,-75,75,110,5.1,10.0,0.50,21152.000000,0,27,7.9,0.0,53600.000000,0,0.0,0.0,0.0,1.0
64991,0,1,3400,-75,75,116,3.0,9.9,0.50,47360.000000,0,27,8.0,0.0,0.0,0.0,0.0,0.0,0.0,1.0
65240,0,1,3400,-75,75,120,3.9,9.8,0.50,40736.000000,0,27,8.0,0.0,0.0,0.0,0.0,0.0,0.0,1.0
65489,0,1,3400,-75,75,118,3.8,9.4,0.50,17536.000000,0,27,8.0,0.0,0.0,0.0,0.0,0.0,0.0,1.0
65738,0,1,3400,-75,75,115,2.4,9.5,0.50,40896.000000,0,27,11,0.0,21952.000000,0,0.0,0.0,0.0,1.0
65987,0,1,3400,-76,76,115,7.6,9.2,1.5,42400.000000,4,27,13,0.0,0.0,0.0,0.0,0.0,0.0,1.0
66236,0,1,3400,-76,76,106,3.6,9.1,0.50,52480.000000,0,27,13,0.0,0.0,0.0,0.0,0.0,0.0,1.0
66485,0,1,3400,-76,76,106,2.6,9.0,0.50,34176.000000,0,27,13,0.0,0.0,0.0,0.0,0.0,0.0,1.0
66734,0,1,3400,-76,76,112,3.0,9.1,0.50,20544.000000,0,27,13,0.0,39008.000000,0,0.0,0.0,0.0,1.0
66983,0,1,3400,-76,76,110,2.7,9.2,0.50,43744.000000,0,27,14,0.0,0.0,0.0,0.0,0.0,0.0,1.0
67232,0,1,3400,-76,76,112,5.7,9.2,1.1,29312.000000,11,27,13,0.0,0.0,0.0,0.0,0.0,0.0,1.0
67481,0,1,3400,-76,76,113,2.7,9.2,0.50,29120.000000,0,27,13,0.0,0.0,0.0,0.0,0.0,0.0,1.0
67730,0,1,3400,-76,76,118,3.6,8.9,0.50,24224.000000,0,27,12,0.0,23488.000000,0,0.0,0.0,0.0,1.0
67979,0,1,3400,-76,76,114,2.7,8.6,0.50,48000.000000,0,27,12,0.0,0.0,0.0,0.0,0.0,0.0,1.0
68228,0,1,3400,-77,77,120,3.4,8.5,0.50,69600.000000,0,27,12,0.0,0.0,0.0,0.0,0.0,0.0,1.0
68477,0,1,3400,-77,77,122,3.5,8.5,0.50,34912.000000,0,27,12,0.0,0.0,0.0,0.0,0.0,0.0,1.0
68726,0,1,3400,-77,77,120,5.9,8.8,1.1,47200.000000,4,27,12,0.0,23488.000000,0,0.0,0.0,0.0,1.0
68975,0,1,3400,-77,77,119,4.0,8.6,0.72,29472.000000,3,27,12,0.0,0.0,0.0,0.0,0.0,0.0,1.0
69224,0,1,3400,-77,77,118,4.8,8.8,0.74,35616.000000,5,27,12,0.0,0.0,0.0,0.0,0.0,0.0,1.0
69473,0,1,3400,-77,77,117,5.7,8.6,1.3,56544.000000,2,27,12,0.0,0.0,0.0,0.0,0.0,0.0,1.0
69722,0,1,3400,-77,77,115,8.7,8.9,1.8,29440.000000,8,27,12,0.0,0.0,80,0.0,0.0,0.0,1.0
69971,0,1,3400,-77,77,114,0.92,7.9,0.50,33504.000000,0,27,14,0.0,0.0,0.0,0.0,0.0,0.0,1.0
70220,0,1,3400,-77,77,120,1.2,7.6,0.50,53632.000000,0,27,14,0.0,0.0,0.0,0.0,0.0,0.0,1.0
70469,0,1,3400,-77,77,122,3.7,8.4,0.51,31872.000000,0,27,14,0.0,0.0,0.0,0.0,0.0,0.0,1.0
70718,0,1,3400,-77,77,123,4.8,8.1,0.93,52352.000000,4,27,14,0.0,94048.000000,0,0.0,0.0,0.0,1.0
70967,0,1,3400,-77,77,126,2.8,7.6,0.84,34656.000000,4,27,14,0.0,0.0,0.0,0.0,0.0,0.0,1.0
71216,0,1,3400,-78,78,129,2.0,7.9,0.50,57856.000000,0,27,14,0.0,0.0,0.0,0.0,0.0,0.0,1.0
71465,0,1,3400,-78,78,129,1.4,7.2,0.50,26336.000000,0,27,14,0.0,0.0,0.0,0.0,0.0,0.0,1.0
71714,0,1,3400,-78,78,128,2.3,7.4,0.50,44512.000000,0,27,13,0.0,18368.000000,0,0.0,0.0,0.0,1.0
71963,0,1,3400,-78,78,133,1.5,7.4,0.50,44992.000000,0,27,13,0.0,0.0,0.0,0.0,0.0,0.0,1.0
72212,0,1,3400,-78,78,125,3.4,7.3,1.1,27136.000000,6,27,13,0.0,0.0,0.0,0.0,0.0,0.0,1.0
72461,0,1,3400,-79,79,125,1.2,6.9,0.50,50016.000000,0,27,13,186,0.0,0.0,0.0,0.0,0.0,1.0
72710,0,1,3400,-79,79,121,0.79,6.9,0.50,66880.000000,0,27,12,0.0,23488.000000,0,0.0,0.0,0.0,1.0
72959,0,1,3400,-79,79,118,1.8,6.6,0.51,63264.000000,0,27,12,0.0,0.0,0.0,0.0,0.0,0.0,1.0
73208,0,1,3400,-79,79,116,0.78,6.5,0.50,43072.000000,0,27,12,0.0,0.0,0.0,0.0,0.0,0.0,1.0
73457,0,1,3400,-79,79,112,2.8,6.8,0.51,29888.000000,0,27,12,186,0.0,0.0,0.0,0.0,0.0,1.0
73706,0,1,3400,-79,79,119,1.3,7.2,0.50,54976.000000,0,27,12,0.0,15808.000000,0,0.0,0.0,0.0,1.0
73955,0,1,3400,-78,78,117,0.76,7.2,0.50,53216.000000,0,27,12,0.0,0.0,0.0,0.0,0.0,0.0,1.0
74204,0,1,3400,-78,78,121,6.1,7.2,1.7,23648.000000,45,27,12,0.0,0.0,0.0,0.0,0.0,0.0,1.0
74453,0,1,3400,-78,78,125,0.75,7.5,0.56,51072.000000,0,27,12,0.0,0.0,0.0,0.0,0.0,0.0,1.0
74702,0,1,3400,-78,78,118,1.1,7.2,0.50,51456.000000,0,27,11,0.0,22464.000000,0,0.0,0.0,0.0,1.0
74951,0,1,3400,-78,78,121,2.4,7.1,0.51,38432.000000,0,27,11,0.0,0.0,0.0,0.0,0.0,0.0,1.0
75200,0,1,3400,-78,78,126,0.90,7.2,0.50,60000.000000,0,27,11,0.0,0.0,0.0,0.0,0.0,0.0,1.0
75449,0,1,3400,-79,79,122,1.7,6.9,0.52,39136.000000,0,27,11,186,0.0,0.0,0.0,0.0,0.0,1.0
75698,0,1,3400,-79,79,124,13,6.6,2.8,11328.000000,36,27,12,0.0,18368.000000,0,0.0,0.0,0.0,1.0
75947,0,1,3400,-79,79,121,6.8,6.3,1.8,29760.000000,6,27,12,0.0,0.0,0.0,0.0,0.0,0.0,1.0
76196,0,1,3400,-79,79,124,1.1,6.2,0.55,26528.000000,2,27,12,0.0,0.0,0.0,0.0,0.0,0.0,1.0
76445,0,1,3400,-79,79,125,3.5,6.6,0.72,29760.000000,0,27,12,0.0,0.0,0.0,0.0,0.0,0.0,1.0
76694,0,1,3400,-79,79,120,3.2,6.9,0.63,43232.000000,0,27,11,0.0,22208.000000,0,0.0,0.0,0.0,1.0
76943,0,1,3400,-79,79,121,0.83,7.0,0.50,46496.000000,0,27,11,0.0,0.0,0.0,0.0,0.0,0.0,1.0
77192,0,1,3400,-79,79,121,1.4,6.8,0.53,65664.000000,0,27,11,0.0,0.0,0.0,0.0,0.0,0.0,1.0
77441,0,1,3400,-79,79,117,1.6,6.7,0.51,51072.000000,0,27,11,0.0,0.0,0.0,0.0,0.0,0.0,1.0
77690,0,1,3400,-79,79,120,0.83,6.2,0.51,66688.000000,0,27,12,0.0,18368.000000,20,0.0,0.0,0.0,1.0
77939,0,1,3400,-79,79,118,2.0,6.2,0.67,28800.000000,1,27,12,0.0,0.0,0.0,0.0,0.0,0.0,1.0
78188,0,1,3400,-79,79,125,13,6.8,2.1,17120.000000,12,27,12,0.0,0.0,0.0,0.0,0.0,0.0,1.0
78437,0,1,3400,-79,79,122,1.5,7.1,0.50,64256.000000,0,27,12,0.0,0.0,0.0,0.0,0.0,0.0,1.0
78686,0,1,3400,-79,79,123,1.6,6.7,0.53,73376.000000,0,27,10,0.0,16064.000000,0,0.0,0.0,0.0,1.0
78935,0,1,3400,-79,79,126,3.3,7.2,0.55,38912.000000,0,27,10.0,0.0,0.0,0.0,0.0,0.0,0.0,1.0
79184,0,1,3400,-79,79,125,2.8,6.2,0.52,47840.000000,0,27,9.9,0.0,0.0,0.0,0.0,0.0,0.0,1.0
79433,0,1,3400,-79,79,121,3.7,6.7,0.58,23136.000000,0,27,10,0.0,0.0,0.0,0.0,0.0,0.0,1.0
79682,0,1,3400,-79,79,121,3.8,7.6,0.68,25344.000000,0,27,9.8,0.0,9024.000000,0,0.0,0.0,0.0,1.0
79931,0,1,3400,-78,78,114,2.0,7.9,0.50,70368.000000,0,27,7.6,0.0,69408.000000,0,0.0,0.0,0.0,1.0
80180,0,1,3400,-78,78,111,1.7,8.0,0.50,46272.000000,0,27,7.7,0.0,0.0,0.0,0.0,0.0,0.0,1.0
80429,0,1,3400,-78,78,114,1.5,7.4,0.50,59552.000000,0,27,7.6,0.0,0.0,0.0,0.0,0.0,0.0,1.0
80678,0,1,3400,-78,78,129,0.54,7.8,0.50,52320.000000,0,27,11,0.0,33888.000000,0,0.0,0.0,0.0,1.0
80927,0,1,3400,-78,78,122,1.1,8.3,0.50,86688.000000,0,27,11,0.0,0.0,0.0,0.0,0.0,0.0,1.0
81176,0,1,3400,-78,78,113,3.3,8.7,0.85,40608.000000,3,27,11,0.0,0.0,0.0,0.0,0.0,0.0,1.0
81425,0,1,3400,-78,78,116,8.4,8.1,2.1,23520.000000,7,27,11,0.0,0.0,0.0,0.0,0.0,0.0,1.0
81674,0,1,3400,-77,77,119,3.1,7.8,0.62,53952.000000,1,27,11,0.0,16256.000000,0,0.0,0.0,0.0,1.0
81923,0,1,3400,-78,78,120,3.1,8.5,0.50,26784.000000,0,27,12,0.0,0.0,0.0,0.0,0.0,0.0,1.0
82172,0,1,3400,-78,78,123,2.8,8.4,0.51,65888.000000,0,27,12,0.0,0.0,0.0,0.0,0.0,0.0,1.0
82421,0,1,3400,-78,78,126,1.9,8.9,0.50,45984.000000,0,27,12,0.0,0.0,0.0,0.0,0.0,0.0,1.0
82670,0,1,3400,-78,78,132,1.3,8.4,0.50,51904.000000,0,27,12,0.0,23744.000000,0,0.0,0.0,0.0,1.0
82919,0,1,3400,-78,78,133,3.3,8.4,0.84,44320.000000,3,27,12,0.0,0.0,0.0,0.0,0.0,0.0,1.0
83168,0,1,3400,-78,78,118,1.8,8.6,0.50,41376.000000,0,27,12,0.0,0.0,0.0,0.0,0.0,0.0,1.0
83417,0,1,3400,-77,77,114,6.2,8.7,1.3,24960.000000,7,27,12,0.0,0.0,0.0,0.0,0.0,0.0,1.0
83666,0,1,3400,-77,77,116,4.8,9.2,0.64,46208.000000,0,27,13,0.0,23488.000000,20,0.0,0.0,0.0,1.0
83915,0,1,3400,-77,77,123,2.9,8.8,0.50,44768.000000,0,27,14,0.0,0.0,0.0,0.0,0.0,0.0,1.0
84164,0,1,3400,-77,77,126,3.4,9.1,0.50,49312.000000,0,27,14,0.0,0.0,0.0,0.0,0.0,0.0,1.0
84413,0,1,3400,-77,77,125,3.3,9.1,0.50,21088.000000,0,27,14,0.0,0.0,0.0,0.0,0.0,0.0,1.0
84662,0,1,3400,-77,77,113,16,9.4,3.4,11680.000000,35,27,14,0.0,0.0,0.0,0.0,0.0,0.0,1.0
84911,0,1,3400,-77,77,107,3.3,9.0,0.50,74368.000000,0,27,11,0.0,22720.000000,0,0.0,0.0,0.0,1.0
85160,0,1,3400,-77,77,112,3.1,8.8,0.50,37760.000000,0,27,11,0.0,0.0,0.0,0.0,0.0,0.0,1.0
85409,0,1,3400,-77,77,110,3.4,8.8,0.50,48640.000000,0,27,11,0.0,0.0,0.0,0.0,0.0,0.0,1.0
85658,0,1,3400,-77,77,113,4.2,8.4,0.69,70624.000000,2,27,9.8,0.0,19136.000000,0,0.0,0.0,0.0,1.0
85907,0,1,3400,-77,77,117,12,8.2,2.4,30368.000000,15,27,9.5,0.0,0.0,0.0,0.0,0.0,0.0,1.0
86156,0,1,3400,-78,78,117,14,8.6,3.7,704,90,27,9.5,0.0,0.0,0.0,0.0,0.0,0.0,1.0
86405,0,1,3400,-78,78,120,11,8.6,3.2,12832.000000,42,27,9.5,0.0,0.0,0.0,0.0,0.0,0.0,1.0
86654,0,1,3400,-78,78,121,8.8,8.5,2.0,33696.000000,7,27,8.9,0.0,65632.000000,0,0.0,0.0,0.0,1.0
86903,0,1,3400,-78,78,125,3.0,8.3,0.69,54528.000000,0,27,9.1,0.0,0.0,0.0,0.0,0.0,0.0,1.0
87152,0,1,3400,-78,78,121,3.2,9.2,0.50,29216.000000,0,27,9.0,0.0,0.0,0.0,0.0,0.0,0.0,1.0
87401,0,1,3400,-78,78,119,2.6,8.5,0.61,43616.000000,1,27,9.1,0.0,0.0,0.0,0.0,0.0,0.0,1.0
87650,0,1,3400,-78,78,116,2.6,8.4,0.52,40000.000000,2,27,8.2,0.0,70624.000000,0,0.0,0.0,0.0,1.0
87899,0,1,3400,-78,78,112,1.6,8.8,0.50,49728.000000,0,27,8.1,0.0,0.0,0.0,0.0,0.0,0.0,1.0
88148,0,1,3400,-78,78,115,2.7,8.9,0.50,36608.000000,0,27,8.0,0.0,0.0,0.0,0.0,0.0,0.0,1.0
88397,0,1,3400,-78,78,117,13,8.5,2.9,10752.000000,37,27,8.0,186,0.0,0.0,0.0,0.0,0.0,1.0
88646,0,1,3400,-78,78,111,2.6,8.4,0.52,24800.000000,0,27,9.9,0.0,18624.000000,0,0.0,0.0,0.0,1.0
88895,0,1,3400,-78,78,114,2.2,8.3,0.50,33824.000000,0,27,10,0.0,0.0,0.0,0.0,0.0,0.0,1.0
89144,0,1,3400,-78,78,112,8.8,8.6,2.5,13472.000000,21,27,10,0.0,0.0,0.0,0.0,0.0,0.0,1.0
89393,0,1,3400,-78,78,118,2.3,8.3,0.51,60640.000000,0,27,10,186,0.0,0.0,0.0,0.0,0.0,1.0
89642,0,1,3400,-78,78,126,6.1,8.7,1.2,26336.000000,3,27,11,0.0,56000.000000,41,0.0,0.0,0.0,1.0
89891,0,1,3400,-78,78,122,4.2,8.4,0.91,31424.000000,7,27,12,0.0,0.0,0.0,0.0,0.0,0.0,1.0
90140,0,1,3400,-78,78,106,4.1,8.4,0.95,62592.000000,1,27,12,0.0,0.0,0.0,0.0,0.0,0.0,1.0
90389,0,1,3400,-78,78,106,13,8.4,3.0,8832.000000,29,27,12,0.0,0.0,0.0,0.0,0.0,0.0,1.0
90638,0,1,3400,-78,78,107,14,9.6,3.9,2624.000000,80,27,12,0.0,0.0,0.0,0.0,0.0,0.0,1.0
90887,0,1,3400,-78,78,109,8.9,8.8,2.2,29696.000000,0,27,12,0.0,86112.000000,11,0.0,0.0,0.0,1.0
91136,0,1,3400,-78,78,108,3.6,9.2,0.51,38080.000000,0,27,14,0.0,15520.000000,80,0.0,0.0,0.0,1.0
91385,0,1,3400,-77,77,109,4.5,9.6,0.51,20608.000000,0,27,14,186,0.0,0.0,0.0,0.0,0.0,1.0
91634,0,1,3400,-77,77,111,3.5,9.3,0.56,43648.000000,0,27,7.7,0.0,54560.000000,39,0.0,0.0,0.0,1.0
91883,0,1,3400,-77,77,117,2.3,9.7,0.51,35008.000000,0,27,7.2,0.0,0.0,0.0,0.0,0.0,0.0,1.0
92132,0,1,3400,-77,77,116,2.9,9.5,0.50,65568.000000,0,27,7.1,0.0,0.0,0.0,0.0,0.0,0.0,1.0
92381,0,1,3400,-77,77,120,3.9,9.5,0.51,52192.000000,0,27,7.0,186,0.0,0.0,0.0,0.0,0.0,1.0
92630,0,1,3400,-77,77,113,4.2,9.0,0.51,41760.000000,0,27,14,0.0,118016.000000,0,0.0,0.0,0.0,1.0
92879,0,1,3400,-78,78,111,4.2,9.3,0.52,34144.000000,0,27,16,0.0,0.0,0.0,0.0,0.0,0.0,1.0
93128,0,1,3400,-78,78,119,3.4,9.1,0.50,35936.000000,0,27,16,0.0,0.0,0.0,0.0,0.0,0.0,1.0
93377,0,1,3400,-78,78,120,3.7,8.4,0.50,40576.000000,0,27,16,0.0,0.0,0.0,0.0,0.0,0.0,1.0
93626,0,1,3400,-78,78,114,7.4,7.9,1.3,36608.000000,6,27,14,0.0,22464.000000,0,0.0,0.0,0.0,1.0
93875,0,1,3400,-78,78,113,7.3,8.2,1.6,14528.000000,15,27,12,0.0,0.0,0.0,0.0,0.0,0.0,1.0
94124,0,1,3400,-79,79,113,3.6,7.8,0.84,42176.000000,3,27,12,0.0,0.0,0.0,0.0,0.0,0.0,1.0
94373,0,1,3400,-79,79,115,4.0,7.3,1.1,59168.000000,0.9,27,12,186,0.0,0.0,0.0,0.0,0.0,1.0
94622,0,1,3400,-79,79,120,1.9,7.4,0.71,41728.000000,1,27,11,0.0,28896.000000,25,0.0,0.0,0.0,1.0
94871,0,1,3400,-79,79,123,3.5,8.0,0.73,44224.000000,0,27,11,0.0,0.0,0.0,0.0,0.0,0.0,1.0
95120,0,1,3400,-79,79,124,5.1,7.1,1.1,43904.000000,7,27,11,0.0,0.0,0.0,0.0,0.0,0.0,1.0
95369,0,1,3400,-79,79,126,6.4,7.0,1.2,66944.000000,0,27,11,186,0.0,0.0,0.0,0.0,0.0,1.0
95618,0,1,3400,-79,79,117,0.76,7.0,0.51,81088.000000,0,27,11,0.0,18368.000000,0,0.0,0.0,0.0,1.0
95867,0,1,3400,-79,79,120,1.5,7.4,0.50,57344.000000,0,27,11,0.0,2528.000000,0,0.0,0.0,0.0,1.0
96116,0,1,3400,-79,79,124,0.90,7.3,0.50,67744.000000,0,27,15,0.0,0.0,0.0,0.0,0.0,0.0,1.0
96365,0,1,3400,-80,80,127,0.87,8.0,0.51,26848.000000,0,27,14,0.0,0.0,0.0,0.0,0.0,0.0,1.0
96614,0,1,3400,-80,80,121,5.1,7.3,1.2,23648.000000,4,27,12,0.0,18368.000000,20,0.0,0.0,0.0,1.0
96863,0,1,3400,-80,80,112,0.94,7.5,0.51,39840.000000,0,27,12,0.0,0.0,0.0,0.0,0.0,0.0,1.0
97112,0,1,3400,-80,80,116,0.93,6.9,0.51,42016.000000,0,27,12,0.0,0.0,0.0,0.0,0.0,0.0,1.0
97361,0,1,3400,-80,80,119,0.91,7.5,0.52,45184.000000,0,27,12,0.0,0.0,0.0,0.0,0.0,0.0,1.0
97610,0,1,3400,-80,80,122,0.88,7.4,0.50,53984.000000,0,27,12,0.0,88416.000000,0,0.0,0.0,0.0,1.0
97859,0,1,3400,-79,79,128,1.5,7.5,0.53,61632.000000,0,27,12,0.0,0.0,0.0,0.0,0.0,0.0,1.0
98108,0,1,3400,-79,79,124,0.88,7.5,0.50,71968.000000,0,27,12,0.0,0.0,0.0,0.0,0.0,0.0,1.0
98357,0,1,3400,-79,79,130,0.72,7.3,0.50,37216.000000,0,27,12,0.0,0.0,0.0,0.0,0.0,0.0,1.0
98606,0,1,3400,-79,79,123,1.5,7.8,0.50,34496.000000,0,27,12,0.0,24000.000000,0,0.0,0.0,0.0,1.0
98855,0,1,3400,-79,79,119,1.3,7.5,0.50,51424.000000,0,27,13,0.0,0.0,0.0,0.0,0.0,0.0,1.0
99104,0,1,3400,-79,79,117,2.5,8.1,0.51,49984.000000,0,27,13,0.0,0.0,0.0,0.0,0.0,0.0,1.0
99353,0,1,3400,-79,79,119,1.2,8.1,0.52,45952.000000,0,27,13,0.0,0.0,0.0,0.0,0.0,0.0,1.0
99602,0,1,3400,-79,79,122,1.8,7.9,0.53,53408.000000,0,27,13,0.0,23488.000000,0,0.0,0.0,0.0,1.0
99851,0,1,3400,-79,79,125,3.0,8.8,0.50,32576.000000,0,27,14,0.0,0.0,0.0,0.0,0.0,0.0,1.0
100100,0,1,3400,-78,78,126,3.6,8.3,0.51,58880.000000,0,27,14,0.0,0.0,0.0,0.0,0.0,0.0,1.0
100349,0,1,3400,-79,79,125,1.8,8.2,0.51,32064.000000,0,27,14,186,0.0,0.0,0.0,0.0,0.0,1.0
100598,0,1,3400,-79,79,124,2.9,8.8,0.51,48576.000000,0,27,14,0.0,23488.000000,0,0.0,0.0,0.0,1.0
100847,0,1,3400,-79,79,130,2.7,8.7,0.50,17504.000000,0,27,14,0.0,0.0,0.0,0.0,0.0,0.0,1.0
101096,0,1,3400,-79,79,124,3.4,8.5,0.51,26720.000000,0,27,14,0.0,0.0,0.0,0.0,0.0,0.0,1.0
101345,0,1,3400,-79,79,122,2.0,8.1,0.51,48096.000000,0,27,14,0.0,0.0,0.0,0.0,0.0,0.0,1.0
101594,0,1,3400,-79,79,115,3.6,8.1,0.50,28128.000000,0,27,15,0.0,129952.000000,41,0.0,0.0,0.0,1.0
101843,0,1,3400,-79,79,114,1.1,7.3,0.50,26848.000000,0,27,16,0.0,0.0,0.0,0.0,0.0,0.0,1.0
102092,0,1,3400,-79,79,117,2.5,8.0,0.50,19392.000000,0,27,16,0.0,0.0,0.0,0.0,0.0,0.0,1.0
102341,0,1,3400,-79,79,114,4.0,8.1,0.62,24416.000000,3,27,16,0.0,0.0,0.0,0.0,0.0,0.0,1.0
102590,0,1,3400,-79,79,110,3.9,8.1,0.88,42048.000000,2,27,14,0.0,80352.000000,0,0.0,0.0,0.0,1.0
102839,0,1,3400,-79,79,115,2.0,8.2,0.53,38144.000000,0,27,13,0.0,0.0,0.0,0.0,0.0,0.0,1.0
103088,0,1,3400,-78,78,119,1.8,8.1,0.50,24832.000000,0,27,13,0.0,0.0,0.0,0.0,0.0,0.0,1.0
103337,0,1,3400,-79,79,113,5.5,8.2,1.3,43840.000000,4,27,13,0.0,0.0,0.0,0.0,0.0,0.0,1.0
103586,0,1,3400,-78,78,115,7.0,8.2,1.7,44064.000000,5,27,13,0.0,23488.000000,0,0.0,0.0,0.0,1.0
103835,0,1,3400,-78,78,110,6.3,8.2,1.3,47872.000000,2,27,13,0.0,0.0,0.0,0.0,0.0,0.0,1.0
104084,0,1,3400,-79,79,111,5.1,8.3,0.95,35872.000000,2,27,13,0.0,0.0,0.0,0.0,0.0,0.0,1.0
104333,0,1,3400,-78,78,113,1.5,8.1,0.51,40896.000000,0,27,13,0.0,0.0,0.0,0.0,0.0,0.0,1.0
104582,0,1,3400,-79,79,118,1.8,8.5,0.50,42816.000000,0,27,12,0.0,22464.000000,0,0.0,0.0,0.0,1.0
104831,0,1,3400,-78,78,118,3.6,8.1,0.50,58368.000000,0,27,12,0.0,0.0,0.0,0.0,1.0,0.0,1.0
105080,0,1,3400,-79,79,111,6.7,8.2,1.1,19360.000000,3,27,12,0.0,0.0,0.0,0.0,0.0,0.0,1.0
105329,0,1,3400,-79,79,114,4.1,8.5,0.71,48512.000000,0,27,12,0.0,0.0,0.0,0.0,0.0,0.0,1.0
105578,0,1,3400,-79,79,119,3.8,8.5,0.52,23648.000000,0,27,12,0.0,23488.000000,0,0.0,0.0,0.0,1.0
105827,0,1,3400,-79,79,120,9.6,8.5,2.5,7552.000000,62,27,14,0.0,0.0,0.0,0.0,0.0,0.0,1.0
106076,0,1,3400,-79,79,121,4.3,8.2,1.2,50656.000000,0,27,14,0.0,0.0,0.0,0.0,0.0,0.0,1.0
106325,0,1,3400,-79,79,125,2.9,8.8,0.51,79424.000000,0,27,14,186,0.0,0.0,0.0,0.0,0.0,1.0
106574,0,1,3400,-78,78,124,2.1,7.9,0.52,62816.000000,0,27,14,0.0,23488.000000,0,0.0,0.0,0.0,1.0
106823,0,1,3400,-78,78,127,6.0,8.3,1.4,42592.000000,10,27,14,0.0,0.0,0.0,0.0,0.0,0.0,1.0
107072,0,1,3400,-79,79,122,4.7,8.5,1.0,44768.000000,1,27,14,0.0,0.0,0.0,0.0,0.0,0.0,1.0
107321,0,1,3400,-79,79,116,3.1,8.2,0.58,55712.000000,0,27,14,186,0.0,0.0,0.0,0.0,0.0,1.0
107570,0,1,3400,-79,79,120,4.9,8.4,1.1,38816.000000,7,27,14,0.0,23488.000000,0,0.0,0.0,0.0,1.0
107819,0,1,3400,-78,78,123,2.2,8.1,0.50,79488.000000,0,27,14,0.0,0.0,0.0,0.0,0.0,0.0,1.0
108068,0,1,3400,-79,79,118,5.8,8.2,1.0,36832.000000,4,27,14,0.0,0.0,0.0,0.0,0.0,0.0,1.0
108317,0,1,3400,-79,79,123,3.3,8.4,0.50,59264.000000,0,27,14,186,0.0,0.0,0.0,0.0,0.0,1.0
108566,0,1,3400,-79,79,128,6.8,8.4,1.2,22208.000000,23,27,14,0.0,23488.000000,0,0.0,0.0,0.0,1.0
108815,0,1,3400,-79,79,132,6.2,8.4,1.5,46240.000000,5,27,14,0.0,0.0,0.0,0.0,0.0,0.0,1.0
109064,0,1,3400,-79,79,126,4.3,8.6,0.51,36800.000000,0,27,14,0.0,0.0,0.0,0.0,0.0,0.0,1.0
109313,0,1,3400,-78,78,124,1.9,8.1,0.51,50112.000000,0,27,14,186,0.0,0.0,0.0,0.0,0.0,1.0
109562,0,1,3400,-78,78,126,1.0,7.7,0.51,68576.000000,0,27,14,0.0,23488.000000,33,0.0,0.0,0.0,1.0
109811,0,1,3400,-79,79,125,3.4,8.3,0.53,60480.000000,0,27,14,0.0,0.0,0.0,0.0,0.0,0.0,1.0
110060,0,1,3400,-79,79,127,1.4,8.1,0.50,29952.000000,0,27,14,0.0,0.0,0.0,0.0,0.0,0.0,1.0
110309,0,1,3400,-79,79,129,2.5,8.1,0.51,52352.000000,0,27,14,0.0,0.0,0.0,0.0,0.0,0.0,1.0
110558,0,1,3400,-79,79,123,4.5,7.9,1.2,30080.000000,17,27,14,0.0,23488.000000,0,0.0,0.0,0.0,1.0
110807,0,1,3400,-79,79,116,1.8,7.7,0.59,53728.000000,0,27,14,0.0,0.0,0.0,0.0,0.0,0.0,1.0
111056,0,1,3400,-79,79,120,0.90,7.3,0.50,70240.000000,0,27,14,0.0,0.0,0.0,0.0,0.0,0.0,1.0
111305,0,1,3400,-79,79,115,1.1,7.7,0.51,47008.000000,0,27,14,186,0.0,0.0,0.0,0.0,0.0,1.0
111554,0,1,3400,-79,79,118,1.2,7.4,0.51,60864.000000,0,27,14,0.0,23488.000000,0,0.0,0.0,0.0,1.0
111803,0,1,3400,-79,79,123,0.87,7.5,0.50,85568.000000,0,27,14,0.0,0.0,0.0,0.0,0.0,0.0,1.0
112052,0,1,3400,-79,79,123,0.68,7.7,0.50,27904.000000,0,27,14,0.0,0.0,0.0,0.0,0.0,0.0,1.0
112301,0,1,3400,-80,80,120,0.87,7.2,0.50,65184.000000,0,27,14,0.0,0.0,0.0,0.0,0.0,0.0,1.0
112550,0,1,3400,-80,80,116,0.90,6.9,0.50,28320.000000,0,27,12,0.0,18368.000000,0,0.0,0.0,0.0,1.0
112799,0,1,3400,-80,80,124,3.6,6.7,0.92,46656.000000,1,27,12,0.0,0.0,0.0,0.0,0.0,0.0,1.0
113048,0,1,3400,-80,80,117,1.6,6.7,0.59,19264.000000,0,27,12,0.0,0.0,0.0,0.0,0.0,0.0,1.0
113297,0,1,3400,-80,80,114,1.2,6.4,0.52,54848.000000,0,27,12,0.0,0.0,0.0,0.0,0.0,0.0,1.0
113546,0,1,3400,-80,80,125,0.68,6.7,0.50,69408.000000,0,27,12,0.0,23488.000000,0,0.0,0.0,0.0,1.0
113795,0,1,3400,-80,80,126,2.5,6.8,0.88,49728.000000,2,27,12,0.0,0.0,0.0,0.0,0.0,0.0,1.0
114044,0,1,3400,-80,80,112,0.86,6.9,0.54,61632.000000,0,27,12,0.0,0.0,0.0,0.0,0.0,0.0,1.0
114293,0,1,3400,-80,80,110,0.45,6.4,0.52,60512.000000,0,27,12,0.0,0.0,0.0,0.0,0.0,0.0,1.0
114542,0,1,3400,-80,80,115,0.81,6.4,0.50,75552.000000,0,27,13,0.0,21952.000000,0,0.0,0.0,0.0,1.0
114791,0,1,3400,-80,80,125,0.87,6.7,0.50,39360.000000,0,27,13,0.0,0.0,0.0,0.0,0.0,0.0,1.0
115040,0,1,3400,-80,80,127,0.76,6.4,0.61,43648.000000,0,27,13,0.0,0.0,0.0,0.0,0.0,0.0,1.0
115289,0,1,3400,-80,80,124,3.3,6.6,1.5,49536.000000,5,27,13,186,0.0,0.0,0.0,0.0,0.0,1.0
115538,0,1,3400,-80,80,119,0.70,6.6,0.62,50176.000000,0,27,12,0.0,18368.000000,0,0.0,0.0,0.0,1.0
115787,0,1,3400,-80,80,120,2.7,6.3,1.0,42592.000000,6,27,12,0.0,0.0,0.0,0.0,0.0,0.0,1.0
116036,0,1,3400,-80,80,128,1.1,6.3,0.56,41792.000000,0,27,12,0.0,0.0,0.0,0.0,0.0,0.0,1.0
116285,0,1,3400,-80,80,125,0.86,6.6,0.50,33888.000000,0,27,12,0.0,0.0,0.0,0.0,0.0,0.0,1.0
116534,0,1,3400,-80,80,119,0.82,6.9,0.50,20480.000000,0,27,12,0.0,23488.000000,0,0.0,0.0,0.0,1.0
116783,0,1,3400,-80,80,117,0.78,6.4,0.51,33504.000000,0,27,12,0.0,0.0,0.0,0.0,0.0,0.0,1.0
117032,0,1,3400,-80,80,114,0.88,6.4,0.50,27584.000000,0,27,12,0.0,0.0,0.0,0.0,0.0,0.0,1.0
117281,0,1,3400,-80,80,112,0.48,6.5,0.50,56384.000000,0,27,12,186,0.0,0.0,0.0,0.0,0.0,1.0
117530,0,1,3400,-80,80,111,0.97,6.5,0.51,40160.000000,0,27,13,0.0,34400.000000,0,0.0,0.0,0.0,1.0
117780,0,1,3400,-80,80,119,0.95,6.4,0.55,42176.000000,0,27,13,0.0,0.0,0.0,0.0,0.0,0.0,1.0
118029,0,1,3400,-80,80,116,0.87,6.6,0.51,61088.000000,0,27,13,0.0,0.0,0.0,0.0,0.0,0.0,1.0
118278,0,1,3400,-80,80,115,1.6,6.4,0.62,44480.000000,4,27,13,0.0,0.0,0.0,0.0,0.0,0.0,1.0
118527,0,1,3400,-80,80,117,4.1,6.5,1.00,42208.000000,3,27,13,0.0,21952.000000,0,0.0,0.0,0.0,1.0
118776,0,1,3400,-80,80,119,1.4,6.7,0.62,22912.000000,2,27,12,0.0,0.0,0.0,0.0,0.0,0.0,1.0
119025,0,1,3400,-80,80,115,0.56,6.6,0.51,36800.000000,0,27,12,0.0,0.0,0.0,0.0,0.0,0.0,1.0
119274,0,1,3400,-80,80,115,1.8,7.1,0.55,74464.000000,0,27,12,0.0,0.0,0.0,0.0,0.0,0.0,1.0
119523,0,1,3400,-80,80,113,1.2,7.1,0.52,29792.000000,0,27,6.0,0.0,11360.000000,0,0.0,0.0,0.0,1.0
119772,0,1,3400,-79,79,108,1.0,7.9,0.52,61856.000000,0,27,1.4,0.0,0.0,0.0,0.0,0.0,0.0,1.0
120021,0,1,3400,-79,79,117,2.5,7.9,0.55,59872.000000,0,27,1.1,0.0,0.0,0.0,0.0,0.0,0.0,1.0
120270,0,1,3400,-79,79,122,2.5,8.1,0.55,60960.000000,0,27,1.1,186,0.0,0.0,0.0,0.0,0.0,1.0
120519,0,1,3400,-79,79,121,2.5,8.0,0.52,48800.000000,0,27,12,0.0,23488.000000,0,0.0,0.0,0.0,1.0
120768,0,1,3400,-79,79,119,3.1,9.0,0.76,40800.000000,2,27,14,0.0,0.0,0.0,0.0,0.0,0.0,1.0
121017,0,1,3400,-79,79,124,5.6,8.4,1.3,38976.000000,4,27,14,0.0,0.0,0.0,0.0,0.0,0.0,1.0
121266,0,1,3400,-79,79,118,3.8,8.5,0.61,46112.000000,4,27,14,186,0.0,0.0,0.0,0.0,0.0,1.0
121515,0,1,3400,-79,79,120,3.8,8.9,0.51,17600.000000,0,27,14,0.0,23488.000000,0,0.0,0.0,0.0,1.0
121764,0,1,3400,-79,79,119,3.1,8.5,0.53,69696.000000,0,27,14,0.0,0.0,0.0,0.0,0.0,0.0,1.0
122013,0,1,3400,-79,79,116,3.4,8.4,0.50,19552.000000,0,27,14,0.0,0.0,0.0,0.0,0.0,0.0,1.0
122262,0,1,3400,-79,79,109,5.9,8.7,0.60,12896.000000,4,27,14,0.0,0.0,0.0,0.0,0.0,0.0,1.0
122511,0,1,3400,-78,78,110,2.6,8.0,0.56,30880.000000,0,27,14,0.0,0.0,80,0.0,0.0,0.0,1.0
122760,0,1,3400,-79,79,111,2.9,8.7,0.52,88000.000000,0,27,13,0.0,0.0,0.0,0.0,0.0,0.0,1.0
123009,0,1,3400,-79,79,115,3.3,8.4,0.51,33888.000000,0,27,14,0.0,0.0,0.0,0.0,0.0,0.0,1.0
123258,0,1,3400,-79,79,113,3.6,8.7,0.51,18848.000000,0,27,13,0.0,0.0,0.0,0.0,0.0,0.0,1.0
123507,0,1,3400,-79,79,120,6.0,7.9,1.8,33440.000000,4,27,14,0.0,99680.000000,30,0.0,0.0,0.0,1.0
123756,0,1,3400,-79,79,114,1.4,7.6,0.55,45888.000000,0,27,16,0.0,0.0,0.0,0.0,0.0,0.0,1.0
124005,0,1,3400,-79,79,122,2.0,8.1,0.52,25216.000000,0,27,16,0.0,0.0,0.0,0.0,0.0,0.0,1.0
124254,0,1,3400,-79,79,121,3.3,7.8,0.87,24832.000000,3,27,16,0.0,0.0,0.0,0.0,0.0,0.0,1.0
124503,0,1,3400,-79,79,112,2.0,7.9,0.74,47104.000000,0,27,14,0.0,52288.000000,29,0.0,0.0,0.0,1.0
124752,0,1,3400,-79,79,112,1.6,7.8,0.50,36352.000000,0,27,13,0.0,0.0,0.0,0.0,0.0,0.0,1.0
125001,0,1,3400,-79,79,113,1.8,7.7,0.52,61824.000000,0,27,13,0.0,0.0,0.0,0.0,0.0,0.0,1.0
125250,0,1,3400,-79,79,115,1.1,8.2,0.51,61664.000000,0,27,13,186,0.0,0.0,0.0,0.0,0.0,1.0
125499,0,1,3400,-79,79,123,1.9,8.7,0.50,38752.000000,0,27,13,0.0,21952.000000,0,0.0,0.0,0.0,1.0
125748,0,1,3400,-79,79,120,6.6,8.8,1.5,40096.000000,7,27,13,0.0,0.0,0.0,0.0,0.0,0.0,1.0
125997,0,1,3400,-78,78,118,2.8,8.1,0.78,70624.000000,0,27,13,0.0,0.0,0.0,0.0,0.0,0.0,1.0
126246,0,1,3400,-78,78,117,3.2,8.6,0.54,52800.000000,0,27,13,0.0,0.0,0.0,0.0,0.0,0.0,1.0
126495,0,1,3400,-78,78,120,2.4,9.1,0.50,55488.000000,0,27,14,0.0,105216.000000,44,0.0,0.0,0.0,1.0
126744,0,1,3400,-78,78,111,2.3,8.8,0.50,37504.000000,0,27,16,0.0,0.0,0.0,0.0,0.0,0.0,1.0
126993,0,1,3400,-78,78,111,5.0,9.2,0.73,28288.000000,4,27,16,0.0,0.0,0.0,0.0,0.0,0.0,1.0
127242,0,1,3400,-78,78,112,2.8,9.1,0.50,35680.000000,0,27,16,186,0.0,0.0,0.0,0.0,0.0,1.0
127491,0,1,3400,-78,78,115,3.5,9.1,0.57,23200.000000,8,27,13,0.0,105920.000000,26,0.0,0.0,0.0,1.0
127740,0,1,3400,-78,78,116,12,8.7,2.6,30400.000000,9,27,13,0.0,0.0,0.0,0.0,0.0,0.0,1.0
127989,0,1,3400,-78,78,121,3.7,9.5,0.50,64416.000000,0,27,13,0.0,0.0,0.0,0.0,0.0,0.0,1.0
128238,0,1,3400,-77,77,125,5.4,9.4,0.54,56320.000000,0,27,13,186,0.0,0.0,0.0,0.0,0.0,1.0
128487,0,1,3400,-77,77,130,3.1,9.9,0.50,41152.000000,0,27,9.0,0.0,56544.000000,0,0.0,0.0,0.0,1.0
128736,0,1,3400,-77,77,126,5.6,10,0.99,58720.000000,2,27,9.0,0.0,0.0,0.0,0.0,0.0,0.0,1.0
128985,0,1,3400,-77,77,127,6.4,10.0,0.87,55008.000000,5,27,9.0,0.0,0.0,0.0,0.0,0.0,0.0,1.0
129234,0,1,3400,-76,76,127,4.3,10,0.54,28608.000000,0,27,9.0,0.0,0.0,0.0,0.0,0.0,0.0,1.0
129483,0,1,3400,-76,76,126,3.9,10,0.50,43488.000000,0,27,8.6,0.0,23392.000000,0,0.0,0.0,0.0,1.0
129732,0,1,3400,-76,76,120,4.6,11,0.50,32192.000000,0,27,8.0,0.0,0.0,0.0,0.0,0.0,0.0,1.0
129981,0,1,3400,-76,76,115,10,11,2.3,29984.000000,23,27,8.0,0.0,0.0,0.0,0.0,0.0,0.0,1.0
130231,0,1,3400,-76,76,119,10,11,1.5,43648.000000,5,27,8.0,0.0,0.0,0.0,0.0,0.0,0.0,1.0
130480,0,1,3400,-76,76,118,4.6,11,0.50,32896.000000,0,27,11,0.0,24000.000000,0,0.0,0.0,0.0,1.0
130729,0,1,3400,-76,76,118,2.8,11,0.50,34752.000000,0,27,12,0.0,0.0,0.0,0.0,0.0,0.0,1.0
130978,0,1,3400,-76,76,118,3.1,11,0.50,46944.000000,0,27,12,0.0,0.0,0.0,0.0,0.0,0.0,1.0
131227,0,1,3400,-76,76,114,5.0,11,0.53,44864.000000,0,27,12,0.0,0.0,0.0,0.0,0.0,0.0,1.0
131476,0,1,3400,-76,76,112,4.0,11,0.52,66144.000000,0,27,11,0.0,15808.000000,0,0.0,0.0,0.0,1.0
131725,0,1,3400,-76,76,115,3.8,11,0.50,41920.000000,0,27,10,0.0,0.0,0.0,0.0,0.0,0.0,1.0
131974,0,1,3400,-76,76,121,5.2,11,0.58,50016.000000,0,27,10,0.0,0.0,0.0,0.0,0.0,0.0,1.0
132223,0,1,3400,-76,76,119,4.5,11,0.54,30400.000000,0,27,10,0.0,0.0,0.0,0.0,0.0,0.0,1.0
132472,0,1,3400,-76,76,122,4.6,11,0.50,11648.000000,0,27,11,0.0,18368.000000,0,0.0,0.0,0.0,1.0
132721,0,1,3400,-76,76,122,5.5,11,0.72,48896.000000,0,27,12,0.0,0.0,0.0,0.0,0.0,0.0,1.0
132970,0,1,3400,-76,76,130,4.8,11,0.50,49376.000000,0,27,12,0.0,0.0,0.0,0.0,0.0,0.0,1.0
133219,0,1,3400,-76,76,129,3.8,11,0.56,35392.000000,0,27,12,0.0,0.0,0.0,0.0,0.0,0.0,1.0
133468,0,1,3400,-75,75,127,5.6,12,1.4,7264.000000,25,27,12,186,0.0,0.0,0.0,0.0,0.0,1.0
133717,0,1,3400,-75,75,123,3.9,12,0.50,45600.000000,0,27,11,0.0,22208.000000,0,0.0,0.0,0.0,1.0
133966,0,1,3400,-75,75,125,6.6,12,0.82,48032.000000,6,27,11,0.0,0.0,0.0,0.0,0.0,0.0,1.0
134215,0,1,3400,-75,75,124,5.7,11,0.70,30176.000000,4,27,11,0.0,0.0,0.0,0.0,0.0,0.0,1.0
134464,0,1,3400,-76,76,126,8.6,11,0.97,12896.000000,14,27,12,0.0,18368.000000,0,0.0,0.0,0.0,1.0
134713,0,1,3400,-76,76,127,7.8,11,1.4,28608.000000,17,27,12,0.0,0.0,0.0,0.0,0.0,0.0,1.0
134962,0,1,3400,-76,76,125,14,11,3.1,20352.000000,20,27,12,0.0,0.0,0.0,0.0,0.0,0.0,1.0
135211,0,1,3400,-76,76,120,4.9,11,0.78,44992.000000,5,27,12,0.0,0.0,0.0,0.0,0.0,0.0,1.0
135460,0,1,3400,-76,76,124,4.2,11,0.53,68640.000000,0,27,12,0.0,18368.000000,20,0.0,0.0,0.0,1.0
135709,0,1,3400,-76,76,131,4.4,11,0.50,40576.000000,0,27,12,0.0,0.0,0.0,0.0,0.0,0.0,1.0
135958,0,1,3400,-76,76,125,14,11,2.8,18528.000000,39,27,12,0.0,0.0,0.0,0.0,0.0,0.0,1.0
136207,0,1,3400,-76,76,124,5.2,11,0.60,59072.000000,0,27,12,186,0.0,0.0,0.0,0.0,0.0,1.0
136456,0,1,3400,-75,75,116,6.1,11,0.71,33760.000000,4,27,12,0.0,24000.000000,0,0.0,0.0,0.0,1.0
136705,0,1,3400,-75,75,111,5.9,12,0.95,34496.000000,6,27,12,0.0,0.0,0.0,0.0,0.0,0.0,1.0
136954,0,1,3400,-75,75,111,5.9,11,0.56,55584.000000,0,27,12,0.0,0.0,0.0,0.0,0.0,0.0,1.0
137203,0,1,3400,-75,75,113,5.7,12,0.50,22848.000000,0,27,12,0.0,0.0,0.0,0.0,0.0,0.0,1.0
137452,0,1,3400,-75,75,118,5.9,12,0.51,50272.000000,0,27,13,0.0,24256.000000,0,0.0,0.0,0.0,1.0
137701,0,1,3400,-75,75,124,4.4,12,0.50,26464.000000,0,27,14,0.0,0.0,0.0,0.0,0.0,0.0,1.0
137950,0,1,3400,-75,75,121,6.3,12,0.60,56992.000000,0,27,14,0.0,0.0,0.0,0.0,0.0,0.0,1.0
138199,0,1,3400,-75,75,124,8.2,12,1.1,16384.000000,17,27,14,0.0,0.0,0.0,0.0,0.0,0.0,1.0
138448,0,1,3400,-76,76,115,7.5,11,1.1,33152.000000,4,27,13,0.0,126752.000000,32,0.0,0.0,0.0,1.0
138697,0,1,3400,-76,76,117,5.9,11,0.54,44640.000000,0,27,14,0.0,0.0,0.0,0.0,0.0,0.0,1.0
138946,0,1,3400,-76,76,122,13,11,2.3,21184.000000,25,27,14,0.0,0.0,0.0,0.0,0.0,0.0,1.0
139195,0,1,3400,-76,76,123,9.7,10,1.7,55552.000000,9,27,14,186,0.0,0.0,0.0,0.0,0.0,1.0
139444,0,1,3400,-77,77,118,3.5,10,0.95,38112.000000,1,27,13,0.0,106176.000000,17,0.0,0.0,0.0,1.0
139693,0,1,3400,-77,77,119,3.5,10,0.50,19616.000000,0,27,13,0.0,0.0,0.0,0.0,0.0,0.0,1.0
139942,0,1,3400,-77,77,116,4.5,10,0.50,53504.000000,0,27,13,0.0,0.0,0.0,0.0,0.0,0.0,1.0
140191,0,1,3400,-77,77,111,3.3,10,0.50,26848.000000,0,27,13,0.0,0.0,0.0,0.0,0.0,0.0,1.0
140440,0,1,3400,-76,76,118,7.4,11,1.0,24128.000000,6,27,12,0.0,92000.000000,5,0.0,0.0,0.0,1.0
140689,0,1,3400,-76,76,117,3.4,11,0.50,12832.000000,0,27,12,0.0,0.0,0.0,0.0,0.0,0.0,1.0
140938,0,1,3400,-76,76,118,5.8,11,0.98,57728.000000,2,27,12,0.0,0.0,0.0,0.0,0.0,0.0,1.0
141187,0,1,3400,-76,76,125,4.9,11,0.57,33856.000000,0,27,12,0.0,0.0,0.0,0.0,0.0,0.0,1.0
141436,0,1,3400,-77,77,131,1.5,10,0.50,33824.000000,0,27,7.9,0.0,8064.000000,0,0.0,0.0,0.0,1.0
141685,0,1,3400,-77,77,129,10,9.9,2.0,12768.000000,55,27,6.5,0.0,0.0,0.0,0.0,0.0,0.0,1.0
141934,0,1,3400,-77,77,117,12,10,2.1,20288.000000,24,27,6.5,0.0,0.0,0.0,0.0,0.0,0.0,1.0
142183,0,1,3400,-77,77,114,8.9,9.8,1.8,36128.000000,10,27,6.5,0.0,0.0,0.0,0.0,0.0,0.0,1.0
142432,0,1,3400,-77,77,118,3.1,9.6,0.53,38336.000000,0,27,7.8,0.0,24256.000000,0,0.0,0.0,0.0,1.0
142681,0,1,3400,-78,78,115,5.6,9.7,1.1,40352.000000,0,27,8.0,0.0,0.0,0.0,0.0,0.0,0.0,1.0
142930,0,1,3400,-78,78,114,3.9,9.1,0.82,55904.000000,1,27,8.0,0.0,0.0,0.0,0.0,0.0,0.0,1.0
143179,0,1,3400,-78,78,111,3.5,9.0,0.50,54144.000000,0,27,8.0,186,0.0,0.0,0.0,0.0,0.0,1.0
143428,0,1,3400,-78,78,117,2.9,9.0,0.51,28736.000000,0,27,13,0.0,117408.000000,32,0.0,0.0,0.0,1.0
143677,0,1,3400,-78,78,117,4.2,8.7,0.54,57856.000000,0,27,14,0.0,0.0,0.0,0.0,0.0,0.0,1.0
143926,0,1,3400,-79,79,113,3.5,8.9,0.50,40896.000000,0,27,14,0.0,0.0,0.0,0.0,0.0,0.0,1.0
144175,0,1,3400,-79,79,111,2.5,8.7,0.52,53888.000000,0,27,14,0.0,0.0,0.0,0.0,0.0,0.0,1.0
144424,0,1,3400,-79,79,116,7.9,8.2,1.5,21056.000000,3,27,9.7,0.0,40800.000000,25,0.0,0.0,0.0,1.0
144673,0,1,3400,-79,79,120,4.5,7.6,0.91,61216.000000,0,27,9.0,0.0,0.0,0.0,0.0,0.0,0.0,1.0
144922,0,1,3400,-79,79,121,5.0,7.9,1.3,62976.000000,3,27,9.1,0.0,0.0,0.0,0.0,0.0,0.0,1.0
145171,0,1,3400,-79,79,127,4.5,7.9,1.6,44864.000000,0,27,9.0,0.0,0.0,0.0,0.0,0.0,0.0,1.0
145420,0,1,3400,-79,79,128,14,7.7,2.6,6336.000000,50,27,9.0,0.0,0.0,0.0,0.0,0.0,0.0,1.0
145669,0,1,3400,-79,79,125,5.4,8.0,1.3,41888.000000,0,27,11,0.0,73312.000000,13,0.0,0.0,0.0,1.0
145918,0,1,3400,-80,80,120,0.46,7.9,0.50,79584.000000,0,27,14,0.0,0.0,0.0,0.0,0.0,0.0,1.0
146167,0,1,3400,-80,80,116,10,7.5,2.7,20992.000000,14,27,14,186,0.0,0.0,0.0,0.0,0.0,1.0
146416,0,1,3400,-80,80,106,7.7,7.4,2.8,3392.000000,62,27,10,0.0,13632.000000,20,0.0,0.0,0.0,1.0
146665,0,1,3400,-80,80,102,6.1,7.5,2.0,23680.000000,15,27,9.5,0.0,0.0,0.0,0.0,0.0,0.0,1.0
146914,0,1,3400,-80,80,107,1.1,7.1,0.64,40544.000000,0,27,9.5,0.0,0.0,0.0,0.0,0.0,0.0,1.0
147163,0,1,3400,-80,80,107,1.8,6.5,0.79,33408.000000,2,27,9.5,186,0.0,0.0,0.0,0.0,0.0,1.0
147412,0,1,3400,-80,80,119,2.0,6.0,1.0,33120.000000,10,27,7.0,0.0,10976.000000,0,0.0,0.0,0.0,1.0
147661,0,1,3400,-81,81,117,0.29,6.2,0.50,66016.000000,0,27,6.0,0.0,0.0,0.0,0.0,0.0,0.0,1.0
147910,0,1,3400,-81,81,124,0.69,6.1,0.54,64096.000000,0,27,6.2,0.0,0.0,0.0,0.0,0.0,0.0,1.0
148159,0,1,3400,-81,81,126,0.92,6.3,0.53,65664.000000,0,27,6.0,186,0.0,0.0,0.0,0.0,0.0,1.0
148408,0,1,3400,-81,81,117,7.6,6.5,1.8,9696.000000,22,27,11,0.0,51136.000000,8,0.0,0.0,0.0,1.0
148657,0,1,3400,-81,81,119,6.8,6.3,1.8,15840.000000,4,27,12,0.0,0.0,0.0,0.0,0.0,0.0,1.0
148906,0,1,3400,-81,81,123,0.58,6.4,0.52,71264.000000,0,27,12,0.0,0.0,0.0,0.0,0.0,0.0,1.0
149155,0,1,3400,-81,81,131,5.5,6.2,2.0,1024.000000,92,27,12,0.0,0.0,0.0,0.0,0.0,0.0,1.0
149404,0,1,3400,-81,81,134,10,5.9,3.0,5248.000000,71,27,12,0.0,0.0,0.0,0.0,0.0,0.0,1.0
149653,0,1,3400,-81,81,124,8.0,6.5,3.6,960,88,27,12,0.0,0.0,0.0,0.0,0.0,0.0,1.0
149902,0,1,3400,-81,81,112,2.5,6.1,1.1,40992.000000,9,27,11,0.0,16064.000000,0,0.0,0.0,0.0,1.0
150151,0,1,3400,-81,81,104,0.60,6.3,0.51,40672.000000,0,27,10,0.0,0.0,0.0,0.0,0.0,0.0,1.0
150400,0,1,3400,-81,81,109,6.9,6.2,2.9,960,91,27,10,0.0,0.0,0.0,0.0,0.0,0.0,1.0
150649,0,1,3400,-81,81,117,2.1,6.4,1.2,50592.000000,0,27,11,0.0,18880.000000,0,0.0,0.0,0.0,1.0
150898,0,1,3400,-81,81,119,3.7,6.8,0.73,16000.000000,21,27,11,0.0,0.0,0.0,0.0,0.0,0.0,1.0
151147,0,1,3400,-81,81,122,0.36,6.5,0.51,66112.000000,0,27,11,186,0.0,0.0,0.0,0.0,0.0,1.0
151396,0,1,3400,-80,80,125,8.2,6.4,2.1,33600.000000,13,27,12,0.0,57024.000000,29,0.0,0.0,0.0,1.0
151645,0,1,3400,-80,80,121,6.3,6.8,2.1,27488.000000,20,27,12,0.0,0.0,0.0,0.0,0.0,0.0,1.0
151894,0,1,3400,-80,80,122,4.9,6.8,1.6,64576.000000,3,27,12,0.0,0.0,0.0,0.0,0.0,0.0,1.0
152143,0,1,3400,-80,80,125,4.1,6.9,1.5,45024.000000,7,27,12,186,0.0,0.0,0.0,0.0,0.0,1.0
152392,0,1,3400,-80,80,124,0.98,7.0,0.51,24608.000000,0,27,11,0.0,113984.000000,29,0.0,0.0,0.0,1.0
152641,0,1,3400,-80,80,125,0.80,7.1,0.50,64352.000000,0,27,11,0.0,352,0,0.0,0.0,0.0,1.0
152890,0,1,3400,-80,80,118,1.3,7.4,0.61,9312.000000,13,27,7.5,0.0,0.0,0.0,0.0,0.0,0.0,1.0
153139,0,1,3400,-80,80,121,0.89,7.3,0.51,61408.000000,0,27,7.5,0.0,0.0,0.0,0.0,0.0,0.0,1.0
153388,0,1,3400,-80,80,128,2.3,7.5,1.1,28416.000000,7,27,6.4,0.0,67680.000000,0,0.0,0.0,0.0,1.0
153637,0,1,3400,-79,79,130,5.4,7.3,1.9,27104.000000,29,27,6.7,0.0,0.0,0.0,0.0,0.0,0.0,1.0
153886,0,1,3400,-79,79,124,1.0,7.7,0.52,73984.000000,0,27,6.7,0.0,0.0,0.0,0.0,0.0,0.0,1.0
154135,0,1,3400,-79,79,120,3.8,7.7,1.5,31040.000000,16,27,6.5,0.0,0.0,0.0,0.0,0.0,0.0,1.0
154384,0,1,3400,-79,79,111,3.3,7.8,1.8,27488.000000,0,27,7.8,0.0,18880.000000,0,0.0,0.0,0.0,1.0
154633,0,1,3400,-79,79,108,4.7,7.8,0.61,47616.000000,0,27,11,0.0,0.0,0.0,0.0,0.0,0.0,1.0
154882,0,1,3400,-79,79,114,1.1,7.6,0.51,52288.000000,0,27,11,0.0,0.0,0.0,0.0,0.0,0.0,1.0
155131,0,1,3400,-80,80,123,8.3,7.5,2.4,7200.000000,48,27,11,0.0,0.0,0.0,0.0,0.0,0.0,1.0
155380,0,1,3400,-80,80,116,2.9,7.1,1.3,44896.000000,6,27,10,0.0,18880.000000,0,0.0,0.0,0.0,1.0
155629,0,1,3400,-80,80,116,0.70,6.9,0.51,72000.000000,0,27,10,0.0,0.0,0.0,0.0,0.0,0.0,1.0
155878,0,1,3400,-80,80,117,2.5,7.0,0.98,18016.000000,15,27,10,0.0,0.0,0.0,0.0,0.0,0.0,1.0
156127,0,1,3400,-80,80,121,4.0,7.5,1.7,24320.000000,9,27,13,0.0,1120.000000,0,0.0,0.0,0.0,1.0
156376,0,1,3400,-80,80,120,9.6,7.4,3.1,9344.000000,76,27,13,0.0,0.0,0.0,0.0,0.0,0.0,1.0
156625,0,1,3400,-79,79,119,8.4,7.7,3.6,5280.000000,43,27,13,0.0,0.0,0.0,0.0,0.0,0.0,1.0
156874,0,1,3400,-79,79,117,13,7.6,2.8,7392.000000,28,27,14,0.0,0.0,80,0.0,0.0,0.0,1.0
157123,0,1,3400,-79,79,117,5.8,7.7,1.7,53152.000000,17,27,14,0.0,0.0,0.0,0.0,0.0,0.0,1.0
157372,0,1,3400,-79,79,120,4.1,8.1,1.4,25888.000000,18,27,12,0.0,63296.000000,0,0.0,0.0,0.0,1.0
157621,0,1,3400,-79,79,120,11,8.4,2.3,6528.000000,50,27,7.0,0.0,0.0,0.0,0.0,0.0,0.0,1.0
157870,0,1,3400,-79,79,121,11,8.5,3.2,8288.000000,77,27,7.1,0.0,0.0,0,0.0,0.0,0.0,1.0
158119,0,1,3400,-79,79,121,6.3,8.3,2.1,7072.000000,50,27,9.5,0.0,0.0,100.000000,0.0,0.0,0.0,1.0
158368,0,1,3400,-79,79,118,3.0,7.9,0.54,61408.000000,0,27,8.2,0.0,81568.000000,12,0.0,0.0,0.0,1.0
158617,0,1,3400,-79,79,115,9.3,8.0,2.2,416,90,27,8.0,0.0,0.0,0.0,0.0,0.0,0.0,1.0
158866,0,1,3400,-80,80,128,2.5,7.8,1.4,23776.000000,3,27,8.0,0.0,0.0,0.0,0.0,0.0,0.0,1.0
159115,0,1,3400,-80,80,121,3.0,7.1,1.2,55104.000000,6,27,8.4,0.0,1024.000000,33,0.0,0.0,0.0,1.0
159364,0,1,3400,-80,80,122,0.50,7.2,0.50,44960.000000,0,27,12,0.0,21952.000000,0,0.0,0.0,0.0,1.0
159613,0,1,3400,-80,80,112,7.7,7.1,2.5,9728.000000,52,27,13,0.0,0.0,0.0,0.0,0.0,0.0,1.0
159862,0,1,3400,-80,80,111,3.9,7.0,0.71,45664.000000,2,27,13,0.0,0.0,0.0,0.0,0.0,0.0,1.0
160111,0,1,3400,-80,80,114,3.1,7.0,1.2,27808.000000,9,27,13,0.0,0.0,0.0,0.0,0.0,0.0,1.0
160360,0,1,3400,-80,80,117,2.8,7.1,1.1,45152.000000,3,27,12,0.0,18880.000000,0,0.0,0.0,0.0,1.0
160609,0,1,3400,-80,80,121,4.9,7.0,1.9,8096.000000,12,27,11,0.0,0.0,0.0,0.0,0.0,0.0,1.0
160858,0,1,3400,-80,80,116,9.5,6.9,2.5,6816.000000,53,27,11,0.0,0.0,0.0,0.0,0.0,0.0,1.0
161107,0,1,3400,-80,80,120,6.4,6.8,1.7,44320.000000,2,27,11,0.0,0.0,0.0,0.0,0.0,0.0,1.0
161356,0,1,3400,-80,80,121,0.65,6.9,0.52,71200.000000,0,27,9.3,0.0,18624.000000,0,0.0,0.0,0.0,1.0
161605,0,1,3400,-80,80,121,3.7,7.1,1.5,4032.000000,67,27,9.0,0.0,0.0,0.0,0.0,0.0,0.0,1.0
161854,0,1,3400,-80,80,114,11,7.0,3.4,6688.000000,19,27,9.0,0.0,0.0,0.0,0.0,0.0,0.0,1.0
162103,0,1,3400,-80,80,116,12,7.4,2.7,14464.000000,7,27,9.0,0.0,0.0,0.0,0.0,0.0,0.0,1.0
162352,0,1,3400,-80,80,120,1.1,7.2,0.70,46752.000000,1,27,11,0.0,34400.000000,0,0.0,0.0,0.0,1.0
162601,0,1,3400,-80,80,120,5.1,7.1,1.8,15744.000000,4,27,12,0.0,0.0,0.0,0.0,0.0,0.0,1.0
162850,0,1,3400,-80,80,126,0.92,6.7,0.56,60640.000000,0,27,12,0.0,0.0,0.0,0.0,0.0,0.0,1.0
163099,0,1,3400,-80,80,133,3.7,6.8,1.1,29024.000000,6,27,12,0.0,0.0,0.0,0.0,0.0,0.0,1.0
163348,0,1,3400,-80,80,126,5.4,7.0,1.3,19808.000000,16,27,10,0.0,13632.000000,0,0.0,1.0,0.0,1.0
163597,0,1,3400,-80,80,127,4.1,7.1,1.8,33536.000000,11,27,9.5,0.0,0.0,0.0,0.0,0.0,0.0,1.0
163846,0,1,3400,-80,80,123,0.70,6.8,0.51,44448.000000,0,27,9.5,0.0,0.0,0.0,0.0,0.0,0.0,1.0
164095,0,1,3400,-80,80,125,0.78,6.7,0.51,58240.000000,0,27,9.5,0.0,0.0,0.0,0.0,0.0,0.0,1.0
164344,0,1,3400,-80,80,124,3.3,6.8,0.89,63584.000000,3,27,8.9,0.0,16320.000000,0,0.0,0.0,0.0,1.0
164593,0,1,3400,-80,80,124,6.0,6.9,1.6,33408.000000,7,27,8.5,0.0,0.0,0.0,0.0,0.0,0.0,1.0
164842,0,1,3400,-80,80,133,6.2,7.2,1.9,13344.000000,17,27,8.5,0.0,0.0,0.0,0.0,0.0,0.0,1.0
165091,0,1,3400,-80,80,127,8.8,7.1,3.5,480,88,27,8.5,0.0,0.0,0.0,0.0,0.0,0.0,1.0
165340,0,1,3400,-80,80,131,7.3,6.9,2.7,13952.000000,30,27,11,0.0,18368.000000,0,0.0,0.0,0.0,1.0
165589,0,1,3400,-80,80,136,10,7.1,2.8,896,83,27,12,0.0,0.0,0.0,0.0,0.0,0.0,1.0
165838,0,1,3400,-80,80,131,4.8,6.9,1.9,30272.000000,21,27,12,0.0,0.0,0.0,0.0,0.0,0.0,1.0
166087,0,1,3400,-80,80,138,5.4,6.9,2.5,19264.000000,23,27,12,0.0,0.0,0.0,0.0,0.0,0.0,1.0
166336,0,1,3400,-80,80,132,0.99,6.8,0.50,14624.000000,0,27,15,0.0,102368.000000,7,0.0,0.0,0.0,1.0
166585,0,1,3400,-80,80,117,3.2,6.9,1.3,40224.000000,5,27,16,0.0,0.0,0.0,0.0,0.0,0.0,1.0
166834,0,1,3400,-80,80,111,3.8,6.8,1.6,28320.000000,8,27,16,0.0,0.0,0.0,0.0,0.0,0.0,1.0
167083,0,1,3400,-80,80,119,2.1,6.7,0.95,32480.000000,3,27,16,0.0,0.0,0.0,0.0,0.0,0.0,1.0
167332,0,1,3400,-80,80,120,0.57,7.1,0.51,52416.000000,0,27,12,0.0,18624.000000,0,0.0,0.0,0.0,1.0
167581,0,1,3400,-80,80,124,5.7,6.5,2.4,32896.000000,10,27,10,0.0,0.0,0.0,0.0,0.0,0.0,1.0
167830,0,1,3400,-80,80,122,4.7,6.8,1.0,22912.000000,7,27,10,0.0,0.0,0.0,0.0,0.0,0.0,1.0
168079,0,1,3400,-80,80,112,1.6,7.2,0.65,56256.000000,3,27,10,0.0,0.0,0.0,0.0,0.0,0.0,1.0
168328,0,1,3400,-80,80,115,11,6.8,2.5,7264.000000,46,27,11,0.0,0.0,80,0.0,0.0,0.0,1.0
168577,0,1,3400,-80,80,113,4.4,6.7,1.7,32352.000000,13,27,14,0.0,0.0,0.0,0.0,0.0,0.0,1.0
168826,0,1,3400,-80,80,116,0.81,7.0,0.50,46176.000000,0,27,14,0.0,0.0,0.0,0.0,0.0,0.0,1.0
169075,0,1,3400,-80,80,123,0.76,7.1,0.51,36672.000000,0,27,14,186,0.0,0.0,0.0,0.0,0.0,1.0
169324,0,1,3400,-80,80,115,3.8,7.1,1.1,75552.000000,3,27,12,0.0,55744.000000,42,0.0,0.0,0.0,1.0
169573,0,1,3400,-80,80,113,0.86,7.2,0.51,80320.000000,0,27,12,0.0,0.0,0.0,0.0,0.0,0.0,1.0
169822,0,1,3400,-80,80,120,5.4,6.9,2.1,24352.000000,17,27,12,0.0,0.0,0.0,0.0,0.0,0.0,1.0
170071,0,1,3400,-80,80,117,3.0,6.9,1.0,43712.000000,4,27,12,186,0.0,0.0,0.0,0.0,0.0,1.0
170320,0,1,3400,-80,80,118,1.9,7.4,0.84,30752.000000,3,27,12,0.0,56000.000000,0,0.0,0.0,0.0,1.0
170569,0,1,3400,-79,79,122,3.9,7.9,1.5,28640.000000,10,27,12,0.0,0.0,0.0,0.0,0.0,0.0,1.0
170818,0,1,3400,-79,79,126,6.8,8.0,2.2,4320.000000,64,27,12,0.0,0.0,0.0,0.0,0.0,0.0,1.0
171067,0,1,3400,-79,79,129,4.3,8.2,1.1,32960.000000,7,27,12,0.0,0.0,0.0,0.0,0.0,0.0,1.0
171316,0,1,3400,-79,79,123,8.7,8.0,2.3,14880.000000,43,27,11,0.0,22208.000000,0,0.0,0.0,0.0,1.0
171565,0,1,3400,-79,79,124,13,8.2,3.7,1312.000000,83,27,11,0.0,0.0,0.0,0.0,0.0,0.0,1.0
171814,0,1,3400,-79,79,126,16,8.4,4.0,352,80,27,11,0.0,0.0,0.0,0.0,0.0,0.0,1.0
172063,0,1,3400,-79,79,120,4.9,8.2,1.1,63936.000000,0.9,27,11,0.0,0.0,0.0,0.0,0.0,0.0,1.0
172312,0,1,3400,-79,79,120,0.69,8.7,0.50,33728.000000,0,27,6.1,0.0,55392.000000,0,0.0,0.0,0.0,1.0
172561,0,1,3400,-79,79,124,3.5,8.5,0.67,11520.000000,8,27,4.5,0.0,0.0,0.0,0.0,0.0,0.0,1.0
172810,0,1,3400,-79,79,126,5.8,8.3,1.3,66560.000000,2,27,4.6,0.0,0.0,0.0,0.0,0.0,0.0,1.0
173059,0,1,3400,-79,79,124,7.8,8.2,1.6,21696.000000,12,27,4.6,0.0,0.0,0.0,0.0,0.0,0.0,1.0
173308,0,1,3400,-79,79,117,9.9,8.6,2.6,11040.000000,10,27,4.5,186,0.0,0.0,0.0,0.0,0.0,1.0
173557,0,1,3400,-78,78,120,1.0,8.3,0.55,42816.000000,1,27,6.0,0.0,18624.000000,0,0.0,0.0,0.0,1.0
173806,0,1,3400,-79,79,111,6.4,8.5,1.7,24800.000000,15,27,6.1,0.0,0.0,0.0,0.0,0.0,0.0,1.0
174055,0,1,3400,-79,79,112,9.7,8.4,2.3,8864.000000,50,27,6.1,0.0,0.0,0.0,0.0,0.0,0.0,1.0
174304,0,1,3400,-79,79,118,13,8.4,3.0,21792.000000,16,27,8.4,0.0,18624.000000,0,0.0,0.0,0.0,1.0
174553,0,1,3400,-79,79,124,11,8.7,2.3,18400.000000,24,27,10.0,0.0,0.0,0.0,0.0,0.0,0.0,1.0
174802,0,1,3400,-79,79,124,2.7,8.6,0.52,52640.000000,1,27,9.9,0.0,0.0,0.0,0.0,0.0,0.0,1.0
175051,0,1,3400,-79,79,126,12,8.7,3.3,13472.000000,26,27,10.0,186,0.0,0.0,0.0,0.0,0.0,1.0
175300,0,1,3400,-79,79,118,6.0,8.6,1.4,22112.000000,9,27,9.2,0.0,54080.000000,41,0.0,0.0,0.0,1.0
175549,0,1,3400,-79,79,120,4.6,8.6,1.1,30240.000000,17,27,9.5,0.0,0.0,0.0,0.0,0.0,0.0,1.0
175798,0,1,3400,-79,79,119,9.3,8.5,2.2,11712.000000,48,27,9.5,0.0,0.0,0.0,0.0,0.0,0.0,1.0
176047,0,1,3400,-79,79,120,13,8.6,3.8,1312.000000,93,27,9.5,0.0,0.0,0.0,0.0,0.0,0.0,1.0
176296,0,1,3400,-79,79,124,9.8,8.6,3.0,8224.000000,62,27,9.5,0.0,0.0,0.0,0.0,0.0,0.0,1.0
176545,0,1,3400,-78,78,116,11,8.2,2.9,22304.000000,40,27,10.0,0.0,96448.000000,29,0.0,0.0,0.0,1.0
176794,0,1,3400,-79,79,121,19,8.8,3.9,896,88,27,11,0.0,0.0,0.0,0.0,0.0,0.0,1.0
177043,0,1,3400,-79,79,122,6.1,8.5,1.1,43008.000000,2,27,10,186,0.0,0.0,0.0,0.0,0.0,1.0
177292,0,1,3400,-79,79,118,4.5,8.6,0.84,23488.000000,4,27,13,0.0,44352.000000,53,0.0,0.0,0.0,1.0
177541,0,1,3400,-79,79,118,2.0,8.3,0.50,45504.000000,0,27,14,0.0,0.0,0.0,0.0,0.0,0.0,1.0
177790,0,1,3400,-79,79,120,4.1,8.4,0.71,41856.000000,4,27,14,0.0,0.0,0.0,0.0,0.0,0.0,1.0
178039,0,1,3400,-79,79,124,10,9.0,2.4,15776.000000,25,27,14,0.0,0.0,0.0,0.0,0.0,0.0,1.0
178288,0,1,3400,-79,79,121,3.4,8.5,0.50,31008.000000,0,27,14,0.0,123040.000000,28,0.0,0.0,0.0,1.0
178537,0,1,3400,-79,79,120,5.4,8.4,0.98,26848.000000,11,27,14,0.0,0.0,0.0,0.0,0.0,0.0,1.0
178786,0,1,3400,-79,79,117,3.5,8.2,0.50,35008.000000,0,27,14,0.0,0.0,0.0,0.0,0.0,0.0,1.0
179035,0,1,3400,-79,79,120,9.6,7.8,2.2,28512.000000,13,27,14,0.0,0.0,0.0,0.0,0.0,0.0,1.0
179284,0,1,3400,-79,79,122,2.0,8.2,0.51,65344.000000,0,27,12,0.0,45760.000000,0,0.0,0.0,0.0,1.0
179533,0,1,3400,-79,79,125,5.5,7.8,1.6,23008.000000,17,27,13,0.0,0.0,0.0,0.0,0.0,0.0,1.0
179782,0,1,3400,-79,79,126,1.9,7.0,0.61,61984.000000,0,27,12,0.0,0.0,0.0,0.0,0.0,0.0,1.0
180031,0,1,3400,-80,80,130,0.44,7.0,0.50,58432.000000,0,27,12,186,0.0,0.0,0.0,0.0,0.0,1.0
180280,0,1,3400,-80,80,127,4.0,7.3,1.2,20000.000000,27,27,9.0,0.0,16064.000000,0,0.0,0.0,0.0,1.0
180529,0,1,3400,-80,80,126,5.6,6.8,2.0,22368.000000,7,27,8.5,0.0,0.0,0.0,0.0,0.0,0.0,1.0
180778,0,1,3400,-80,80,120,1.2,6.5,0.60,68000.000000,2,27,8.5,0.0,0.0,0.0,0.0,0.0,0.0,1.0
181027,0,1,3400,-80,80,122,16,7.3,3.4,7328.000000,19,27,8.5,0.0,0.0,0.0,0.0,0.0,0.0,1.0
181276,0,1,3400,-80,80,125,0.54,6.8,0.50,57280.000000,0,27,9.0,0.0,18880.000000,0,0.0,0.0,0.0,1.0
181525,0,1,3400,-80,80,126,0.76,6.9,0.51,46784.000000,0,27,9.0,0.0,0.0,0.0,0.0,0.0,0.0,1.0
181774,0,1,3400,-80,80,126,0.68,6.9,0.51,27168.000000,2,27,9.0,0.0,0.0,0.0,0.0,0.0,0.0,1.0
182023,0,1,3400,-80,80,128,9.0,6.8,2.2,0.0,0.0,27,9.0,0.0,0.0,0.0,0.0,0.0,0.0,1.0
182272,0,1,3400,-80,80,129,6.0,6.5,1.6,28000.000000,5,27,9.0,0.0,18624.000000,0,0.0,0.0,0.0,1.0
182521,0,1,3400,-80,80,127,0.89,6.9,0.50,75488.000000,0,27,9.7,0.0,1504.000000,0,0.0,0.0,0.0,1.0
182770,0,1,3400,-80,80,115,0.83,6.7,0.50,66400.000000,0,27,10.0,0.0,0.0,0.0,0.0,0.0,0.0,1.0
183019,0,1,3400,-80,80,119,6.1,6.7,1.9,36064.000000,19,27,9.9,0.0,0.0,0.0,0.0,0.0,0.0,1.0
183268,0,1,3400,-80,80,123,4.5,6.7,1.5,6816.000000,0,27,9.6,0.0,16320.000000,0,0.0,0.0,0.0,1.0
183517,0,1,3400,-80,80,120,13,6.9,3.4,2144.000000,92,27,9.5,0.0,0.0,0.0,0.0,0.0,0.0,1.0
183766,0,1,3400,-80,80,112,13,7.1,3.1,10784.000000,60,27,9.5,0.0,0.0,0.0,0.0,0.0,0.0,1.0
184015,0,1,3400,-80,80,112,9.7,6.3,2.9,8800.000000,29,27,9.5,0.0,0.0,0.0,0.0,0.0,0.0,1.0
184264,0,1,3400,-81,81,114,3.3,6.4,1.4,34976.000000,7,27,6.4,0.0,13728.000000,0,0.0,0.0,0.0,1.0
184513,0,1,3400,-81,81,114,5.8,6.1,2.4,20736.000000,9,27,6.0,0.0,0.0,0.0,0.0,0.0,0.0,1.0
184762,0,1,3400,-81,81,111,0.012,5.6,0.50,48672.000000,0,27,6.0,0.0,0.0,0.0,0.0,0.0,0.0,1.0
185011,0,1,3400,-81,81,115,0.45,6.2,0.51,42304.000000,0,27,6.0,0.0,0.0,0.0,0.0,0.0,0.0,1.0
185260,0,1,3400,-81,81,114,0.73,6.0,0.51,42432.000000,0,27,7.9,0.0,16064.000000,0,0.0,0.0,0.0,1.0
185509,0,1,3400,-81,81,119,0.70,6.1,0.53,54560.000000,0,27,8.5,0.0,0.0,0.0,0.0,0.0,0.0,1.0
185758,0,1,3400,-81,81,119,0.58,6.0,0.51,28128.000000,0,27,15,0.0,6688.000000,50,0.0,0.0,0.0,1.0
186007,0,1,3400,-81,81,121,0.74,6.2,0.51,53472.000000,0,27,20,186,0.0,0.0,0.0,0.0,0.0,1.0
186256,0,1,3400,-81,81,123,0.78,6.0,0.51,73120.000000,0,27,11,0.0,59488.000000,13,0.0,0.0,0.0,1.0
186505,0,1,3400,-81,81,126,1.1,5.9,0.77,8928.000000,10,27,9.5,0.0,0.0,0.0,0.0,0.0,0.0,1.0
186754,0,1,3400,-81,81,126,7.3,6.0,2.2,10816.000000,21,27,9.5,0.0,0.0,0.0,0.0,0.0,0.0,1.0
187003,0,1,3400,-81,81,125,0.60,6.4,0.50,54496.000000,0,27,9.5,186,0.0,0.0,0.0,0.0,0.0,1.0
187252,0,1,3400,-80,80,120,2.4,6.6,0.78,23872.000000,5,27,23,0.0,13792.000000,50,0.0,0.0,0.0,1.0
187501,0,1,3400,-80,80,120,1.8,6.5,0.82,75200.000000,6,27,29,0.0,0.0,0.0,0.0,0.0,0.0,1.0
187750,0,1,3400,-80,80,119,6.9,6.8,2.2,15040.000000,70,27,29,0.0,0.0,0.0,0.0,0.0,0.0,1.0
187999,0,1,3400,-80,80,118,7.2,6.7,2.5,15328.000000,54,27,29,0.0,0.0,0.0,0.0,0.0,0.0,1.0
188248,0,1,3400,-80,80,119,3.8,7.1,1.4,22656.000000,11,27,26,0.0,24256.000000,0,0.0,0.0,0.0,1.0
188497,0,1,3400,-79,79,115,0.90,7.4,0.53,46912.000000,0,27,18,0.0,0.0,0.0,0.0,0.0,0.0,1.0
188746,0,1,3400,-79,79,120,2.8,7.8,0.54,65152.000000,1,27,18,0.0,0.0,0.0,0.0,0.0,0.0,1.0
188995,0,1,3400,-79,79,113,13,7.5,3.1,0.0,100.000000,27,18,0.0,0.0,0.0,0.0,0.0,0.0,1.0
189244,0,1,3400,-79,79,118,11,7.4,2.6,17152.000000,16,27,18,0.0,11936.000000,25,0.0,0.0,0.0,1.0
189493,0,1,3400,-79,79,124,20,7.5,3.6,5248.000000,50,27,10,0.0,13120.000000,50,0.0,0.0,0.0,1.0
189742,0,1,3400,-79,79,125,18,7.5,3.8,896,83,27,10,0.0,0.0,0.0,0.0,0.0,0.0,1.0
189991,0,1,3400,-79,79,117,1.9,7.2,0.77,46240.000000,0,27,10,0.0,0.0,0.0,0.0,0.0,0.0,1.0
190240,0,1,3400,-79,79,114,0.97,6.6,0.50,70240.000000,0,27,9.8,0.0,22592.000000,9,0.0,0.0,0.0,1.0
190489,0,1,3400,-79,79,104,8.2,7.3,2.5,53760.000000,21,27,11,0.0,0.0,0.0,0.0,0.0,0.0,1.0
190738,0,1,3400,-79,79,107,2.3,7.3,0.85,64928.000000,2,27,11,0.0,0.0,0.0,0.0,0.0,0.0,1.0
190987,0,1,3400,-80,80,116,2.3,7.1,0.51,23424.000000,2,27,11,0.0,0.0,0.0,0.0,0.0,0.0,1.0
191236,0,1,3400,-80,80,114,0.81,7.0,0.50,48256.000000,0,27,9.8,0.0,97472.000000,29,0.0,0.0,0.0,1.0
191485,0,1,3400,-80,80,111,7.1,6.9,1.8,16864.000000,21,27,9.5,0.0,0.0,0.0,0.0,0.0,0.0,1.0
191734,0,1,3400,-80,80,112,15,6.5,3.4,3616.000000,87,27,9.5,0.0,0.0,0.0,0.0,0.0,0.0,1.0
191983,0,1,3400,-80,80,114,16,6.3,3.9,2624.000000,89,27,9.5,0.0,0.0,0.0,0.0,0.0,0.0,1.0
192232,0,1,3400,-81,81,122,17,6.2,4.0,0.0,100.000000,27,9.5,0.0,0.0,0.0,0.0,0.0,0.0,1.0
192481,0,1,3400,-81,81,120,18,5.9,4.0,0.0,100.000000,27,9.5,0.0,0.0,0.0,0.0,0.0,0.0,1.0
192730,0,1,3400,-81,81,119,16,6.2,4.0,0.0,100.000000,27,9.5,0.0,0.0,0.0,0.0,0.0,0.0,1.0
192979,0,1,3400,-80,80,116,16,6.0,4.0,896,90,27,9.5,0.0,0.0,0.0,0.0,0.0,0.0,1.0
193228,0,1,3400,-80,80,118,2.4,6.1,0.98,15104.000000,13,27,9.5,186,0.0,0.0,0.0,0.0,0.0,1.0
193477,0,1,3400,-80,80,115,0.0,5.9,0.50,60192.000000,0,27,4.4,0.0,71136.000000,0,0.0,0.0,0.0,1.0
193726,0,1,3400,-80,80,110,2.7,6.3,1.2,68544.000000,6,27,4.1,0.0,0.0,0.0,0.0,0.0,0.0,1.0
193975,0,1,3400,-80,80,125,10,6.5,4.0,0.0,100.000000,27,4.0,0.0,0.0,0.0,0.0,0.0,0.0,1.0
194224,0,1,3400,-80,80,121,17,6.1,4.0,0.0,100.000000,27,4.0,0.0,0.0,0.0,0.0,0.0,0.0,1.0
194473,0,1,3400,-81,81,117,9.0,6.0,2.0,18112.000000,0,27,4.1,0.0,43776.000000,0,0.0,0.0,0.0,1.0
194722,0,1,3400,-81,81,127,0.95,6.0,0.50,10272.000000,0,27,4.0,0.0,0.0,0.0,0.0,0.0,0.0,1.0
194971,0,1,3400,-81,81,126,0.20,6.0,0.51,69504.000000,0,27,4.1,186,0.0,0.0,0.0,0.0,0.0,1.0
195220,0,1,3400,-80,80,121,0.088,6.3,0.50,17376.000000,0,27,5.3,0.0,14400.000000,0,0.0,0.0,0.0,1.0
195469,0,1,3400,-80,80,118,0.71,6.4,0.50,59264.000000,0,27,5.5,0.0,0.0,0.0,0.0,0.0,0.0,1.0
195718,0,1,3400,-80,80,124,0.60,6.3,0.50,90624.000000,0,27,5.6,0.0,0.0,0.0,0.0,0.0,0.0,1.0
195967,0,1,3400,-80,80,119,0.46,6.9,0.50,26720.000000,0,27,5.5,0.0,0.0,0.0,0.0,0.0,0.0,1.0
196216,0,1,3400,-79,79,117,0.86,6.7,0.50,68032.000000,0,27,4.8,0.0,12032.000000,0,0.0,0.0,0.0,1.0
196465,0,1,3400,-79,79,126,5.8,7.2,1.9,41728.000000,4,27,4.5,0.0,0.0,0.0,0.0,0.0,0.0,1.0
196714,0,1,3400,-79,79,123,11,7.4,2.7,18432.000000,62,27,4.5,0.0,0.0,0.0,0.0,0.0,0.0,1.0
196963,0,1,3400,-79,79,124,18,7.2,3.9,576,89,27,4.5,0.0,0.0,0.0,0.0,0.0,0.0,1.0
197212,0,1,3400,-79,79,115,11,7.2,2.5,27136.000000,3,27,4.4,0.0,15680.000000,0,0.0,0.0,0.0,1.0
197461,0,1,3400,-79,79,114,0.86,7.0,0.50,82048.000000,0,27,3.7,0.0,11584.000000,0,0.0,0.0,0.0,1.0
197710,0,1,3400,-79,79,116,0.96,7.0,0.50,34272.000000,0,27,3.6,0.0,0.0,0.0,0.0,0.0,0.0,1.0
197959,0,1,3400,-79,79,120,0.96,7.2,0.50,33536.000000,0,27,3.6,0.0,0.0,0.0,0.0,0.0,0.0,1.0
198208,0,1,3400,-79,79,119,6.5,7.6,1.7,0.0,100.000000,27,3.6,0.0,0.0,0.0,0.0,0.0,0.0,1.0
198457,0,1,3400,-79,79,112,20,7.8,4.0,0.0,100.000000,27,3.5,0.0,0.0,0.0,0.0,0.0,0.0,1.0
198706,0,1,3400,-79,79,112,17,7.9,3.3,576,83,27,3.5,0.0,0.0,0.0,0.0,0.0,0.0,1.0
198955,0,1,3400,-78,78,111,18,7.7,3.6,0.0,100.000000,27,3.5,0.0,0.0,0.0,0.0,0.0,0.0,1.0
199204,0,1,3400,-78,78,116,18,7.9,4.0,0.0,100.000000,27,3.6,0.0,0.0,0.0,0.0,0.0,0.0,1.0
199453,0,1,3400,-79,79,116,17,7.9,3.4,2304.000000,77,27,3.7,0.0,0.0,0.0,0.0,0.0,0.0,1.0
199702,0,1,3400,-79,79,118,18,7.7,3.9,576,75,27,3.5,0.0,0.0,0.0,0.0,0.0,0.0,1.0
199951,0,1,3400,-79,79,119,8.5,7.4,2.2,39104.000000,27,27,4.4,0.0,65312.000000,36,0.0,0.0,0.0,1.0
200200,0,1,3400,-79,79,119,11,7.4,3.5,9280.000000,69,27,9.0,0.0,0.0,0.0,0.0,0.0,0.0,1.0
200449,0,1,3400,-79,79,125,11,7.1,3.4,7456.000000,67,27,9.0,0.0,0.0,0.0,0.0,0.0,0.0,1.0
200698,0,1,3400,-79,79,125,7.2,6.8,2.5,19264.000000,36,27,3.3,0.0,11136.000000,0,0.0,0.0,0.0,1.0
200947,0,1,3400,-80,80,128,0.81,6.8,0.50,40544.000000,0,27,0.19,186,0.0,0.0,0.0,0.0,0.0,1.0
201196,0,1,3400,-80,80,124,0.67,6.4,0.51,62016.000000,0,27,0.91,0.0,18496.000000,11,0.0,0.0,0.0,1.0
201445,0,1,3400,-80,80,123,0.76,6.6,0.50,54464.000000,0,27,0.50,0.0,0.0,0.0,0.0,0.0,0.0,1.0
201694,0,1,3400,-80,80,127,0.77,6.3,0.50,53920.000000,0,27,0.64,0.0,0.0,0.0,0.0,0.0,0.0,1.0
201943,0,1,3400,-80,80,123,0.78,6.3,0.50,49376.000000,0,27,0.59,186,0.0,0.0,0.0,0.0,0.0,1.0
202192,0,1,3400,-80,80,119,0.39,6.4,0.50,14784.000000,0,27,0.96,0.0,13216.000000,25,0.0,0.0,0.0,1.0
202441,0,1,3400,-80,80,121,0.27,6.1,0.51,51904.000000,0,27,1.1,0.0,0.0,0.0,0.0,0.0,0.0,1.0
202690,0,1,3400,-80,80,126,0.80,6.4,0.50,60128.000000,0,27,1.2,0.0,0.0,0.0,0.0,0.0,0.0,1.0
202939,0,1,3400,-80,80,123,6.7,6.5,2.4,30336.000000,15,27,1.1,0.0,0.0,0.0,0.0,0.0,0.0,1.0
203188,0,1,3400,-79,79,124,10.0,6.8,3.3,800,87,27,1.0,0.0,0.0,0.0,0.0,0.0,0.0,1.0
203437,0,1,3400,-79,79,121,12,7.1,3.7,416,94,27,1.0,0.0,0.0,0.0,0.0,0.0,0.0,1.0
203686,0,1,3400,-79,79,120,12,6.9,3.6,6528.000000,74,27,1.0,0.0,0.0,0.0,0.0,0.0,0.0,1.0
203935,0,1,3400,-79,79,127,13,7.1,4.0,0.0,100.000000,27,1.00,0.0,5184.000000,0,0.0,0.0,0.0,1.0
204184,0,1,3400,-79,79,129,12,7.3,3.8,1888.000000,88,27,1.1,0.0,0.0,0.0,0.0,0.0,0.0,1.0
204433,0,1,3400,-79,79,128,9.9,6.9,2.9,832,80,27,1.0,0.0,0.0,0.0,0.0,0.0,0.0,1.0
204682,0,1,3400,-79,79,126,10,6.6,3.1,2464.000000,80,27,1.1,0.0,0.0,0.0,0.0,0.0,0.0,1.0
204931,0,1,3400,-79,79,122,12,6.5,3.8,1888.000000,83,27,1.2,0.0,0.0,0.0,0.0,0.0,0.0,1.0
205180,0,1,3400,-80,80,120,11,6.8,4.0,0.0,100.000000,27,1.0,0.0,0.0,0.0,0.0,0.0,0.0,1.0
205429,0,1,3400,-80,80,110,12,6.3,4.0,0.0,100.000000,27,1.1,0.0,1568.000000,0,0.0,0.0,0.0,1.0
205678,0,1,3400,-80,80,111,11,6.0,3.7,1536.000000,85,27,1.0,0.0,1568.000000,0,0.0,0.0,0.0,1.0
205927,0,1,3400,-80,80,114,12,5.6,3.7,4992.000000,87,27,0.43,0.0,1568.000000,57,0.0,0.0,0.0,1.0
206176,0,1,3400,-80,80,113,11,5.8,3.8,4288.000000,86,27,0.096,0.0,0.0,0.0,0.0,0.0,0.0,1.0
206425,0,1,3400,-80,80,116,12,5.3,4.0,0.0,100.000000,27,0.0,0.0,1568.000000,0,0.0,0.0,0.0,1.0
206674,0,1,3400,-81,81,119,11,5.4,4.0,0.0,100.000000,27,0.096,0.0,0.0,0.0,0.0,0.0,0.0,1.0
206923,0,1,3400,-80,80,107,12,6.0,4.0,0.0,100.000000,27,0.048,0.0,0.0,0.0,0.0,0.0,0.0,1.0
207172,0,1,3400,-80,80,115,13,5.6,4.0,0.0,100.000000,27,0.0,0.0,0.0,0.0,0.0,0.0,0.0,1.0
207421,0,1,3400,-80,80,126,12,6.0,4.0,0.0,100.000000,27,0.0,0.0,0.0,0.0,0.0,0.0,0.0,1.0
207670,0,1,3400,-80,80,118,12,5.9,4.0,1312.000000,93,27,0.048,0.0,0.0,0.0,0.0,0.0,0.0,1.0
207919,0,1,3400,-80,80,127,13,6.2,4.0,0.0,100.000000,27,0.0,0.0,0.0,0.0,0.0,0.0,0.0,1.0
208168,0,1,3400,-80,80,127,13,5.8,4.0,0.0,100.000000,27,0.0,0.0,0.0,0.0,0.0,0.0,0.0,1.0
208417,0,1,3400,-80,80,117,13,5.9,4.0,1312.000000,93,27,0.048,0.0,0.0,0.0,0.0,0.0,0.0,1.0
208666,0,1,3400,-80,80,116,13,6.3,3.8,0.0,100.000000,27,0.096,0.0,0.0,0.0,0.0,0.0,0.0,1.0
208915,0,1,3400,-80,80,122,12,6.3,4.0,0.0,100.000000,27,0.0,0.0,0.0,0.0,0.0,0.0,0.0,1.0
209164,0,1,3400,-80,80,123,11,6.5,4.0,0.0,100.000000,27,0.0,0.0,0.0,0.0,0.0,0.0,0.0,1.0
209413,0,1,3400,-80,80,123,13,6.1,4.0,0.0,100.000000,27,0.0,0.0,0.0,0.0,0.0,0.0,0.0,1.0
209662,0,1,3400,-80,80,120,11,5.9,3.9,224,92,27,0.096,0.0,0.0,0.0,0.0,0.0,0.0,1.0
209912,0,1,3400,-80,80,119,10,6.0,3.5,512,88,27,0.096,0.0,0.0,0.0,0.0,0.0,0.0,1.0
210161,0,1,3400,-80,80,116,12,5.5,3.8,416,96,27,0.14,0.0,0.0,0.0,0.0,0.0,0.0,1.0
210410,0,1,3400,-80,80,128,10,5.3,3.8,416,92,27,0.14,0.0,0.0,0.0,0.0,0.0,0.0,1.0
210659,0,1,3400,-80,80,125,12,5.2,4.0,2144.000000,96,27,0.096,0.0,0.0,0.0,0.0,0.0,0.0,1.0
210908,0,1,3400,-81,81,129,13,5.4,4.0,0.0,100.000000,27,0.048,0.0,0.0,0.0,0.0,0.0,0.0,1.0
211157,0,1,3400,-81,81,125,11,5.2,3.6,2144.000000,94,27,0.048,0.0,0.0,0.0,0.0,0.0,0.0,1.0
211406,0,1,3400,-81,81,123,10,5.4,3.7,480,83,27,0.0,0.0,0.0,0.0,0.0,0.0,0.0,1.0
211655,0,1,3400,-81,81,124,9.0,5.3,3.3,480,93,27,0.0,0.0,0.0,0.0,0.0,0.0,0.0,1.0
211904,0,1,3400,-81,81,122,8.3,5.2,2.8,10656.000000,76,27,0.14,0.0,0.0,0.0,0.0,0.0,0.0,1.0
212153,0,1,3400,-81,81,120,8.3,5.0,3.2,4992.000000,73,27,0.048,0.0,0.0,0.0,0.0,0.0,0.0,1.0
212402,0,1,3400,-81,81,121,8.0,5.0,3.4,6848.000000,61,27,0.0,0.0,0.0,0.0,0.0,0.0,0.0,1.0
212651,0,1,3400,-81,81,114,7.6,4.9,2.2,13472.000000,42,27,0.0,0.0,0.0,0.0,0.0,0.0,0.0,1.0
212900,0,1,3400,-81,81,119,6.6,4.8,2.3,2976.000000,71,27,0.048,0.0,0.0,0.0,0.0,0.0,0.0,1.0
213149,0,1,3400,-81,81,126,7.2,5.0,2.8,13120.000000,36,27,0.0,0.0,0.0,0.0,0.0,0.0,0.0,1.0
213398,0,1,3400,-81,81,121,7.9,5.0,2.6,25376.000000,17,27,0.088,0.0,34240.000000,13,0.0,0.0,0.0,1.0
213647,0,1,3400,-81,81,117,12,4.8,4.0,0.0,100.000000,27,0.0,0.0,0.0,0.0,0.0,0.0,0.0,1.0
213896,0,1,3400,-81,81,123,12,4.6,4.0,0.0,100.000000,27,0.0,0.0,0.0,0.0,0.0,0.0,0.0,1.0
214145,0,1,3400,-81,81,126,13,4.8,4.0,0.0,100.000000,27,0.0,0.0,0.0,0.0,0.0,0.0,0.0,1.0
214394,0,1,3400,-81,81,127,13,4.9,4.0,0.0,100.000000,27,0.0,0.0,0.0,0.0,0.0,0.0,0.0,1.0
214643,0,1,3400,-81,81,112,12,4.7,3.7,224,92,27,0.0,0.0,0.0,0.0,0.0,0.0,0.0,1.0
214892,0,1,3400,-81,81,114,11,4.4,3.5,1120.000000,89,27,0.0,0.0,0.0,0.0,0.0,0.0,0.0,1.0
215141,0,1,3400,-81,81,108,13,4.5,4.0,0.0,100.000000,27,0.0,0.0,0.0,0.0,0.0,0.0,0.0,1.0
215390,0,1,3400,-82,82,112,11,4.4,3.8,224,93,27,0.0,0.0,0.0,0.0,0.0,0.0,0.0,1.0
215639,0,1,3400,-82,82,117,12,4.3,4.0,0.0,100.000000,27,0.0,0.0,0.0,0.0,0.0,0.0,0.0,1.0
215888,0,1,3400,-82,82,115,12,4.3,3.8,3040.000000,83,27,0.0,0.0,0.0,0.0,0.0,0.0,0.0,1.0
216137,0,1,3400,-81,81,126,12,4.5,3.7,3040.000000,90,27,0.0,0.0,0.0,0.0,0.0,0.0,0.0,1.0
216386,0,1,3400,-81,81,124,12,4.7,4.0,0.0,100.000000,27,0.0,0.0,0.0,0.0,0.0,0.0,0.0,1.0
216635,0,1,3400,-81,81,115,13,4.8,4.0,0.0,100.000000,27,0.0,0.0,0.0,0.0,0.0,0.0,0.0,1.0
216884,0,1,3400,-81,81,107,11,5.0,3.6,992,92,27,0.0,0.0,0.0,0.0,0.0,0.0,0.0,1.0
217133,0,1,3400,-81,81,112,12,4.9,4.0,2144.000000,92,27,0.0,0.0,0.0,0.0,0.0,0.0,0.0,1.0
217382,0,1,3400,-80,80,115,12,5.2,3.4,2336.000000,88,27,0.0,0.0,0.0,0.0,0.0,0.0,0.0,1.0
217631,0,1,3400,-81,81,119,12,4.9,3.5,5728.000000,83,27,0.0,0.0,0.0,0.0,0.0,0.0,0.0,1.0
217880,0,1,3400,-81,81,123,10,4.7,3.1,4288.000000,83,27,0.0,0.0,0.0,0.0,0.0,0.0,0.0,1.0
218129,0,1,3400,-81,81,125,16,4.7,3.9,0.0,100.000000,27,0.0,0.0,0.0,0.0,0.0,0.0,0.0,1.0
218378,0,1,3400,-81,81,113,18,4.9,3.8,288,80,27,0.0,0.0,0.0,0.0,0.0,0.0,0.0,1.0
218627,0,1,3400,-81,81,123,18,4.7,3.9,288,92,27,0.0,0.0,0.0,0.0,0.0,0.0,0.0,1.0
218876,0,1,3400,-81,81,119,17,4.9,3.4,1152.000000,77,27,0.0,0.0,0.0,0.0,0.0,0.0,0.0,1.0
219125,0,1,3400,-81,81,104,16,5.0,3.4,288,86,27,0.0,0.0,0.0,0.0,0.0,0.0,0.0,1.0
219374,0,1,3400,-81,81,121,16,5.0,2.8,288,75,27,0.0,0.0,0.0,0.0,0.0,0.0,0.0,1.0
219623,0,1,3400,-80,80,111,18,5.1,3.6,864,80,27,0.0,0.0,0.0,0.0,0.0,0.0,0.0,1.0
219872,0,1,3400,-80,80,112,20,5.4,3.8,0.0,100.000000,27,0.0,0.0,0.0,0.0,0.0,0.0,0.0,1.0
220121,0,1,3400,-80,80,117,12,5.4,3.3,5792.000000,68,27,0.0,0.0,0.0,0.0,0.0,0.0,0.0,1.0
220370,0,1,3400,-80,80,126,5.2,5.6,1.5,24288.000000,4,27,0.43,186,45664.000000,25,0.0,0.0,0.0,1.0
220619,0,1,3400,-80,80,121,0.11,5.7,0.53,65056.000000,0,27,2.5,0.0,57152.000000,5,0.0,0.0,0.0,1.0
220868,0,1,3400,-80,80,122,0.80,5.7,0.50,61760.000000,0,27,2.9,0.0,0.0,0.0,0.0,0.0,0.0,1.0
221117,0,1,3400,-80,80,123,2.7,5.7,0.79,54080.000000,1,27,3.0,0.0,0.0,0.0,0.0,0.0,0.0,1.0
221366,0,1,3400,-80,80,123,7.3,5.7,1.5,0.0,0.0,27,2.9,0.0,0.0,0.0,0.0,0.0,0.0,1.0
221615,0,1,3400,-80,80,124,5.2,5.6,1.9,0.0,100.000000,27,2.9,0.0,0.0,0.0,0.0,0.0,0.0,1.0
221864,0,1,3400,-80,80,124,2.4,5.5,2.4,0.0,0.0,27,2.9,0.0,0.0,0.0,0.0,0.0,0.0,1.0
222113,0,1,3400,-80,80,127,2.5,5.4,2.5,0.0,0.0,27,3.0,0.0,0.0,0.0,0.0,0.0,0.0,1.0
222362,0,1,3400,-80,80,115,2.5,5.2,2.5,0.0,0.0,27,3.0,0.0,0.0,0.0,0.0,0.0,0.0,1.0
222611,0,1,3400,-81,81,126,2.5,5.1,2.5,0.0,0.0,27,3.0,0.0,0.0,0.0,0.0,0.0,0.0,1.0
222860,0,1,3400,-80,80,129,3.2,5.1,2.4,0.0,100.000000,27,2.9,0.0,0.0,0.0,0.0,0.0,0.0,1.0
223109,0,1,3400,-81,81,125,7.4,4.9,2.5,0.0,0.0,27,2.9,0.0,0.0,0.0,0.0,0.0,0.0,1.0
223358,0,1,3400,-80,80,129,7.3,4.8,2.5,0.0,0.0,27,2.9,0.0,0.0,0.0,0.0,0.0,0.0,1.0
223607,0,1,3400,-81,81,117,7.3,4.8,2.5,0.0,0.0,27,2.9,0.0,0.0,0.0,0.0,0.0,0.0,1.0
223856,0,1,3400,-81,81,127,7.4,4.7,2.5,0.0,0.0,27,3.0,0.0,0.0,0.0,0.0,0.0,0.0,1.0
224105,0,1,3400,-81,81,118,7.3,4.3,2.5,0.0,0.0,27,2.9,0.0,0.0,0.0,0.0,0.0,0.0,1.0
224354,0,1,3400,-81,81,117,10,4.3,2.7,0.0,100.000000,27,2.9,0.0,0.0,0.0,0.0,0.0,0.0,1.0
224603,0,1,3400,-81,81,118,15,4.2,3.9,0.0,0.0,27,2.9,0.0,0.0,0.0,0.0,0.0,0.0,1.0
224852,0,1,3400,-81,81,128,15,4.7,3.9,0.0,0.0,27,2.9,0.0,0.0,0.0,0.0,0.0,0.0,1.0
225101,0,1,3400,-81,81,127,15,4.7,3.9,0.0,0.0,27,2.9,0.0,0.0,0.0,0.0,0.0,0.0,1.0
225350,0,1,3400,-80,80,120,14,4.6,3.8,0.0,100.000000,27,2.9,0.0,0.0,0.0,0.0,0.0,0.0,1.0
225599,0,1,3400,-80,80,115,15,4.9,4.0,0.0,0.0,27,6.6,0.0,9888.000000,33,0.0,0.0,0.0,1.0
225848,0,1,3400,-80,80,110,15,5.0,3.9,0.0,0.0,27,8.2,0.0,0.0,0.0,0.0,0.0,0.0,1.0
226097,0,1,3400,-80,80,114,15,5.2,3.9,0.0,0.0,27,8.4,0.0,0.0,0.0,0.0,0.0,0.0,1.0
226346,0,1,3400,-80,80,112,15,5.2,4.0,0.0,0.0,27,8.4,0.0,0.0,0.0,0.0,0.0,0.0,1.0
226595,0,1,3400,-80,80,109,15,5.4,3.9,0.0,0.0,27,8.3,0.0,0.0,0.0,0.0,0.0,0.0,1.0
226844,0,1,3400,-80,80,115,15,5.3,3.9,0.0,0.0,27,8.3,0.0,0.0,0.0,0.0,0.0,0.0,1.0
227093,0,1,3400,-80,80,116,15,5.4,3.9,0.0,0.0,27,8.4,0.0,0.0,0.0,0.0,0.0,0.0,1.0
227342,0,1,3400,-80,80,125,15,5.4,3.9,0.0,0.0,27,8.3,0.0,0.0,0.0,0.0,0.0,0.0,1.0
227591,0,1,3400,-80,80,124,15,5.4,3.9,0.0,0.0,27,8.3,0.0,0.0,0.0,0.0,0.0,0.0,1.0
227840,0,1,3400,-80,80,118,15,5.2,3.9,0.0,0.0,27,8.3,0.0,0.0,0.0,0.0,0.0,0.0,1.0
228089,0,1,3400,-80,80,116,15,5.4,3.9,0.0,0.0,27,8.2,0.0,0.0,0.0,0.0,0.0,0.0,1.0
228338,0,1,3400,-80,80,120,15,5.3,3.9,0.0,0.0,27,8.4,0.0,0.0,0.0,0.0,0.0,0.0,1.0
228587,0,1,3400,-80,80,115,15,5.0,3.9,0.0,0.0,27,8.3,0.0,0.0,0.0,0.0,0.0,0.0,1.0
228836,0,1,3400,-80,80,116,15,5.2,3.9,0.0,0.0,27,8.4,0.0,0.0,0.0,0.0,0.0,0.0,1.0
229085,0,1,3400,-80,80,123,18,5.3,2.8,0.0,100.000000,27,8.3,0.0,0.0,0.0,0.0,0.0,0.0,1.0
229334,0,1,3400,-80,80,115,13,5.2,2.2,0.0,0.0,27,8.2,0.0,0.0,0.0,0.0,0.0,0.0,1.0
229583,0,1,3400,-80,80,119,13,5.3,2.2,0.0,0.0,27,8.4,0.0,0.0,0.0,0.0,0.0,0.0,1.0
229832,0,1,3400,-80,80,122,13,5.4,2.2,0.0,0.0,27,8.2,0.0,0.0,0.0,0.0,0.0,0.0,1.0
230081,0,1,3400,-80,80,120,13,5.2,2.2,0.0,0.0,27,8.4,0.0,0.0,0.0,0.0,0.0,0.0,1.0
230330,0,1,3400,-80,80,126,13,5.1,2.2,0.0,0.0,27,8.3,0.0,0.0,0.0,0.0,0.0,0.0,1.0
230579,0,1,3400,-80,80,121,13,5.5,2.2,0.0,0.0,27,8.2,0.0,0.0,0.0,0.0,0.0,0.0,1.0
230828,0,1,3400,-80,80,126,13,5.5,2.2,0.0,0.0,27,8.2,0.0,0.0,0.0,0.0,0.0,0.0,1.0
231077,0,1,3400,-80,80,117,13,5.2,2.2,0.0,0.0,27,8.2,0.0,0.0,0.0,0.0,0.0,0.0,1.0
231326,0,1,3400,-79,79,108,13,5.1,2.2,0.0,0.0,27,8.2,0.0,0.0,0.0,0.0,0.0,0.0,1.0
231575,0,1,3400,-80,80,116,13,5.3,2.2,0.0,0.0,27,8.2,0.0,0.0,0.0,0.0,0.0,0.0,1.0
231824,0,1,3400,-80,80,121,13,5.2,2.2,0.0,0.0,27,8.3,0.0,0.0,0.0,0.0,0.0,0.0,1.0
232073,0,1,3400,-80,80,122,13,5.3,2.2,0.0,0.0,27,8.3,0.0,0.0,0.0,0.0,0.0,0.0,1.0
232322,0,1,3400,-80,80,121,13,5.3,2.2,0.0,0.0,27,8.3,0.0,0.0,0.0,0.0,0.0,0.0,1.0
232571,0,1,3400,-80,80,122,13,5.3,2.2,0.0,0.0,27,8.2,0.0,0.0,0.0,0.0,0.0,0.0,1.0
232820,0,1,3400,-80,80,129,13,5.2,2.2,0.0,0.0,27,8.3,0.0,0.0,0.0,0.0,0.0,0.0,1.0
233069,0,1,3400,-80,80,125,13,5.3,2.2,0.0,0.0,27,8.2,0.0,0.0,0.0,0.0,0.0,0.0,1.0
233318,0,1,3400,-80,80,127,13,5.4,2.2,0.0,0.0,27,8.2,0.0,0.0,0.0,0.0,0.0,0.0,1.0
233567,0,1,3400,-80,80,133,13,5.5,2.2,0.0,0.0,27,8.3,0.0,0.0,0.0,0.0,0.0,0.0,1.0
233816,0,1,3400,-80,80,128,13,5.2,2.2,0.0,0.0,27,8.4,0.0,0.0,0.0,0.0,0.0,0.0,1.0
234065,0,1,3400,-80,80,124,13,5.3,2.2,0.0,0.0,27,8.4,0.0,0.0,0.0,0.0,0.0,0.0,1.0
234314,0,1,3400,-80,80,131,13,5.5,2.2,0.0,0.0,27,8.3,0.0,0.0,0.0,0.0,0.0,0.0,1.0
234563,0,1,3400,-80,80,127,13,5.4,2.2,0.0,0.0,27,8.4,0.0,0.0,0.0,0.0,0.0,0.0,1.0
234812,0,1,3400,-80,80,123,13,5.4,2.2,0.0,0.0,27,8.3,0.0,0.0,0.0,0.0,0.0,0.0,1.0
235061,0,1,3400,-80,80,119,13,5.5,2.2,0.0,0.0,27,8.4,0.0,0.0,0.0,0.0,0.0,0.0,1.0
235310,0,1,3400,-79,79,119,13,5.4,2.2,0.0,0.0,27,8.2,0.0,0.0,0.0,0.0,0.0,0.0,1.0
235559,0,1,3400,-80,80,126,13,5.4,2.2,0.0,0.0,27,8.3,0.0,0.0,0.0,0.0,0.0,0.0,1.0
235808,0,1,3400,-80,80,120,13,5.4,2.2,0.0,0.0,27,8.4,0.0,0.0,0.0,0.0,0.0,0.0,1.0
236057,0,1,3400,-80,80,119,13,5.4,2.2,0.0,0.0,27,8.4,0.0,0.0,0.0,0.0,0.0,0.0,1.0
236306,0,1,3400,-79,79,106,13,5.2,2.2,0.0,0.0,27,8.5,0.0,0.0,0.0,0.0,0.0,0.0,1.0
236555,0,1,3400,-79,79,110,13,5.5,2.2,0.0,0.0,27,8.5,0.0,0.0,0.0,0.0,0.0,0.0,1.0
236804,0,1,3400,-79,79,117,13,5.6,2.2,0.0,0.0,27,8.5,0.0,0.0,0.0,0.0,0.0,0.0,1.0
237053,0,1,3400,-79,79,115,13,5.8,2.2,0.0,0.0,27,8.5,0.0,0.0,0.0,0.0,0.0,0.0,1.0
237302,0,1,3400,-79,79,118,13,5.8,2.3,0.0,0.0,27,8.5,0.0,0.0,0.0,0.0,0.0,0.0,1.0
237551,0,1,3400,-79,79,111,13,6.1,2.2,0.0,0.0,27,6.0,0.0,896,0,0.0,0.0,0.0,1.0
237800,0,1,3400,-78,78,114,13,6.1,2.2,0.0,0.0,27,5.3,0.0,0.0,0.0,0.0,0.0,0.0,1.0
238049,0,1,3400,-78,78,121,13,6.3,2.2,0.0,0.0,27,5.4,0.0,0.0,0.0,0.0,0.0,0.0,1.0
238298,0,1,3400,-78,78,123,13,6.7,2.2,0.0,0.0,27,5.4,0.0,0.0,0.0,0.0,0.0,0.0,1.0
238547,0,1,3400,-78,78,120,13,6.6,2.2,0.0,0.0,27,5.5,0.0,0.0,0.0,0.0,0.0,0.0,1.0
238796,0,1,3400,-78,78,118,13,6.6,2.2,0.0,0.0,27,5.5,0.0,0.0,0.0,0.0,0.0,0.0,1.0
239045,0,1,3400,-78,78,116,13,6.5,2.2,0.0,0.0,27,5.4,0.0,0.0,0.0,0.0,0.0,0.0,1.0
239294,0,1,3400,-78,78,119,14,6.5,2.2,0.0,100.000000,27,5.4,0.0,0.0,0.0,0.0,0.0,0.0,1.0
239543,0,1,3400,-78,78,121,16,6.4,2.2,0.0,0.0,27,5.4,0.0,0.0,0.0,0.0,0.0,0.0,1.0
239792,0,1,3400,-78,78,116,16,6.7,2.2,0.0,0.0,27,5.5,0.0,0.0,0.0,0.0,0.0,0.0,1.0
240041,0,1,3400,-78,78,123,16,6.6,2.2,0.0,0.0,27,5.4,0.0,0.0,0.0,0.0,0.0,0.0,1.0
240290,0,1,3400,-78,78,119,16,6.6,2.2,0.0,0.0,27,5.4,0.0,0.0,0.0,0.0,0.0,0.0,1.0
240539,0,1,3400,-78,78,125,16,6.3,2.2,0.0,0.0,27,5.4,0.0,0.0,0.0,0.0,0.0,0.0,1.0
240788,0,1,3400,-78,78,124,16,6.5,2.2,0.0,0.0,27,5.5,0.0,0.0,0.0,0.0,0.0,0.0,1.0
241037,0,1,3400,-78,78,120,16,6.5,2.2,0.0,0.0,27,5.4,0.0,0.0,0.0,0.0,0.0,0.0,1.0
241286,0,1,3400,-78,78,120,16,6.4,2.2,0.0,0.0,27,5.4,0.0,0.0,0.0,0.0,0.0,0.0,1.0
241535,0,1,3400,-78,78,128,16,6.6,2.2,0.0,0.0,27,5.5,0.0,0.0,0.0,0.0,0.0,0.0,1.0
241784,0,1,3400,-78,78,122,16,6.7,2.2,0.0,0.0,27,5.5,0.0,0.0,0.0,0.0,0.0,0.0,1.0
242033,0,1,3400,-78,78,112,16,6.8,2.2,0.0,0.0,27,5.5,0.0,0.0,0.0,0.0,0.0,0.0,1.0
242282,0,1,3400,-77,77,114,16,7.2,2.2,0.0,0.0,27,5.4,0.0,0.0,0.0,0.0,0.0,0.0,1.0
242531,0,1,3400,-77,77,118,16,7.0,2.2,0.0,0.0,27,5.4,0.0,0.0,0.0,0.0,0.0,0.0,1.0
242780,0,1,3400,-77,77,104,16,7.1,2.2,0.0,0.0,27,5.4,0.0,0.0,0.0,0.0,0.0,0.0,1.0
243029,0,1,3400,-77,77,112,16,7.0,2.2,0.0,0.0,27,5.5,0.0,0.0,0.0,0.0,0.0,0.0,1.0
243278,0,1,3400,-77,77,114,16,7.0,2.2,0.0,0.0,27,5.5,0.0,0.0,0.0,0.0,0.0,0.0,1.0
243527,0,1,3400,-77,77,125,16,7.1,2.2,0.0,0.0,27,5.4,0.0,0.0,0.0,0.0,0.0,0.0,1.0
243776,0,1,3400,-77,77,130,16,7.0,2.2,0.0,0.0,27,5.5,0.0,0.0,0.0,0.0,0.0,0.0,1.0
244025,0,1,3400,-77,77,129,15,7.0,2.9,0.0,100.000000,27,5.5,0.0,0.0,0.0,0.0,0.0,0.0,1.0
244274,0,1,3400,-77,77,127,13,7.0,4.0,0.0,0.0,27,5.5,0.0,0.0,0.0,0.0,0.0,0.0,1.0
244523,0,1,3400,-77,77,125,13,6.9,4.0,0.0,0.0,27,5.5,0.0,0.0,0.0,0.0,0.0,0.0,1.0
244772,0,1,3400,-77,77,120,9.0,7.0,4.0,0.0,100.000000,27,5.5,0.0,0.0,0.0,0.0,0.0,0.0,1.0
245021,0,1,3400,-77,77,115,5.4,7.1,4.0,0.0,0.0,27,5.4,0.0,0.0,0.0,0.0,0.0,0.0,1.0
245270,0,1,3400,-77,77,107,5.4,7.1,4.0,0.0,0.0,27,5.5,0.0,0.0,0.0,0.0,0.0,0.0,1.0
245519,0,1,3400,-77,77,111,5.5,7.0,4.0,0.0,0.0,27,5.5,0.0,0.0,0.0,0.0,0.0,0.0,1.0
245768,0,1,3400,-77,77,121,5.4,6.9,4.0,0.0,0.0,27,5.5,0.0,0.0,0.0,0.0,0.0,0.0,1.0
246017,0,1,3400,-77,77,116,5.5,7.1,4.0,0.0,0.0,27,5.5,0.0,0.0,0.0,0.0,0.0,0.0,1.0
246266,0,1,3400,-77,77,111,5.5,6.9,4.0,0.0,0.0,27,5.5,0.0,0.0,0.0,0.0,0.0,0.0,1.0
246515,0,1,3400,-77,77,114,5.4,6.7,4.0,0.0,0.0,27,5.5,0.0,0.0,0.0,0.0,0.0,0.0,1.0
246764,0,1,3400,-77,77,116,5.5,6.9,4.0,0.0,0.0,27,5.5,0.0,0.0,0.0,0.0,0.0,0.0,1.0
247013,0,1,3400,-77,77,126,12,6.9,4.0,0.0,100.000000,27,5.5,0.0,0.0,0.0,0.0,0.0,0.0,1.0
247262,0,1,3400,-77,77,132,12,6.9,4.0,0.0,0.0,27,5.4,0.0,0.0,0.0,0.0,0.0,0.0,1.0
247511,0,1,3400,-77,77,125,12,6.8,4.0,0.0,0.0,27,5.5,0.0,0.0,0.0,0.0,0.0,0.0,1.0
247760,0,1,3400,-77,77,116,12,6.7,4.0,0.0,0.0,27,5.4,0.0,0.0,0.0,0.0,0.0,0.0,1.0
248009,0,1,3400,-78,78,114,12,6.5,4.0,0.0,0.0,27,5.5,0.0,0.0,0.0,0.0,0.0,0.0,1.0
248258,0,1,3400,-78,78,121,12,6.2,3.9,0.0,0.0,27,5.4,0.0,0.0,0.0,0.0,0.0,0.0,1.0
248507,0,1,3400,-78,78,121,12,6.3,4.0,0.0,0.0,27,5.4,0.0,0.0,0.0,0.0,0.0,0.0,1.0
248756,0,1,3400,-78,78,119,12,6.4,4.0,0.0,0.0,27,5.5,0.0,0.0,0.0,0.0,0.0,0.0,1.0
249005,0,1,3400,-78,78,120,12,6.6,3.9,0.0,0.0,27,5.4,0.0,0.0,0.0,0.0,0.0,0.0,1.0
249254,0,1,3400,-77,77,116,12,6.8,4.0,0.0,0.0,27,5.5,0.0,0.0,0.0,0.0,0.0,0.0,1.0
249503,0,1,3400,-77,77,112,12,6.8,4.0,0.0,0.0,27,5.5,0.0,0.0,0.0,0.0,0.0,0.0,1.0
249752,0,1,3400,-77,77,104,12,6.9,4.0,0.0,0.0,27,5.5,0.0,0.0,0.0,0.0,0.0,0.0,1.0
250001,0,1,3400,-77,77,107,12,6.8,4.0,0.0,0.0,27,5.5,0.0,0.0,0.0,0.0,0.0,0.0,1.0
250250,0,1,3400,-77,77,111,12,6.7,4.0,0.0,0.0,27,5.5,0.0,0.0,0.0,0.0,0.0,0.0,1.0
250499,0,1,3400,-77,77,117,12,6.7,4.0,0.0,0.0,27,5.5,0.0,0.0,0.0,0.0,0.0,0.0,1.0
250748,0,1,3400,-77,77,109,18,6.8,4.0,0.0,100.000000,27,5.5,0.0,0.0,0.0,0.0,0.0,0.0,1.0
250997,0,1,3400,-77,77,117,20,6.8,4.0,0.0,0.0,27,5.5,0.0,0.0,0.0,0.0,0.0,0.0,1.0
251246,0,1,3400,-77,77,119,20,6.8,4.0,0.0,0.0,27,5.5,0.0,0.0,0.0,0.0,0.0,0.0,1.0
251495,0,1,3400,-77,77,125,20,6.9,4.0,0.0,0.0,27,5.5,0.0,0.0,0.0,0.0,0.0,0.0,1.0
251744,0,1,3400,-77,77,125,20,7.3,4.0,0.0,0.0,27,5.5,0.0,0.0,0.0,0.0,0.0,0.0,1.0
251993,0,1,3400,-77,77,120,20,7.2,4.0,0.0,0.0,27,5.5,0.0,0.0,0.0,0.0,0.0,0.0,1.0
252242,0,1,3400,-76,76,122,20,7.5,4.0,0.0,0.0,27,5.5,0.0,0.0,0.0,0.0,0.0,0.0,1.0
252491,0,1,3400,-77,77,124,20,7.4,4.0,0.0,0.0,27,5.5,0.0,0.0,0.0,0.0,0.0,0.0,1.0
252740,0,1,3400,-76,76,126,21,7.4,4.0,0.0,100.000000,27,5.5,0.0,0.0,0.0,0.0,0.0,0.0,1.0
252989,0,1,3400,-76,76,127,21,7.4,4.0,0.0,0.0,27,5.5,0.0,0.0,0.0,0.0,0.0,0.0,1.0
253238,0,1,3400,-76,76,128,21,7.4,4.0,0.0,0.0,27,5.5,0.0,0.0,0.0,0.0,0.0,0.0,1.0
253487,0,1,3400,-76,76,126,21,7.3,4.0,0.0,0.0,27,5.5,0.0,0.0,0.0,0.0,0.0,0.0,1.0
253736,0,1,3400,-76,76,125,21,7.3,4.0,0.0,0.0,27,5.5,0.0,0.0,0.0,0.0,0.0,0.0,1.0
253985,0,1,3400,-76,76,126,21,7.3,4.0,0.0,0.0,27,5.5,0.0,0.0,0.0,0.0,0.0,0.0,1.0
254234,0,1,3400,-76,76,125,21,7.3,4.0,0.0,0.0,27,5.5,0.0,0.0,0.0,0.0,0.0,0.0,1.0
254483,0,1,3400,-76,76,128,21,7.3,4.0,0.0,0.0,27,5.5,0.0,0.0,0.0,0.0,0.0,0.0,1.0
254732,0,1,3400,-76,76,125,21,7.2,4.0,0.0,0.0,27,5.5,0.0,0.0,0.0,0.0,0.0,0.0,1.0
254981,0,1,3400,-76,76,121,21,7.2,4.0,0.0,0.0,27,5.5,0.0,0.0,0.0,0.0,0.0,0.0,1.0
255230,0,1,3400,-76,76,114,21,7.2,4.0,0.0,0.0,27,5.5,0.0,0.0,0.0,0.0,0.0,0.0,1.0
255479,0,1,3400,-77,77,116,21,7.1,4.0,0.0,0.0,27,5.5,0.0,0.0,0.0,0.0,0.0,0.0,1.0
255728,0,1,3400,-77,77,106,21,6.8,4.0,0.0,0.0,27,5.5,0.0,0.0,0.0,0.0,0.0,0.0,1.0
255977,0,1,3400,-77,77,104,21,6.7,4.0,0.0,0.0,27,5.5,0.0,0.0,0.0,0.0,0.0,0.0,1.0
256226,0,1,3400,-77,77,105,21,6.4,4.0,0.0,0.0,27,3.6,0.0,576,50,0.0,0.0,0.0,1.0
256475,0,1,3400,-77,77,121,21,6.2,4.0,0.0,0.0,27,2.5,0.0,0.0,0.0,0.0,0.0,0.0,1.0
256724,0,1,3400,-77,77,124,21,6.1,4.0,0.0,0.0,27,2.5,0.0,0.0,0.0,0.0,0.0,0.0,1.0
256973,0,1,3400,-78,78,117,21,5.9,4.0,0.0,0.0,27,2.5,0.0,0.0,0.0,0.0,0.0,0.0,1.0
257222,0,1,3400,-78,78,116,21,5.6,4.0,0.0,0.0,27,2.5,0.0,0.0,0.0,0.0,0.0,0.0,1.0
257471,0,1,3400,-78,78,109,21,5.5,4.0,0.0,0.0,27,2.5,0.0,0.0,0.0,0.0,0.0,0.0,1.0
257720,0,1,3400,-78,78,101,21,5.3,3.9,0.0,0.0,27,2.4,0.0,0.0,0.0,0.0,0.0,0.0,1.0
257969,0,1,3400,-78,78,109,21,5.1,4.0,0.0,0.0,27,2.5,0.0,0.0,0.0,0.0,0.0,0.0,1.0
258218,0,1,3400,-78,78,115,21,5.0,3.9,0.0,0.0,27,2.4,0.0,0.0,0.0,0.0,0.0,0.0,1.0
258467,0,1,3400,-79,79,118,21,4.7,4.0,0.0,0.0,27,2.5,0.0,0.0,0.0,0.0,0.0,0.0,1.0
258716,0,1,3400,-78,78,120,21,4.9,4.0,0.0,0.0,27,2.5,0.0,0.0,0.0,0.0,0.0,0.0,1.0
258965,0,1,3400,-78,78,122,21,4.8,4.0,0.0,0.0,27,2.5,0.0,0.0,0.0,0.0,0.0,0.0,1.0
259214,0,1,3400,-78,78,117,21,4.8,4.0,0.0,0.0,27,2.5,0.0,0.0,0.0,0.0,0.0,0.0,1.0
259463,0,1,3400,-79,79,111,21,4.7,4.0,0.0,0.0,27,2.5,0.0,0.0,0.0,0.0,0.0,0.0,1.0
259712,0,1,3400,-79,79,119,21,4.5,4.0,0.0,0.0,27,2.5,0.0,0.0,0.0,0.0,0.0,0.0,1.0
259961,0,1,3400,-79,79,117,21,4.2,4.0,0.0,0.0,27,8.8,0.0,19104.000000,0,0.0,0.0,0.0,1.0
260210,0,1,3400,-79,79,115,21,4.2,3.9,0.0,0.0,27,14,0.0,0.0,0.0,0.0,0.0,0.0,1.0
260459,0,1,3400,-79,79,121,21,4.2,3.9,0.0,0.0,27,14,0.0,0.0,0.0,0.0,0.0,0.0,1.0
260708,0,1,3400,-79,79,126,21,4.4,4.0,0.0,0.0,27,14,0.0,0.0,0.0,0.0,0.0,0.0,1.0
260957,0,1,3400,-79,79,121,21,4.5,3.9,0.0,0.0,27,14,0.0,0.0,0.0,0.0,0.0,0.0,1.0
261206,0,1,3400,-79,79,126,21,4.6,4.0,0.0,0.0,27,14,0.0,0.0,0.0,0.0,0.0,0.0,1.0
261455,0,1,3400,-78,78,125,21,4.7,4.0,0.0,0.0,27,14,0.0,0.0,0.0,0.0,0.0,0.0,1.0
261704,0,1,3400,-78,78,115,21,4.9,4.0,0.0,0.0,27,14,0.0,0.0,0.0,0.0,0.0,0.0,1.0
261953,0,1,3400,-78,78,105,21,5.1,4.0,0.0,0.0,27,14,0.0,0.0,0.0,0.0,0.0,0.0,1.0
262202,0,1,3400,-78,78,115,21,5.3,4.0,0.0,0.0,27,14,0.0,0.0,0.0,0.0,0.0,0.0,1.0
262451,0,1,3400,-78,78,101,21,5.4,4.0,0.0,0.0,27,14,0.0,0.0,0.0,0.0,0.0,0.0,1.0
262700,0,1,3400,-78,78,118,21,5.4,4.0,0.0,0.0,27,14,0.0,0.0,0.0,0.0,0.0,0.0,1.0
262949,0,1,3400,-78,78,99,21,5.5,4.0,0.0,0.0,27,14,0.0,0.0,0.0,0.0,0.0,0.0,1.0
263198,0,1,3400,-78,78,122,21,5.4,4.0,0.0,0.0,27,14,0.0,0.0,0.0,0.0,0.0,0.0,1.0
263447,0,1,3400,-78,78,114,21,5.5,4.0,0.0,0.0,27,14,0.0,0.0,0.0,0.0,0.0,0.0,1.0
263696,0,1,3400,-78,78,113,21,5.5,4.0,0.0,0.0,27,14,0.0,0.0,0.0,0.0,0.0,0.0,1.0
263945,0,1,3400,-78,78,113,21,5.6,3.9,0.0,0.0,27,14,0.0,0.0,0.0,0.0,0.0,0.0,1.0
264194,0,1,3400,-78,78,119,21,5.6,4.0,0.0,0.0,27,14,0.0,0.0,0.0,0.0,0.0,0.0,1.0
264443,0,1,3400,-78,78,116,21,5.7,4.0,0.0,0.0,27,14,0.0,0.0,0.0,0.0,0.0,0.0,1.0
264692,0,1,3400,-78,78,129,21,5.6,4.0,0.0,0.0,27,14,0.0,0.0,0.0,0.0,0.0,0.0,1.0
264941,0,1,3400,-78,78,121,21,5.6,3.9,0.0,0.0,27,14,0.0,0.0,0.0,0.0,0.0,0.0,1.0
265190,0,1,3400,-78,78,119,21,5.7,4.0,0.0,0.0,27,14,0.0,0.0,0.0,0.0,0.0,0.0,1.0
265439,0,1,3400,-78,78,113,21,5.6,4.0,0.0,0.0,27,14,0.0,0.0,0.0,0.0,0.0,0.0,1.0
265688,0,1,3400,-78,78,109,21,5.7,4.0,0.0,0.0,27,14,0.0,0.0,0.0,0.0,0.0,0.0,1.0
265937,0,1,3400,-78,78,121,21,5.7,4.0,0.0,0.0,27,14,0.0,0.0,0.0,0.0,0.0,0.0,1.0
266186,0,1,3400,-78,78,122,21,5.8,4.0,0.0,0.0,27,14,0.0,0.0,0.0,0.0,0.0,0.0,1.0
266435,0,1,3400,-78,78,121,21,5.7,3.9,0.0,0.0,27,14,0.0,0.0,0.0,0.0,0.0,0.0,1.0
266684,0,1,3400,-78,78,115,21,5.9,4.0,0.0,0.0,27,14,0.0,0.0,0.0,0.0,0.0,0.0,1.0
266933,0,1,3400,-78,78,112,21,5.8,4.0,0.0,0.0,27,14,0.0,0.0,0.0,0.0,0.0,0.0,1.0
267182,0,1,3400,-78,78,114,21,5.8,3.9,0.0,0.0,27,14,0.0,0.0,0.0,0.0,0.0,0.0,1.0
267431,0,1,3400,-78,78,118,21,5.9,4.0,0.0,0.0,27,14,0.0,0.0,0.0,0.0,0.0,0.0,1.0
267680,0,1,3400,-78,78,109,21,5.7,4.0,0.0,0.0,27,14,0.0,0.0,0.0,0.0,0.0,0.0,1.0
267929,0,1,3400,-78,78,111,21,5.8,4.0,0.0,0.0,27,14,0.0,0.0,0.0,0.0,0.0,0.0,1.0
268178,0,1,3400,-78,78,113,21,5.8,4.0,0.0,0.0,27,14,0.0,0.0,0.0,0.0,0.0,0.0,1.0
268427,0,1,3400,-78,78,111,21,5.9,4.0,0.0,0.0,27,14,0.0,0.0,0.0,0.0,0.0,0.0,1.0
268676,0,1,3400,-77,77,116,21,6.1,4.0,0.0,0.0,27,14,0.0,0.0,0.0,0.0,0.0,0.0,1.0
268925,0,1,3400,-77,77,120,21,6.3,4.0,0.0,0.0,27,14,0.0,0.0,0.0,0.0,0.0,0.0,1.0
269174,0,1,3400,-77,77,114,21,6.4,4.0,0.0,0.0,27,14,0.0,0.0,0.0,0.0,0.0,0.0,1.0
269423,0,1,3400,-77,77,112,21,6.4,4.0,0.0,0.0,27,14,0.0,0.0,0.0,0.0,0.0,0.0,1.0
269672,0,1,3400,-77,77,120,21,6.5,4.0,0.0,0.0,27,14,0.0,0.0,0.0,0.0,0.0,0.0,1.0
269921,0,1,3400,-77,77,107,21,6.4,4.0,0.0,0.0,27,14,0.0,0.0,0.0,0.0,0.0,0.0,1.0
270170,0,1,3400,-77,77,126,21,6.5,4.0,0.0,0.0,27,14,0.0,0.0,0.0,0.0,0.0,0.0,1.0
270419,0,1,3400,-77,77,110,21,6.4,3.9,0.0,0.0,27,14,0.0,0.0,0.0,0.0,0.0,0.0,1.0
270668,0,1,3400,-77,77,116,21,6.1,4.0,0.0,0.0,27,14,0.0,0.0,0.0,0.0,0.0,0.0,1.0
270917,0,1,3400,-77,77,112,21,6.0,4.0,0.0,0.0,27,14,0.0,0.0,0.0,0.0,0.0,0.0,1.0
271166,0,1,3400,-78,78,130,21,5.7,4.0,0.0,0.0,27,14,0.0,0.0,0.0,0.0,0.0,0.0,1.0
271415,0,1,3400,-78,78,126,21,5.7,4.0,0.0,0.0,27,14,0.0,0.0,0.0,0.0,0.0,0.0,1.0
271664,0,1,3400,-78,78,115,21,5.6,4.0,0.0,0.0,27,14,0.0,0.0,0.0,0.0,0.0,0.0,1.0
271913,0,1,3400,-78,78,121,21,5.6,4.0,0.0,0.0,27,14,0.0,0.0,0.0,0.0,0.0,0.0,1.0
272162,0,1,3400,-78,78,122,21,5.5,3.9,0.0,0.0,27,14,0.0,0.0,0.0,0.0,0.0,0.0,1.0
272411,0,1,3400,-78,78,121,21,5.6,3.9,0.0,0.0,27,14,0.0,0.0,0.0,0.0,0.0,0.0,1.0
272660,0,1,3400,-78,78,117,21,5.6,4.0,0.0,0.0,27,14,0.0,0.0,0.0,0.0,0.0,0.0,1.0
272909,0,1,3400,-78,78,122,21,5.6,4.0,0.0,0.0,27,14,0.0,0.0,0.0,0.0,0.0,0.0,1.0
273158,0,1,3400,-78,78,109,21,5.7,4.0,0.0,0.0,27,14,0.0,0.0,0.0,0.0,0.0,0.0,1.0
273407,0,1,3400,-78,78,112,21,5.5,4.0,0.0,0.0,27,14,0.0,0.0,0.0,0.0,0.0,0.0,1.0
273656,0,1,3400,-78,78,124,21,5.3,4.0,0.0,0.0,27,14,0.0,0.0,0.0,0.0,0.0,0.0,1.0
273905,0,1,3400,-78,78,122,21,5.2,3.9,0.0,0.0,27,14,0.0,0.0,0.0,0.0,0.0,0.0,1.0
274154,0,1,3400,-78,78,120,17,5.1,4.0,0.0,100.000000,27,14,0.0,0.0,0.0,0.0,0.0,0.0,1.0
274403,0,1,3400,-78,78,131,16,5.0,4.0,0.0,0.0,27,14,0.0,0.0,0.0,0.0,0.0,0.0,1.0
274652,0,1,3400,-78,78,112,16,4.9,4.0,0.0,0.0,27,14,0.0,0.0,0.0,0.0,0.0,0.0,1.0
274901,0,1,3400,-78,78,109,16,5.1,4.0,0.0,0.0,27,14,0.0,0.0,0.0,0.0,0.0,0.0,1.0
275150,0,1,3400,-78,78,110,16,5.1,3.9,0.0,0.0,27,14,0.0,0.0,0.0,0.0,0.0,0.0,1.0
275399,0,1,3400,-78,78,114,16,5.0,4.0,0.0,0.0,27,14,0.0,0.0,0.0,0.0,0.0,0.0,1.0
275648,0,1,3400,-78,78,115,16,5.0,4.0,0.0,0.0,27,14,0.0,0.0,0.0,0.0,0.0,0.0,1.0
275898,0,1,3400,-78,78,122,14,5.0,4.0,0.0,100.000000,27,14,0.0,0.0,0.0,0.0,0.0,0.0,1.0
276147,0,1,3400,-78,78,117,7.8,5.0,4.0,0.0,100.000000,27,14,0.0,0.0,0.0,0.0,0.0,0.0,1.0
276396,0,1,3400,-78,78,115,7.5,5.1,4.0,0.0,0.0,27,14,0.0,0.0,0.0,0.0,0.0,0.0,1.0
276645,0,1,3400,-78,78,100,7.5,5.2,4.0,0.0,0.0,27,14,0.0,0.0,0.0,0.0,0.0,0.0,1.0
276894,0,1,3400,-78,78,101,7.4,5.4,4.0,0.0,0.0,27,14,0.0,0.0,0.0,0.0,0.0,0.0,1.0
277143,0,1,3400,-78,78,116,7.5,5.6,4.0,0.0,0.0,27,14,0.0,0.0,0.0,0.0,0.0,0.0,1.0
277392,0,1,3400,-78,78,112,7.5,5.8,4.0,0.0,0.0,27,14,0.0,0.0,0.0,0.0,0.0,0.0,1.0
277641,0,1,3400,-78,78,112,7.4,5.7,3.9,0.0,0.0,27,14,0.0,0.0,0.0,0.0,0.0,0.0,1.0
277890,0,1,3400,-78,78,119,7.4,5.7,4.0,0.0,0.0,27,14,0.0,0.0,0.0,0.0,0.0,0.0,1.0
278139,0,1,3400,-78,78,121,7.5,5.6,4.0,0.0,0.0,27,14,0.0,0.0,0.0,0.0,0.0,0.0,1.0
278388,0,1,3400,-78,78,123,7.5,5.5,4.0,0.0,0.0,27,14,0.0,0.0,0.0,0.0,0.0,0.0,1.0
278637,0,1,3400,-78,78,127,7.5,5.7,4.0,0.0,0.0,27,14,0.0,0.0,0.0,0.0,0.0,0.0,1.0
278886,0,1,3400,-78,78,127,7.5,5.5,4.0,0.0,0.0,27,14,0.0,0.0,0.0,0.0,0.0,0.0,1.0
279135,0,1,3400,-78,78,125,7.4,5.6,4.0,0.0,0.0,27,14,0.0,0.0,0.0,0.0,0.0,0.0,1.0
279384,0,1,3400,-78,78,112,7.5,5.6,4.0,0.0,0.0,27,14,0.0,0.0,0.0,0.0,0.0,0.0,1.0
279633,0,1,3400,-78,78,111,7.5,5.4,4.0,0.0,0.0,27,14,0.0,0.0,0.0,0.0,0.0,0.0,1.0
279882,0,1,3400,-78,78,115,7.5,5.2,4.0,0.0,0.0,27,14,0.0,0.0,0.0,0.0,0.0,0.0,1.0
280131,0,1,3400,-78,78,112,7.5,5.0,4.0,0.0,0.0,27,14,0.0,0.0,0.0,0.0,0.0,0.0,1.0
280380,0,1,3400,-78,78,122,7.4,5.2,4.0,0.0,0.0,27,14,0.0,0.0,0.0,0.0,0.0,0.0,1.0
280629,0,1,3400,-78,78,119,7.4,5.0,4.0,0.0,0.0,27,14,0.0,0.0,0.0,0.0,0.0,0.0,1.0
280878,0,1,3400,-78,78,117,7.5,5.0,4.0,0.0,0.0,27,14,0.0,0.0,0.0,0.0,0.0,0.0,1.0
281127,0,1,3400,-78,78,124,7.5,4.9,4.0,0.0,0.0,27,14,0.0,0.0,0.0,0.0,0.0,0.0,1.0
281376,0,1,3400,-78,78,125,7.5,5.1,4.0,0.0,0.0,27,14,0.0,0.0,0.0,0.0,0.0,0.0,1.0
281625,0,1,3400,-78,78,121,7.5,5.2,4.0,0.0,0.0,27,14,0.0,0.0,0.0,0.0,0.0,0.0,1.0
281874,0,1,3400,-78,78,128,7.5,5.4,4.0,0.0,0.0,27,14,0.0,0.0,0.0,0.0,0.0,0.0,1.0
282123,0,1,3400,-78,78,116,7.5,5.5,4.0,0.0,0.0,27,14,0.0,0.0,0.0,0.0,0.0,0.0,1.0
282372,0,1,3400,-78,78,118,7.5,5.6,4.0,0.0,0.0,27,14,0.0,0.0,0.0,0.0,0.0,0.0,1.0
282621,0,1,3400,-78,78,110,7.5,5.6,4.0,0.0,0.0,27,14,0.0,0.0,0.0,0.0,0.0,0.0,1.0
282870,0,1,3400,-78,78,121,7.5,5.6,4.0,0.0,0.0,27,14,0.0,0.0,0.0,0.0,0.0,0.0,1.0
283119,0,1,3400,-78,78,113,7.5,5.7,4.0,0.0,0.0,27,14,0.0,0.0,0.0,0.0,0.0,0.0,1.0
283368,0,1,3400,-78,78,94,7.5,5.3,4.0,0.0,0.0,27,14,0.0,0.0,0.0,0.0,0.0,0.0,1.0
283617,0,1,3400,-78,78,117,7.5,5.3,4.0,0.0,0.0,27,14,0.0,0.0,0.0,0.0,0.0,0.0,1.0
283866,0,1,3400,-78,78,112,7.5,5.1,4.0,0.0,0.0,27,14,0.0,0.0,0.0,0.0,0.0,0.0,1.0
284115,0,1,3400,-78,78,122,7.5,5.0,4.0,0.0,0.0,27,14,0.0,0.0,0.0,0.0,0.0,0.0,1.0
284364,0,1,3400,-78,78,126,7.5,4.9,4.0,0.0,0.0,27,14,0.0,0.0,0.0,0.0,0.0,0.0,1.0
284613,0,1,3400,-78,78,117,7.5,4.8,4.0,0.0,0.0,27,14,0.0,0.0,0.0,0.0,0.0,0.0,1.0
284862,0,1,3400,-78,78,122,7.5,4.8,4.0,0.0,0.0,27,14,0.0,0.0,0.0,0.0,0.0,0.0,1.0
285111,0,1,3400,-78,78,123,7.5,4.8,4.0,0.0,0.0,27,14,0.0,0.0,0.0,0.0,0.0,0.0,1.0
285360,0,1,3400,-78,78,119,7.5,5.0,4.0,0.0,0.0,27,14,0.0,0.0,0.0,0.0,0.0,0.0,1.0
285609,0,1,3400,-78,78,121,7.5,5.1,4.0,0.0,0.0,27,14,0.0,0.0,0.0,0.0,0.0,0.0,1.0
285858,0,1,3400,-78,78,123,7.5,5.3,4.0,0.0,0.0,27,14,0.0,0.0,0.0,0.0,0.0,0.0,1.0
286107,0,1,3400,-78,78,127,7.5,5.4,4.0,0.0,0.0,27,14,0.0,0.0,0.0,0.0,0.0,0.0,1.0
286356,0,1,3400,-78,78,124,7.5,5.5,4.0,0.0,0.0,27,14,0.0,0.0,0.0,0.0,0.0,0.0,1.0
286605,0,1,3400,-78,78,115,7.5,5.5,4.0,0.0,0.0,27,14,0.0,0.0,0.0,0.0,0.0,0.0,1.0
286854,0,1,3400,-78,78,111,7.5,5.4,4.0,0.0,0.0,27,14,0.0,0.0,0.0,0.0,0.0,0.0,1.0
287103,0,1,3400,-78,78,116,7.5,5.5,4.0,0.0,0.0,27,14,0.0,0.0,0.0,0.0,0.0,0.0,1.0
287352,0,1,3400,-78,78,116,7.5,5.4,4.0,0.0,0.0,27,14,0.0,0.0,0.0,0.0,0.0,0.0,1.0
287601,0,1,3400,-78,78,119,7.5,5.5,4.0,0.0,0.0,27,14,0.0,0.0,0.0,0.0,0.0,0.0,1.0
287850,0,1,3400,-78,78,119,7.5,5.5,4.0,0.0,0.0,27,14,0.0,0.0,0.0,0.0,0.0,0.0,1.0
288099,0,1,3400,-78,78,124,7.5,5.4,4.0,0.0,0.0,27,14,0.0,0.0,0.0,0.0,0.0,0.0,1.0
288348,0,1,3400,-78,78,107,7.5,5.5,4.0,0.0,0.0,27,14,0.0,0.0,0.0,0.0,0.0,0.0,1.0
288597,0,1,3400,-78,78,100,7.5,5.8,4.0,0.0,0.0,27,14,0.0,0.0,0.0,0.0,0.0,0.0,1.0
288846,0,1,3400,-77,77,106,7.5,5.9,4.0,0.0,0.0,27,14,0.0,0.0,0.0,0.0,0.0,0.0,1.0
289095,0,1,3400,-77,77,111,7.5,6.0,4.0,0.0,0.0,27,14,0.0,0.0,0.0,0.0,0.0,0.0,1.0
289344,0,1,3400,-77,77,115,7.5,6.2,4.0,0.0,0.0,27,14,0.0,0.0,0.0,0.0,0.0,0.0,1.0
289593,0,1,3400,-77,77,116,7.5,6.2,4.0,0.0,0.0,27,14,0.0,0.0,0.0,0.0,0.0,0.0,1.0
289842,0,1,3400,-77,77,114,7.5,6.2,4.0,0.0,0.0,27,14,0.0,0.0,0.0,0.0,0.0,0.0,1.0
290091,0,1,3400,-77,77,118,7.5,6.1,4.0,0.0,0.0,27,14,0.0,0.0,0.0,0.0,0.0,0.0,1.0
290340,0,1,3400,-77,77,123,7.5,6.3,4.0,0.0,0.0,27,14,0.0,0.0,0.0,0.0,0.0,0.0,1.0
290589,0,1,3400,-77,77,124,7.5,6.5,4.0,0.0,0.0,27,14,0.0,0.0,0.0,0.0,0.0,0.0,1.0
290838,0,1,3400,-77,77,116,7.5,6.7,4.0,0.0,0.0,27,14,0.0,0.0,0.0,0.0,0.0,0.0,1.0
291087,0,1,3400,-76,76,121,7.5,6.9,4.0,0.0,0.0,27,14,0.0,0.0,0.0,0.0,0.0,0.0,1.0
291336,0,1,3400,-76,76,114,7.5,6.9,4.0,0.0,0.0,27,14,0.0,0.0,0.0,0.0,0.0,0.0,1.0
291585,0,1,3400,-76,76,110,7.5,7.0,4.0,0.0,0.0,27,14,0.0,0.0,0.0,0.0,0.0,0.0,1.0
291834,0,1,3400,-76,76,113,7.5,7.0,4.0,0.0,0.0,27,14,0.0,0.0,0.0,0.0,0.0,0.0,1.0
292083,0,1,3400,-76,76,113,7.5,7.0,4.0,0.0,0.0,27,14,0.0,0.0,0.0,0.0,0.0,0.0,1.0
292332,0,1,3400,-77,77,113,7.5,6.8,4.0,0.0,0.0,27,14,0.0,0.0,0.0,0.0,0.0,0.0,1.0
292581,0,1,3400,-77,77,117,7.5,6.7,4.0,0.0,0.0,27,14,0.0,0.0,0.0,0.0,0.0,0.0,1.0
292830,0,1,3400,-77,77,118,7.5,6.6,4.0,0.0,0.0,27,14,0.0,0.0,0.0,0.0,0.0,0.0,1.0
293079,0,1,3400,-77,77,106,7.5,6.4,4.0,0.0,0.0,27,14,0.0,0.0,0.0,0.0,0.0,0.0,1.0
293328,0,1,3400,-77,77,117,7.5,6.5,4.0,0.0,0.0,27,14,0.0,0.0,0.0,0.0,0.0,0.0,1.0
293577,0,1,3400,-77,77,120,7.5,6.4,4.0,0.0,0.0,27,14,0.0,0.0,0.0,0.0,0.0,0.0,1.0
293826,0,1,3400,-77,77,119,7.5,6.4,4.0,0.0,0.0,27,14,0.0,0.0,0.0,0.0,0.0,0.0,1.0
294075,0,1,3400,-77,77,121,7.5,6.4,4.0,0.0,0.0,27,14,0.0,0.0,0.0,0.0,0.0,0.0,1.0
294324,0,1,3400,-77,77,131,7.5,6.4,4.0,0.0,0.0,27,14,0.0,0.0,0.0,0.0,0.0,0.0,1.0
294573,0,1,3400,-77,77,123,7.5,6.4,4.0,0.0,0.0,27,14,0.0,0.0,0.0,0.0,0.0,0.0,1.0
294822,0,1,3400,-77,77,122,7.5,6.5,4.0,0.0,0.0,27,14,0.0,0.0,0.0,0.0,0.0,0.0,1.0
295071,0,1,3400,-77,77,117,7.5,6.4,4.0,0.0,0.0,27,14,0.0,0.0,0.0,0.0,0.0,0.0,1.0
295320,0,1,3400,-77,77,118,7.5,6.6,4.0,0.0,0.0,27,14,0.0,0.0,0.0,0.0,0.0,0.0,1.0
295569,0,1,3400,-77,77,115,7.5,6.9,4.0,0.0,0.0,27,14,0.0,0.0,0.0,0.0,0.0,0.0,1.0
295818,0,1,3400,-77,77,119,7.5,7.2,4.0,0.0,0.0,27,14,0.0,0.0,0.0,0.0,0.0,0.0,1.0
296067,0,1,3400,-77,77,121,7.5,7.3,4.0,0.0,0.0,27,14,0.0,0.0,0.0,0.0,0.0,0.0,1.0
296316,0,1,3400,-76,76,123,7.5,7.4,4.0,0.0,0.0,27,14,0.0,0.0,0.0,0.0,0.0,0.0,1.0
296565,0,1,3400,-76,76,121,7.5,7.3,4.0,0.0,0.0,27,14,0.0,0.0,0.0,0.0,0.0,0.0,1.0
296814,0,1,3400,-76,76,116,7.5,7.6,4.0,0.0,0.0,27,14,0.0,0.0,0.0,0.0,0.0,0.0,1.0
297063,0,1,3400,-76,76,115,7.5,7.6,4.0,0.0,0.0,27,14,0.0,0.0,0.0,0.0,0.0,0.0,1.0
297312,0,1,3400,-76,76,111,7.5,7.5,4.0,0.0,0.0,27,14,0.0,0.0,0.0,0.0,0.0,0.0,1.0
297561,0,1,3400,-76,76,120,7.5,7.6,4.0,0.0,0.0,27,14,0.0,0.0,0.0,0.0,0.0,0.0,1.0
297810,0,1,3400,-76,76,116,7.5,7.5,4.0,0.0,0.0,27,14,0.0,0.0,0.0,0.0,0.0,0.0,1.0
298059,0,1,3400,-76,76,115,7.5,7.6,4.0,0.0,0.0,27,14,0.0,0.0,0.0,0.0,0.0,0.0,1.0
298308,0,1,3400,-77,77,127,7.5,7.5,4.0,0.0,0.0,27,14,0.0,0.0,0.0,0.0,0.0,0.0,1.0
298557,0,1,3400,-77,77,121,7.5,7.3,4.0,0.0,0.0,27,14,0.0,0.0,0.0,0.0,0.0,0.0,1.0
298806,0,1,3400,-77,77,116,7.5,7.1,4.0,0.0,0.0,27,14,0.0,0.0,0.0,0.0,0.0,0.0,1.0
299055,0,1,3400,-77,77,130,7.5,6.9,4.0,0.0,0.0,27,14,0.0,0.0,0.0,0.0,0.0,0.0,1.0
299304,0,1,3400,-77,77,117,7.5,6.9,4.0,0.0,0.0,27,14,0.0,0.0,0.0,0.0,0.0,0.0,1.0
299553,0,1,3400,-77,77,115,7.5,6.8,4.0,0.0,0.0,27,14,0.0,0.0,0.0,0.0,0.0,0.0,1.0
299802,0,1,3400,-77,77,110,7.5,7.0,4.0,0.0,0.0,27,14,0.0,0.0,0.0,0.0,0.0,0.0,1.0
300051,0,1,3400,-77,77,119,7.5,6.9,4.0,0.0,0.0,27,14,0.0,0.0,0.0,0.0,0.0,0.0,1.0
300300,0,1,3400,-77,77,119,7.5,6.9,4.0,0.0,0.0,27,14,0.0,0.0,0.0,0.0,0.0,0.0,1.0
300549,0,1,3400,-77,77,120,7.5,6.9,4.0,0.0,0.0,27,14,0.0,0.0,0.0,0.0,0.0,0.0,1.0
300798,0,1,3400,-77,77,119,7.5,7.0,4.0,0.0,0.0,27,14,0.0,0.0,0.0,0.0,0.0,0.0,1.0
301047,0,1,3400,-77,77,119,7.5,7.0,4.0,0.0,0.0,27,14,0.0,0.0,0.0,0.0,0.0,0.0,1.0
301296,0,1,3400,-77,77,116,7.5,7.0,4.0,0.0,0.0,27,14,0.0,0.0,0.0,0.0,0.0,0.0,1.0
301545,0,1,3400,-77,77,113,7.5,7.2,4.0,0.0,0.0,27,14,0.0,0.0,0.0,0.0,0.0,0.0,1.0
301794,0,1,3400,-77,77,121,7.5,7.6,4.0,0.0,0.0,27,14,0.0,0.0,0.0,0.0,0.0,0.0,1.0
302043,0,1,3400,-77,77,117,7.5,7.7,4.0,0.0,0.0,27,14,0.0,0.0,0.0,0.0,0.0,0.0,1.0
302292,0,1,3400,-76,76,112,7.5,7.7,4.0,0.0,0.0,27,14,0.0,0.0,0.0,0.0,0.0,0.0,1.0
302541,0,1,3400,-76,76,111,7.5,8.1,4.0,0.0,0.0,27,14,0.0,0.0,0.0,0.0,0.0,0.0,1.0
302790,0,1,3400,-76,76,117,7.5,8.4,4.0,0.0,0.0,27,14,0.0,0.0,0.0,0.0,0.0,0.0,1.0
303039,0,1,3400,-76,76,122,7.5,8.4,4.0,0.0,0.0,27,14,0.0,0.0,0.0,0.0,0.0,0.0,1.0
303288,0,1,3400,-76,76,119,7.5,8.6,4.0,0.0,0.0,27,14,0.0,0.0,0.0,0.0,0.0,0.0,1.0
303537,0,1,3400,-76,76,111,7.5,8.6,4.0,0.0,0.0,27,14,0.0,0.0,0.0,0.0,0.0,0.0,1.0
303786,0,1,3400,-76,76,113,7.5,8.6,4.0,0.0,0.0,27,14,0.0,0.0,0.0,0.0,0.0,0.0,1.0
304035,0,1,3400,-76,76,122,7.5,8.4,4.0,0.0,0.0,27,14,0.0,0.0,0.0,0.0,0.0,0.0,1.0
304284,0,1,3400,-76,76,120,7.5,8.5,4.0,0.0,0.0,27,14,0.0,0.0,0.0,0.0,0.0,0.0,1.0
304533,0,1,3400,-76,76,126,7.5,8.2,4.0,0.0,0.0,27,14,0.0,0.0,0.0,0.0,0.0,0.0,1.0
304782,0,1,3400,-76,76,117,7.5,8.0,4.0,0.0,0.0,27,14,0.0,0.0,0.0,0.0,0.0,0.0,1.0
305031,0,1,3400,-76,76,112,7.5,7.8,4.0,0.0,0.0,27,14,0.0,0.0,0.0,0.0,0.0,0.0,1.0
305280,0,1,3400,-76,76,114,7.5,8.0,4.0,0.0,0.0,27,14,0.0,0.0,0.0,0.0,0.0,0.0,1.0
305529,0,1,3400,-76,76,114,7.5,8.2,4.0,0.0,0.0,27,14,0.0,0.0,0.0,0.0,0.0,0.0,1.0
305778,0,1,3400,-76,76,116,7.5,8.3,4.0,0.0,0.0,27,14,0.0,0.0,0.0,0.0,0.0,0.0,1.0
306027,0,1,3400,-76,76,115,7.5,8.6,4.0,0.0,0.0,27,14,0.0,0.0,0.0,0.0,0.0,0.0,1.0
306276,0,1,3400,-76,76,121,7.5,8.6,4.0,0.0,0.0,27,14,0.0,0.0,0.0,0.0,0.0,0.0,1.0
306525,0,1,3400,-76,76,121,7.5,8.4,4.0,0.0,0.0,27,14,0.0,0.0,0.0,0.0,0.0,0.0,1.0
306774,0,1,3400,-76,76,121,7.5,8.2,4.0,0.0,0.0,27,14,0.0,0.0,0.0,0.0,0.0,0.0,1.0
307023,0,1,3400,-76,76,119,7.5,8.0,4.0,0.0,0.0,27,14,0.0,0.0,0.0,0.0,0.0,0.0,1.0
307272,0,1,3400,-77,77,113,7.5,7.8,4.0,0.0,0.0,27,14,0.0,0.0,0.0,0.0,0.0,0.0,1.0
307521,0,1,3400,-77,77,125,7.5,7.8,4.0,0.0,0.0,27,14,0.0,0.0,0.0,0.0,0.0,0.0,1.0
307770,0,1,3400,-77,77,121,7.5,8.0,4.0,0.0,0.0,27,14,0.0,0.0,0.0,0.0,0.0,0.0,1.0
308019,0,1,3400,-77,77,125,7.5,7.9,4.0,0.0,0.0,27,14,0.0,0.0,0.0,0.0,0.0,0.0,1.0
308268,0,1,3400,-76,76,120,7.5,8.0,4.0,0.0,0.0,27,14,0.0,0.0,0.0,0.0,0.0,0.0,1.0
308517,0,1,3400,-76,76,119,7.5,8.4,4.0,0.0,0.0,27,14,0.0,0.0,0.0,0.0,0.0,0.0,1.0
308766,0,1,3400,-76,76,125,7.5,8.5,4.0,0.0,0.0,27,14,0.0,0.0,0.0,0.0,0.0,0.0,1.0
309015,0,1,3400,-76,76,118,7.5,8.7,4.0,0.0,0.0,27,14,0.0,0.0,0.0,0.0,0.0,0.0,1.0
309264,0,1,3400,-76,76,113,7.5,8.9,4.0,0.0,0.0,27,14,0.0,0.0,0.0,0.0,0.0,0.0,1.0
309513,0,1,3400,-75,75,112,7.5,9.1,4.0,0.0,0.0,27,14,0.0,0.0,0.0,0.0,0.0,0.0,1.0
309762,0,1,3400,-75,75,114,7.5,9.5,4.0,0.0,0.0,27,14,0.0,0.0,0.0,0.0,0.0,0.0,1.0
310011,0,1,3400,-75,75,114,7.5,9.6,4.0,0.0,0.0,27,14,0.0,0.0,0.0,0.0,0.0,0.0,1.0
310260,0,1,3400,-75,75,116,7.5,9.9,4.0,0.0,0.0,27,14,0.0,0.0,0.0,0.0,0.0,0.0,1.0
310509,0,1,3400,-75,75,115,7.5,10,4.0,0.0,0.0,27,14,0.0,0.0,0.0,0.0,0.0,0.0,1.0
310758,0,1,3400,-74,74,116,7.5,10,4.0,0.0,0.0,27,14,0.0,0.0,0.0,0.0,0.0,0.0,1.0
311007,0,1,3400,-74,74,117,7.5,10,4.0,0.0,0.0,27,14,0.0,0.0,0.0,0.0,0.0,0.0,1.0
311256,0,1,3400,-74,74,110,7.5,11,4.0,0.0,0.0,27,14,0.0,0.0,0.0,0.0,0.0,0.0,1.0
311505,0,1,3400,-74,74,108,7.5,11,4.0,0.0,0.0,27,14,0.0,0.0,0.0,0.0,0.0,0.0,1.0
311754,0,1,3400,-74,74,108,7.5,10,4.0,0.0,0.0,27,14,0.0,0.0,0.0,0.0,0.0,0.0,1.0
312003,0,1,3400,-74,74,114,7.5,11,4.0,0.0,0.0,27,14,0.0,0.0,0.0,0.0,0.0,0.0,1.0
312252,0,1,3400,-74,74,121,7.5,11,4.0,0.0,0.0,27,14,0.0,0.0,0.0,0.0,0.0,0.0,1.0
312501,0,1,3400,-74,74,118,7.5,11,4.0,0.0,0.0,27,14,0.0,0.0,0.0,0.0,0.0,0.0,1.0
312750,0,1,3400,-73,73,116,7.5,11,4.0,0.0,0.0,27,14,0.0,0.0,0.0,0.0,0.0,0.0,1.0
312999,0,1,3400,-73,73,116,7.5,11,4.0,0.0,0.0,27,14,0.0,0.0,0.0,0.0,0.0,0.0,1.0
313248,0,1,3400,-73,73,113,7.5,11,4.0,0.0,0.0,27,14,0.0,0.0,0.0,0.0,0.0,0.0,1.0
313497,0,1,3400,-73,73,111,7.5,12,4.0,0.0,0.0,27,14,0.0,0.0,0.0,0.0,0.0,0.0,1.0
313746,0,1,3400,-73,73,117,7.5,12,4.0,0.0,0.0,27,14,0.0,0.0,0.0,0.0,0.0,0.0,1.0
313995,0,1,3400,-73,73,126,7.5,12,4.0,0.0,0.0,27,14,0.0,0.0,0.0,0.0,0.0,0.0,1.0
314244,0,1,3400,-73,73,121,7.5,11,4.0,0.0,0.0,27,14,0.0,0.0,0.0,0.0,0.0,0.0,1.0
314493,0,1,3400,-73,73,117,7.5,11,4.0,0.0,0.0,27,14,0.0,0.0,0.0,0.0,0.0,0.0,1.0
314742,0,1,3400,-73,73,122,7.5,12,4.0,0.0,0.0,27,14,0.0,0.0,0.0,0.0,0.0,0.0,1.0
314991,0,1,3400,-73,73,116,7.5,11,4.0,0.0,0.0,27,14,0.0,0.0,0.0,0.0,0.0,0.0,1.0
315240,0,1,3400,-73,73,121,7.5,12,4.0,0.0,0.0,27,14,0.0,0.0,0.0,0.0,0.0,0.0,1.0
315489,0,1,3400,-73,73,118,7.5,11,4.0,0.0,0.0,27,14,0.0,0.0,0.0,0.0,0.0,0.0,1.0
315738,0,1,3400,-73,73,115,7.5,11,4.0,0.0,0.0,27,14,0.0,0.0,0.0,0.0,0.0,0.0,1.0
315987,0,1,3400,-73,73,112,7.5,11,4.0,0.0,0.0,27,14,0.0,0.0,0.0,0.0,0.0,0.0,1.0
316236,0,1,3400,-73,73,114,7.5,11,4.0,0.0,0.0,27,14,0.0,0.0,0.0,0.0,0.0,0.0,1.0
316485,0,1,3400,-73,73,107,7.5,12,4.0,0.0,0.0,27,14,0.0,0.0,0.0,0.0,0.0,0.0,1.0
316734,0,1,3400,-73,73,105,7.5,11,4.0,0.0,0.0,27,14,0.0,0.0,0.0,0.0,0.0,0.0,1.0
316983,0,1,3400,-73,73,112,7.5,12,4.0,0.0,0.0,27,14,0.0,0.0,0.0,0.0,0.0,0.0,1.0
317232,0,1,3400,-73,73,117,7.5,11,4.0,0.0,0.0,27,14,0.0,0.0,0.0,0.0,0.0,0.0,1.0
317481,0,1,3400,-73,73,115,7.5,11,4.0,0.0,0.0,27,14,0.0,0.0,0.0,0.0,0.0,0.0,1.0
317730,0,1,3400,-73,73,118,7.5,11,4.0,0.0,0.0,27,14,0.0,0.0,0.0,0.0,0.0,0.0,1.0
317979,0,1,3400,-73,73,116,7.5,12,4.0,0.0,0.0,27,14,0.0,0.0,0.0,0.0,0.0,0.0,1.0
318228,0,1,3400,-73,73,124,7.5,11,4.0,0.0,0.0,27,14,0.0,0.0,0.0,0.0,0.0,0.0,1.0
318477,0,1,3400,-73,73,126,7.5,12,4.0,0.0,0.0,27,14,0.0,0.0,0.0,0.0,0.0,0.0,1.0
318726,0,1,3400,-73,73,125,7.5,11,4.0,0.0,0.0,27,14,0.0,0.0,0.0,0.0,0.0,0.0,1.0
318975,0,1,3400,-73,73,118,7.5,11,4.0,0.0,0.0,27,14,0.0,0.0,0.0,0.0,0.0,0.0,1.0
319224,0,1,3400,-73,73,118,7.5,12,4.0,0.0,0.0,27,14,0.0,0.0,0.0,0.0,0.0,0.0,1.0
319473,0,1,3400,-73,73,125,7.5,12,4.0,0.0,0.0,27,14,0.0,0.0,0.0,0.0,0.0,0.0,1.0
319722,0,1,3400,-73,73,126,7.5,12,4.0,0.0,0.0,27,14,0.0,0.0,0.0,0.0,0.0,0.0,1.0
319971,0,1,3400,-72,72,123,7.5,12,4.0,0.0,0.0,27,14,0.0,0.0,0.0,0.0,0.0,0.0,1.0
320220,0,1,3400,-72,72,128,7.5,13,4.0,0.0,0.0,27,14,0.0,0.0,0.0,0.0,0.0,0.0,1.0
320469,0,1,3400,-72,72,117,7.5,13,4.0,0.0,0.0,27,14,0.0,0.0,0.0,0.0,0.0,0.0,1.0
320718,0,1,3400,-72,72,111,7.5,13,4.0,0.0,0.0,27,14,0.0,0.0,0.0,0.0,0.0,0.0,1.0
320967,0,1,3400,-71,71,118,7.5,13,4.0,0.0,0.0,27,14,0.0,0.0,0.0,0.0,0.0,0.0,1.0
321216,0,1,3400,-71,71,112,7.5,13,4.0,0.0,0.0,27,14,0.0,0.0,0.0,0.0,0.0,0.0,1.0
321465,0,1,3400,-71,71,113,7.5,14,4.0,0.0,0.0,27,14,0.0,0.0,0.0,0.0,0.0,0.0,1.0
321714,0,1,3400,-71,71,121,7.5,14,4.0,0.0,0.0,27,14,0.0,0.0,0.0,0.0,0.0,0.0,1.0
321963,0,1,3400,-70,70,124,7.5,14,4.0,0.0,0.0,27,14,0.0,0.0,0.0,0.0,0.0,0.0,1.0
322212,0,1,3400,-70,70,116,7.5,14,4.0,0.0,0.0,27,14,0.0,0.0,0.0,0.0,0.0,0.0,1.0
322461,0,1,3400,-70,70,113,7.5,14,4.0,0.0,0.0,27,14,0.0,0.0,0.0,0.0,0.0,0.0,1.0
322710,0,1,3400,-70,70,115,7.5,14,4.0,0.0,0.0,27,14,0.0,0.0,0.0,0.0,0.0,0.0,1.0
322959,0,1,3400,-70,70,114,7.5,14,4.0,0.0,0.0,27,14,0.0,0.0,0.0,0.0,0.0,0.0,1.0
323208,0,1,3400,-70,70,118,7.5,14,4.0,0.0,0.0,27,14,0.0,0.0,0.0,0.0,0.0,0.0,1.0
323457,0,1,3400,-70,70,118,7.5,14,4.0,0.0,0.0,27,14,0.0,0.0,0.0,0.0,0.0,0.0,1.0
323706,0,1,3400,-70,70,118,7.5,14,4.0,0.0,0.0,27,14,0.0,0.0,0.0,0.0,0.0,0.0,1.0
323955,0,1,3400,-70,70,123,7.5,14,4.0,0.0,0.0,27,14,0.0,0.0,0.0,0.0,0.0,0.0,1.0
324204,0,1,3400,-70,70,123,7.5,14,4.0,0.0,0.0,27,14,0.0,0.0,0.0,0.0,0.0,0.0,1.0
324453,0,1,3400,-71,71,121,7.5,14,4.0,0.0,0.0,27,14,0.0,0.0,0.0,0.0,0.0,0.0,1.0
324702,0,1,3400,-71,71,120,7.5,14,4.0,0.0,0.0,27,14,0.0,0.0,0.0,0.0,0.0,0.0,1.0
324951,0,1,3400,-71,71,115,7.5,14,4.0,0.0,0.0,27,14,0.0,0.0,0.0,0.0,0.0,0.0,1.0
325200,0,1,3400,-71,71,112,7.5,14,4.0,0.0,0.0,27,14,0.0,0.0,0.0,0.0,0.0,0.0,1.0
325449,0,1,3400,-71,71,118,7.5,14,4.0,0.0,0.0,27,14,0.0,0.0,0.0,0.0,0.0,0.0,1.0
325698,0,1,3400,-71,71,120,7.5,14,4.0,0.0,0.0,27,14,0.0,0.0,0.0,0.0,0.0,0.0,1.0
325947,0,1,3400,-70,70,125,7.5,14,4.0,0.0,0.0,27,14,0.0,0.0,0.0,0.0,0.0,0.0,1.0
326196,0,1,3400,-70,70,121,7.5,15,4.0,0.0,0.0,27,14,0.0,0.0,0.0,0.0,0.0,0.0,1.0
326445,0,1,3400,-70,70,116,7.5,15,4.0,0.0,0.0,27,14,0.0,0.0,0.0,0.0,0.0,0.0,1.0
326694,0,1,3400,-70,70,107,7.5,15,4.0,0.0,0.0,27,14,0.0,0.0,0.0,0.0,0.0,0.0,1.0
326943,0,1,3400,-70,70,110,7.5,15,4.0,0.0,0.0,27,14,0.0,0.0,0.0,0.0,0.0,0.0,1.0
327192,0,1,3400,-70,70,113,7.5,15,4.0,0.0,0.0,27,14,0.0,0.0,0.0,0.0,0.0,0.0,1.0
327441,0,1,3400,-70,70,112,7.5,15,4.0,0.0,0.0,27,14,0.0,0.0,0.0,0.0,0.0,0.0,1.0
327690,0,1,3400,-70,70,116,7.5,16,4.0,0.0,0.0,27,14,0.0,0.0,0.0,0.0,0.0,0.0,1.0
327939,0,1,3400,-69,69,120,7.5,16,4.0,0.0,0.0,27,14,0.0,0.0,0.0,0.0,0.0,0.0,1.0
328188,0,1,3400,-69,69,126,7.5,16,4.0,0.0,0.0,27,14,0.0,0.0,0.0,0.0,0.0,0.0,1.0
328437,0,1,3400,-69,69,121,7.5,16,4.0,0.0,0.0,27,14,0.0,0.0,0.0,0.0,0.0,0.0,1.0
328686,0,1,3400,-69,69,121,7.5,16,4.0,0.0,0.0,27,14,0.0,0.0,0.0,0.0,0.0,0.0,1.0
328935,0,1,3400,-69,69,121,7.5,16,4.0,0.0,0.0,27,14,0.0,0.0,0.0,0.0,0.0,0.0,1.0
329184,0,1,3400,-69,69,132,7.5,15,4.0,0.0,0.0,27,14,0.0,0.0,0.0,0.0,0.0,0.0,1.0
329433,0,1,3400,-70,70,129,7.5,15,4.0,0.0,0.0,27,14,0.0,0.0,0.0,0.0,0.0,0.0,1.0
329682,0,1,3400,-70,70,121,7.5,15,4.0,0.0,0.0,27,14,0.0,0.0,0.0,0.0,0.0,0.0,1.0
329931,0,1,3400,-70,70,121,7.5,15,4.0,0.0,0.0,27,14,0.0,0.0,0.0,0.0,0.0,0.0,1.0
330180,0,1,3400,-70,70,119,7.5,15,4.0,0.0,0.0,27,14,0.0,0.0,0.0,0.0,0.0,0.0,1.0
330429,0,1,3400,-70,70,115,7.5,15,4.0,0.0,0.0,27,14,0.0,0.0,0.0,0.0,0.0,0.0,1.0
330678,0,1,3400,-70,70,120,7.5,15,4.0,0.0,0.0,27,14,0.0,0.0,0.0,0.0,0.0,0.0,1.0
330927,0,1,3400,-70,70,121,7.5,15,4.0,0.0,0.0,27,14,0.0,0.0,0.0,0.0,0.0,0.0,1.0
331176,0,1,3400,-70,70,121,7.5,15,4.0,0.0,0.0,27,14,0.0,0.0,0.0,0.0,0.0,0.0,1.0
331425,0,1,3400,-71,71,114,7.5,14,4.0,0.0,0.0,27,14,0.0,0.0,0.0,0.0,0.0,0.0,1.0
331674,0,1,3400,-71,71,113,7.5,14,4.0,0.0,0.0,27,14,0.0,0.0,0.0,0.0,0.0,0.0,1.0
331923,0,1,3400,-71,71,117,7.5,14,4.0,0.0,0.0,27,14,0.0,0.0,0.0,0.0,0.0,0.0,1.0
332172,0,1,3400,-71,71,118,7.5,14,4.0,0.0,0.0,27,14,0.0,0.0,0.0,0.0,0.0,0.0,1.0
332421,0,1,3400,-72,72,115,7.5,14,4.0,0.0,0.0,27,14,0.0,0.0,0.0,0.0,0.0,0.0,1.0
332670,0,1,3400,-72,72,113,7.5,14,4.0,0.0,0.0,27,14,0.0,0.0,0.0,0.0,0.0,0.0,1.0
332919,0,1,3400,-72,72,113,7.5,13,4.0,0.0,0.0,27,14,0.0,0.0,0.0,0.0,0.0,0.0,1.0
333168,0,1,3400,-72,72,119,7.5,13,4.0,0.0,0.0,27,14,0.0,0.0,0.0,0.0,0.0,0.0,1.0
333417,0,1,3400,-73,73,114,7.5,13,4.0,0.0,0.0,27,14,0.0,0.0,0.0,0.0,0.0,0.0,1.0
333666,0,1,3400,-73,73,109,7.5,12,4.0,0.0,0.0,27,14,0.0,0.0,0.0,0.0,0.0,0.0,1.0
333915,0,1,3400,-73,73,115,7.5,12,4.0,0.0,0.0,27,14,0.0,0.0,0.0,0.0,0.0,0.0,1.0
334164,0,1,3400,-73,73,112,7.5,12,4.0,0.0,0.0,27,14,0.0,0.0,0.0,0.0,0.0,0.0,1.0
334413,0,1,3400,-73,73,108,7.5,12,4.0,0.0,0.0,27,14,0.0,0.0,0.0,0.0,0.0,0.0,1.0
334662,0,1,3400,-73,73,115,7.5,12,4.0,0.0,0.0,27,14,0.0,0.0,0.0,0.0,0.0,0.0,1.0
334911,0,1,3400,-73,73,116,7.5,12,4.0,0.0,0.0,27,14,0.0,0.0,0.0,0.0,0.0,0.0,1.0
335160,0,1,3400,-73,73,116,7.5,12,4.0,0.0,0.0,27,14,0.0,0.0,0.0,0.0,0.0,0.0,1.0
335409,0,1,3400,-73,73,122,7.5,13,4.0,0.0,0.0,27,14,0.0,0.0,0.0,0.0,0.0,0.0,1.0
335658,0,1,3400,-73,73,125,7.5,13,4.0,0.0,0.0,27,14,0.0,0.0,0.0,0.0,0.0,0.0,1.0
335907,0,1,3400,-72,72,122,7.5,13,4.0,0.0,0.0,27,14,0.0,0.0,0.0,0.0,0.0,0.0,1.0
336156,0,1,3400,-72,72,116,7.5,13,4.0,0.0,0.0,27,14,0.0,0.0,0.0,0.0,0.0,0.0,1.0
336405,0,1,3400,-72,72,108,7.5,13,4.0,0.0,0.0,27,14,0.0,0.0,0.0,0.0,0.0,0.0,1.0
336654,0,1,3400,-72,72,112,7.5,13,4.0,0.0,0.0,27,14,0.0,0.0,0.0,0.0,0.0,0.0,1.0
336903,0,1,3400,-72,72,117,7.5,13,4.0,0.0,0.0,27,14,0.0,0.0,0.0,0.0,0.0,0.0,1.0
337152,0,1,3400,-72,72,122,7.5,13,4.0,0.0,0.0,27,14,0.0,0.0,0.0,0.0,0.0,0.0,1.0
337401,0,1,3400,-72,72,121,7.5,13,4.0,0.0,0.0,27,14,0.0,0.0,0.0,0.0,0.0,0.0,1.0
337650,0,1,3400,-72,72,123,7.5,13,4.0,0.0,0.0,27,14,0.0,0.0,0.0,0.0,0.0,0.0,1.0
337899,0,1,3400,-72,72,120,7.5,13,4.0,0.0,0.0,27,14,0.0,0.0,0.0,0.0,0.0,0.0,1.0
338148,0,1,3400,-72,72,116,7.5,13,4.0,0.0,0.0,27,14,0.0,0.0,0.0,0.0,0.0,0.0,1.0
338397,0,1,3400,-73,73,118,7.5,13,4.0,0.0,0.0,27,14,0.0,0.0,0.0,0.0,0.0,0.0,1.0
338646,0,1,3400,-73,73,122,7.5,13,4.0,0.0,0.0,27,14,0.0,0.0,0.0,0.0,0.0,0.0,1.0
338895,0,1,3400,-73,73,115,7.5,12,4.0,0.0,0.0,27,14,0.0,0.0,0.0,0.0,0.0,0.0,1.0
339144,0,1,3400,-73,73,116,7.5,12,4.0,0.0,0.0,27,14,0.0,0.0,0.0,0.0,0.0,0.0,1.0
339393,0,1,3400,-74,74,115,7.5,12,4.0,0.0,0.0,27,14,0.0,0.0,0.0,0.0,0.0,0.0,1.0
339642,0,1,3400,-74,74,113,7.5,12,4.0,0.0,0.0,27,14,0.0,0.0,0.0,0.0,0.0,0.0,1.0
339891,0,1,3400,-74,74,113,7.5,11,4.0,0.0,0.0,27,14,0.0,0.0,0.0,0.0,0.0,0.0,1.0
340140,0,1,3400,-74,74,114,7.5,12,4.0,0.0,0.0,27,14,0.0,0.0,0.0,0.0,0.0,0.0,1.0
340389,0,1,3400,-74,74,113,7.5,11,4.0,0.0,0.0,27,14,0.0,0.0,0.0,0.0,0.0,0.0,1.0
340638,0,1,3400,-74,74,113,7.5,11,4.0,0.0,0.0,27,14,0.0,0.0,0.0,0.0,0.0,0.0,1.0
340887,0,1,3400,-74,74,113,7.5,11,4.0,0.0,0.0,27,14,0.0,0.0,0.0,0.0,0.0,0.0,1.0
341136,0,1,3400,-74,74,114,7.5,11,4.0,0.0,0.0,27,14,0.0,0.0,0.0,0.0,0.0,0.0,1.0
341385,0,1,3400,-74,74,119,7.5,12,4.0,0.0,0.0,27,14,0.0,0.0,0.0,0.0,0.0,0.0,1.0
341634,0,1,3400,-74,74,121,7.5,12,4.0,0.0,0.0,27,14,0.0,0.0,0.0,0.0,0.0,0.0,1.0
341883,0,1,3400,-73,73,116,7.5,12,4.0,0.0,0.0,27,14,0.0,0.0,0.0,0.0,0.0,0.0,1.0
342132,0,1,3400,-73,73,120,7.5,12,4.0,0.0,0.0,27,14,0.0,0.0,0.0,0.0,0.0,0.0,1.0
342381,0,1,3400,-73,73,117,7.5,12,4.0,0.0,0.0,27,14,0.0,0.0,0.0,0.0,0.0,0.0,1.0
342630,0,1,3400,-73,73,118,7.5,12,4.0,0.0,0.0,27,14,0.0,0.0,0.0,0.0,0.0,0.0,1.0
342879,0,1,3400,-73,73,113,7.5,12,4.0,0.0,0.0,27,14,0.0,0.0,0.0,0.0,0.0,0.0,1.0
343128,0,1,3400,-73,73,115,7.5,13,4.0,0.0,0.0,27,14,0.0,0.0,0.0,0.0,0.0,0.0,1.0
343377,0,1,3400,-73,73,117,7.5,13,4.0,0.0,0.0,27,14,0.0,0.0,0.0,0.0,0.0,0.0,1.0
343626,0,1,3400,-73,73,121,7.5,13,4.0,0.0,0.0,27,20,0.0,9120.000000,33,0.0,0.0,0.0,1.0
343875,0,1,3400,-72,72,116,7.5,13,4.0,0.0,0.0,27,24,0.0,0.0,0.0,0.0,0.0,0.0,1.0
344124,0,1,3400,-72,72,117,7.5,13,4.0,0.0,0.0,27,24,0.0,0.0,0.0,0.0,0.0,0.0,1.0
344373,0,1,3400,-73,73,119,7.5,13,4.0,0.0,0.0,27,24,0.0,0.0,0.0,0.0,0.0,0.0,1.0
344622,0,1,3400,-73,73,116,7.5,13,4.0,0.0,0.0,27,24,0.0,0.0,0.0,0.0,0.0,0.0,1.0
344871,0,1,3400,-73,73,111,7.5,13,4.0,0.0,0.0,27,24,0.0,0.0,0.0,0.0,0.0,0.0,1.0
345120,0,1,3400,-73,73,112,7.5,12,4.0,0.0,0.0,27,24,0.0,0.0,0.0,0.0,0.0,0.0,1.0
345369,0,1,3400,-74,74,115,7.5,12,4.0,0.0,0.0,27,24,0.0,0.0,0.0,0.0,0.0,0.0,1.0
345618,0,1,3400,-74,74,113,7.5,12,4.0,0.0,0.0,27,24,0.0,0.0,0.0,0.0,0.0,0.0,1.0
345867,0,1,3400,-74,74,117,7.5,11,4.0,0.0,0.0,27,24,0.0,0.0,0.0,0.0,0.0,0.0,1.0
346116,0,1,3400,-74,74,116,7.5,11,4.0,0.0,0.0,27,24,0.0,0.0,0.0,0.0,0.0,0.0,1.0
346365,0,1,3400,-74,74,124,7.5,11,4.0,0.0,0.0,27,24,0.0,0.0,0.0,0.0,0.0,0.0,1.0
346614,0,1,3400,-75,75,121,7.5,11,4.0,0.0,0.0,27,24,0.0,0.0,0.0,0.0,0.0,0.0,1.0
346863,0,1,3400,-75,75,111,7.5,11,4.0,0.0,0.0,27,24,0.0,0.0,0.0,0.0,0.0,0.0,1.0
347112,0,1,3400,-75,75,110,7.5,10,4.0,0.0,0.0,27,25,0.0,0.0,0.0,0.0,0.0,0.0,1.0
347361,0,1,3400,-75,75,113,7.5,10,4.0,0.0,0.0,27,24,0.0,0.0,0.0,0.0,0.0,0.0,1.0
347610,0,1,3400,-75,75,114,7.5,10,4.0,0.0,0.0,27,24,0.0,0.0,0.0,0.0,0.0,0.0,1.0
347859,0,1,3400,-75,75,115,7.5,11,4.0,0.0,0.0,27,24,0.0,0.0,0.0,0.0,0.0,0.0,1.0
348108,0,1,3400,-75,75,116,7.5,11,4.0,0.0,0.0,27,24,0.0,0.0,0.0,0.0,0.0,0.0,1.0
348357,0,1,3400,-75,75,116,7.5,10,4.0,0.0,0.0,27,24,0.0,0.0,0.0,0.0,0.0,0.0,1.0
348606,0,1,3400,-75,75,113,7.5,11,4.0,0.0,0.0,27,24,0.0,0.0,0.0,0.0,0.0,0.0,1.0
348856,0,1,3400,-75,75,120,7.5,10,4.0,0.0,0.0,27,24,0.0,0.0,0.0,0.0,0.0,0.0,1.0
349105,0,1,3400,-75,75,119,7.5,10,4.0,0.0,0.0,27,24,0.0,0.0,0.0,0.0,0.0,0.0,1.0
349354,0,1,3400,-75,75,127,7.5,11,4.0,0.0,0.0,27,24,0.0,0.0,0.0,0.0,0.0,0.0,1.0
349603,0,1,3400,-75,75,122,7.5,11,4.0,0.0,0.0,27,24,0.0,0.0,0.0,0.0,0.0,0.0,1.0
349852,0,1,3400,-75,75,111,7.5,11,4.0,0.0,0.0,27,24,0.0,0.0,0.0,0.0,0.0,0.0,1.0
350101,0,1,3400,-75,75,111,7.5,11,4.0,0.0,0.0,27,24,0.0,0.0,0.0,0.0,0.0,0.0,1.0
350350,0,1,3400,-75,75,115,7.5,12,4.0,0.0,0.0,27,24,0.0,0.0,0.0,0.0,0.0,0.0,1.0
350599,0,1,3400,-74,74,117,7.5,11,4.0,0.0,0.0,27,24,0.0,0.0,0.0,0.0,0.0,0.0,1.0
350848,0,1,3400,-74,74,114,7.5,12,4.0,0.0,0.0,27,24,0.0,0.0,0.0,0.0,0.0,0.0,1.0
351097,0,1,3400,-74,74,112,7.5,12,4.0,0.0,0.0,27,24,0.0,0.0,0.0,0.0,0.0,0.0,1.0
351347,0,1,3400,-74,74,114,7.5,12,4.0,0.0,0.0,27,24,0.0,0.0,0.0,0.0,0.0,0.0,1.0
351596,0,1,3400,-74,74,118,7.5,12,4.0,0.0,0.0,27,24,0.0,0.0,0.0,0.0,0.0,0.0,1.0
351845,0,1,3400,-74,74,119,7.5,12,4.0,0.0,0.0,27,24,0.0,0.0,0.0,0.0,0.0,0.0,1.0
352094,0,1,3400,-74,74,113,7.5,12,4.0,0.0,0.0,27,24,0.0,0.0,0.0,0.0,0.0,0.0,1.0
352343,0,1,3400,-74,74,112,7.5,12,4.0,0.0,0.0,27,24,0.0,0.0,0.0,0.0,0.0,0.0,1.0
352592,0,1,3400,-74,74,117,7.5,12,4.0,0.0,0.0,27,24,0.0,0.0,0.0,0.0,0.0,0.0,1.0
352841,0,1,3400,-74,74,118,7.5,12,4.0,0.0,0.0,27,24,0.0,0.0,0.0,0.0,0.0,0.0,1.0
353090,0,1,3400,-74,74,115,7.5,13,4.0,0.0,0.0,27,24,0.0,0.0,0.0,0.0,0.0,0.0,1.0
353339,0,1,3400,-74,74,123,7.5,13,4.0,0.0,0.0,27,24,0.0,0.0,0.0,0.0,0.0,0.0,1.0
353588,0,1,3400,-74,74,125,7.5,12,4.0,0.0,0.0,27,25,0.0,0.0,0.0,0.0,0.0,0.0,1.0
353837,0,1,3400,-74,74,119,7.5,12,4.0,0.0,0.0,27,24,0.0,0.0,0.0,0.0,0.0,0.0,1.0
354086,0,1,3400,-74,74,112,7.5,12,4.0,0.0,0.0,27,24,0.0,0.0,0.0,0.0,0.0,0.0,1.0
354335,0,1,3400,-74,74,112,7.5,12,4.0,0.0,0.0,27,24,0.0,0.0,0.0,0.0,0.0,0.0,1.0
354584,0,1,3400,-74,74,114,7.5,12,4.0,0.0,0.0,27,24,0.0,0.0,0.0,0.0,0.0,0.0,1.0
354833,0,1,3400,-74,74,111,7.5,13,4.0,0.0,0.0,27,24,0.0,0.0,0.0,0.0,0.0,0.0,1.0
355082,0,1,3400,-74,74,117,7.5,13,4.0,0.0,0.0,27,24,0.0,0.0,0.0,0.0,0.0,0.0,1.0
355331,0,1,3400,-74,74,114,7.5,13,4.0,0.0,0.0,27,24,0.0,0.0,0.0,0.0,0.0,0.0,1.0
355580,0,1,3400,-74,74,115,7.5,13,4.0,0.0,0.0,27,24,0.0,0.0,0.0,0.0,0.0,0.0,1.0
355829,0,1,3400,-73,73,120,7.5,13,4.0,0.0,0.0,27,25,0.0,0.0,0.0,0.0,0.0,0.0,1.0
356078,0,1,3400,-73,73,120,7.5,13,4.0,0.0,0.0,27,24,0.0,0.0,0.0,0.0,0.0,0.0,1.0
356327,0,1,3400,-74,74,121,7.5,13,4.0,0.0,0.0,27,24,0.0,0.0,0.0,0.0,0.0,0.0,1.0
356576,0,1,3400,-74,74,124,7.5,13,4.0,0.0,0.0,27,24,0.0,0.0,0.0,0.0,0.0,0.0,1.0
356825,0,1,3400,-74,74,120,7.5,13,4.0,0.0,0.0,27,24,0.0,0.0,0.0,0.0,0.0,0.0,1.0
357074,0,1,3400,-74,74,121,7.5,13,4.0,0.0,0.0,27,24,0.0,0.0,0.0,0.0,0.0,0.0,1.0
357323,0,1,3400,-74,74,122,7.5,13,4.0,0.0,0.0,27,24,0.0,0.0,0.0,0.0,0.0,0.0,1.0
357572,0,1,3400,-74,74,118,7.5,13,4.0,0.0,0.0,27,24,0.0,0.0,0.0,0.0,0.0,0.0,1.0
357821,0,1,3400,-74,74,116,7.5,12,4.0,0.0,0.0,27,24,0.0,0.0,0.0,0.0,0.0,0.0,1.0
358070,0,1,3400,-74,74,121,7.5,13,4.0,0.0,0.0,27,24,0.0,0.0,0.0,0.0,0.0,0.0,1.0
358319,0,1,3400,-75,75,121,7.5,13,4.0,0.0,0.0,27,24,0.0,0.0,0.0,0.0,0.0,0.0,1.0
358568,0,1,3400,-75,75,122,7.5,12,4.0,0.0,0.0,27,24,0.0,0.0,0.0,0.0,0.0,0.0,1.0
358817,0,1,3400,-75,75,124,7.5,11,4.0,0.0,0.0,27,24,0.0,0.0,0.0,0.0,0.0,0.0,1.0
359066,0,1,3400,-75,75,130,7.5,11,4.0,0.0,0.0,27,24,0.0,0.0,0.0,0.0,0.0,0.0,1.0
359315,0,1,3400,-75,75,130,7.5,12,4.0,0.0,0.0,27,24,0.0,0.0,0.0,0.0,0.0,0.0,1.0
359564,0,1,3400,-75,75,123,7.5,11,4.0,0.0,0.0,27,24,0.0,0.0,0.0,0.0,0.0,0.0,1.0
359813,0,1,3400,-75,75,119,7.5,12,4.0,0.0,0.0,27,24,0.0,0.0,0.0,0.0,0.0,0.0,1.0
360062,0,1,3400,-75,75,115,7.5,12,4.0,0.0,0.0,27,24,0.0,0.0,0.0,0.0,0.0,0.0,1.0
360311,0,1,3400,-75,75,111,7.5,12,4.0,0.0,0.0,27,25,0.0,0.0,0.0,0.0,0.0,0.0,1.0
360560,0,1,3400,-75,75,112,7.5,11,4.0,0.0,0.0,27,24,0.0,0.0,0.0,0.0,0.0,0.0,1.0
360809,0,1,3400,-75,75,116,7.5,12,4.0,0.0,0.0,27,24,0.0,0.0,0.0,0.0,0.0,0.0,1.0
361058,0,1,3400,-75,75,121,7.5,12,4.0,0.0,0.0,27,24,0.0,0.0,0.0,0.0,0.0,0.0,1.0
361307,0,1,3400,-75,75,126,7.5,11,4.0,0.0,0.0,27,24,0.0,0.0,0.0,0.0,0.0,0.0,1.0
361556,0,1,3400,-75,75,120,7.5,12,4.0,0.0,0.0,27,24,0.0,0.0,0.0,0.0,0.0,0.0,1.0
361805,0,1,3400,-75,75,114,7.5,12,4.0,0.0,0.0,27,24,0.0,0.0,0.0,0.0,0.0,0.0,1.0
362054,0,1,3400,-75,75,115,7.5,12,4.0,0.0,0.0,27,24,0.0,0.0,0.0,0.0,0.0,0.0,1.0
362303,0,1,3400,-75,75,112,7.5,12,4.0,0.0,0.0,27,24,0.0,0.0,0.0,0.0,0.0,0.0,1.0
362552,0,1,3400,-75,75,112,7.5,12,4.0,0.0,0.0,27,24,0.0,0.0,0.0,0.0,0.0,0.0,1.0
362801,0,1,3400,-75,75,119,7.5,11,4.0,0.0,0.0,27,24,0.0,0.0,0.0,0.0,0.0,0.0,1.0
363050,0,1,3400,-75,75,114,7.5,12,4.0,0.0,0.0,27,24,0.0,0.0,0.0,0.0,0.0,0.0,1.0
363299,0,1,3400,-75,75,110,7.5,12,4.0,0.0,0.0,27,24,0.0,0.0,0.0,0.0,0.0,0.0,1.0
363548,0,1,3400,-75,75,114,7.5,13,4.0,0.0,0.0,27,24,0.0,0.0,0.0,0.0,0.0,0.0,1.0
363797,0,1,3400,-74,74,118,7.5,13,4.0,0.0,0.0,27,24,0.0,0.0,0.0,0.0,0.0,0.0,1.0
364046,0,1,3400,-74,74,118,7.5,13,4.0,0.0,0.0,27,24,0.0,0.0,0.0,0.0,0.0,0.0,1.0
364295,0,1,3400,-74,74,120,7.5,13,4.0,0.0,0.0,27,24,0.0,0.0,0.0,0.0,0.0,0.0,1.0
364544,0,1,3400,-74,74,117,7.5,12,4.0,0.0,0.0,27,24,0.0,0.0,0.0,0.0,0.0,0.0,1.0
364793,0,1,3400,-74,74,119,7.5,13,4.0,0.0,0.0,27,24,0.0,0.0,0.0,0.0,0.0,0.0,1.0
365042,0,1,3400,-74,74,116,7.5,12,4.0,0.0,0.0,27,24,0.0,0.0,0.0,0.0,0.0,0.0,1.0
365291,0,1,3400,-74,74,118,7.5,13,4.0,0.0,0.0,27,24,0.0,0.0,0.0,0.0,0.0,0.0,1.0
365540,0,1,3400,-74,74,120,7.5,12,4.0,0.0,0.0,27,24,0.0,0.0,0.0,0.0,0.0,0.0,1.0
365789,0,1,3400,-74,74,126,7.5,12,4.0,0.0,0.0,27,24,0.0,0.0,0.0,0.0,0.0,0.0,1.0
366038,0,1,3400,-74,74,130,7.5,13,4.0,0.0,0.0,27,24,0.0,0.0,0.0,0.0,0.0,0.0,1.0
366287,0,1,3400,-74,74,118,7.5,13,4.0,0.0,0.0,27,24,0.0,0.0,0.0,0.0,0.0,0.0,1.0
366536,0,1,3400,-74,74,119,7.5,13,4.0,0.0,0.0,27,24,0.0,0.0,0.0,0.0,0.0,0.0,1.0
366785,0,1,3400,-73,73,126,7.5,14,4.0,0.0,0.0,27,25,0.0,0.0,0.0,0.0,0.0,0.0,1.0
367034,0,1,3400,-73,73,117,7.5,14,4.0,0.0,0.0,27,24,0.0,0.0,0.0,0.0,0.0,0.0,1.0
367283,0,1,3400,-73,73,110,7.5,14,4.0,0.0,0.0,27,24,0.0,0.0,0.0,0.0,0.0,0.0,1.0
367532,0,1,3400,-73,73,112,7.5,14,4.0,0.0,0.0,27,24,0.0,0.0,0.0,0.0,0.0,0.0,1.0
367781,0,1,3400,-72,72,118,7.5,14,4.0,0.0,0.0,27,24,0.0,0.0,0.0,0.0,0.0,0.0,1.0
368030,0,1,3400,-72,72,120,7.5,14,4.0,0.0,0.0,27,24,0.0,0.0,0.0,0.0,0.0,0.0,1.0
368279,0,1,3400,-72,72,121,7.5,14,4.0,0.0,0.0,27,24,0.0,0.0,0.0,0.0,0.0,0.0,1.0
368528,0,1,3400,-72,72,107,7.5,14,4.0,0.0,0.0,27,24,0.0,0.0,0.0,0.0,0.0,0.0,1.0
368777,0,1,3400,-72,72,104,7.5,15,4.0,0.0,0.0,27,24,0.0,0.0,0.0,0.0,0.0,0.0,1.0
369026,0,1,3400,-72,72,109,7.5,15,4.0,0.0,0.0,27,25,0.0,0.0,0.0,0.0,0.0,0.0,1.0
369275,0,1,3400,-72,72,113,7.5,15,4.0,0.0,0.0,27,24,0.0,0.0,0.0,0.0,0.0,0.0,1.0
369524,0,1,3400,-72,72,116,7.5,15,4.0,0.0,0.0,27,24,0.0,0.0,0.0,0.0,0.0,0.0,1.0
369773,0,1,3400,-72,72,125,7.5,15,4.0,0.0,0.0,27,24,0.0,0.0,0.0,0.0,0.0,0.0,1.0
370022,0,1,3400,-72,72,119,7.5,14,4.0,0.0,0.0,27,24,0.0,0.0,0.0,0.0,0.0,0.0,1.0
370271,0,1,3400,-72,72,117,7.5,15,4.0,0.0,0.0,27,24,0.0,0.0,0.0,0.0,0.0,0.0,1.0
370520,0,1,3400,-72,72,118,7.5,15,4.0,0.0,0.0,27,24,0.0,0.0,0.0,0.0,0.0,0.0,1.0
370769,0,1,3400,-72,72,119,7.5,15,4.0,0.0,0.0,27,24,0.0,0.0,0.0,0.0,0.0,0.0,1.0
371018,0,1,3400,-72,72,118,7.5,15,4.0,0.0,0.0,27,24,0.0,0.0,0.0,0.0,0.0,0.0,1.0
371267,0,1,3400,-72,72,121,7.5,15,4.0,0.0,0.0,27,24,0.0,0.0,0.0,0.0,0.0,0.0,1.0
371516,0,1,3400,-72,72,125,7.5,15,4.0,0.0,0.0,27,24,0.0,0.0,0.0,0.0,0.0,0.0,1.0
371765,0,1,3400,-72,72,127,7.5,15,4.0,0.0,0.0,27,24,0.0,0.0,0.0,0.0,0.0,0.0,1.0
372014,0,1,3400,-72,72,123,7.5,14,4.0,0.0,0.0,27,24,0.0,0.0,0.0,0.0,0.0,0.0,1.0
372263,0,1,3400,-72,72,122,7.5,14,4.0,0.0,0.0,27,24,0.0,0.0,0.0,0.0,0.0,0.0,1.0
372512,0,1,3400,-72,72,121,7.5,15,4.0,0.0,0.0,27,24,0.0,0.0,0.0,0.0,0.0,0.0,1.0
372761,0,1,3400,-72,72,130,7.5,15,4.0,0.0,0.0,27,24,0.0,0.0,0.0,0.0,0.0,0.0,1.0
373010,0,1,3400,-72,72,127,7.5,15,4.0,0.0,0.0,27,24,0.0,0.0,0.0,0.0,0.0,0.0,1.0
373259,0,1,3400,-72,72,128,7.5,15,4.0,0.0,0.0,27,25,0.0,0.0,0.0,0.0,0.0,0.0,1.0
373508,0,1,3400,-72,72,118,7.5,14,4.0,0.0,0.0,27,24,0.0,0.0,0.0,0.0,0.0,0.0,1.0
373757,0,1,3400,-72,72,124,7.5,14,4.0,0.0,0.0,27,24,0.0,0.0,0.0,0.0,0.0,0.0,1.0
374006,0,1,3400,-72,72,115,7.5,15,4.0,0.0,0.0,27,24,0.0,0.0,0.0,0.0,0.0,0.0,1.0
374255,0,1,3400,-72,72,117,7.5,14,4.0,0.0,0.0,27,24,0.0,0.0,0.0,0.0,0.0,0.0,1.0
374504,0,1,3400,-72,72,118,7.5,15,4.0,0.0,0.0,27,24,0.0,0.0,0.0,0.0,0.0,0.0,1.0
374753,0,1,3400,-72,72,117,7.5,15,4.0,0.0,0.0,27,25,0.0,0.0,0.0,0.0,0.0,0.0,1.0
375002,0,1,3400,-72,72,124,7.5,15,4.0,0.0,0.0,27,24,0.0,0.0,0.0,0.0,0.0,0.0,1.0
375251,0,1,3400,-72,72,120,7.5,14,4.0,0.0,0.0,27,24,0.0,0.0,0.0,0.0,0.0,0.0,1.0
375500,0,1,3400,-72,72,122,7.5,15,4.0,0.0,0.0,27,24,0.0,0.0,0.0,0.0,0.0,0.0,1.0
375749,0,1,3400,-72,72,118,7.5,15,4.0,0.0,0.0,27,24,0.0,0.0,0.0,0.0,0.0,0.0,1.0
375998,0,1,3400,-72,72,112,7.5,15,4.0,0.0,0.0,27,24,0.0,0.0,0.0,0.0,0.0,0.0,1.0
376247,0,1,3400,-73,73,111,7.5,14,4.0,0.0,0.0,27,24,0.0,0.0,0.0,0.0,0.0,0.0,1.0
376496,0,1,3400,-73,73,108,7.5,14,4.0,0.0,0.0,27,24,0.0,0.0,0.0,0.0,0.0,0.0,1.0
376745,0,1,3400,-73,73,117,7.5,14,4.0,0.0,0.0,27,24,0.0,0.0,0.0,0.0,0.0,0.0,1.0
376994,0,1,3400,-73,73,118,7.5,14,4.0,0.0,0.0,27,24,0.0,0.0,0.0,0.0,0.0,0.0,1.0
377243,0,1,3400,-73,73,114,7.5,14,4.0,0.0,0.0,27,24,0.0,0.0,0.0,0.0,0.0,0.0,1.0
377492,0,1,3400,-73,73,115,7.5,14,4.0,0.0,0.0,27,24,0.0,0.0,0.0,0.0,0.0,0.0,1.0
377741,0,1,3400,-73,73,121,7.5,14,4.0,0.0,0.0,27,24,0.0,0.0,0.0,0.0,0.0,0.0,1.0
377990,0,1,3400,-73,73,122,7.5,13,4.0,0.0,0.0,27,24,0.0,0.0,0.0,0.0,0.0,0.0,1.0
378239,0,1,3400,-73,73,120,7.5,14,4.0,0.0,0.0,27,24,0.0,0.0,0.0,0.0,0.0,0.0,1.0
378488,0,1,3400,-73,73,122,7.5,14,4.0,0.0,0.0,27,24,0.0,0.0,0.0,0.0,0.0,0.0,1.0
378737,0,1,3400,-73,73,120,7.5,14,4.0,0.0,0.0,27,24,0.0,0.0,0.0,0.0,0.0,0.0,1.0
378986,0,1,3400,-73,73,117,7.5,14,4.0,0.0,0.0,27,24,0.0,0.0,0.0,0.0,0.0,0.0,1.0
379235,0,1,3400,-73,73,119,7.5,15,4.0,0.0,0.0,27,24,0.0,0.0,0.0,0.0,0.0,0.0,1.0
379484,0,1,3400,-73,73,117,7.5,14,4.0,0.0,0.0,27,24,0.0,0.0,0.0,0.0,0.0,0.0,1.0
379733,0,1,3400,-72,72,121,7.5,15,4.0,0.0,0.0,27,25,0.0,0.0,0.0,0.0,0.0,0.0,1.0
379982,0,1,3400,-72,72,122,7.5,15,4.0,0.0,0.0,27,24,0.0,0.0,0.0,0.0,0.0,0.0,1.0
380231,0,1,3400,-73,73,117,7.5,15,4.0,0.0,0.0,27,24,0.0,0.0,0.0,0.0,0.0,0.0,1.0
380480,0,1,3400,-73,73,118,7.5,14,4.0,0.0,0.0,27,24,0.0,0.0,0.0,0.0,0.0,0.0,1.0
380729,0,1,3400,-73,73,119,7.5,14,4.0,0.0,0.0,27,24,0.0,0.0,0.0,0.0,0.0,0.0,1.0
380978,0,1,3400,-73,73,121,7.5,13,4.0,0.0,0.0,27,24,0.0,0.0,0.0,0.0,0.0,0.0,1.0
381227,0,1,3400,-73,73,125,7.5,14,4.0,0.0,0.0,27,24,0.0,0.0,0.0,0.0,0.0,0.0,1.0
381476,0,1,3400,-73,73,127,7.5,14,4.0,0.0,0.0,27,24,0.0,0.0,0.0,0.0,0.0,0.0,1.0
381725,0,1,3400,-72,72,118,7.5,15,4.0,0.0,0.0,27,24,0.0,0.0,0.0,0.0,0.0,0.0,1.0
381974,0,1,3400,-72,72,114,7.5,15,4.0,0.0,0.0,27,24,0.0,0.0,0.0,0.0,0.0,0.0,1.0
382223,0,1,3400,-72,72,113,7.5,15,4.0,0.0,0.0,27,24,0.0,0.0,0.0,0.0,0.0,0.0,1.0
382472,0,1,3400,-72,72,114,7.5,14,4.0,0.0,0.0,27,24,0.0,0.0,0.0,0.0,0.0,0.0,1.0
382721,0,1,3400,-71,71,112,7.5,15,4.0,0.0,0.0,27,24,0.0,0.0,0.0,0.0,0.0,0.0,1.0
382970,0,1,3400,-71,71,117,7.5,15,4.0,0.0,0.0,27,24,0.0,0.0,0.0,0.0,0.0,0.0,1.0
383219,0,1,3400,-71,71,123,7.5,15,4.0,0.0,0.0,27,24,0.0,0.0,0.0,0.0,0.0,0.0,1.0
383468,0,1,3400,-71,71,116,7.5,16,4.0,0.0,0.0,27,24,0.0,0.0,0.0,0.0,0.0,0.0,1.0
383717,0,1,3400,-70,70,114,7.5,16,4.0,0.0,0.0,27,24,0.0,0.0,0.0,0.0,0.0,0.0,1.0
383966,0,1,3400,-70,70,111,7.5,16,4.0,0.0,0.0,27,24,0.0,0.0,0.0,0.0,0.0,0.0,1.0
384215,0,1,3400,-70,70,109,7.5,16,4.0,0.0,0.0,27,24,0.0,0.0,0.0,0.0,0.0,0.0,1.0
384464,0,1,3400,-70,70,109,7.5,17,4.0,0.0,0.0,27,24,0.0,0.0,0.0,0.0,0.0,0.0,1.0
384713,0,1,3400,-70,70,110,7.5,17,4.0,0.0,0.0,27,24,0.0,0.0,0.0,0.0,0.0,0.0,1.0
384962,0,1,3400,-69,69,117,7.5,18,4.0,0.0,0.0,27,24,0.0,0.0,0.0,0.0,0.0,0.0,1.0
385211,0,1,3400,-69,69,123,7.5,17,4.0,0.0,0.0,27,24,0.0,0.0,0.0,0.0,0.0,0.0,1.0
385460,0,1,3400,-69,69,124,7.5,18,4.0,0.0,0.0,27,24,0.0,0.0,0.0,0.0,0.0,0.0,1.0
385709,0,1,3400,-69,69,122,7.5,17,4.0,0.0,0.0,27,24,0.0,0.0,0.0,0.0,0.0,0.0,1.0
385958,0,1,3400,-70,70,122,7.5,17,4.0,0.0,0.0,27,24,0.0,0.0,0.0,0.0,0.0,0.0,1.0
386207,0,1,3400,-70,70,124,7.5,16,4.0,0.0,0.0,27,24,0.0,0.0,0.0,0.0,0.0,0.0,1.0
386456,0,1,3400,-70,70,122,7.5,16,4.0,0.0,0.0,27,25,0.0,0.0,0.0,0.0,0.0,0.0,1.0
386705,0,1,3400,-70,70,119,7.5,17,4.0,0.0,0.0,27,24,0.0,0.0,0.0,0.0,0.0,0.0,1.0
386954,0,1,3400,-70,70,120,7.5,17,4.0,0.0,0.0,27,24,0.0,0.0,0.0,0.0,0.0,0.0,1.0
387203,0,1,3400,-70,70,119,7.5,17,4.0,0.0,0.0,27,24,0.0,0.0,0.0,0.0,0.0,0.0,1.0
387452,0,1,3400,-70,70,123,7.5,17,4.0,0.0,0.0,27,24,0.0,0.0,0.0,0.0,0.0,0.0,1.0
387701,0,1,3400,-69,69,125,7.5,16,4.0,0.0,0.0,27,24,0.0,0.0,0.0,0.0,0.0,0.0,1.0
387950,0,1,3400,-69,69,130,7.5,17,4.0,0.0,0.0,27,25,0.0,0.0,0.0,0.0,0.0,0.0,1.0
388199,0,1,3400,-69,69,128,7.5,17,4.0,0.0,0.0,27,24,0.0,0.0,0.0,0.0,0.0,0.0,1.0
388448,0,1,3400,-69,69,125,7.5,17,4.0,0.0,0.0,27,24,0.0,0.0,0.0,0.0,0.0,0.0,1.0
388697,0,1,3400,-69,69,118,7.5,17,4.0,0.0,0.0,27,24,0.0,0.0,0.0,0.0,0.0,0.0,1.0
388946,0,1,3400,-69,69,115,7.5,17,4.0,0.0,0.0,27,24,0.0,0.0,0.0,0.0,0.0,0.0,1.0
389195,0,1,3400,-69,69,119,7.5,17,4.0,0.0,0.0,27,24,0.0,0.0,0.0,0.0,0.0,0.0,1.0
389444,0,1,3400,-69,69,122,7.5,17,4.0,0.0,0.0,27,24,0.0,0.0,0.0,0.0,0.0,0.0,1.0
389693,0,1,3400,-69,69,127,7.5,17,4.0,0.0,0.0,27,24,0.0,0.0,0.0,0.0,0.0,0.0,1.0
389942,0,1,3400,-69,69,127,7.5,17,4.0,0.0,0.0,27,24,0.0,0.0,0.0,0.0,0.0,0.0,1.0
390191,0,1,3400,-69,69,121,7.5,17,4.0,0.0,0.0,27,24,0.0,0.0,0.0,0.0,0.0,0.0,1.0
390440,0,1,3400,-69,69,111,7.5,17,4.0,0.0,0.0,27,24,0.0,0.0,0.0,0.0,0.0,0.0,1.0
390689,0,1,3400,-69,69,117,7.5,17,4.0,0.0,0.0,27,24,0.0,0.0,0.0,0.0,0.0,0.0,1.0
390938,0,1,3400,-69,69,122,7.5,17,4.0,0.0,0.0,27,24,0.0,0.0,0.0,0.0,0.0,0.0,1.0
391187,0,1,3400,-69,69,124,7.5,16,4.0,0.0,0.0,27,24,0.0,0.0,0.0,0.0,0.0,0.0,1.0
391436,0,1,3400,-69,69,120,7.5,17,4.0,0.0,0.0,27,24,0.0,0.0,0.0,0.0,0.0,0.0,1.0
391685,0,1,3400,-69,69,120,7.5,17,4.0,0.0,0.0,27,24,0.0,0.0,0.0,0.0,0.0,0.0,1.0
391934,0,1,3400,-69,69,121,7.5,17,4.0,0.0,0.0,27,24,0.0,0.0,0.0,0.0,0.0,0.0,1.0
392183,0,1,3400,-69,69,125,7.5,18,4.0,0.0,0.0,27,24,0.0,0.0,0.0,0.0,0.0,0.0,1.0
392432,0,1,3400,-69,69,121,7.5,18,4.0,0.0,0.0,27,24,0.0,0.0,0.0,0.0,0.0,0.0,1.0
392681,0,1,3400,-69,69,123,7.5,17,4.0,0.0,0.0,27,24,0.0,0.0,0.0,0.0,0.0,0.0,1.0
392930,0,1,3400,-69,69,119,7.5,17,4.0,0.0,0.0,27,25,0.0,0.0,0.0,0.0,0.0,0.0,1.0
393179,0,1,3400,-69,69,110,7.5,17,4.0,0.0,0.0,27,24,0.0,0.0,0.0,0.0,0.0,0.0,1.0
393428,0,1,3400,-69,69,110,7.5,17,4.0,0.0,0.0,27,24,0.0,0.0,0.0,0.0,0.0,0.0,1.0
393677,0,1,3400,-69,69,117,7.5,17,4.0,0.0,0.0,27,24,0.0,0.0,0.0,0.0,0.0,0.0,1.0
393926,0,1,3400,-70,70,117,7.5,17,4.0,0.0,0.0,27,24,0.0,0.0,0.0,0.0,0.0,0.0,1.0
394175,0,1,3400,-70,70,108,7.5,17,4.0,0.0,0.0,27,24,0.0,0.0,0.0,0.0,0.0,0.0,1.0
394424,0,1,3400,-70,70,109,7.5,17,4.0,0.0,0.0,27,24,0.0,0.0,0.0,0.0,0.0,0.0,1.0
394673,0,1,3400,-70,70,108,7.5,16,4.0,0.0,0.0,27,24,0.0,0.0,0.0,0.0,0.0,0.0,1.0
394922,0,1,3400,-70,70,107,7.5,16,4.0,0.0,0.0,27,24,0.0,0.0,0.0,0.0,0.0,0.0,1.0
395171,0,1,3400,-70,70,112,7.5,16,4.0,0.0,0.0,27,24,0.0,0.0,0.0,0.0,0.0,0.0,1.0
395420,0,1,3400,-70,70,119,7.5,17,4.0,0.0,0.0,27,24,0.0,0.0,0.0,0.0,0.0,0.0,1.0
395669,0,1,3400,-70,70,114,7.5,16,4.0,0.0,0.0,27,24,0.0,0.0,0.0,0.0,0.0,0.0,1.0
395918,0,1,3400,-70,70,109,7.5,16,4.0,0.0,0.0,27,24,0.0,0.0,0.0,0.0,0.0,0.0,1.0
396167,0,1,3400,-70,70,114,7.5,16,4.0,0.0,0.0,27,24,0.0,0.0,0.0,0.0,0.0,0.0,1.0
396416,0,1,3400,-70,70,117,7.5,16,4.0,0.0,0.0,27,24,0.0,0.0,0.0,0.0,0.0,0.0,1.0
396665,0,1,3400,-70,70,112,7.5,16,4.0,0.0,0.0,27,24,0.0,0.0,0.0,0.0,0.0,0.0,1.0
396914,0,1,3400,-70,70,113,7.5,16,4.0,0.0,0.0,27,24,0.0,0.0,0.0,0.0,0.0,0.0,1.0
397163,0,1,3400,-70,70,116,7.5,16,4.0,0.0,0.0,27,24,0.0,0.0,0.0,0.0,0.0,0.0,1.0
397412,0,1,3400,-70,70,112,7.5,17,4.0,0.0,0.0,27,24,0.0,0.0,0.0,0.0,0.0,0.0,1.0
397661,0,1,3400,-70,70,120,7.5,17,4.0,0.0,0.0,27,24,0.0,0.0,0.0,0.0,0.0,0.0,1.0
397910,0,1,3400,-69,69,126,7.5,17,4.0,0.0,0.0,27,24,0.0,0.0,0.0,0.0,0.0,0.0,1.0
398159,0,1,3400,-69,69,122,7.5,17,4.0,0.0,0.0,27,24,0.0,0.0,0.0,0.0,0.0,0.0,1.0
398408,0,1,3400,-69,69,123,7.5,17,4.0,0.0,0.0,27,24,0.0,0.0,0.0,0.0,0.0,0.0,1.0
398657,0,1,3400,-69,69,126,7.5,17,4.0,0.0,0.0,27,24,0.0,0.0,0.0,0.0,0.0,0.0,1.0
398906,0,1,3400,-69,69,120,7.5,17,4.0,0.0,0.0,27,24,0.0,0.0,0.0,0.0,0.0,0.0,1.0
399155,0,1,3400,-69,69,118,7.5,17,4.0,0.0,0.0,27,24,0.0,0.0,0.0,0.0,0.0,0.0,1.0
399404,0,1,3400,-69,69,122,7.5,18,4.0,0.0,0.0,27,25,0.0,0.0,0.0,0.0,0.0,0.0,1.0
399653,0,1,3400,-69,69,123,7.5,18,4.0,0.0,0.0,27,24,0.0,0.0,0.0,0.0,0.0,0.0,1.0
399902,0,1,3400,-68,68,127,7.5,19,4.0,0.0,0.0,27,24,0.0,0.0,0.0,0.0,0.0,0.0,1.0
400151,0,1,3400,-68,68,117,7.5,18,4.0,0.0,0.0,27,24,0.0,0.0,0.0,0.0,0.0,0.0,1.0
400400,0,1,3400,-68,68,115,7.5,18,4.0,0.0,0.0,27,24,0.0,0.0,0.0,0.0,0.0,0.0,1.0
400649,0,1,3400,-68,68,113,7.5,18,4.0,0.0,0.0,27,24,0.0,0.0,0.0,0.0,0.0,0.0,1.0
400898,0,1,3400,-68,68,116,7.5,18,4.0,0.0,0.0,27,24,0.0,0.0,0.0,0.0,0.0,0.0,1.0
401147,0,1,3400,-68,68,118,7.5,19,4.0,0.0,0.0,27,24,0.0,0.0,0.0,0.0,0.0,0.0,1.0
401396,0,1,3400,-68,68,120,7.5,18,4.0,0.0,0.0,27,24,0.0,0.0,0.0,0.0,0.0,0.0,1.0
401645,0,1,3400,-68,68,116,7.5,18,4.0,0.0,0.0,27,24,0.0,0.0,0.0,0.0,0.0,0.0,1.0
401894,0,1,3400,-68,68,118,7.5,18,4.0,0.0,0.0,27,24,0.0,0.0,0.0,0.0,0.0,0.0,1.0
402143,0,1,3400,-68,68,121,7.5,18,4.0,0.0,0.0,27,24,0.0,0.0,0.0,0.0,0.0,0.0,1.0
402392,0,1,3400,-68,68,115,7.5,18,4.0,0.0,0.0,27,24,0.0,0.0,0.0,0.0,0.0,0.0,1.0
402641,0,1,3400,-68,68,120,7.5,18,4.0,0.0,0.0,27,24,0.0,0.0,0.0,0.0,0.0,0.0,1.0
402890,0,1,3400,-68,68,114,7.5,19,4.0,0.0,0.0,27,24,0.0,0.0,0.0,0.0,0.0,0.0,1.0
403139,0,1,3400,-68,68,117,7.5,19,4.0,0.0,0.0,27,24,0.0,0.0,0.0,0.0,0.0,0.0,1.0
403388,0,1,3400,-68,68,122,7.5,18,4.0,0.0,0.0,27,24,0.0,0.0,0.0,0.0,0.0,0.0,1.0
403637,0,1,3400,-68,68,121,7.5,18,4.0,0.0,0.0,27,24,0.0,0.0,0.0,0.0,0.0,0.0,1.0
403886,0,1,3400,-68,68,118,7.5,19,4.0,0.0,0.0,27,24,0.0,0.0,0.0,0.0,0.0,0.0,1.0
404135,0,1,3400,-68,68,109,7.5,18,4.0,0.0,0.0,27,24,0.0,0.0,0.0,0.0,0.0,0.0,1.0
404384,0,1,3400,-68,68,114,7.5,18,4.0,0.0,0.0,27,24,0.0,0.0,0.0,0.0,0.0,0.0,1.0
404633,0,1,3400,-68,68,122,7.5,19,4.0,0.0,0.0,27,24,0.0,0.0,0.0,0.0,0.0,0.0,1.0
404882,0,1,3400,-68,68,117,7.5,19,4.0,0.0,0.0,27,24,0.0,0.0,0.0,0.0,0.0,0.0,1.0
405131,0,1,3400,-68,68,109,7.5,19,4.0,0.0,0.0,27,24,0.0,0.0,0.0,0.0,0.0,0.0,1.0
405380,0,1,3400,-68,68,117,7.5,18,4.0,0.0,0.0,27,24,0.0,0.0,0.0,0.0,0.0,0.0,1.0
405629,0,1,3400,-68,68,114,7.5,18,4.0,0.0,0.0,27,24,0.0,0.0,0.0,0.0,0.0,0.0,1.0
405878,0,1,3400,-69,69,116,7.5,18,4.0,0.0,0.0,27,24,0.0,0.0,0.0,0.0,0.0,0.0,1.0
406127,0,1,3400,-69,69,115,7.5,18,4.0,0.0,0.0,27,25,0.0,0.0,0.0,0.0,0.0,0.0,1.0
406376,0,1,3400,-69,69,108,7.5,17,4.0,0.0,0.0,27,24,0.0,0.0,0.0,0.0,0.0,0.0,1.0
406625,0,1,3400,-69,69,112,7.5,17,4.0,0.0,0.0,27,24,0.0,0.0,0.0,0.0,0.0,0.0,1.0
406874,0,1,3400,-69,69,122,7.5,18,4.0,0.0,0.0,27,25,0.0,0.0,0.0,0.0,0.0,0.0,1.0
407123,0,1,3400,-69,69,122,7.5,17,4.0,0.0,0.0,27,24,0.0,0.0,0.0,0.0,0.0,0.0,1.0
407372,0,1,3400,-69,69,115,7.5,17,4.0,0.0,0.0,27,24,0.0,0.0,0.0,0.0,0.0,0.0,1.0
407621,0,1,3400,-69,69,99,7.5,18,4.0,0.0,0.0,27,24,0.0,0.0,0.0,0.0,0.0,0.0,1.0
407870,0,1,3400,-69,69,101,7.5,17,4.0,0.0,0.0,27,24,0.0,0.0,0.0,0.0,0.0,0.0,1.0
408119,0,1,3400,-69,69,107,7.5,18,4.0,0.0,0.0,27,24,0.0,0.0,0.0,0.0,0.0,0.0,1.0
408368,0,1,3400,-69,69,108,7.5,17,4.0,0.0,0.0,27,24,0.0,0.0,0.0,0.0,0.0,0.0,1.0
408617,0,1,3400,-69,69,110,7.5,17,4.0,0.0,0.0,27,24,0.0,0.0,0.0,0.0,0.0,0.0,1.0
408866,0,1,3400,-69,69,110,7.5,17,4.0,0.0,0.0,27,24,0.0,0.0,0.0,0.0,0.0,0.0,1.0
409115,0,1,3400,-69,69,111,7.5,17,4.0,0.0,0.0,27,24,0.0,0.0,0.0,0.0,0.0,0.0,1.0
409364,0,1,3400,-69,69,110,7.5,17,4.0,0.0,0.0,27,24,0.0,0.0,0.0,0.0,0.0,0.0,1.0
409613,0,1,3400,-69,69,113,7.5,18,4.0,0.0,0.0,27,24,0.0,0.0,0.0,0.0,0.0,0.0,1.0
409862,0,1,3400,-68,68,115,7.5,18,4.0,0.0,0.0,27,24,0.0,0.0,0.0,0.0,0.0,0.0,1.0
410111,0,1,3400,-68,68,113,7.5,18,4.0,0.0,0.0,27,24,0.0,0.0,0.0,0.0,0.0,0.0,1.0
410360,0,1,3400,-68,68,113,7.5,18,4.0,0.0,0.0,27,24,0.0,0.0,0.0,0.0,0.0,0.0,1.0
410609,0,1,3400,-68,68,120,7.5,18,4.0,0.0,0.0,27,24,0.0,0.0,0.0,0.0,0.0,0.0,1.0
410858,0,1,3400,-69,69,124,7.5,18,4.0,0.0,0.0,27,24,0.0,0.0,0.0,0.0,0.0,0.0,1.0
411107,0,1,3400,-69,69,118,7.5,17,4.0,0.0,0.0,27,24,0.0,0.0,0.0,0.0,0.0,0.0,1.0
411356,0,1,3400,-69,69,112,7.5,17,4.0,0.0,0.0,27,24,0.0,0.0,0.0,0.0,0.0,0.0,1.0
411605,0,1,3400,-69,69,112,7.5,17,4.0,0.0,0.0,27,24,0.0,0.0,0.0,0.0,0.0,0.0,1.0
411854,0,1,3400,-69,69,116,7.5,17,4.0,0.0,0.0,27,24,0.0,0.0,0.0,0.0,0.0,0.0,1.0
412103,0,1,3400,-69,69,116,7.5,17,4.0,0.0,0.0,27,24,0.0,0.0,0.0,0.0,0.0,0.0,1.0
412352,0,1,3400,-69,69,117,7.5,17,4.0,0.0,0.0,27,25,0.0,0.0,0.0,0.0,0.0,0.0,1.0
412601,0,1,3400,-69,69,119,7.5,17,4.0,0.0,0.0,27,24,0.0,0.0,0.0,0.0,0.0,0.0,1.0
412850,0,1,3400,-69,69,120,7.5,17,4.0,0.0,0.0,27,24,0.0,0.0,0.0,0.0,0.0,0.0,1.0
413099,0,1,3400,-69,69,122,7.5,17,4.0,0.0,0.0,27,24,0.0,0.0,0.0,0.0,0.0,0.0,1.0
413348,0,1,3400,-69,69,119,7.5,17,4.0,0.0,0.0,27,25,0.0,0.0,0.0,0.0,0.0,0.0,1.0
413597,0,1,3400,-69,69,116,7.5,17,4.0,0.0,0.0,27,24,0.0,0.0,0.0,0.0,0.0,0.0,1.0
413846,0,1,3400,-69,69,114,7.5,17,4.0,0.0,0.0,27,24,0.0,0.0,0.0,0.0,0.0,0.0,1.0
414095,0,1,3400,-69,69,122,7.5,17,4.0,0.0,0.0,27,24,0.0,0.0,0.0,0.0,0.0,0.0,1.0
414344,0,1,3400,-69,69,119,7.5,17,4.0,0.0,0.0,27,24,0.0,0.0,0.0,0.0,0.0,0.0,1.0
414593,0,1,3400,-69,69,103,7.5,17,4.0,0.0,0.0,27,24,0.0,0.0,0.0,0.0,0.0,0.0,1.0
414842,0,1,3400,-69,69,105,7.5,17,4.0,0.0,0.0,27,24,0.0,0.0,0.0,0.0,0.0,0.0,1.0
415091,0,1,3400,-69,69,111,7.5,17,4.0,0.0,0.0,27,24,0.0,0.0,0.0,0.0,0.0,0.0,1.0
415340,0,1,3400,-69,69,119,7.5,17,4.0,0.0,0.0,27,24,0.0,0.0,0.0,0.0,0.0,0.0,1.0
415589,0,1,3400,-69,69,112,7.5,17,4.0,0.0,0.0,27,24,0.0,0.0,0.0,0.0,0.0,0.0,1.0
415838,0,1,3400,-69,69,112,7.5,18,4.0,0.0,0.0,27,24,0.0,0.0,0.0,0.0,0.0,0.0,1.0
416087,0,1,3400,-69,69,113,7.5,17,4.0,0.0,0.0,27,24,0.0,0.0,0.0,0.0,0.0,0.0,1.0
416336,0,1,3400,-69,69,117,7.5,17,4.0,0.0,0.0,27,24,0.0,0.0,0.0,0.0,0.0,0.0,1.0
416585,0,1,3400,-69,69,120,7.5,17,4.0,0.0,0.0,27,24,0.0,0.0,0.0,0.0,0.0,0.0,1.0
416834,0,1,3400,-70,70,120,7.5,17,4.0,0.0,0.0,27,24,0.0,0.0,0.0,0.0,0.0,0.0,1.0
417083,0,1,3400,-70,70,122,7.5,16,4.0,0.0,0.0,27,24,0.0,0.0,0.0,0.0,0.0,0.0,1.0
417332,0,1,3400,-70,70,120,7.5,16,4.0,0.0,0.0,27,24,0.0,0.0,0.0,0.0,0.0,0.0,1.0
417581,0,1,3400,-70,70,123,7.5,16,4.0,0.0,0.0,27,24,0.0,0.0,0.0,0.0,0.0,0.0,1.0
417830,0,1,3400,-71,71,123,7.5,16,4.0,0.0,0.0,27,24,0.0,0.0,0.0,0.0,0.0,0.0,1.0
418079,0,1,3400,-71,71,125,7.5,16,4.0,0.0,0.0,27,24,0.0,0.0,0.0,0.0,0.0,0.0,1.0
418328,0,1,3400,-71,71,124,7.5,16,4.0,0.0,0.0,27,24,0.0,0.0,0.0,0.0,0.0,0.0,1.0
418577,0,1,3400,-71,71,125,7.5,15,4.0,0.0,0.0,27,24,0.0,0.0,0.0,0.0,0.0,0.0,1.0
418826,0,1,3400,-71,71,120,7.5,15,4.0,0.0,0.0,27,24,0.0,0.0,0.0,0.0,0.0,0.0,1.0
419075,0,1,3400,-72,72,124,7.5,15,4.0,0.0,0.0,27,25,0.0,0.0,0.0,0.0,0.0,0.0,1.0
419324,0,1,3400,-72,72,125,7.5,15,4.0,0.0,0.0,27,24,0.0,0.0,0.0,0.0,0.0,0.0,1.0
419573,0,1,3400,-72,72,130,7.5,14,4.0,0.0,0.0,27,24,0.0,0.0,0.0,0.0,0.0,0.0,1.0
419822,0,1,3400,-72,72,132,7.5,15,4.0,0.0,0.0,27,24,0.0,0.0,0.0,0.0,0.0,0.0,1.0
420071,0,1,3400,-72,72,125,7.5,14,4.0,0.0,0.0,27,24,0.0,0.0,0.0,0.0,0.0,0.0,1.0
420320,0,1,3400,-72,72,119,7.5,14,4.0,0.0,0.0,27,24,0.0,0.0,0.0,0.0,0.0,0.0,1.0
420569,0,1,3400,-72,72,119,7.5,14,4.0,0.0,0.0,27,24,0.0,0.0,0.0,0.0,0.0,0.0,1.0
420818,0,1,3400,-72,72,122,7.5,14,4.0,0.0,0.0,27,24,0.0,0.0,0.0,0.0,0.0,0.0,1.0
421067,0,1,3400,-72,72,125,7.5,15,4.0,0.0,0.0,27,24,0.0,0.0,0.0,0.0,0.0,0.0,1.0
421316,0,1,3400,-72,72,131,7.5,14,4.0,0.0,0.0,27,24,0.0,0.0,0.0,0.0,0.0,0.0,1.0
421565,0,1,3400,-72,72,135,7.5,15,4.0,0.0,0.0,27,24,0.0,0.0,0.0,0.0,0.0,0.0,1.0
421814,0,1,3400,-72,72,130,7.5,15,4.0,0.0,0.0,27,24,0.0,0.0,0.0,0.0,0.0,0.0,1.0
422063,0,1,3400,-72,72,118,7.5,14,4.0,0.0,0.0,27,24,0.0,0.0,0.0,0.0,0.0,0.0,1.0
422312,0,1,3400,-72,72,114,7.5,14,4.0,0.0,0.0,27,24,0.0,0.0,0.0,0.0,0.0,0.0,1.0
422561,0,1,3400,-72,72,111,7.5,14,4.0,0.0,0.0,27,24,0.0,0.0,0.0,0.0,0.0,0.0,1.0
422810,0,1,3400,-72,72,115,7.5,14,4.0,0.0,0.0,27,24,0.0,0.0,0.0,0.0,0.0,0.0,1.0
423059,0,1,3400,-73,73,116,7.5,14,4.0,0.0,0.0,27,24,0.0,0.0,0.0,0.0,0.0,0.0,1.0
423308,0,1,3400,-73,73,122,7.5,14,4.0,0.0,0.0,27,24,0.0,0.0,0.0,0.0,0.0,0.0,1.0
423557,0,1,3400,-73,73,125,7.5,13,4.0,0.0,0.0,27,24,0.0,0.0,0.0,0.0,0.0,0.0,1.0
423806,0,1,3400,-73,73,127,7.5,14,4.0,0.0,0.0,27,24,0.0,0.0,0.0,0.0,0.0,0.0,1.0
424055,0,1,3400,-73,73,125,7.5,14,4.0,0.0,0.0,27,24,0.0,0.0,0.0,0.0,0.0,0.0,1.0
424304,0,1,3400,-73,73,125,7.5,14,4.0,0.0,0.0,27,24,0.0,0.0,0.0,0.0,0.0,0.0,1.0
424553,0,1,3400,-73,73,123,7.5,14,4.0,0.0,0.0,27,24,0.0,0.0,0.0,0.0,0.0,0.0,1.0
424802,0,1,3400,-73,73,123,7.5,13,4.0,0.0,0.0,27,24,0.0,0.0,0.0,0.0,0.0,0.0,1.0
425051,0,1,3400,-73,73,125,7.5,14,4.0,0.0,0.0,27,24,0.0,0.0,0.0,0.0,0.0,0.0,1.0
425300,0,1,3400,-73,73,123,7.5,14,4.0,0.0,0.0,27,24,0.0,0.0,0.0,0.0,0.0,0.0,1.0
425549,0,1,3400,-73,73,120,7.5,14,4.0,0.0,0.0,27,25,0.0,0.0,0.0,0.0,0.0,0.0,1.0
425798,0,1,3400,-73,73,115,7.5,13,4.0,0.0,0.0,27,24,0.0,0.0,0.0,0.0,0.0,0.0,1.0
426047,0,1,3400,-73,73,110,7.5,14,4.0,0.0,0.0,27,24,0.0,0.0,0.0,0.0,0.0,0.0,1.0
426296,0,1,3400,-73,73,111,7.5,14,4.0,0.0,0.0,27,24,0.0,0.0,0.0,0.0,0.0,0.0,1.0
426545,0,1,3400,-72,72,119,7.5,14,4.0,0.0,0.0,27,24,0.0,0.0,0.0,0.0,0.0,0.0,1.0
426794,0,1,3400,-72,72,115,7.5,15,4.0,0.0,0.0,27,24,0.0,0.0,0.0,0.0,0.0,0.0,1.0
427043,0,1,3400,-73,73,111,7.5,14,4.0,0.0,0.0,27,24,0.0,0.0,0.0,0.0,0.0,0.0,1.0
427292,0,1,3400,-73,73,116,7.5,13,4.0,0.0,0.0,27,24,0.0,0.0,0.0,0.0,0.0,0.0,1.0
427541,0,1,3400,-73,73,124,7.5,13,4.0,0.0,0.0,27,24,0.0,0.0,0.0,0.0,0.0,0.0,1.0
427790,0,1,3400,-73,73,122,7.5,13,4.0,0.0,0.0,27,24,0.0,0.0,0.0,0.0,0.0,0.0,1.0
428039,0,1,3400,-73,73,127,7.5,14,4.0,0.0,0.0,27,24,0.0,0.0,0.0,0.0,0.0,0.0,1.0
428288,0,1,3400,-73,73,117,7.5,14,4.0,0.0,0.0,27,24,0.0,0.0,0.0,0.0,0.0,0.0,1.0
428537,0,1,3400,-72,72,118,7.5,15,4.0,0.0,0.0,27,24,0.0,0.0,0.0,0.0,0.0,0.0,1.0
428786,0,1,3400,-72,72,118,7.5,15,4.0,0.0,0.0,27,24,0.0,0.0,0.0,0.0,0.0,0.0,1.0
429035,0,1,3400,-72,72,120,7.5,14,4.0,0.0,0.0,27,24,0.0,0.0,0.0,0.0,0.0,0.0,1.0
429284,0,1,3400,-72,72,121,7.5,14,4.0,0.0,0.0,27,24,0.0,0.0,0.0,0.0,0.0,0.0,1.0
429533,0,1,3400,-72,72,122,7.5,14,4.0,0.0,0.0,27,24,0.0,0.0,0.0,0.0,0.0,0.0,1.0
429782,0,1,3400,-72,72,121,7.5,14,4.0,0.0,0.0,27,24,0.0,0.0,0.0,0.0,0.0,0.0,1.0
430031,0,1,3400,-73,73,108,7.5,14,4.0,0.0,0.0,27,24,0.0,0.0,0.0,0.0,0.0,0.0,1.0
430280,0,1,3400,-73,73,104,7.5,13,4.0,0.0,0.0,27,24,0.0,0.0,0.0,0.0,0.0,0.0,1.0
430529,0,1,3400,-73,73,112,7.5,13,4.0,0.0,0.0,27,24,0.0,0.0,0.0,0.0,0.0,0.0,1.0
430778,0,1,3400,-73,73,107,7.5,13,4.0,0.0,0.0,27,24,0.0,0.0,0.0,0.0,0.0,0.0,1.0
431027,0,1,3400,-73,73,110,7.5,13,4.0,0.0,0.0,27,24,0.0,0.0,0.0,0.0,0.0,0.0,1.0
431276,0,1,3400,-73,73,112,7.5,13,4.0,0.0,0.0,27,24,0.0,0.0,0.0,0.0,0.0,0.0,1.0
431525,0,1,3400,-73,73,113,7.5,13,4.0,0.0,0.0,27,24,0.0,0.0,0.0,0.0,0.0,0.0,1.0
431774,0,1,3400,-73,73,116,7.5,13,4.0,0.0,0.0,27,24,0.0,0.0,0.0,0.0,0.0,0.0,1.0
432023,0,1,3400,-73,73,113,7.5,13,4.0,0.0,0.0,27,25,0.0,0.0,0.0,0.0,0.0,0.0,1.0
432272,0,1,3400,-73,73,114,7.5,13,4.0,0.0,0.0,27,24,0.0,0.0,0.0,0.0,0.0,0.0,1.0
432521,0,1,3400,-73,73,119,7.5,13,4.0,0.0,0.0,27,24,0.0,0.0,0.0,0.0,0.0,0.0,1.0
432770,0,1,3400,-73,73,116,7.5,14,4.0,0.0,0.0,27,24,0.0,0.0,0.0,0.0,0.0,0.0,1.0
433019,0,1,3400,-73,73,117,7.5,14,4.0,0.0,0.0,27,24,0.0,0.0,0.0,0.0,0.0,0.0,1.0
433268,0,1,3400,-73,73,116,7.5,14,4.0,0.0,0.0,27,24,0.0,0.0,0.0,0.0,0.0,0.0,1.0
433517,0,1,3400,-72,72,120,7.5,14,4.0,0.0,0.0,27,24,0.0,0.0,0.0,0.0,0.0,0.0,1.0
433766,0,1,3400,-72,72,128,7.5,15,4.0,0.0,0.0,27,24,0.0,0.0,0.0,0.0,0.0,0.0,1.0
434015,0,1,3400,-73,73,131,7.5,14,4.0,0.0,0.0,27,24,0.0,0.0,0.0,0.0,0.0,0.0,1.0
434264,0,1,3400,-73,73,116,7.5,14,4.0,0.0,0.0,27,24,0.0,0.0,0.0,0.0,0.0,0.0,1.0
434513,0,1,3400,-73,73,112,7.5,13,4.0,0.0,0.0,27,24,0.0,0.0,0.0,0.0,0.0,0.0,1.0
434762,0,1,3400,-73,73,113,7.5,14,4.0,0.0,0.0,27,24,0.0,0.0,0.0,0.0,0.0,0.0,1.0
435011,0,1,3400,-73,73,112,7.5,13,4.0,0.0,0.0,27,24,0.0,0.0,0.0,0.0,0.0,0.0,1.0
435260,0,1,3400,-73,73,115,7.5,14,4.0,0.0,0.0,27,24,0.0,0.0,0.0,0.0,0.0,0.0,1.0
435509,0,1,3400,-72,72,113,7.5,14,4.0,0.0,0.0,27,24,0.0,0.0,0.0,0.0,0.0,0.0,1.0
435758,0,1,3400,-72,72,114,7.5,14,4.0,0.0,0.0,27,24,0.0,0.0,0.0,0.0,0.0,0.0,1.0
436007,0,1,3400,-72,72,115,7.5,14,4.0,0.0,0.0,27,24,0.0,0.0,0.0,0.0,0.0,0.0,1.0
436256,0,1,3400,-72,72,117,7.5,14,4.0,0.0,0.0,27,24,0.0,0.0,0.0,0.0,0.0,0.0,1.0
436505,0,1,3400,-72,72,122,7.5,14,4.0,0.0,0.0,27,24,0.0,0.0,0.0,0.0,0.0,0.0,1.0
436754,0,1,3400,-72,72,125,7.5,14,4.0,0.0,0.0,27,24,0.0,0.0,0.0,0.0,0.0,0.0,1.0
437003,0,1,3400,-72,72,122,7.5,14,4.0,0.0,0.0,27,24,0.0,0.0,0.0,0.0,0.0,0.0,1.0
437252,0,1,3400,-72,72,121,7.5,14,4.0,0.0,0.0,27,24,0.0,0.0,0.0,0.0,0.0,0.0,1.0
437501,0,1,3400,-72,72,118,7.5,14,4.0,0.0,0.0,27,24,0.0,0.0,0.0,0.0,0.0,0.0,1.0
437750,0,1,3400,-72,72,117,7.5,14,4.0,0.0,0.0,27,24,0.0,0.0,0.0,0.0,0.0,0.0,1.0
437999,0,1,3400,-72,72,113,7.5,14,4.0,0.0,0.0,27,24,0.0,0.0,0.0,0.0,0.0,0.0,1.0
438248,0,1,3400,-72,72,113,7.5,14,4.0,0.0,0.0,27,24,0.0,0.0,0.0,0.0,0.0,0.0,1.0
438497,0,1,3400,-72,72,117,7.5,14,4.0,0.0,0.0,27,25,0.0,0.0,0.0,0.0,0.0,0.0,1.0
438746,0,1,3400,-72,72,112,7.5,14,4.0,0.0,0.0,27,24,0.0,0.0,0.0,0.0,0.0,0.0,1.0
438995,0,1,3400,-72,72,114,7.5,14,4.0,0.0,0.0,27,24,0.0,0.0,0.0,0.0,0.0,0.0,1.0
439244,0,1,3400,-72,72,108,7.5,14,4.0,0.0,0.0,27,24,0.0,0.0,0.0,0.0,0.0,0.0,1.0
439493,0,1,3400,-72,72,104,7.5,14,4.0,0.0,0.0,27,24,0.0,0.0,0.0,0.0,0.0,0.0,1.0
439742,0,1,3400,-72,72,108,7.5,14,4.0,0.0,0.0,27,24,0.0,0.0,0.0,0.0,0.0,0.0,1.0
439991,0,1,3400,-72,72,110,7.5,14,4.0,0.0,0.0,27,24,0.0,0.0,0.0,0.0,0.0,0.0,1.0
440240,0,1,3400,-72,72,113,7.5,14,4.0,0.0,0.0,27,24,0.0,0.0,0.0,0.0,0.0,0.0,1.0
440489,0,1,3400,-71,71,117,7.5,14,4.0,0.0,0.0,27,24,0.0,0.0,0.0,0.0,0.0,0.0,1.0
440738,0,1,3400,-71,71,116,7.5,14,4.0,0.0,0.0,27,24,0.0,0.0,0.0,0.0,0.0,0.0,1.0
440987,0,1,3400,-71,71,112,7.5,14,4.0,0.0,0.0,27,24,0.0,0.0,0.0,0.0,0.0,0.0,1.0
441236,0,1,3400,-71,71,116,7.5,15,4.0,0.0,0.0,27,24,0.0,0.0,0.0,0.0,0.0,0.0,1.0
441485,0,1,3400,-71,71,113,7.5,14,4.0,0.0,0.0,27,24,0.0,0.0,0.0,0.0,0.0,0.0,1.0
441734,0,1,3400,-71,71,112,7.5,14,4.0,0.0,0.0,27,24,0.0,0.0,0.0,0.0,0.0,0.0,1.0
441983,0,1,3400,-72,72,114,7.5,14,4.0,0.0,0.0,27,24,0.0,0.0,0.0,0.0,0.0,0.0,1.0
442232,0,1,3400,-72,72,118,7.5,14,4.0,0.0,0.0,27,24,0.0,0.0,0.0,0.0,0.0,0.0,1.0
442481,0,1,3400,-72,72,121,7.5,14,4.0,0.0,0.0,27,24,0.0,0.0,0.0,0.0,0.0,0.0,1.0
442730,0,1,3400,-72,72,122,7.5,13,4.0,0.0,0.0,27,24,0.0,0.0,0.0,0.0,0.0,0.0,1.0
442979,0,1,3400,-72,72,122,7.5,13,4.0,0.0,0.0,27,24,0.0,0.0,0.0,0.0,0.0,0.0,1.0
443228,0,1,3400,-72,72,110,7.5,13,4.0,0.0,0.0,27,24,0.0,0.0,0.0,0.0,0.0,0.0,1.0
443477,0,1,3400,-72,72,112,7.5,13,4.0,0.0,0.0,27,24,0.0,0.0,0.0,0.0,0.0,0.0,1.0
443726,0,1,3400,-72,72,114,7.5,14,4.0,0.0,0.0,27,24,0.0,0.0,0.0,0.0,0.0,0.0,1.0
443975,0,1,3400,-72,72,120,7.5,13,4.0,0.0,0.0,27,24,0.0,0.0,0.0,0.0,0.0,0.0,1.0
444224,0,1,3400,-72,72,116,7.5,13,4.0,0.0,0.0,27,24,0.0,0.0,0.0,0.0,0.0,0.0,1.0
444473,0,1,3400,-71,71,117,7.5,14,4.0,0.0,0.0,27,24,0.0,0.0,0.0,0.0,0.0,0.0,1.0
444722,0,1,3400,-71,71,112,7.5,14,4.0,0.0,0.0,27,24,0.0,0.0,0.0,0.0,0.0,0.0,1.0
444971,0,1,3400,-72,72,112,7.5,14,4.0,0.0,0.0,27,24,0.0,0.0,0.0,0.0,0.0,0.0,1.0
445220,0,1,3400,-72,72,126,7.5,14,4.0,0.0,0.0,27,24,0.0,0.0,0.0,0.0,0.0,0.0,1.0
445469,0,1,3400,-72,72,118,7.5,13,4.0,0.0,0.0,27,25,0.0,0.0,0.0,0.0,0.0,0.0,1.0
445718,0,1,3400,-72,72,112,7.5,13,4.0,0.0,0.0,27,24,0.0,0.0,0.0,0.0,0.0,0.0,1.0
445967,0,1,3400,-72,72,111,7.5,13,4.0,0.0,0.0,27,24,0.0,0.0,0.0,0.0,0.0,0.0,1.0
446216,0,1,3400,-72,72,110,7.5,13,4.0,0.0,0.0,27,24,0.0,0.0,0.0,0.0,0.0,0.0,1.0
446465,0,1,3400,-72,72,108,7.5,13,4.0,0.0,0.0,27,24,0.0,0.0,0.0,0.0,0.0,0.0,1.0
446714,0,1,3400,-72,72,109,7.5,13,4.0,0.0,0.0,27,24,0.0,0.0,0.0,0.0,0.0,0.0,1.0
446963,0,1,3400,-72,72,105,7.5,14,4.0,0.0,0.0,27,24,0.0,0.0,0.0,0.0,0.0,0.0,1.0
447212,0,1,3400,-72,72,110,7.5,14,4.0,0.0,0.0,27,24,0.0,0.0,0.0,0.0,0.0,0.0,1.0
447461,0,1,3400,-71,71,113,7.5,14,4.0,0.0,0.0,27,24,0.0,0.0,0.0,0.0,0.0,0.0,1.0
447710,0,1,3400,-71,71,122,7.5,14,4.0,0.0,0.0,27,24,0.0,0.0,0.0,0.0,0.0,0.0,1.0
447959,0,1,3400,-71,71,118,7.5,14,4.0,0.0,0.0,27,24,0.0,0.0,0.0,0.0,0.0,0.0,1.0
448208,0,1,3400,-71,71,117,7.5,14,4.0,0.0,0.0,27,24,0.0,0.0,0.0,0.0,0.0,0.0,1.0
448457,0,1,3400,-71,71,119,7.5,14,4.0,0.0,0.0,27,24,0.0,0.0,0.0,0.0,0.0,0.0,1.0
448706,0,1,3400,-71,71,107,7.5,14,4.0,0.0,0.0,27,24,0.0,0.0,0.0,0.0,0.0,0.0,1.0
448955,0,1,3400,-71,71,115,7.5,15,4.0,0.0,0.0,27,24,0.0,0.0,0.0,0.0,0.0,0.0,1.0
449204,0,1,3400,-71,71,118,7.5,15,4.0,0.0,0.0,27,24,0.0,0.0,0.0,0.0,0.0,0.0,1.0
449453,0,1,3400,-70,70,116,7.5,15,4.0,0.0,0.0,27,24,0.0,0.0,0.0,0.0,0.0,0.0,1.0
449702,0,1,3400,-70,70,111,7.5,15,4.0,0.0,0.0,27,24,0.0,0.0,0.0,0.0,0.0,0.0,1.0
449951,0,1,3400,-70,70,112,7.5,15,4.0,0.0,0.0,27,24,0.0,0.0,0.0,0.0,0.0,0.0,1.0
450200,0,1,3400,-70,70,119,7.5,15,4.0,0.0,0.0,27,24,0.0,0.0,0.0,0.0,0.0,0.0,1.0
450449,0,1,3400,-70,70,117,7.5,15,4.0,0.0,0.0,27,24,0.0,0.0,0.0,0.0,0.0,0.0,1.0
450698,0,1,3400,-70,70,117,7.5,16,4.0,0.0,0.0,27,24,0.0,0.0,0.0,0.0,0.0,0.0,1.0
450947,0,1,3400,-70,70,118,7.5,16,4.0,0.0,0.0,27,24,0.0,0.0,0.0,0.0,0.0,0.0,1.0
451196,0,1,3400,-70,70,117,7.5,16,4.0,0.0,0.0,27,24,0.0,0.0,0.0,0.0,0.0,0.0,1.0
451445,0,1,3400,-70,70,118,7.5,16,4.0,0.0,0.0,27,24,0.0,0.0,0.0,0.0,0.0,0.0,1.0
451694,0,1,3400,-70,70,109,7.5,16,4.0,0.0,0.0,27,24,0.0,0.0,0.0,0.0,0.0,0.0,1.0
451943,0,1,3400,-70,70,110,7.5,15,4.0,0.0,0.0,27,24,0.0,0.0,0.0,0.0,0.0,0.0,1.0
452192,0,1,3400,-70,70,115,7.5,15,4.0,0.0,0.0,27,24,0.0,0.0,0.0,0.0,0.0,0.0,1.0
452441,0,1,3400,-70,70,116,7.5,15,4.0,0.0,0.0,27,24,0.0,0.0,0.0,0.0,0.0,0.0,1.0
452690,0,1,3400,-70,70,116,7.5,15,4.0,0.0,0.0,27,24,0.0,0.0,0.0,0.0,0.0,0.0,1.0
452939,0,1,3400,-70,70,115,7.5,15,4.0,0.0,0.0,27,24,0.0,0.0,0.0,0.0,0.0,0.0,1.0
453188,0,1,3400,-70,70,110,7.5,15,4.0,0.0,0.0,27,24,0.0,0.0,0.0,0.0,0.0,0.0,1.0
453437,0,1,3400,-71,71,99,7.5,15,4.0,0.0,0.0,27,24,0.0,0.0,0.0,0.0,0.0,0.0,1.0
453686,0,1,3400,-89,89,-276,7.4,1.0,4.0,0.0,0.0,27,24,0.0,0.0,0.0,0.0,1.0,0.0,1.0
453935,0,1,3400,-89,89,-50,7.4,0.97,4.0,0.0,0.0,27,24,0.0,0.0,0.0,0.0,0.0,0.0,1.0
454184,0,1,3400,-89,89,23,7.5,0.92,4.0,0.0,0.0,27,24,0.0,0.0,0.0,0.0,0.0,0.0,1.0
454433,0,1,3400,-89,89,-21,7.4,0.99,4.0,0.0,0.0,27,25,0.0,0.0,0.0,0.0,1.0,0.0,1.0
454682,0,1,3400,-89,89,-21,7.4,0.99,4.0,0.0,0.0,27,25,0.0,0.0,0.0,0.0,0.0,0.0,1.0
454931,0,1,3400,-89,89,-21,7.4,0.99,4.0,0.0,0.0,27,25,0.0,0.0,0.0,0.0,0.0,0.0,1.0
455180,0,1,3400,-89,89,-21,7.4,0.99,4.0,0.0,0.0,27,25,0.0,0.0,0.0,0.0,0.0,0.0,1.0
455429,0,1,3400,-89,89,-21,7.4,0.99,4.0,0.0,0.0,27,25,0.0,0.0,0.0,0.0,0.0,0.0,1.0
455678,0,1,3400,-89,89,-21,7.4,0.99,4.0,0.0,0.0,27,25,0.0,0.0,0.0,0.0,0.0,0.0,0.0
455927,0,1,3400,-89,89,-21,7.4,0.99,4.0,0.0,0.0,27,25,0.0,0.0,0.0,0.0,0.0,0.0,0.0
456176,0,1,3400,-89,89,-21,7.4,0.99,4.0,0.0,0.0,27,25,0.0,0.0,0.0,0.0,0.0,0.0,0.0
456425,0,1,3400,-89,89,-21,7.4,0.99,4.0,0.0,0.0,27,25,0.0,0.0,0.0,0.0,0.0,0.0,0.0
456674,0,1,3400,-89,89,-21,7.4,0.99,4.0,0.0,0.0,27,25,0.0,0.0,0.0,0.0,0.0,0.0,0.0
456923,0,1,3400,-89,89,-21,7.4,0.99,4.0,0.0,0.0,27,25,0.0,0.0,0.0,0.0,0.0,0.0,0.0
457172,0,1,3400,-89,89,-21,7.4,0.99,4.0,0.0,0.0,27,25,0.0,0.0,0.0,0.0,0.0,0.0,0.0
457421,0,1,3400,-89,89,-21,7.4,0.99,4.0,0.0,0.0,27,25,0.0,0.0,0.0,0.0,0.0,0.0,0.0
457670,0,1,3400,-89,89,-21,7.4,0.99,4.0,0.0,0.0,27,25,0.0,0.0,0.0,0.0,0.0,0.0,0.0
457919,0,1,3400,-89,89,-21,7.4,0.99,4.0,0.0,0.0,27,25,0.0,0.0,0.0,0.0,0.0,0.0,0.0
458168,0,1,3400,-89,89,-21,7.4,0.99,4.0,0.0,0.0,27,25,0.0,0.0,0.0,0.0,0.0,0.0,0.0
458417,0,1,3400,-89,89,-21,7.4,0.99,4.0,0.0,0.0,27,25,0.0,0.0,0.0,0.0,0.0,0.0,0.0
458666,0,1,3400,-89,89,-21,7.4,0.99,4.0,0.0,0.0,27,25,0.0,0.0,0.0,0.0,0.0,0.0,0.0
458915,0,1,3400,-89,89,-21,7.4,0.99,4.0,0.0,0.0,27,25,0.0,0.0,0.0,0.0,0.0,0.0,0.0
459164,0,1,3400,-89,89,-21,7.4,0.99,4.0,0.0,0.0,27,25,0.0,0.0,0.0,0.0,0.0,0.0,0.0
459413,0,1,3400,-89,89,-21,7.4,0.99,4.0,0.0,0.0,27,25,0.0,0.0,0.0,0.0,0.0,0.0,0.0
459662,0,1,3400,-89,89,-21,7.4,0.99,4.0,0.0,0.0,27,25,0.0,0.0,0.0,0.0,0.0,0.0,0.0
459911,0,1,3400,-89,89,-21,7.4,0.99,4.0,0.0,0.0,27,25,0.0,0.0,0.0,0.0,0.0,0.0,0.0
460160,0,1,3400,-89,89,-21,7.4,0.99,4.0,0.0,0.0,27,25,0.0,0.0,0.0,0.0,0.0,0.0,0.0
460409,0,1,3400,-89,89,-21,7.4,0.99,4.0,0.0,0.0,27,25,0.0,0.0,0.0,0.0,0.0,0.0,0.0
460658,0,1,3400,-89,89,-21,7.4,0.99,4.0,0.0,0.0,27,25,0.0,0.0,0.0,0.0,