time,cc,pci,earfcn,rsrp,pl,cfo,dl_mcs,dl_snr,dl_turbo,dl_brate,dl_bler,ul_ta,ul_mcs,ul_buff,ul_brate,ul_bler,rf_o,rf_u,rf_l,is_attached
0,0,0,4294967295,0.0,0.0,0.0,0.0,0.0,0.0,0.0,0.0,0.0,0.0,0.0,0.0,0.0,0.0,0.0,0.0,0.0
249,0,0,3400,0.0,0.0,0.0,0.0,0.0,0.0,0.0,0.0,0.0,0.0,0.0,0.0,0.0,0.0,0.0,0.0,0.0
498,0,0,3400,0.0,0.0,0.0,0.0,0.0,0.0,0.0,0.0,0.0,0.0,0.0,0.0,0.0,0.0,0.0,0.0,0.0
747,0,1,3400,0.0,0.0,0.0,0.0,0.0,0.0,0.0,0.0,0.0,0.0,0.0,0.0,0.0,0.0,0.0,0.0,0.0
996,0,1,3400,0.0,0.0,0.0,0.0,0.0,0.0,0.0,0.0,0.0,0.0,0.0,0.0,0.0,0.0,0.0,0.0,0.0
1245,0,1,3400,-56,56,947,1.5,29,0.20,2912.000000,0,0.0,0.0,33,224,0,0.0,0.0,0.0,1.0
1494,0,1,3400,-56,56,951,2.0,29,0.25,224,0,27,0.30,0.0,17056.000000,0,0.0,0.0,0.0,1.0
1743,0,1,3400,-56,56,947,3.0,29,0.50,2880.000000,0,27,3.9,21,21216.000000,0,0.0,0.0,0.0,1.0
1992,0,1,3400,-56,56,948,3.2,28,1.6,224,50,27,2.3,0.0,5760.000000,0,0.0,0.0,0.0,1.0
2241,0,1,3400,-56,56,951,4.0,29,2.2,0.0,0.0,27,2.0,0.0,0.0,0.0,0.0,0.0,0.0,1.0
2490,0,1,3400,-56,56,952,4.0,29,2.2,0.0,0.0,27,2.0,0.0,0.0,0.0,0.0,0.0,0.0,1.0
2739,0,1,3400,-56,56,953,4.0,29,2.2,0.0,0.0,27,2.0,0.0,0.0,0.0,0.0,0.0,0.0,1.0
2988,0,1,3400,-56,56,958,4.0,29,2.2,0.0,0.0,27,2.0,0.0,0.0,0.0,0.0,0.0,0.0,1.0
3237,0,1,3400,-56,56,955,4.0,29,2.3,0.0,0.0,27,2.0,0.0,0.0,0.0,0.0,0.0,0.0,1.0
3486,0,1,3400,-56,56,950,4.0,29,2.2,0.0,0.0,27,2.0,0.0,0.0,0.0,0.0,0.0,0.0,1.0
3735,0,1,3400,-56,56,948,4.0,29,2.2,0.0,0.0,27,2.0,0.0,0.0,0.0,0.0,0.0,0.0,1.0
3984,0,1,3400,-56,56,951,4.0,29,2.3,0.0,0.0,27,2.0,0.0,0.0,0.0,0.0,0.0,0.0,1.0
4233,0,1,3400,-56,56,949,4.0,29,2.2,0.0,0.0,27,2.3,0.0,2592.000000,0,0.0,0.0,0.0,1.0
4482,0,1,3400,-56,56,949,4.0,29,2.3,0.0,0.0,27,3.0,0.0,0.0,0.0,0.0,0.0,0.0,1.0
4731,0,1,3400,-56,56,953,3.9,29,2.2,0.0,0.0,27,3.0,0.0,0.0,0.0,0.0,0.0,0.0,1.0
4980,0,1,3400,-56,56,953,4.0,29,2.2,0.0,0.0,27,3.0,0.0,0.0,0.0,0.0,0.0,0.0,1.0
5229,0,1,3400,-56,56,950,4.0,29,2.2,0.0,0.0,27,3.0,0.0,0.0,0.0,0.0,0.0,0.0,1.0
5478,0,1,3400,-56,56,953,4.0,29,2.3,0.0,0.0,27,3.0,0.0,0.0,0.0,0.0,0.0,0.0,1.0
5727,0,1,3400,-56,56,952,4.0,29,2.2,0.0,0.0,27,3.0,0.0,0.0,0.0,0.0,0.0,0.0,1.0
5976,0,1,3400,-56,56,955,4.0,29,2.2,0.0,0.0,27,3.0,0.0,0.0,0.0,0.0,0.0,0.0,1.0
6225,0,1,3400,-56,56,949,4.0,29,2.2,0.0,0.0,27,3.0,0.0,0.0,0.0,0.0,0.0,0.0,1.0
6474,0,1,3400,-56,56,954,4.0,29,2.2,0.0,0.0,27,3.0,0.0,0.0,0.0,0.0,0.0,0.0,1.0
6723,0,1,3400,-56,56,955,4.0,29,2.2,0.0,0.0,27,3.0,0.0,0.0,0.0,0.0,0.0,0.0,1.0
6972,0,1,3400,-56,56,948,4.0,29,2.2,0.0,0.0,27,3.0,0.0,0.0,0.0,0.0,0.0,0.0,1.0
7221,0,1,3400,-56,56,954,4.0,29,2.2,0.0,0.0,27,3.0,0.0,0.0,0.0,0.0,0.0,0.0,1.0
7470,0,1,3400,-56,56,949,4.0,29,2.2,0.0,0.0,27,3.0,0.0,0.0,0.0,0.0,0.0,0.0,1.0
7719,0,1,3400,-56,56,954,4.0,29,2.2,0.0,0.0,27,3.0,0.0,0.0,0.0,0.0,0.0,0.0,1.0
7968,0,1,3400,-56,56,951,4.0,29,2.2,0.0,0.0,27,3.0,0.0,0.0,0.0,0.0,0.0,0.0,1.0
8217,0,1,3400,-56,56,954,4.0,29,2.2,0.0,0.0,27,3.0,0.0,0.0,0.0,0.0,0.0,0.0,1.0
8466,0,1,3400,-56,56,961,4.4,29,2.2,576,0,27,3.0,0.0,0.0,0.0,0.0,0.0,0.0,1.0
8715,0,1,3400,-56,56,948,4.5,29,2.2,0.0,0.0,27,3.0,0.0,0.0,0.0,0.0,0.0,0.0,1.0
8964,0,1,3400,-56,56,948,4.5,29,2.2,0.0,0.0,27,3.0,0.0,0.0,0.0,0.0,0.0,0.0,1.0
9213,0,1,3400,-56,56,948,4.5,29,2.3,0.0,0.0,27,3.0,0.0,0.0,0.0,0.0,0.0,0.0,1.0
9462,0,1,3400,-56,56,948,4.5,29,2.2,0.0,0.0,27,3.0,0.0,0.0,0.0,0.0,0.0,0.0,1.0
9711,0,1,3400,-56,56,951,4.5,29,2.3,0.0,0.0,27,3.0,0.0,0.0,0.0,0.0,0.0,0.0,1.0
9960,0,1,3400,-56,56,952,4.5,29,2.2,0.0,0.0,27,3.0,0.0,0.0,0.0,0.0,0.0,0.0,1.0
10209,0,1,3400,-56,56,950,4.5,29,2.3,0.0,0.0,27,3.0,0.0,0.0,0.0,0.0,0.0,0.0,1.0
10458,0,1,3400,-56,56,951,4.5,29,2.2,0.0,0.0,27,3.0,0.0,0.0,0.0,0.0,0.0,0.0,1.0
10707,0,1,3400,-56,56,953,4.5,29,2.2,0.0,0.0,27,3.0,0.0,0.0,0.0,0.0,0.0,0.0,1.0
10956,0,1,3400,-56,56,952,4.5,29,2.2,0.0,0.0,27,3.0,0.0,0.0,0.0,0.0,0.0,0.0,1.0
11205,0,1,3400,-56,56,951,4.5,29,2.2,0.0,0.0,27,3.0,0.0,0.0,0.0,0.0,0.0,0.0,1.0
11454,0,1,3400,-56,56,951,4.5,29,2.2,0.0,0.0,27,3.0,0.0,0.0,0.0,0.0,0.0,0.0,1.0
11703,0,1,3400,-56,56,952,4.5,29,2.2,0.0,0.0,27,3.0,0.0,0.0,0.0,0.0,0.0,0.0,1.0
11952,0,1,3400,-56,56,951,4.5,29,2.2,0.0,0.0,27,3.0,0.0,0.0,0.0,0.0,0.0,0.0,1.0
12201,0,1,3400,-56,56,946,4.5,29,2.2,0.0,0.0,27,3.0,0.0,0.0,0.0,0.0,0.0,0.0,1.0
12450,0,1,3400,-57,57,946,4.5,29,2.2,0.0,0.0,27,3.0,0.0,0.0,0.0,0.0,0.0,0.0,1.0
12699,0,1,3400,-56,56,954,4.5,29,2.2,0.0,0.0,27,3.0,0.0,0.0,0.0,0.0,0.0,0.0,1.0
12948,0,1,3400,-56,56,949,4.5,29,2.2,0.0,0.0,27,4.4,0.0,15520.000000,0,0.0,0.0,0.0,1.0
13197,0,1,3400,-56,56,946,4.5,29,2.2,0.0,0.0,27,8.0,0.0,0.0,0.0,0.0,0.0,0.0,1.0
13446,0,1,3400,-56,56,952,4.5,29,2.2,0.0,0.0,27,8.0,0.0,0.0,0.0,0.0,0.0,0.0,1.0
13695,0,1,3400,-56,56,956,4.5,29,2.2,0.0,0.0,27,8.0,0.0,0.0,0.0,0.0,0.0,0.0,1.0
13944,0,1,3400,-56,56,952,4.5,29,2.2,0.0,0.0,27,8.0,0.0,0.0,0.0,0.0,0.0,0.0,1.0
14193,0,1,3400,-56,56,949,4.5,29,2.2,0.0,0.0,27,8.0,0.0,0.0,0.0,0.0,0.0,0.0,1.0
14442,0,1,3400,-56,56,951,4.5,29,2.3,0.0,0.0,27,8.0,0.0,0.0,0.0,0.0,0.0,0.0,1.0
14691,0,1,3400,-56,56,949,4.5,29,2.2,0.0,0.0,27,8.0,0.0,0.0,0.0,0.0,0.0,0.0,1.0
14940,0,1,3400,-56,56,949,4.5,29,2.2,0.0,0.0,27,8.0,0.0,0.0,0.0,0.0,0.0,0.0,1.0
15189,0,1,3400,-56,56,954,4.5,29,2.2,0.0,0.0,27,8.0,0.0,0.0,0.0,0.0,0.0,0.0,1.0
15438,0,1,3400,-56,56,950,4.5,29,2.2,0.0,0.0,27,8.0,0.0,0.0,0.0,0.0,0.0,0.0,1.0
15687,0,1,3400,-56,56,949,4.5,29,2.2,0.0,0.0,27,8.0,0.0,0.0,0.0,0.0,0.0,0.0,1.0
15936,0,1,3400,-56,56,955,4.5,29,2.2,0.0,0.0,27,8.0,0.0,0.0,0.0,0.0,0.0,0.0,1.0
16185,0,1,3400,-56,56,952,4.5,29,2.3,0.0,0.0,27,8.0,0.0,0.0,0.0,0.0,0.0,0.0,1.0
16434,0,1,3400,-56,56,953,4.5,29,2.2,0.0,0.0,27,8.0,0.0,0.0,0.0,0.0,0.0,0.0,1.0
16683,0,1,3400,-56,56,953,4.5,29,2.2,0.0,0.0,27,7.9,0.0,0.0,0.0,0.0,0.0,0.0,1.0
16932,0,1,3400,-56,56,953,4.5,29,2.2,0.0,0.0,27,8.0,0.0,0.0,0.0,0.0,0.0,0.0,1.0
17181,0,1,3400,-56,56,956,4.5,29,2.2,0.0,0.0,27,8.0,0.0,0.0,0.0,0.0,0.0,0.0,1.0
17430,0,1,3400,-56,56,953,4.5,29,2.2,0.0,0.0,27,7.9,0.0,0.0,0.0,0.0,0.0,0.0,1.0
17679,0,1,3400,-56,56,950,4.5,29,2.2,0.0,0.0,27,8.0,0.0,0.0,0.0,0.0,0.0,0.0,1.0
17928,0,1,3400,-56,56,947,4.5,29,2.2,0.0,0.0,27,8.0,0.0,0.0,0.0,0.0,0.0,0.0,1.0
18177,0,1,3400,-56,56,952,4.5,29,2.2,0.0,0.0,27,8.0,0.0,0.0,0.0,0.0,0.0,0.0,1.0
18426,0,1,3400,-56,56,950,4.5,29,2.2,0.0,0.0,27,8.0,0.0,0.0,0.0,0.0,0.0,0.0,1.0
18675,0,1,3400,-56,56,944,4.5,29,2.2,0.0,0.0,27,8.0,0.0,0.0,0.0,0.0,0.0,0.0,1.0
18924,0,1,3400,-56,56,952,4.5,29,2.2,0.0,0.0,27,8.0,0.0,0.0,0.0,0.0,0.0,0.0,1.0
19173,0,1,3400,-56,56,952,4.5,29,2.2,0.0,0.0,27,8.0,0.0,0.0,0.0,0.0,0.0,0.0,1.0
19422,0,1,3400,-56,56,951,4.5,29,2.2,0.0,0.0,27,8.0,0.0,0.0,0.0,0.0,0.0,0.0,1.0
19671,0,1,3400,-56,56,955,4.5,29,2.2,0.0,0.0,27,9.2,0.0,11936.000000,0,0.0,0.0,0.0,1.0
19920,0,1,3400,-56,56,956,4.5,29,2.2,0.0,0.0,27,13,0.0,0.0,0.0,0.0,0.0,0.0,1.0
20169,0,1,3400,-56,56,955,4.5,29,2.2,0.0,0.0,27,13,0.0,0.0,0.0,0.0,0.0,0.0,1.0
20418,0,1,3400,-56,56,952,4.5,29,2.2,0.0,0.0,27,13,0.0,0.0,0.0,0.0,0.0,0.0,1.0
20667,0,1,3400,-56,56,949,4.5,29,2.2,0.0,0.0,27,13,0.0,0.0,0.0,0.0,0.0,0.0,1.0
20916,0,1,3400,-56,56,948,4.5,29,2.2,0.0,0.0,27,13,0.0,0.0,0.0,0.0,0.0,0.0,1.0
21165,0,1,3400,-56,56,952,4.5,29,2.3,0.0,0.0,27,13,0.0,0.0,0.0,0.0,0.0,0.0,1.0
21414,0,1,3400,-56,56,954,4.5,29,2.2,0.0,0.0,27,13,0.0,0.0,0.0,0.0,0.0,0.0,1.0
21663,0,1,3400,-56,56,946,4.5,29,2.2,0.0,0.0,27,13,0.0,0.0,0.0,0.0,0.0,0.0,1.0
21912,0,1,3400,-56,56,946,4.5,29,2.3,0.0,0.0,27,13,0.0,0.0,0.0,0.0,0.0,0.0,1.0
22161,0,1,3400,-56,56,955,4.5,29,2.2,0.0,0.0,27,13,0.0,0.0,0.0,0.0,0.0,0.0,1.0
22410,0,1,3400,-56,56,955,4.5,29,2.3,0.0,0.0,27,13,0.0,0.0,0.0,0.0,0.0,0.0,1.0
22659,0,1,3400,-56,56,955,4.5,29,2.2,0.0,0.0,27,13,0.0,0.0,0.0,0.0,0.0,0.0,1.0
22908,0,1,3400,-56,56,954,4.5,29,2.3,0.0,0.0,27,13,0.0,0.0,0.0,0.0,0.0,0.0,1.0
23157,0,1,3400,-56,56,953,4.5,29,2.2,0.0,0.0,27,13,0.0,0.0,0.0,0.0,0.0,0.0,1.0
23406,0,1,3400,-56,56,957,4.5,29,2.2,0.0,0.0,27,13,0.0,0.0,0.0,0.0,0.0,0.0,1.0
23655,0,1,3400,-56,56,952,4.5,29,2.2,0.0,0.0,27,13,0.0,0.0,0.0,0.0,0.0,0.0,1.0
23904,0,1,3400,-56,56,949,4.5,29,2.2,0.0,0.0,27,13,0.0,0.0,0.0,0.0,0.0,0.0,1.0
24153,0,1,3400,-56,56,954,4.5,29,2.2,0.0,0.0,27,13,0.0,0.0,0.0,0.0,0.0,0.0,1.0
24402,0,1,3400,-56,56,956,4.5,29,2.2,0.0,0.0,27,13,0.0,0.0,0.0,0.0,0.0,0.0,1.0
24651,0,1,3400,-56,56,953,4.5,29,2.2,0.0,0.0,27,13,0.0,0.0,0.0,0.0,0.0,0.0,1.0
24900,0,1,3400,-56,56,953,4.5,29,2.2,0.0,0.0,27,13,0.0,0.0,0.0,0.0,0.0,0.0,1.0
25149,0,1,3400,-56,56,950,4.5,29,2.2,0.0,0.0,27,13,0.0,0.0,0.0,0.0,0.0,0.0,1.0
25398,0,1,3400,-56,56,951,4.5,29,2.2,0.0,0.0,27,13,0.0,0.0,0.0,0.0,0.0,0.0,1.0
25647,0,1,3400,-56,56,952,4.5,29,2.2,0.0,0.0,27,13,0.0,0.0,0.0,0.0,0.0,0.0,1.0
25896,0,1,3400,-56,56,946,4.5,29,2.2,0.0,0.0,27,13,0.0,0.0,0.0,0.0,0.0,0.0,1.0
26145,0,1,3400,-56,56,956,3.1,29,1.2,1120.000000,0,27,11,0.0,39040.000000,0,0.0,0.0,0.0,1.0
26394,0,1,3400,-56,56,954,0.36,29,0.50,960,0,27,7.8,0.0,17952.000000,0,0.0,0.0,0.0,1.0
26643,0,1,3400,-56,56,952,0.0,29,0.50,0.0,0.0,27,7.0,0.0,0.0,0.0,0.0,0.0,0.0,1.0
26892,0,1,3400,-56,56,952,0.0,29,0.50,0.0,0.0,27,7.0,0.0,0.0,0.0,0.0,0.0,0.0,1.0
27141,0,1,3400,-56,56,948,0.67,29,0.50,416,0,27,8.0,0.0,17056.000000,0,0.0,0.0,0.0,1.0
27390,0,1,3400,-56,56,953,1.5,29,0.50,0.0,0.0,27,10.0,0.0,0.0,0.0,0.0,0.0,0.0,1.0
27639,0,1,3400,-56,56,951,1.5,29,0.50,0.0,0.0,27,10,0.0,0.0,0.0,0.0,0.0,0.0,1.0
27888,0,1,3400,-56,56,942,1.5,29,0.50,0.0,0.0,27,10,0.0,0.0,0.0,0.0,0.0,0.0,1.0
28137,0,1,3400,-56,56,947,1.5,29,0.50,0.0,0.0,27,9.9,0.0,0.0,0.0,0.0,0.0,0.0,1.0
28386,0,1,3400,-56,56,953,1.5,29,0.50,0.0,0.0,27,10,0.0,0.0,0.0,0.0,0.0,0.0,1.0
28635,0,1,3400,-56,56,954,1.5,29,0.50,0.0,0.0,27,10.0,0.0,0.0,0.0,0.0,0.0,0.0,1.0
28884,0,1,3400,-56,56,956,1.5,29,0.50,0.0,0.0,27,10,0.0,0.0,0.0,0.0,0.0,0.0,1.0
29133,0,1,3400,-56,56,948,1.5,29,0.50,0.0,0.0,27,10.0,0.0,0.0,0.0,0.0,0.0,0.0,1.0
29382,0,1,3400,-56,56,945,1.5,29,0.50,0.0,0.0,27,10,0.0,0.0,0.0,0.0,0.0,0.0,1.0
29631,0,1,3400,-56,56,946,1.5,29,0.50,0.0,0.0,27,10,0.0,0.0,0.0,0.0,0.0,0.0,1.0
29880,0,1,3400,-56,56,944,1.5,29,0.50,0.0,0.0,27,10,0.0,0.0,0.0,0.0,0.0,0.0,1.0
30129,0,1,3400,-56,56,951,1.5,29,0.50,0.0,0.0,27,10,0.0,0.0,0.0,0.0,0.0,0.0,1.0
30378,0,1,3400,-56,56,955,1.5,29,0.50,0.0,0.0,27,10,0.0,0.0,0.0,0.0,0.0,0.0,1.0
30627,0,1,3400,-56,56,953,1.5,29,0.50,0.0,0.0,27,10,0.0,0.0,0.0,0.0,0.0,0.0,1.0
30876,0,1,3400,-56,56,951,1.5,29,0.50,0.0,0.0,27,10,0.0,0.0,0.0,0.0,0.0,0.0,1.0
31125,0,1,3400,-56,56,952,1.5,29,0.50,0.0,0.0,27,10,0.0,0.0,0.0,0.0,0.0,0.0,1.0
31374,0,1,3400,-56,56,946,1.5,29,0.50,0.0,0.0,27,9.9,0.0,0.0,0.0,0.0,0.0,0.0,1.0
31623,0,1,3400,-56,56,948,1.5,29,0.50,0.0,0.0,27,10,0.0,0.0,0.0,0.0,0.0,0.0,1.0
31872,0,1,3400,-56,56,953,1.5,29,0.50,0.0,0.0,27,10,0.0,0.0,0.0,0.0,0.0,0.0,1.0
32121,0,1,3400,-56,56,956,1.5,29,0.50,0.0,0.0,27,10,0.0,0.0,0.0,0.0,0.0,0.0,1.0
32370,0,1,3400,-56,56,953,1.5,29,0.50,0.0,0.0,27,10,0.0,0.0,0.0,0.0,0.0,0.0,1.0
32619,0,1,3400,-56,56,959,1.5,29,0.50,0.0,0.0,27,10,0.0,0.0,0.0,0.0,0.0,0.0,1.0
32868,0,1,3400,-56,56,956,1.5,29,0.50,0.0,0.0,27,10,0.0,0.0,0.0,0.0,0.0,0.0,1.0
33117,0,1,3400,-56,56,950,1.5,29,0.50,0.0,0.0,27,10,0.0,0.0,0.0,0.0,0.0,0.0,1.0
33366,0,1,3400,-56,56,947,1.5,29,0.50,0.0,0.0,27,10,0.0,0.0,0.0,0.0,0.0,0.0,1.0
33615,0,1,3400,-56,56,950,1.5,29,0.50,0.0,0.0,27,10,0.0,0.0,0.0,0.0,0.0,0.0,1.0
33864,0,1,3400,-56,56,952,1.5,29,0.50,0.0,0.0,27,10,0.0,0.0,0.0,0.0,0.0,0.0,1.0
34113,0,1,3400,-56,56,953,1.5,29,0.50,0.0,0.0,27,10,0.0,0.0,0.0,0.0,0.0,0.0,1.0
34362,0,1,3400,-56,56,950,1.5,29,0.50,0.0,0.0,27,10,0.0,0.0,0.0,0.0,0.0,0.0,1.0
34611,0,1,3400,-56,56,950,1.5,29,0.50,0.0,0.0,27,10,0.0,0.0,0.0,0.0,0.0,0.0,1.0
34860,0,1,3400,-56,56,948,1.5,29,0.50,0.0,0.0,27,10.0,0.0,0.0,0.0,0.0,0.0,0.0,1.0
35109,0,1,3400,-56,56,956,1.5,29,0.50,0.0,0.0,27,10,0.0,0.0,0.0,0.0,0.0,0.0,1.0
35358,0,1,3400,-56,56,960,1.5,29,0.50,0.0,0.0,27,10,0.0,0.0,0.0,0.0,0.0,0.0,1.0
35607,0,1,3400,-56,56,954,1.5,29,0.50,0.0,0.0,27,10,0.0,0.0,0.0,0.0,0.0,0.0,1.0
35856,0,1,3400,-56,56,948,1.5,29,0.50,0.0,0.0,27,10.0,0.0,0.0,0.0,0.0,0.0,0.0,1.0
36105,0,1,3400,-56,56,951,1.5,29,0.50,0.0,0.0,27,10,0.0,0.0,0.0,0.0,0.0,0.0,1.0
36354,0,1,3400,-56,56,957,1.5,29,0.50,0.0,0.0,27,10,0.0,0.0,0.0,0.0,0.0,0.0,1.0
36603,0,1,3400,-56,56,958,1.5,29,0.50,0.0,0.0,27,10,0.0,0.0,0.0,0.0,0.0,0.0,1.0
36852,0,1,3400,-56,56,955,1.5,29,0.50,0.0,0.0,27,10,0.0,0.0,0.0,0.0,0.0,0.0,1.0
37101,0,1,3400,-56,56,952,1.5,29,0.50,0.0,0.0,27,10,0.0,0.0,0.0,0.0,0.0,0.0,1.0
37350,0,1,3400,-56,56,947,1.5,29,0.50,0.0,0.0,27,10,0.0,0.0,0.0,0.0,0.0,0.0,1.0
37599,0,1,3400,-56,56,950,1.5,29,0.50,0.0,0.0,27,10,0.0,0.0,0.0,0.0,0.0,0.0,1.0
37848,0,1,3400,-56,56,952,1.5,29,0.50,0.0,0.0,27,10,0.0,0.0,0.0,0.0,0.0,0.0,1.0
38097,0,1,3400,-56,56,952,1.5,29,0.50,0.0,0.0,27,10,0.0,0.0,0.0,0.0,0.0,0.0,1.0
38346,0,1,3400,-56,56,951,1.5,29,0.50,0.0,0.0,27,10,0.0,0.0,0.0,0.0,0.0,0.0,1.0
38595,0,1,3400,-56,56,947,1.5,29,0.50,0.0,0.0,27,10,0.0,0.0,0.0,0.0,0.0,0.0,1.0
38844,0,1,3400,-56,56,949,1.5,29,0.50,0.0,0.0,27,10,0.0,0.0,0.0,0.0,0.0,0.0,1.0
39093,0,1,3400,-56,56,951,1.5,29,0.50,0.0,0.0,27,10,0.0,0.0,0.0,0.0,0.0,0.0,1.0
39342,0,1,3400,-56,56,953,1.5,29,0.50,0.0,0.0,27,10,0.0,0.0,0.0,0.0,0.0,0.0,1.0
39591,0,1,3400,-56,56,953,1.5,29,0.50,0.0,0.0,27,10,0.0,0.0,0.0,0.0,0.0,0.0,1.0
39840,0,1,3400,-56,56,952,1.5,29,0.50,0.0,0.0,27,10,0.0,0.0,0.0,0.0,0.0,0.0,1.0
40089,0,1,3400,-56,56,950,1.5,29,0.50,0.0,0.0,27,10,0.0,0.0,0.0,0.0,0.0,0.0,1.0
40338,0,1,3400,-56,56,954,1.5,29,0.50,0.0,0.0,27,10,0.0,0.0,0.0,0.0,0.0,0.0,1.0
40587,0,1,3400,-56,56,950,1.5,29,0.50,0.0,0.0,27,10,0.0,0.0,0.0,0.0,0.0,0.0,1.0
40836,0,1,3400,-56,56,953,1.5,29,0.50,0.0,0.0,27,9.9,0.0,0.0,0.0,0.0,0.0,0.0,1.0
41085,0,1,3400,-56,56,952,1.5,29,0.50,0.0,0.0,27,10,0.0,0.0,0.0,0.0,0.0,0.0,1.0
41334,0,1,3400,-56,56,953,1.5,29,0.50,0.0,0.0,27,10.0,0.0,0.0,0.0,0.0,0.0,0.0,1.0
41583,0,1,3400,-56,56,946,1.5,29,0.50,0.0,0.0,27,10,0.0,0.0,0.0,0.0,0.0,0.0,1.0
41832,0,1,3400,-56,56,946,1.5,29,0.50,0.0,0.0,27,10,0.0,0.0,0.0,0.0,0.0,0.0,1.0
42081,0,1,3400,-56,56,952,1.5,29,0.50,0.0,0.0,27,10,0.0,0.0,0.0,0.0,0.0,0.0,1.0
42330,0,1,3400,-56,56,949,1.5,29,0.50,0.0,0.0,27,10,0.0,0.0,0.0,0.0,0.0,0.0,1.0
42579,0,1,3400,-56,56,949,1.5,29,0.50,0.0,0.0,27,10,0.0,0.0,0.0,0.0,0.0,0.0,1.0
42828,0,1,3400,-56,56,954,1.5,29,0.50,0.0,0.0,27,10,0.0,0.0,0.0,0.0,0.0,0.0,1.0
43077,0,1,3400,-56,56,957,1.5,29,0.50,0.0,0.0,27,10,0.0,0.0,0.0,0.0,0.0,0.0,1.0
43326,0,1,3400,-56,56,953,1.5,29,0.50,0.0,0.0,27,10,0.0,0.0,0.0,0.0,0.0,0.0,1.0
43575,0,1,3400,-56,56,953,1.5,29,0.50,0.0,0.0,27,10,0.0,0.0,0.0,0.0,0.0,0.0,1.0
43824,0,1,3400,-56,56,958,1.5,29,0.50,0.0,0.0,27,10,0.0,0.0,0.0,0.0,0.0,0.0,1.0
44073,0,1,3400,-56,56,948,1.5,29,0.50,0.0,0.0,27,10,0.0,0.0,0.0,0.0,0.0,0.0,1.0
44322,0,1,3400,-56,56,951,1.5,29,0.50,0.0,0.0,27,10,0.0,0.0,0.0,0.0,0.0,0.0,1.0
44571,0,1,3400,-56,56,954,1.5,29,0.50,0.0,0.0,27,10,0.0,0.0,0.0,0.0,0.0,0.0,1.0
44820,0,1,3400,-56,56,948,1.5,29,0.50,0.0,0.0,27,10,0.0,0.0,0.0,0.0,0.0,0.0,1.0
45069,0,1,3400,-56,56,947,1.5,29,0.50,0.0,0.0,27,10,0.0,0.0,0.0,0.0,0.0,0.0,1.0
45318,0,1,3400,-56,56,948,1.5,29,0.50,0.0,0.0,27,10.0,0.0,0.0,0.0,0.0,0.0,0.0,1.0
45567,0,1,3400,-56,56,954,1.5,29,0.50,0.0,0.0,27,10,0.0,0.0,0.0,0.0,0.0,0.0,1.0
45816,0,1,3400,-56,56,954,1.5,29,0.50,0.0,0.0,27,10,0.0,0.0,0.0,0.0,0.0,0.0,1.0
46065,0,1,3400,-56,56,950,1.5,29,0.50,0.0,0.0,27,10,0.0,0.0,0.0,0.0,0.0,0.0,1.0
46314,0,1,3400,-56,56,945,1.5,29,0.50,0.0,0.0,27,10,0.0,0.0,0.0,0.0,0.0,0.0,1.0
46563,0,1,3400,-56,56,948,1.5,29,0.50,0.0,0.0,27,10,0.0,0.0,0.0,0.0,0.0,0.0,1.0
46812,0,1,3400,-56,56,951,1.5,29,0.50,0.0,0.0,27,10.0,0.0,0.0,0.0,0.0,0.0,0.0,1.0
47061,0,1,3400,-56,56,949,1.5,29,0.50,0.0,0.0,27,10.0,0.0,0.0,0.0,0.0,0.0,0.0,1.0
47310,0,1,3400,-56,56,952,1.5,29,0.50,0.0,0.0,27,10.0,0.0,0.0,0.0,0.0,0.0,0.0,1.0
47559,0,1,3400,-56,56,955,1.5,29,0.50,0.0,0.0,27,10,0.0,0.0,0.0,0.0,0.0,0.0,1.0
47808,0,1,3400,-56,56,953,1.5,29,0.50,0.0,0.0,27,10.0,0.0,0.0,0.0,0.0,0.0,0.0,1.0
48057,0,1,3400,-56,56,947,1.5,29,0.50,0.0,0.0,27,10,0.0,0.0,0.0,0.0,0.0,0.0,1.0
48306,0,1,3400,-56,56,949,1.5,29,0.50,0.0,0.0,27,10.0,0.0,0.0,0.0,0.0,0.0,0.0,1.0
48555,0,1,3400,-56,56,946,1.5,29,0.50,0.0,0.0,27,10,0.0,0.0,0.0,0.0,0.0,0.0,1.0
48804,0,1,3400,-56,56,955,1.5,29,0.50,0.0,0.0,27,10,0.0,0.0,0.0,0.0,0.0,0.0,1.0
49053,0,1,3400,-56,56,957,1.5,29,0.50,0.0,0.0,27,10,0.0,0.0,0.0,0.0,0.0,0.0,1.0
49302,0,1,3400,-56,56,950,1.5,29,0.50,0.0,0.0,27,10,0.0,0.0,0.0,0.0,0.0,0.0,1.0
49551,0,1,3400,-56,56,945,1.5,29,0.50,0.0,0.0,27,10,0.0,0.0,0.0,0.0,0.0,0.0,1.0
49800,0,1,3400,-56,56,945,1.5,29,0.50,0.0,0.0,27,10,0.0,0.0,0.0,0.0,0.0,0.0,1.0
50049,0,1,3400,-56,56,951,1.5,29,0.50,0.0,0.0,27,10,0.0,0.0,0.0,0.0,0.0,0.0,1.0
50298,0,1,3400,-56,56,953,1.5,29,0.50,0.0,0.0,27,10,0.0,0.0,0.0,0.0,0.0,0.0,1.0
50547,0,1,3400,-56,56,951,1.5,29,0.50,0.0,0.0,27,10,0.0,0.0,0.0,0.0,0.0,0.0,1.0
50796,0,1,3400,-56,56,953,1.5,29,0.50,0.0,0.0,27,10,0.0,0.0,0.0,0.0,0.0,0.0,1.0
51045,0,1,3400,-56,56,950,1.5,29,0.50,0.0,0.0,27,10,33,0.0,0.0,0.0,0.0,0.0,1.0
51294,0,1,3400,-56,56,951,1.5,29,0.50,0.0,0.0,27,10,33,0.0,0.0,0.0,0.0,0.0,1.0
51543,0,1,3400,-56,56,949,1.5,29,0.50,0.0,0.0,27,10,33,0.0,0.0,0.0,0.0,0.0,1.0
51792,0,1,3400,-56,56,954,1.5,29,0.50,0.0,0.0,27,10,33,0.0,0.0,0.0,0.0,0.0,1.0
52041,0,1,3400,-56,56,958,1.5,29,0.50,0.0,0.0,27,10,33,0.0,0.0,0.0,0.0,0.0,1.0
52290,0,1,3400,-56,56,954,1.5,29,0.50,0.0,0.0,27,10,33,0.0,0.0,0.0,0.0,0.0,1.0
52539,0,1,3400,-56,56,954,1.5,29,0.50,0.0,0.0,27,10,33,0.0,0.0,0.0,0.0,0.0,1.0
52788,0,1,3400,-56,56,953,1.5,29,0.50,0.0,0.0,27,10,33,0.0,0.0,0.0,0.0,0.0,1.0
53037,0,1,3400,-56,56,952,1.5,29,0.50,0.0,0.0,27,10,33,0.0,0.0,0.0,0.0,0.0,1.0
53286,0,1,3400,-56,56,947,1.5,29,0.50,0.0,0.0,27,10,33,0.0,0.0,0.0,0.0,0.0,1.0
53535,0,1,3400,-56,56,948,1.6,29,0.50,0.0,0.0,27,7.9,33,448,0,0.0,0.0,0.0,1.0
53784,0,1,3400,-56,56,947,1.0,29,0.50,0.0,0.0,27,0.0,33,672,0,0.0,0.0,0.0,1.0
54033,0,1,3400,-56,56,951,1.0,29,0.50,0.0,0.0,27,0.0,33,448,0,0.0,0.0,0.0,1.0
54282,0,1,3400,-56,56,949,1.0,29,0.50,0.0,0.0,0.0,0.0,33,672,0,0.0,0.0,0.0,1.0
54531,0,1,3400,-56,56,949,1.8,29,0.27,0.0,0.0,27,0.0,0.0,0.0,0.0,0.0,0.0,0.0,0.0
54780,0,1,3400,-56,56,953,0.0,29,0.0,0.0,0.0,0.0,0.0,0.0,0.0,0.0,0.0,0.0,0.0,0.0
55029,0,1,3400,-56,56,952,0.0,29,0.0,0.0,0.0,0.0,0.0,0.0,0.0,0.0,0.0,0.0,0.0,0.0
55278,0,1,3400,-56,56,950,0.0,29,0.0,0.0,0.0,0.0,0.0,0.0,0.0,0.0,0.0,0.0,0.0,0.0
55527,0,1,3400,-56,56,951,0.0,29,0.0,0.0,0.0,0.0,0.0,0.0,0.0,0.0,0.0,0.0,0.0,0.0
55776,0,1,3400,-56,56,953,0.0,29,0.0,0.0,0.0,0.0,0.0,0.0,0.0,0.0,0.0,0.0,0.0,0.0
56025,0,1,3400,-56,56,947,0.0,29,0.0,0.0,0.0,0.0,0.0,0.0,0.0,0.0,0.0,0.0,0.0,0.0
56274,0,1,3400,-56,56,945,0.0,29,0.0,0.0,0.0,0.0,0.0,0.0,0.0,0.0,0.0,0.0,0.0,0.0
56523,0,1,3400,-56,56,953,0.0,29,0.0,0.0,0.0,0.0,0.0,0.0,0.0,0.0,0.0,0.0,0.0,0.0
56772,0,1,3400,-56,56,953,0.0,29,0.0,0.0,0.0,0.0,0.0,0.0,0.0,0.0,0.0,0.0,0.0,0.0
57021,0,1,3400,-56,56,956,0.0,29,0.0,0.0,0.0,0.0,0.0,0.0,0.0,0.0,0.0,0.0,0.0,0.0
57270,0,1,3400,-56,56,950,0.0,29,0.0,0.0,0.0,0.0,0.0,0.0,0.0,0.0,0.0,0.0,0.0,0.0
57519,0,1,3400,-56,56,949,0.0,29,0.0,0.0,0.0,0.0,0.0,0.0,0.0,0.0,0.0,0.0,0.0,0.0
57768,0,1,3400,-56,56,950,0.0,29,0.0,0.0,0.0,0.0,0.0,0.0,0.0,0.0,0.0,0.0,0.0,0.0
58017,0,1,3400,-56,56,951,0.0,29,0.0,0.0,0.0,0.0,0.0,0.0,0.0,0.0,0.0,0.0,0.0,0.0
58266,0,1,3400,-56,56,945,0.0,29,0.0,0.0,0.0,0.0,0.0,0.0,0.0,0.0,0.0,0.0,0.0,0.0
58515,0,1,3400,-56,56,948,0.0,29,0.0,0.0,0.0,0.0,0.0,0.0,0.0,0.0,0.0,0.0,0.0,0.0
58764,0,1,3400,-56,56,955,0.0,29,0.0,0.0,0.0,0.0,0.0,0.0,0.0,0.0,0.0,0.0,0.0,0.0
59013,0,1,3400,-56,56,955,0.0,29,0.0,0.0,0.0,0.0,0.0,0.0,0.0,0.0,0.0,0.0,0.0,0.0
59262,0,1,3400,-56,56,954,0.0,29,0.0,0.0,0.0,0.0,0.0,0.0,0.0,0.0,0.0,0.0,0.0,0.0
59511,0,1,3400,-56,56,948,0.0,29,0.0,0.0,0.0,0.0,0.0,0.0,0.0,0.0,0.0,0.0,0.0,0.0
59760,0,1,3400,-56,56,949,0.0,29,0.0,0.0,0.0,0.0,0.0,0.0,0.0,0.0,0.0,0.0,0.0,0.0
60009,0,1,3400,-56,56,955,0.0,29,0.0,0.0,0.0,0.0,0.0,0.0,0.0,0.0,0.0,0.0,0.0,0.0
60258,0,1,3400,-56,56,952,0.0,29,0.0,0.0,0.0,0.0,0.0,0.0,0.0,0.0,0.0,0.0,0.0,0.0
60507,0,1,3400,-56,56,951,0.0,29,0.0,0.0,0.0,0.0,0.0,0.0,0.0,0.0,0.0,0.0,0.0,0.0
60756,0,1,3400,-56,56,957,0.0,29,0.0,0.0,0.0,0.0,0.0,0.0,0.0,0.0,0.0,0.0,0.0,0.0
61005,0,1,3400,-56,56,953,0.0,29,0.0,0.0,0.0,0.0,0.0,0.0,0.0,0.0,0.0,0.0,0.0,0.0
61254,0,1,3400,-56,56,949,0.0,29,0.0,0.0,0.0,0.0,0.0,0.0,0.0,0.0,0.0,0.0,0.0,0.0
61503,0,1,3400,-56,56,945,0.0,29,0.0,0.0,0.0,0.0,0.0,0.0,0.0,0.0,0.0,0.0,0.0,0.0
61752,0,1,3400,-56,56,953,0.0,29,0.0,0.0,0.0,0.0,0.0,0.0,0.0,0.0,0.0,0.0,0.0,0.0
62001,0,1,3400,-56,56,950,0.0,29,0.24,0.0,0.0,0.0,0.0,0.0,0.0,0.0,0.0,0.0,0.0,0.0
62250,0,1,3400,-56,56,950,0.0,29,0.25,0.0,0.0,0.0,0.0,0.0,0.0,0.0,0.0,0.0,0.0,0.0
62499,0,1,3400,-56,56,953,0.0,29,0.25,0.0,0.0,0.0,0.0,0.0,0.0,0.0,0.0,0.0,0.0,0.0
62748,0,1,3400,-56,56,952,0.0,29,0.25,0.0,0.0,0.0,0.0,0.0,0.0,0.0,0.0,0.0,0.0,0.0
62997,0,1,3400,-56,56,950,0.0,29,0.25,0.0,0.0,0.0,0.0,0.0,0.0,0.0,0.0,0.0,0.0,0.0
63246,0,1,3400,-56,56,948,0.0,29,0.25,0.0,0.0,0.0,0.0,0.0,0.0,0.0,0.0,0.0,0.0,0.0
63495,0,1,3400,-56,56,955,0.0,29,0.25,0.0,0.0,0.0,0.0,0.0,0.0,0.0,0.0,0.0,0.0,0.0
63744,0,1,3400,-56,56,953,0.0,29,0.25,0.0,0.0,0.0,0.0,0.0,0.0,0.0,0.0,0.0,0.0,0.0
63993,0,1,3400,-56,56,957,0.0,29,0.25,0.0,0.0,0.0,0.0,0.0,0.0,0.0,0.0,0.0,0.0,0.0
64242,0,1,3400,-56,56,942,0.0,29,0.25,0.0,0.0,0.0,0.0,0.0,0.0,0.0,0.0,0.0,0.0,0.0
64491,0,1,3400,-56,56,948,0.0,29,0.25,0.0,0.0,0.0,0.0,0.0,0.0,0.0,0.0,0.0,0.0,0.0
64740,0,1,3400,-56,56,954,0.0,29,0.25,0.0,0.0,0.0,0.0,0.0,0.0,0.0,0.0,0.0,0.0,0.0
64989,0,1,3400,-56,56,959,0.0,29,0.25,0.0,0.0,0.0,0.0,0.0,0.0,0.0,0.0,0.0,0.0,0.0
65238,0,1,3400,-56,56,954,0.0,29,0.25,0.0,0.0,0.0,0.0,0.0,0.0,0.0,0.0,0.0,0.0,0.0
65487,0,1,3400,-56,56,953,0.0,29,0.25,0.0,0.0,0.0,0.0,0.0,0.0,0.0,0.0,0.0,0.0,0.0
65736,0,1,3400,-56,56,945,0.0,29,0.25,0.0,0.0,0.0,0.0,0.0,0.0,0.0,0.0,0.0,0.0,0.0
65985,0,1,3400,-56,56,950,0.0,29,0.25,0.0,0.0,0.0,0.0,0.0,0.0,0.0,0.0,0.0,0.0,0.0
66234,0,1,3400,-56,56,955,0.0,29,0.25,0.0,0.0,0.0,0.0,0.0,0.0,0.0,0.0,0.0,0.0,0.0
66483,0,1,3400,-56,56,947,0.0,29,0.25,0.0,0.0,0.0,0.0,0.0,0.0,0.0,0.0,0.0,0.0,0.0
66732,0,1,3400,-56,56,951,0.0,29,0.25,0.0,0.0,0.0,0.0,0.0,0.0,0.0,0.0,0.0,0.0,0.0
66981,0,1,3400,-56,56,954,0.0,29,0.25,0.0,0.0,0.0,0.0,0.0,0.0,0.0,0.0,0.0,0.0,0.0
67229,0,1,3400,-56,56,950,0.0,29,0.25,0.0,0.0,0.0,0.0,0.0,0.0,0.0,0.0,0.0,0.0,0.0
67478,0,1,3400,-56,56,952,0.0,29,0.25,0.0,0.0,0.0,0.0,0.0,0.0,0.0,0.0,0.0,0.0,0.0
67727,0,1,3400,-56,56,950,0.0,29,0.25,0.0,0.0,0.0,0.0,0.0,0.0,0.0,0.0,0.0,0.0,0.0
67976,0,1,3400,-56,56,948,0.0,29,0.25,0.0,0.0,0.0,0.0,0.0,0.0,0.0,0.0,0.0,0.0,0.0
68225,0,1,3400,-56,56,950,0.0,29,0.25,0.0,0.0,0.0,0.0,0.0,0.0,0.0,0.0,0.0,0.0,0.0
68474,0,1,3400,-56,56,949,0.0,29,0.25,0.0,0.0,0.0,0.0,0.0,0.0,0.0,0.0,0.0,0.0,0.0
68723,0,1,3400,-56,56,949,0.0,29,0.25,0.0,0.0,0.0,0.0,0.0,0.0,0.0,0.0,0.0,0.0,0.0
68972,0,1,3400,-56,56,945,0.0,29,0.25,0.0,0.0,0.0,0.0,0.0,0.0,0.0,0.0,0.0,0.0,0.0
69221,0,1,3400,-56,56,949,0.0,29,0.25,0.0,0.0,0.0,0.0,0.0,0.0,0.0,0.0,0.0,0.0,0.0
69470,0,1,3400,-56,56,950,0.0,29,0.25,0.0,0.0,0.0,0.0,0.0,0.0,0.0,0.0,0.0,0.0,0.0
69719,0,1,3400,-56,56,958,0.0,29,0.25,0.0,0.0,0.0,0.0,0.0,0.0,0.0,0.0,0.0,0.0,0.0
69968,0,1,3400,-56,56,955,0.0,29,0.25,0.0,0.0,0.0,0.0,0.0,0.0,0.0,0.0,0.0,0.0,0.0
70217,0,1,3400,-56,56,949,0.0,29,0.25,0.0,0.0,0.0,0.0,0.0,0.0,0.0,0.0,0.0,0.0,0.0
70466,0,1,3400,-56,56,952,0.0,29,0.25,0.0,0.0,0.0,0.0,0.0,0.0,0.0,0.0,0.0,0.0,0.0
70715,0,1,3400,-56,56,947,0.0,29,0.25,0.0,0.0,0.0,0.0,0.0,0.0,0.0,0.0,0.0,0.0,0.0
70964,0,1,3400,-56,56,952,0.0,29,0.25,0.0,0.0,0.0,0.0,0.0,0.0,0.0,0.0,0.0,0.0,0.0
71213,0,1,3400,-56,56,956,0.0,29,0.25,0.0,0.0,0.0,0.0,0.0,0.0,0.0,0.0,0.0,0.0,0.0
71462,0,1,3400,-56,56,950,0.0,29,0.25,0.0,0.0,0.0,0.0,0.0,0.0,0.0,0.0,0.0,0.0,0.0
71711,0,1,3400,-56,56,953,0.0,29,0.25,0.0,0.0,0.0,0.0,0.0,0.0,0.0,0.0,0.0,0.0,0.0
71960,0,1,3400,-56,56,952,0.0,29,0.25,0.0,0.0,0.0,0.0,0.0,0.0,0.0,0.0,0.0,0.0,0.0
72209,0,1,3400,-56,56,952,0.0,29,0.25,0.0,0.0,0.0,0.0,0.0,0.0,0.0,0.0,0.0,0.0,0.0
72458,0,1,3400,-56,56,950,0.0,29,0.25,0.0,0.0,0.0,0.0,0.0,0.0,0.0,0.0,0.0,0.0,0.0
72707,0,1,3400,-56,56,948,0.0,29,0.25,0.0,0.0,0.0,0.0,0.0,0.0,0.0,0.0,0.0,0.0,0.0
72956,0,1,3400,-56,56,944,0.0,29,0.25,0.0,0.0,0.0,0.0,0.0,0.0,0.0,0.0,0.0,0.0,0.0
73205,0,1,3400,-56,56,945,0.0,29,0.25,0.0,0.0,0.0,0.0,0.0,0.0,0.0,0.0,0.0,0.0,0.0
73454,0,1,3400,-56,56,951,0.0,29,0.25,0.0,0.0,0.0,0.0,0.0,0.0,0.0,0.0,0.0,0.0,0.0
73703,0,1,3400,-56,56,960,0.0,29,0.25,0.0,0.0,0.0,0.0,0.0,0.0,0.0,0.0,0.0,0.0,0.0
73952,0,1,3400,-56,56,958,0.0,29,0.25,0.0,0.0,0.0,0.0,0.0,0.0,0.0,0.0,0.0,0.0,0.0
74201,0,1,3400,-56,56,955,0.0,29,0.25,0.0,0.0,0.0,0.0,0.0,0.0,0.0,0.0,0.0,0.0,0.0
74450,0,1,3400,-56,56,951,0.0,29,0.25,0.0,0.0,0.0,0.0,0.0,0.0,0.0,0.0,0.0,0.0,0.0
74699,0,1,3400,-56,56,952,0.0,29,0.25,0.0,0.0,0.0,0.0,0.0,0.0,0.0,0.0,0.0,0.0,0.0
74948,0,1,3400,-56,56,954,0.0,29,0.25,0.0,0.0,0.0,0.0,0.0,0.0,0.0,0.0,0.0,0.0,0.0
75197,0,1,3400,-56,56,946,0.0,29,0.25,0.0,0.0,0.0,0.0,0.0,0.0,0.0,0.0,0.0,0.0,0.0
75446,0,1,3400,-56,56,944,0.0,29,0.25,0.0,0.0,0.0,0.0,0.0,0.0,0.0,0.0,0.0,0.0,0.0
75695,0,1,3400,-56,56,949,0.0,29,0.25,0.0,0.0,0.0,0.0,0.0,0.0,0.0,0.0,0.0,0.0,0.0
75944,0,1,3400,-56,56,948,1.6,29,0.41,1024.000000,0,0.0,0.0,33,224,0,0.0,0.0,0.0,1.0
76193,0,1,3400,-56,56,944,2.2,29,0.50,224,0,27,2.3,0.0,19520.000000,0,0.0,0.0,0.0,1.0
76442,0,1,3400,-56,56,949,2.8,29,0.50,3840.000000,0,27,12,0.0,37504.000000,0,0.0,0.0,0.0,1.0
76691,0,1,3400,-56,56,956,4.1,29,0.50,13856.000000,0,27,12,188,60896.000000,6,0.0,0.0,0.0,1.0
76940,0,1,3400,-56,56,956,18,29,0.50,15456.000000,0,27,13,371,178688.000000,0,0.0,0.0,0.0,1.0
77189,0,1,3400,-56,56,959,11,29,0.50,5824.000000,0,27,14,0.0,51456.000000,0,0.0,0.0,0.0,1.0
77438,0,1,3400,-56,56,950,15,29,0.50,20608.000000,0,27,14,0.0,40544.000000,0,0.0,0.0,0.0,1.0
77687,0,1,3400,-56,56,952,16,29,0.50,11072.000000,0,27,14,0.0,0.0,0.0,0.0,0.0,0.0,1.0
77936,0,1,3400,-56,56,951,14,29,0.50,20608.000000,0,27,13,0.0,21952.000000,0,0.0,0.0,0.0,1.0
78185,0,1,3400,-56,56,951,18,29,0.50,0.0,0.0,27,13,0.0,0.0,0.0,0.0,0.0,0.0,1.0
78434,0,1,3400,-56,56,953,18,29,0.50,5152.000000,0,27,13,0.0,0.0,0.0,0.0,0.0,0.0,1.0
78683,0,1,3400,-56,56,950,18,29,0.50,5152.000000,0,27,13,0.0,0.0,0.0,0.0,0.0,0.0,1.0
78932,0,1,3400,-56,56,949,17,29,0.50,6784.000000,0,27,13,186,0.0,0.0,0.0,0.0,0.0,1.0
79181,0,1,3400,-56,56,952,15,29,0.50,15394.421875,0,27,13,0.0,21864.541016,0,0.0,0.0,0.0,1.0
79430,0,1,3400,-56,56,948,18,29,0.50,15456.000000,0,27,13,0.0,0.0,0.0,0.0,0.0,0.0,1.0
79679,0,1,3400,-56,56,952,18,29,0.50,10304.000000,0,27,13,0.0,0.0,0.0,0.0,0.0,0.0,1.0
79928,0,1,3400,-56,56,948,18,29,0.50,20608.000000,0,27,13,0.0,23488.000000,0,0.0,0.0,0.0,1.0
80177,0,1,3400,-56,56,952,18,29,0.50,15456.000000,0,27,13,0.0,0.0,0.0,0.0,0.0,0.0,1.0
80426,0,1,3400,-56,56,952,18,29,0.50,20608.000000,0,27,14,0.0,0.0,0.0,0.0,0.0,0.0,1.0
80675,0,1,3400,-56,56,947,12,29,0.50,10688.000000,0,27,14,0.0,0.0,0.0,0.0,0.0,0.0,1.0
80924,0,1,3400,-56,56,951,12,29,0.50,0.0,0.0,27,14,0.0,0.0,0.0,0.0,0.0,0.0,1.0
81173,0,1,3400,-56,56,951,12,29,0.50,10304.000000,0,27,14,0.0,23488.000000,20,0.0,0.0,0.0,1.0
81422,0,1,3400,-56,56,949,15,29,0.50,20992.000000,0,27,14,0.0,0.0,0.0,0.0,0.0,0.0,1.0
81671,0,1,3400,-56,56,950,16,29,0.50,21108.433594,0,27,14,0.0,0.0,0.0,0.0,0.0,0.0,1.0
81920,0,1,3400,-56,56,951,6.6,29,0.50,13248.000000,0,27,14,0.0,23488.000000,0,0.0,0.0,0.0,1.0
82169,0,1,3400,-56,56,959,10,29,0.50,10304.000000,0,27,14,0.0,0.0,0.0,0.0,0.0,0.0,1.0
82418,0,1,3400,-56,56,952,18,29,0.50,5152.000000,0,27,14,0.0,0.0,0.0,0.0,0.0,0.0,1.0
82667,0,1,3400,-56,56,957,15,29,0.50,16128.000000,0,27,14,0.0,0.0,0.0,0.0,0.0,0.0,1.0
82916,0,1,3400,-56,56,947,14,29,0.50,16128.000000,0,27,14,0.0,23488.000000,0,0.0,0.0,0.0,1.0
83165,0,1,3400,-56,56,949,6.6,29,0.50,22304.000000,0,27,14,0.0,0.0,0.0,0.0,0.0,0.0,1.0
83414,0,1,3400,-56,56,950,12,29,0.50,37120.000000,0,27,14,0.0,0.0,0.0,0.0,0.0,0.0,1.0
83663,0,1,3400,-56,56,955,18,29,0.50,10304.000000,0,27,14,0.0,0.0,0.0,0.0,0.0,0.0,1.0
83912,0,1,3400,-56,56,949,11,29,0.50,10976.000000,0,27,13,0.0,21952.000000,0,0.0,0.0,0.0,1.0
84161,0,1,3400,-56,56,947,13,29,0.50,15456.000000,0,27,13,0.0,0.0,0.0,0.0,0.0,0.0,1.0
84410,0,1,3400,-56,56,949,18,29,0.50,5152.000000,0,27,13,0.0,0.0,0.0,0.0,0.0,0.0,1.0
84659,0,1,3400,-56,56,946,18,29,0.50,20608.000000,0,27,13,0.0,0.0,0.0,0.0,0.0,0.0,1.0
84908,0,1,3400,-56,56,950,18,29,0.50,5152.000000,0,27,13,0.0,23488.000000,0,0.0,0.0,0.0,1.0
85157,0,1,3400,-56,56,952,14,29,0.50,16800.000000,0,27,13,0.0,0.0,0.0,0.0,0.0,0.0,1.0
85406,0,1,3400,-56,56,953,10,29,0.50,5152.000000,0,27,13,0.0,0.0,0.0,0.0,0.0,0.0,1.0
85655,0,1,3400,-56,56,956,14,29,0.50,26326.693359,0,27,13,0.0,0.0,0.0,0.0,0.0,0.0,1.0
85904,0,1,3400,-56,56,948,18,29,0.50,20608.000000,0,27,13,0.0,21952.000000,0,0.0,0.0,0.0,1.0
86153,0,1,3400,-56,56,945,18,29,0.50,0.0,0.0,27,13,0.0,0.0,0.0,0.0,0.0,0.0,1.0
86402,0,1,3400,-56,56,947,18,29,0.50,0.0,0.0,27,13,0.0,0.0,0.0,0.0,0.0,0.0,1.0
86651,0,1,3400,-56,56,953,18,29,0.50,20608.000000,0,27,13,0.0,0.0,0.0,0.0,0.0,0.0,1.0
86900,0,1,3400,-56,56,950,18,29,0.50,5152.000000,0,27,13,0.0,28384.000000,0,0.0,0.0,0.0,1.0
87149,0,1,3400,-56,56,951,18,29,0.50,5152.000000,0,27,12,0.0,0.0,0.0,0.0,0.0,0.0,1.0
87398,0,1,3400,-56,56,953,18,29,0.50,10304.000000,0,27,12,0.0,0.0,0.0,0.0,0.0,0.0,1.0
87647,0,1,3400,-56,56,960,14,29,0.50,5760.000000,0,27,12,0.0,0.0,0.0,0.0,0.0,0.0,1.0
87896,0,1,3400,-56,56,947,19,29,0.50,15518.072266,0,27,13,0.0,23582.330078,0,0.0,0.0,0.0,1.0
88145,0,1,3400,-56,56,951,18,29,0.50,15456.000000,0,27,14,0.0,0.0,0.0,0.0,0.0,0.0,1.0
88394,0,1,3400,-56,56,955,18,29,0.50,5152.000000,0,27,14,0.0,0.0,0.0,0.0,0.0,0.0,1.0
88643,0,1,3400,-56,56,951,18,29,0.50,10304.000000,0,27,14,0.0,0.0,0.0,0.0,0.0,0.0,1.0
88892,0,1,3400,-56,56,949,14,29,0.50,27104.000000,0,27,12,0.0,15808.000000,0,0.0,0.0,0.0,1.0
89141,0,1,3400,-56,56,949,2.5,29,0.50,14880.000000,0,27,10,0.0,0.0,0.0,0.0,0.0,0.0,1.0
89390,0,1,3400,-56,56,950,5.6,29,0.50,10976.000000,0,27,10,0.0,0.0,0.0,0.0,0.0,0.0,1.0
89639,0,1,3400,-56,56,949,18,29,0.50,10304.000000,0,27,10,0.0,0.0,0.0,0.0,0.0,0.0,1.0
89888,0,1,3400,-56,56,946,11,29,0.50,23072.000000,0,27,13,0.0,21952.000000,0,0.0,0.0,0.0,1.0
90137,0,1,3400,-56,56,945,8.3,29,0.50,15840.000000,0,27,13,0.0,0.0,0.0,0.0,0.0,0.0,1.0
90386,0,1,3400,-56,56,950,15,29,0.50,10304.000000,0,27,13,0.0,0.0,0.0,0.0,0.0,0.0,1.0
90635,0,1,3400,-56,56,949,18,29,0.50,5152.000000,0,27,13,0.0,0.0,0.0,0.0,0.0,0.0,1.0
90884,0,1,3400,-56,56,950,18,29,0.50,5152.000000,0,27,12,0.0,18368.000000,0,0.0,0.0,0.0,1.0
91133,0,1,3400,-56,56,951,15,29,0.50,10976.000000,0,27,12,0.0,0.0,0.0,0.0,0.0,0.0,1.0
91382,0,1,3400,-56,56,953,8.1,29,0.50,20608.000000,0,27,12,0.0,0.0,0.0,0.0,0.0,0.0,1.0
91631,0,1,3400,-56,56,952,18,29,0.50,5152.000000,0,27,12,0.0,0.0,0.0,0.0,0.0,0.0,1.0
91880,0,1,3400,-56,56,957,11,29,0.50,28448.000000,0,27,12,0.0,18368.000000,0,0.0,0.0,0.0,1.0
92129,0,1,3400,-56,56,946,8.9,29,0.50,10262.948242,0,27,12,0.0,0.0,0.0,0.0,0.0,0.0,1.0
92378,0,1,3400,-56,56,946,2.0,29,0.50,16192.000000,0,27,12,0.0,0.0,0.0,0.0,0.0,0.0,1.0
92627,0,1,3400,-56,56,947,12,29,0.50,20608.000000,0,27,12,0.0,0.0,0.0,0.0,0.0,0.0,1.0
92876,0,1,3400,-56,56,951,17,29,0.50,5824.000000,0,27,12,0.0,0.0,0,0.0,0.0,0.0,1.0
93125,0,1,3400,-56,56,955,7.8,29,0.50,16128.000000,0,27,13,0.0,24000.000000,0,0.0,0.0,0.0,1.0
93374,0,1,3400,-56,56,953,13,29,0.50,10304.000000,0,27,12,0.0,0.0,0.0,0.0,0.0,0.0,1.0
93623,0,1,3400,-56,56,953,17,29,0.50,15616.000000,0,27,12,0.0,0.0,0.0,0.0,0.0,0.0,1.0
93872,0,1,3400,-56,56,948,14,29,0.50,5152.000000,0,27,12,0.0,18368.000000,0,0.0,0.0,0.0,1.0
94121,0,1,3400,-56,56,954,14,29,0.50,15678.714844,0,27,12,0.0,0.0,0.0,0.0,0.0,0.0,1.0
94370,0,1,3400,-56,56,949,13,29,0.50,17600.000000,0,27,12,0.0,0.0,0.0,0.0,0.0,0.0,1.0
94619,0,1,3400,-56,56,945,18,29,0.50,15456.000000,0,27,12,0.0,0.0,0.0,0.0,0.0,0.0,1.0
94868,0,1,3400,-56,56,949,12,29,0.50,21760.000000,0,27,12,0.0,24000.000000,0,0.0,0.0,0.0,1.0
95117,0,1,3400,-56,56,947,8.9,29,0.50,10304.000000,0,27,12,0.0,0.0,0.0,0.0,0.0,0.0,1.0
95366,0,1,3400,-56,56,952,15,29,0.50,15584.000000,0,27,12,0.0,0.0,0.0,0.0,0.0,0.0,1.0
95615,0,1,3400,-56,56,953,8.3,29,0.50,16032.000000,0,27,12,0.0,0.0,0.0,0.0,0.0,0.0,1.0
95864,0,1,3400,-56,56,953,4.5,29,0.50,5536.000000,0,27,13,0.0,23488.000000,0,0.0,0.0,0.0,1.0
96113,0,1,3400,-56,56,955,11,29,0.50,5152.000000,0,27,14,0.0,0.0,0.0,0.0,0.0,0.0,1.0
96362,0,1,3400,-56,56,947,12,29,0.50,10304.000000,0,27,14,0.0,0.0,0.0,0.0,0.0,0.0,1.0
96611,0,1,3400,-56,56,952,6.1,29,0.50,11712.000000,0,27,14,0.0,0.0,0.0,0.0,0.0,0.0,1.0
96860,0,1,3400,-56,56,948,1.3,29,0.50,5152.000000,0,27,14,186,0.0,0.0,0.0,0.0,0.0,1.0
97109,0,1,3400,-56,56,953,13,29,0.50,10304.000000,0,27,14,0.0,23488.000000,0,0.0,0.0,0.0,1.0
97358,0,1,3400,-56,56,957,16,29,0.50,10464.000000,0,27,14,0.0,0.0,0.0,0.0,0.0,0.0,1.0
97607,0,1,3400,-56,56,954,14,29,0.50,15456.000000,0,27,14,0.0,0.0,0.0,0.0,0.0,0.0,1.0
97856,0,1,3400,-56,56,950,18,29,0.50,10304.000000,0,27,14,0.0,40544.000000,0,0.0,0.0,0.0,1.0
98105,0,1,3400,-56,56,947,18,29,0.50,15456.000000,0,27,14,0.0,0.0,0.0,0.0,0.0,0.0,1.0
98354,0,1,3400,-56,56,953,5.0,29,0.50,36685.257812,0,27,13,0.0,0.0,0.0,0.0,0.0,0.0,1.0
98603,0,1,3400,-56,56,953,5.5,29,0.50,13248.000000,0,27,14,0.0,0.0,0.0,0.0,0.0,0.0,1.0
98852,0,1,3400,-56,56,950,8.2,29,0.50,15456.000000,0,27,12,0.0,22208.000000,0,0.0,0.0,0.0,1.0
99101,0,1,3400,-56,56,954,18,29,0.50,5152.000000,0,27,11,0.0,0.0,0.0,0.0,0.0,0.0,1.0
99350,0,1,3400,-56,56,946,3.9,29,0.50,15840.000000,0,27,11,0.0,0.0,0.0,0.0,0.0,0.0,1.0
99599,0,1,3400,-56,56,945,15,29,0.50,23936.000000,0,27,11,0.0,0.0,0.0,0.0,0.0,0.0,1.0
99848,0,1,3400,-56,56,943,22,29,0.50,0.0,0.0,27,11,0.0,0.0,0.0,0.0,0.0,0.0,1.0
100097,0,1,3400,-56,56,950,21,28,0.50,25760.000000,0,27,12,0.0,23488.000000,0,0.0,0.0,0.0,1.0
100346,0,1,3400,-56,56,952,16,29,0.50,26144.000000,0,27,14,0.0,0.0,0.0,0.0,0.0,0.0,1.0
100595,0,1,3400,-56,56,950,4.5,29,0.50,0.0,0.0,27,14,0.0,0.0,0.0,0.0,0.0,0.0,1.0
100844,0,1,3400,-56,56,947,10.0,29,0.50,5152.000000,0,27,13,0.0,21952.000000,0,0.0,0.0,0.0,1.0
101093,0,1,3400,-56,56,951,1.00,29,0.50,8128.514160,0,27,13,0.0,0.0,0.0,0.0,0.0,0.0,1.0
101342,0,1,3400,-56,56,948,8.7,29,0.50,27392.000000,0,27,13,0.0,0.0,0.0,0.0,0.0,0.0,1.0
101591,0,1,3400,-56,56,951,14,29,0.50,10304.000000,0,27,13,0.0,0.0,0.0,0.0,0.0,0.0,1.0
101840,0,1,3400,-56,56,954,18,29,0.50,17216.000000,0,27,12,0.0,22208.000000,0,0.0,0.0,0.0,1.0
102089,0,1,3400,-56,56,948,0.86,29,0.50,11488.000000,0,27,11,0.0,0.0,0.0,0.0,0.0,0.0,1.0
102338,0,1,3400,-56,56,945,18,29,0.50,5152.000000,0,27,11,0.0,0.0,0.0,0.0,0.0,0.0,1.0
102587,0,1,3400,-56,56,945,9.4,29,0.50,40896.000000,0,27,11,0.0,0.0,0.0,0.0,0.0,0.0,1.0
102836,0,1,3400,-56,56,951,8.4,29,0.50,12896.000000,0,27,12,0.0,23488.000000,0,0.0,0.0,0.0,1.0
103085,0,1,3400,-56,56,947,5.0,29,0.50,18784.000000,0,27,14,0.0,0.0,0.0,0.0,0.0,0.0,1.0
103334,0,1,3400,-56,56,947,2.0,29,0.50,18400.000000,0,27,14,0.0,0.0,0.0,0.0,0.0,0.0,1.0
103583,0,1,3400,-56,56,946,6.1,29,0.50,22592.000000,0,27,14,0.0,0.0,0.0,0.0,0.0,0.0,1.0
103832,0,1,3400,-56,56,952,5.9,29,0.50,5824.000000,0,27,13,0.0,18368.000000,0,0.0,0.0,0.0,1.0
104081,0,1,3400,-56,56,962,7.6,29,0.50,15456.000000,0,27,12,0.0,0.0,0.0,0.0,0.0,0.0,1.0
104330,0,1,3400,-56,56,956,18,29,0.50,5152.000000,0,27,12,0.0,0.0,0.0,0.0,0.0,0.0,1.0
104579,0,1,3400,-56,56,948,18,29,0.50,5152.000000,0,27,12,0.0,0.0,0.0,0.0,0.0,0.0,1.0
104828,0,1,3400,-56,56,947,18,29,0.50,30788.843750,0,27,13,0.0,23394.421875,0,0.0,0.0,0.0,1.0
105077,0,1,3400,-56,56,945,18,29,0.50,15456.000000,0,27,14,0.0,0.0,0.0,0.0,0.0,0.0,1.0
105326,0,1,3400,-56,56,948,16,29,0.50,21728.000000,0,27,14,0.0,0.0,0.0,0.0,0.0,0.0,1.0
105575,0,1,3400,-56,56,950,18,29,0.50,10304.000000,0,27,14,0.0,0.0,0.0,0.0,0.0,0.0,1.0
105824,0,1,3400,-56,56,944,13,29,0.50,26688.000000,0,27,13,0.0,24000.000000,0,0.0,0.0,0.0,1.0
106073,0,1,3400,-56,56,948,15,29,0.50,10688.000000,0,27,12,0.0,0.0,0.0,0.0,0.0,0.0,1.0
106322,0,1,3400,-56,56,947,4.5,29,0.50,0.0,0.0,27,12,0.0,0.0,0.0,0.0,0.0,0.0,1.0
106571,0,1,3400,-56,56,947,7.4,29,0.50,15840.000000,0,27,12,0.0,0.0,0.0,0.0,0.0,0.0,1.0
106820,0,1,3400,-56,56,954,17,29,0.50,10506.024414,0,27,13,0.0,23582.330078,0,0.0,0.0,0.0,1.0
107069,0,1,3400,-56,56,947,16,29,0.50,5152.000000,0,27,14,0.0,0.0,0.0,0.0,0.0,0.0,1.0
107318,0,1,3400,-56,56,951,17,29,0.50,15456.000000,0,27,14,0.0,0.0,0.0,0.0,0.0,0.0,1.0
107567,0,1,3400,-56,56,955,6.3,29,0.50,26496.000000,0,27,13,0.0,0.0,0.0,0.0,0.0,0.0,1.0
107816,0,1,3400,-56,56,958,5.6,29,0.50,23936.000000,0,27,13,0.0,21952.000000,0,0.0,0.0,0.0,1.0
108065,0,1,3400,-56,56,948,13,29,0.50,15456.000000,0,27,13,0.0,0.0,0.0,0.0,0.0,0.0,1.0
108314,0,1,3400,-56,56,948,18,29,0.50,5152.000000,0,27,13,0.0,0.0,0.0,0.0,0.0,0.0,1.0
108563,0,1,3400,-56,56,947,18,29,0.50,10304.000000,0,27,13,0.0,0.0,0.0,0.0,0.0,0.0,1.0
108812,0,1,3400,-56,56,955,18,29,0.50,5152.000000,0,27,13,0.0,23488.000000,0,0.0,0.0,0.0,1.0
109061,0,1,3400,-56,56,952,6.9,29,0.50,21760.000000,0,27,14,0.0,0.0,0.0,0.0,0.0,0.0,1.0
109310,0,1,3400,-56,56,951,18,29,0.50,30912.000000,0,27,14,0.0,0.0,0.0,0.0,0.0,0.0,1.0
109559,0,1,3400,-56,56,953,4.3,29,0.50,11648.000000,0,27,14,0.0,0.0,0.0,0.0,0.0,0.0,1.0
109808,0,1,3400,-56,56,948,9.3,29,0.50,15616.000000,0,27,14,0.0,23488.000000,0,0.0,0.0,0.0,1.0
110057,0,1,3400,-56,56,954,18,29,0.50,10304.000000,0,27,14,0.0,0.0,0.0,0.0,0.0,0.0,1.0
110306,0,1,3400,-56,56,949,18,29,0.50,5152.000000,0,27,14,0.0,0.0,0.0,0.0,0.0,0.0,1.0
110555,0,1,3400,-56,56,954,18,29,0.50,0.0,0.0,27,14,0.0,0.0,0.0,0.0,0.0,0.0,1.0
110804,0,1,3400,-56,56,950,18,29,0.50,20608.000000,0,27,14,0.0,23488.000000,0,0.0,0.0,0.0,1.0
111053,0,1,3400,-56,56,953,18,29,0.50,20608.000000,0,27,14,0.0,0.0,0.0,0.0,0.0,0.0,1.0
111302,0,1,3400,-56,56,955,18,29,0.50,0.0,0.0,27,13,0.0,0.0,0.0,0.0,0.0,0.0,1.0
111551,0,1,3400,-56,56,951,10,28,0.50,14176.000000,0,27,13,0.0,0.0,0.0,0.0,0.0,0.0,1.0
111800,0,1,3400,-56,56,946,16,29,0.50,10304.000000,0,27,13,0.0,24000.000000,0,0.0,0.0,0.0,1.0
112049,0,1,3400,-56,56,943,18,29,0.50,0.0,0.0,27,12,0.0,0.0,0.0,0.0,0.0,0.0,1.0
112298,0,1,3400,-56,56,948,5.9,29,0.50,28704.000000,0,27,13,0.0,0.0,0.0,0.0,0.0,0.0,1.0
112547,0,1,3400,-56,56,955,7.7,29,0.50,5536.000000,0,27,12,0.0,0.0,0.0,0.0,0.0,0.0,1.0
112796,0,1,3400,-56,56,952,8.4,29,0.50,21280.000000,0,27,13,0.0,21952.000000,0,0.0,0.0,0.0,1.0
113045,0,1,3400,-56,56,954,15,29,0.50,16576.000000,0,27,13,0.0,0.0,0.0,0.0,0.0,0.0,1.0
113294,0,1,3400,-56,56,950,15,29,0.50,36832.000000,0,27,13,0.0,0.0,0.0,0.0,0.0,0.0,1.0
113543,0,1,3400,-56,56,945,16,29,0.50,16192.771484,0,27,13,0.0,0.0,0.0,0.0,0.0,0.0,1.0
113792,0,1,3400,-56,56,942,3.8,29,0.50,11072.000000,0,27,13,0.0,23488.000000,0,0.0,0.0,0.0,1.0
114041,0,1,3400,-56,56,945,9.1,29,0.50,5152.000000,0,27,14,0.0,0.0,0.0,0.0,0.0,0.0,1.0
114290,0,1,3400,-56,56,946,16,29,0.50,15456.000000,0,27,14,0.0,0.0,0.0,0.0,0.0,0.0,1.0
114539,0,1,3400,-56,56,951,11,29,0.50,11424.000000,0,27,14,0.0,0.0,0.0,0.0,0.0,0.0,1.0
114788,0,1,3400,-56,56,947,10,29,0.50,0.0,0.0,27,14,0.0,0.0,0.0,0.0,0.0,0.0,1.0
115037,0,1,3400,-56,56,948,12,29,0.50,10304.000000,0,27,14,0.0,23488.000000,0,0.0,0.0,0.0,1.0
115286,0,1,3400,-56,56,955,8.2,29,0.50,18784.000000,0,27,14,0.0,0.0,0.0,0.0,0.0,0.0,1.0
115535,0,1,3400,-56,56,951,6.5,29,0.50,5152.000000,0,27,14,0.0,0.0,0.0,0.0,0.0,0.0,1.0
115784,0,1,3400,-56,56,947,9.0,29,0.50,10304.000000,0,27,14,0.0,23488.000000,0,0.0,0.0,0.0,1.0
116033,0,1,3400,-56,56,944,14,29,0.50,30912.000000,0,27,14,0.0,0.0,0.0,0.0,0.0,0.0,1.0
116282,0,1,3400,-56,56,947,8.3,29,0.50,16128.000000,0,27,14,0.0,0.0,0.0,0.0,0.0,0.0,1.0
116531,0,1,3400,-56,56,952,10,29,0.50,30912.000000,0,27,14,0.0,0.0,0.0,0.0,0.0,0.0,1.0
116780,0,1,3400,-56,56,955,18,29,0.50,10720.000000,0,27,14,186,0.0,0,0.0,0.0,0.0,1.0
117029,0,1,3400,-56,56,950,22,29,0.50,0.0,0.0,27,14,0.0,23488.000000,0,0.0,0.0,0.0,1.0
117278,0,1,3400,-56,56,949,14,29,0.50,16128.000000,0,27,14,0.0,0.0,0.0,0.0,0.0,0.0,1.0
117527,0,1,3400,-56,56,950,11,29,0.50,0.0,0.0,27,14,0.0,0.0,0.0,0.0,0.0,0.0,1.0
117776,0,1,3400,-56,56,950,9.8,29,0.50,16063.745117,0,27,13,0.0,21864.541016,0,0.0,0.0,0.0,1.0
118025,0,1,3400,-56,56,951,3.0,29,0.50,0.0,0.0,27,13,0.0,0.0,0.0,0.0,0.0,0.0,1.0
118274,0,1,3400,-56,56,951,6.9,29,0.50,27456.000000,0,27,13,0.0,0.0,0.0,0.0,0.0,0.0,1.0
118523,0,1,3400,-56,56,949,18,29,0.50,30912.000000,0,27,13,0.0,0.0,0.0,0.0,0.0,0.0,1.0
118772,0,1,3400,-56,56,948,18,29,0.50,20608.000000,0,27,13,0.0,23488.000000,0,0.0,0.0,0.0,1.0
119021,0,1,3400,-56,56,953,18,29,0.50,10304.000000,0,27,14,0.0,0.0,0.0,0.0,0.0,0.0,1.0
119270,0,1,3400,-56,56,951,18,29,0.50,10304.000000,0,27,14,0.0,0.0,0.0,0.0,0.0,0.0,1.0
119519,0,1,3400,-56,56,953,16,29,0.50,40576.000000,0,27,14,0.0,0.0,0.0,0.0,0.0,0.0,1.0
119768,0,1,3400,-56,56,952,18,29,0.50,17156.626953,0,27,12,0.0,18441.767578,0,0.0,0.0,0.0,1.0
120017,0,1,3400,-56,56,946,22,29,0.50,0.0,0.0,27,12,0.0,0.0,0.0,0.0,0.0,0.0,1.0
120266,0,1,3400,-56,56,940,22,29,0.50,0.0,0.0,27,12,0.0,0.0,0.0,0.0,0.0,0.0,1.0
120515,0,1,3400,-56,56,947,15,29,0.50,20832.000000,0,27,12,0.0,0.0,0.0,0.0,0.0,0.0,1.0
120764,0,1,3400,-56,56,951,3.5,29,0.50,0.0,0.0,27,12,0.0,0.0,0.0,0.0,0.0,0.0,1.0
121013,0,1,3400,-56,56,957,12,29,0.50,10304.000000,0,27,12,0.0,18368.000000,0,0.0,0.0,0.0,1.0
121262,0,1,3400,-56,56,953,18,29,0.50,15456.000000,0,27,12,0.0,0.0,0.0,0.0,0.0,0.0,1.0
121511,0,1,3400,-56,56,949,18,29,0.50,15456.000000,0,27,12,0.0,0.0,0.0,0.0,0.0,0.0,1.0
121760,0,1,3400,-56,56,949,18,29,0.50,20608.000000,0,27,13,0.0,23488.000000,0,0.0,0.0,0.0,1.0
122009,0,1,3400,-56,56,955,18,29,0.50,0.0,0.0,27,14,0.0,0.0,0.0,0.0,0.0,0.0,1.0
122258,0,1,3400,-56,56,951,18,29,0.50,10304.000000,0,27,14,0.0,0.0,0.0,0.0,0.0,0.0,1.0
122507,0,1,3400,-56,56,948,18,29,0.50,15456.000000,0,27,14,0.0,0.0,0.0,0.0,0.0,0.0,1.0
122756,0,1,3400,-56,56,948,18,29,0.50,5152.000000,0,27,14,0.0,23488.000000,0,0.0,0.0,0.0,1.0
123005,0,1,3400,-56,56,945,16,29,0.50,15616.000000,0,27,14,0.0,0.0,0.0,0.0,0.0,0.0,1.0
123254,0,1,3400,-56,56,948,18,29,0.50,0.0,0.0,27,14,0.0,0.0,0.0,0.0,0.0,0.0,1.0
123503,0,1,3400,-56,56,945,18,29,0.50,5152.000000,0,27,14,0.0,0.0,0.0,0.0,0.0,0.0,1.0
123752,0,1,3400,-56,56,952,18,29,0.50,15456.000000,0,27,13,0.0,21952.000000,0,0.0,0.0,0.0,1.0
124001,0,1,3400,-56,56,951,21,29,0.50,11936.000000,0,27,13,0.0,0.0,0.0,0.0,0.0,0.0,1.0
124250,0,1,3400,-56,56,951,21,29,0.50,5131.474121,0,27,13,0.0,0.0,0.0,0.0,0.0,0.0,1.0
124499,0,1,3400,-56,56,945,14,29,0.50,18400.000000,0,27,13,0.0,0.0,0.0,0.0,0.0,0.0,1.0
124748,0,1,3400,-56,56,949,4.0,29,0.50,13248.000000,0,27,13,0.0,24000.000000,0,0.0,0.0,0.0,1.0
124997,0,1,3400,-56,56,953,14,29,0.50,5152.000000,0,27,13,0.0,0.0,0.0,0.0,0.0,0.0,1.0
125246,0,1,3400,-56,56,953,12,29,0.50,37408.000000,0,27,12,0.0,0.0,0.0,0.0,0.0,0.0,1.0
125495,0,1,3400,-56,56,951,18,29,0.50,20608.000000,0,27,12,0.0,0.0,0.0,0.0,0.0,0.0,1.0
125744,0,1,3400,-56,56,946,16,29,0.50,21461.847656,0,27,12,0.0,23839.357422,0,0.0,0.0,0.0,1.0
125993,0,1,3400,-56,56,950,11,29,0.50,31458.167969,0,27,12,0.0,0.0,0.0,0.0,0.0,0.0,1.0
126242,0,1,3400,-56,56,949,7.8,29,0.50,10345.381836,0,27,12,0.0,0.0,0.0,0.0,0.0,0.0,1.0
126491,0,1,3400,-56,56,952,14,29,0.50,21920.000000,0,27,12,0.0,0.0,0.0,0.0,0.0,0.0,1.0
126740,0,1,3400,-56,56,953,9.5,29,0.50,15840.000000,0,27,12,0.0,23488.000000,0,0.0,0.0,0.0,1.0
126989,0,1,3400,-56,56,954,6.6,29,0.50,13472.000000,0,27,13,0.0,0.0,0.0,0.0,0.0,0.0,1.0
127238,0,1,3400,-56,56,950,0.0,29,0.50,0.0,0.0,27,14,0.0,0.0,0.0,0.0,0.0,0.0,1.0
127487,0,1,3400,-56,56,952,4.7,29,0.50,5152.000000,0,27,14,0.0,0.0,0.0,0.0,0.0,0.0,1.0
127736,0,1,3400,-56,56,956,14,29,0.50,15456.000000,0,27,14,0.0,23488.000000,0,0.0,0.0,0.0,1.0
127985,0,1,3400,-56,56,954,13,29,0.50,13920.000000,0,27,14,0.0,0.0,0.0,0.0,0.0,0.0,1.0
128234,0,1,3400,-56,56,947,12,29,0.50,31072.000000,0,27,14,0.0,0.0,0.0,0.0,0.0,0.0,1.0
128483,0,1,3400,-56,56,948,18,29,0.50,15456.000000,0,27,14,0.0,0.0,0.0,0.0,0.0,0.0,1.0
128732,0,1,3400,-56,56,954,12,29,0.50,26816.000000,0,27,14,0.0,23488.000000,0,0.0,0.0,0.0,1.0
128981,0,1,3400,-56,56,947,17,29,0.50,5152.000000,0,27,14,0.0,0.0,0.0,0.0,0.0,0.0,1.0
129230,0,1,3400,-56,56,945,18,29,0.50,15456.000000,0,27,14,0.0,0.0,0.0,0.0,0.0,0.0,1.0
129479,0,1,3400,-56,56,947,5.5,29,0.50,13248.000000,0,27,14,0.0,0.0,0.0,0.0,0.0,0.0,1.0
129728,0,1,3400,-56,56,944,9.0,29,0.50,0.0,0.0,27,14,0.0,0.0,0.0,0.0,0.0,0.0,1.0
129977,0,1,3400,-56,56,947,8.9,29,0.50,10304.000000,0,27,13,0.0,23488.000000,0,0.0,0.0,0.0,1.0
130226,0,1,3400,-56,56,945,9.0,29,0.50,5152.000000,0,27,14,0.0,0.0,0.0,0.0,0.0,0.0,1.0
130475,0,1,3400,-56,56,952,16,28,0.50,10304.000000,0,27,14,0.0,0.0,0.0,0.0,0.0,0.0,1.0
130724,0,1,3400,-56,56,959,12,29,0.50,19792.828125,0,27,13,0.0,23394.421875,0,0.0,0.0,0.0,1.0
130973,0,1,3400,-56,56,954,10,29,0.50,5152.000000,0,27,14,0.0,0.0,0.0,0.0,0.0,0.0,1.0
131222,0,1,3400,-56,56,947,18,29,0.50,10304.000000,0,27,14,0.0,0.0,0.0,0.0,0.0,0.0,1.0
131471,0,1,3400,-56,56,946,18,29,0.50,10304.000000,0,27,14,0.0,0.0,0.0,0.0,0.0,0.0,1.0
131720,0,1,3400,-56,56,947,16,29,0.50,27680.000000,0,27,13,0.0,21952.000000,0,0.0,0.0,0.0,1.0
131969,0,1,3400,-56,56,953,13,29,0.50,15456.000000,0,27,13,0.0,0.0,0.0,0.0,0.0,0.0,1.0
132218,0,1,3400,-56,56,956,18,29,0.50,0.0,0.0,27,13,0.0,0.0,0.0,0.0,0.0,0.0,1.0
132467,0,1,3400,-56,56,947,18,29,0.50,15456.000000,0,27,13,0.0,0.0,0.0,0.0,0.0,0.0,1.0
132716,0,1,3400,-56,56,946,1.0,29,0.50,8764.940430,0,27,13,0.0,21864.541016,0,0.0,0.0,0.0,1.0
132965,0,1,3400,-56,56,949,5.5,29,0.50,19791.164062,0,27,13,0.0,0.0,0.0,0.0,0.0,0.0,1.0
133214,0,1,3400,-56,56,956,8.4,29,0.50,16128.000000,0,27,13,0.0,0.0,0.0,0.0,0.0,0.0,1.0
133463,0,1,3400,-56,56,952,9.9,29,0.50,7040.000000,0,27,13,0.0,0.0,0.0,0.0,0.0,0.0,1.0
133712,0,1,3400,-56,56,950,9.2,29,0.50,10304.000000,0,27,13,0.0,21952.000000,0,0.0,0.0,0.0,1.0
133961,0,1,3400,-56,56,953,16,29,0.50,5152.000000,0,27,13,0.0,0.0,0.0,0.0,0.0,0.0,1.0
134210,0,1,3400,-56,56,956,16,29,0.50,0.0,0.0,27,13,0.0,0.0,0.0,0.0,0.0,0.0,1.0
134459,0,1,3400,-56,56,952,17,29,0.50,25760.000000,0,27,13,0.0,0.0,0.0,0.0,0.0,0.0,1.0
134708,0,1,3400,-56,56,946,18,29,0.50,5152.000000,0,27,13,0.0,23488.000000,0,0.0,0.0,0.0,1.0
134957,0,1,3400,-56,56,944,18,29,0.50,9856.000000,0,27,14,0.0,0.0,0.0,0.0,0.0,0.0,1.0
135206,0,1,3400,-56,56,953,10,29,0.50,16672.000000,0,27,14,0.0,0.0,0.0,0.0,0.0,0.0,1.0
135455,0,1,3400,-56,56,950,5.6,29,0.50,5856.000000,0,27,14,0.0,0.0,0.0,0.0,0.0,0.0,1.0
135704,0,1,3400,-56,56,951,8.2,29,0.50,24320.000000,0,27,14,0.0,23488.000000,0,0.0,0.0,0.0,1.0
135953,0,1,3400,-56,56,948,16,29,0.50,15456.000000,0,27,14,0.0,0.0,0.0,0.0,0.0,0.0,1.0
136202,0,1,3400,-56,56,945,9.6,29,0.50,5536.000000,0,27,14,0.0,0.0,0.0,0.0,0.0,0.0,1.0
136451,0,1,3400,-56,56,950,4.0,29,0.50,13248.000000,0,27,13,0.0,0.0,0.0,0.0,0.0,0.0,1.0
136700,0,1,3400,-56,56,956,2.7,29,0.50,5152.000000,0,27,14,0.0,23488.000000,0,0.0,0.0,0.0,1.0
136949,0,1,3400,-56,56,952,17,29,0.50,30912.000000,0,27,14,0.0,0.0,0.0,0.0,0.0,0.0,1.0
137198,0,1,3400,-56,56,948,10,29,0.50,18326.693359,0,27,13,0.0,0.0,0.0,0.0,0.0,0.0,1.0
137447,0,1,3400,-56,56,943,10,29,0.50,10976.000000,0,27,14,0.0,0.0,0.0,0.0,0.0,0.0,1.0
137696,0,1,3400,-56,56,949,6.8,29,0.50,15456.000000,0,27,13,0.0,18368.000000,0,0.0,0.0,0.0,1.0
137945,0,1,3400,-56,56,948,16,29,0.50,5152.000000,0,27,12,0.0,0.0,0.0,0.0,0.0,0.0,1.0
138194,0,1,3400,-56,56,948,7.1,29,0.50,16128.000000,0,27,12,0.0,0.0,0.0,0.0,0.0,0.0,1.0
138443,0,1,3400,-56,56,946,16,29,0.50,15616.000000,0,27,12,0.0,0.0,0.0,0.0,0.0,0.0,1.0
138692,0,1,3400,-56,56,952,18,29,0.50,5152.000000,0,27,13,0.0,23488.000000,0,0.0,0.0,0.0,1.0
138941,0,1,3400,-56,56,952,18,29,0.50,31036.144531,0,27,14,0.0,0.0,0.0,0.0,0.0,0.0,1.0
139190,0,1,3400,-56,56,952,7.3,29,0.50,25216.000000,0,27,14,0.0,0.0,0.0,0.0,0.0,0.0,1.0
139439,0,1,3400,-56,56,953,0.72,29,0.50,9024.000000,0,27,13,0.0,0.0,0.0,0.0,0.0,0.0,1.0
139688,0,1,3400,-56,56,950,5.0,29,0.50,8096.000000,0,27,13,0.0,18368.000000,0,0.0,0.0,0.0,1.0
139937,0,1,3400,-56,56,953,0.0,29,0.50,8096.000000,0,27,12,0.0,0.0,0.0,0.0,0.0,0.0,1.0
140186,0,1,3400,-56,56,951,13,29,0.50,20608.000000,0,27,12,0.0,0.0,0.0,0.0,0.0,0.0,1.0
140435,0,1,3400,-56,56,953,15,29,0.50,13056.000000,0,27,12,0.0,0.0,0.0,0.0,0.0,0.0,1.0
140684,0,1,3400,-56,56,951,9.5,29,0.50,5152.000000,0,27,12,186,0.0,0,0.0,0.0,0.0,1.0
140933,0,1,3400,-56,56,952,9.0,29,0.50,15456.000000,0,27,12,0.0,18368.000000,0,0.0,0.0,0.0,1.0
141182,0,1,3400,-56,56,953,7.3,29,0.50,12192.000000,0,27,12,0.0,0.0,0.0,0.0,0.0,0.0,1.0
141431,0,1,3400,-56,56,951,7.0,29,0.50,0.0,0.0,27,12,0.0,0.0,0.0,0.0,0.0,0.0,1.0
141680,0,1,3400,-56,56,951,9.4,29,0.50,32256.000000,0,27,11,0.0,18880.000000,0,0.0,0.0,0.0,1.0
141929,0,1,3400,-56,56,948,18,29,0.50,15456.000000,0,27,11,0.0,0.0,0.0,0.0,0.0,0.0,1.0
142178,0,1,3400,-56,56,944,11,29,0.50,13248.000000,0,27,11,0.0,0.0,0.0,0.0,0.0,0.0,1.0
142427,0,1,3400,-56,56,943,4.4,29,0.50,16608.000000,0,27,11,0.0,0.0,0.0,0.0,0.0,0.0,1.0
142676,0,1,3400,-56,56,943,6.6,29,0.50,5152.000000,0,27,11,0.0,22208.000000,0,0.0,0.0,0.0,1.0
142925,0,1,3400,-56,56,945,15,29,0.50,30912.000000,0,27,11,0.0,0.0,0.0,0.0,0.0,0.0,1.0
143174,0,1,3400,-56,56,950,9.7,29,0.50,10688.000000,0,27,11,0.0,0.0,0.0,0.0,0.0,0.0,1.0
143423,0,1,3400,-56,56,951,6.4,29,0.50,8096.000000,0,27,11,0.0,0.0,0.0,0.0,0.0,0.0,1.0
143672,0,1,3400,-56,56,950,16,29,0.50,15394.421875,0,27,13,0.0,21864.541016,0,0.0,0.0,0.0,1.0
143921,0,1,3400,-56,56,949,12,29,0.50,16512.000000,0,27,13,0.0,0.0,0.0,0.0,0.0,0.0,1.0
144170,0,1,3400,-56,56,947,9.4,29,0.50,16416.000000,0,27,13,0.0,0.0,0.0,0.0,0.0,0.0,1.0
144419,0,1,3400,-56,56,951,10,29,0.50,16576.000000,0,27,13,0.0,0.0,0.0,0.0,0.0,0.0,1.0
144668,0,1,3400,-56,56,948,14,29,0.50,20768.000000,0,27,13,0.0,21952.000000,0,0.0,0.0,0.0,1.0
144917,0,1,3400,-56,56,947,3.8,29,0.50,5824.000000,0,27,13,0.0,0.0,0.0,0.0,0.0,0.0,1.0
145166,0,1,3400,-56,56,947,3.0,29,0.50,5824.000000,0,27,13,0.0,0.0,0.0,0.0,0.0,0.0,1.0
145415,0,1,3400,-56,56,944,6.4,29,0.50,21847.388672,0,27,13,0.0,0.0,0.0,0.0,0.0,0.0,1.0
145664,0,1,3400,-56,56,946,8.0,29,0.50,27424.000000,0,27,13,0.0,23488.000000,0,0.0,0.0,0.0,1.0
145913,0,1,3400,-56,56,954,5.5,29,0.50,15968.000000,0,27,14,0.0,0.0,0.0,0.0,0.0,0.0,1.0
146162,0,1,3400,-56,56,950,11,29,0.50,15456.000000,0,27,14,0.0,0.0,0.0,0.0,0.0,0.0,1.0
146411,0,1,3400,-56,56,954,18,29,0.50,10304.000000,0,27,14,0.0,0.0,0.0,0.0,0.0,0.0,1.0
146660,0,1,3400,-56,56,949,18,29,0.50,0.0,0.0,27,14,0.0,0.0,0.0,0.0,0.0,0.0,1.0
146909,0,1,3400,-56,56,951,16,29,0.50,5536.000000,0,27,14,0.0,15520.000000,0,0.0,0.0,0.0,1.0
147158,0,1,3400,-56,56,951,6.0,29,0.50,9248.000000,0,27,13,0.0,6432.000000,0,0.0,0.0,0.0,1.0
147407,0,1,3400,-56,56,947,8.5,29,0.50,12032.000000,0,27,13,0.0,0.0,0.0,0.0,0.0,0.0,1.0
147656,0,1,3400,-56,56,952,14,29,0.50,15456.000000,0,27,13,0.0,23488.000000,0,0.0,0.0,0.0,1.0
147905,0,1,3400,-56,56,952,18,29,0.50,15456.000000,0,27,14,0.0,0.0,0.0,0.0,0.0,0.0,1.0
148154,0,1,3400,-56,56,946,13,29,0.50,18400.000000,0,27,13,0.0,0.0,0.0,0.0,0.0,0.0,1.0
148403,0,1,3400,-56,56,947,9.0,29,0.50,10304.000000,0,27,14,0.0,0.0,0.0,0.0,0.0,0.0,1.0
148652,0,1,3400,-56,56,948,6.5,29,0.50,11072.000000,0,27,13,0.0,21952.000000,0,0.0,0.0,0.0,1.0
148901,0,1,3400,-56,56,947,15,29,0.50,20608.000000,0,27,13,0.0,0.0,0.0,0.0,0.0,0.0,1.0
149150,0,1,3400,-56,56,950,18,29,0.50,5152.000000,0,27,13,0.0,0.0,0.0,0.0,0.0,0.0,1.0
149399,0,1,3400,-56,56,953,12,29,0.50,17696.000000,0,27,13,0.0,0.0,0.0,0.0,0.0,0.0,1.0
149648,0,1,3400,-56,56,950,3.2,29,0.50,13248.000000,0,27,13,0.0,21952.000000,0,0.0,0.0,0.0,1.0
149897,0,1,3400,-56,56,943,15,29,0.50,10304.000000,0,27,13,0.0,0.0,0.0,0.0,0.0,0.0,1.0
150146,0,1,3400,-56,56,948,16,29,0.50,26167.330078,0,27,13,0.0,0.0,0.0,0.0,0.0,0.0,1.0
150395,0,1,3400,-56,56,951,8.8,29,0.50,19520.000000,0,27,13,0.0,0.0,0.0,0.0,0.0,0.0,1.0
150644,0,1,3400,-56,56,945,12,29,0.50,0.0,0.0,27,13,0.0,0.0,0.0,0.0,0.0,0.0,1.0
150893,0,1,3400,-56,56,947,14,29,0.50,10304.000000,0,27,13,0.0,21952.000000,0,0.0,0.0,0.0,1.0
151142,0,1,3400,-56,56,951,11,29,0.50,17888.000000,0,27,13,0.0,0.0,0.0,0.0,0.0,0.0,1.0
151391,0,1,3400,-56,56,952,13,29,0.50,10304.000000,0,27,13,186,0.0,0.0,0.0,0.0,0.0,1.0
151640,0,1,3400,-56,56,953,13,29,0.50,6272.000000,0,27,9.7,0.0,16320.000000,0,0.0,0.0,0.0,1.0
151889,0,1,3400,-56,56,951,6.5,29,0.50,11116.465820,0,27,9.5,0.0,0.0,0.0,0.0,0.0,0.0,1.0
152138,0,1,3400,-56,56,942,9.4,29,0.50,10304.000000,0,27,9.5,0.0,0.0,0.0,0.0,0.0,0.0,1.0
152387,0,1,3400,-56,56,948,14,29,0.50,10304.000000,0,27,9.5,0.0,0.0,0.0,0.0,0.0,0.0,1.0
152636,0,1,3400,-56,56,951,11,29,0.50,21952.000000,0,27,12,0.0,23488.000000,0,0.0,0.0,0.0,1.0
152885,0,1,3400,-56,56,946,18,29,0.50,10304.000000,0,27,14,0.0,0.0,0.0,0.0,0.0,0.0,1.0
153134,0,1,3400,-56,56,946,18,29,0.50,5152.000000,0,27,14,0.0,0.0,0.0,0.0,0.0,0.0,1.0
153383,0,1,3400,-56,56,945,18,29,0.50,10304.000000,0,27,14,0.0,0.0,0.0,0.0,0.0,0.0,1.0
153632,0,1,3400,-56,56,943,18,29,0.50,25760.000000,0,27,13,0.0,24000.000000,0,0.0,0.0,0.0,1.0
153881,0,1,3400,-56,56,947,15,29,0.50,26304.000000,0,27,12,0.0,0.0,0.0,0.0,0.0,0.0,1.0
154130,0,1,3400,-56,56,949,5.7,29,0.50,15840.000000,0,27,12,0.0,0.0,0.0,0.0,0.0,0.0,1.0
154379,0,1,3400,-56,56,954,6.3,29,0.50,13920.000000,0,27,12,0.0,0.0,0.0,0.0,0.0,0.0,1.0
154628,0,1,3400,-56,56,951,16,29,0.50,15456.000000,0,27,13,0.0,23488.000000,0,0.0,0.0,0.0,1.0
154877,0,1,3400,-56,56,952,8.5,29,0.50,16224.000000,0,27,14,0.0,0.0,0.0,0.0,0.0,0.0,1.0
155126,0,1,3400,-56,56,948,7.7,29,0.50,20992.000000,0,27,14,0.0,0.0,0.0,0.0,0.0,0.0,1.0
155375,0,1,3400,-56,56,952,18,29,0.50,0.0,0.0,27,14,0.0,0.0,0.0,0.0,0.0,0.0,1.0
155624,0,1,3400,-56,56,950,18,29,0.50,0.0,0.0,27,14,0.0,0.0,0.0,0.0,0.0,0.0,1.0
155873,0,1,3400,-56,56,947,18,29,0.50,15456.000000,0,27,13,0.0,23488.000000,0,0.0,0.0,0.0,1.0
156122,0,1,3400,-56,56,948,14,29,0.50,5824.000000,0,27,12,0.0,0.0,0.0,0.0,0.0,0.0,1.0
156371,0,1,3400,-56,56,950,11,29,0.50,15456.000000,0,27,12,0.0,0.0,0.0,0.0,0.0,0.0,1.0
156620,0,1,3400,-56,56,953,18,29,0.50,0.0,0.0,27,12,0.0,0.0,0.0,0.0,0.0,0.0,1.0
156869,0,1,3400,-56,56,949,5.7,29,0.50,13248.000000,0,27,13,0.0,23488.000000,0,0.0,0.0,0.0,1.0
157118,0,1,3400,-56,56,946,8.9,29,0.50,22400.000000,0,27,14,0.0,0.0,0.0,0.0,0.0,0.0,1.0
157367,0,1,3400,-56,56,951,16,29,0.50,10304.000000,0,27,14,0.0,0.0,0.0,0.0,0.0,0.0,1.0
157616,0,1,3400,-56,56,955,18,29,0.50,20608.000000,0,27,13,0.0,21952.000000,0,0.0,0.0,0.0,1.0
157865,0,1,3400,-56,56,946,16,29,0.50,5312.000000,0,27,13,0.0,0.0,0.0,0.0,0.0,0.0,1.0
158114,0,1,3400,-56,56,943,12,29,0.50,32385.542969,0,27,13,0.0,0.0,0.0,0.0,0.0,0.0,1.0
158363,0,1,3400,-56,56,947,5.6,29,0.50,5152.000000,0,27,13,0.0,0.0,0.0,0.0,0.0,0.0,1.0
158612,0,1,3400,-56,56,954,7.2,29,0.50,11072.000000,0,27,13,0.0,23488.000000,0,0.0,0.0,0.0,1.0
158861,0,1,3400,-56,56,947,4.7,29,0.50,5832.669434,0,27,14,0.0,0.0,0.0,0.0,0.0,0.0,1.0
159110,0,1,3400,-56,56,952,8.6,29,0.50,5172.690918,0,27,14,0.0,0.0,0.0,0.0,0.0,0.0,1.0
159359,0,1,3400,-56,56,952,16,29,0.50,11936.000000,0,27,14,0.0,0.0,0.0,0.0,0.0,0.0,1.0
159608,0,1,3400,-56,56,953,14,29,0.50,10304.000000,0,27,13,0.0,18368.000000,0,0.0,0.0,0.0,1.0
159857,0,1,3400,-56,56,951,9.3,29,0.50,12864.000000,0,27,12,0.0,0.0,0.0,0.0,0.0,0.0,1.0
160106,0,1,3400,-56,56,943,9.4,29,0.50,10752.000000,0,27,12,0.0,0.0,0.0,0.0,0.0,0.0,1.0
160355,0,1,3400,-56,56,943,15,29,0.50,5152.000000,0,27,12,0.0,0.0,0.0,0.0,0.0,0.0,1.0
160604,0,1,3400,-56,56,944,17,29,0.50,20608.000000,0,27,13,0.0,21952.000000,0,0.0,0.0,0.0,1.0
160853,0,1,3400,-56,56,948,18,29,0.50,15456.000000,0,27,13,0.0,0.0,0.0,0.0,0.0,0.0,1.0
161102,0,1,3400,-56,56,947,18,29,0.50,25760.000000,0,27,13,0.0,0.0,0.0,0.0,0.0,0.0,1.0
161351,0,1,3400,-56,56,950,15,29,0.50,11904.000000,0,27,13,0.0,0.0,0.0,0.0,0.0,0.0,1.0
161600,0,1,3400,-56,56,957,9.0,29,0.50,5152.000000,0,27,13,0.0,21952.000000,0,0.0,0.0,0.0,1.0
161849,0,1,3400,-56,56,950,16,29,0.50,15456.000000,0,27,13,0.0,0.0,0.0,0.0,0.0,0.0,1.0
162098,0,1,3400,-57,57,951,16,29,0.50,5312.000000,0,27,13,0.0,0.0,0.0,0.0,0.0,0.0,1.0
162347,0,1,3400,-56,56,953,12,29,0.50,0.0,0.0,27,13,0.0,0.0,0.0,0.0,0.0,0.0,1.0
162596,0,1,3400,-56,56,949,14,29,0.50,10304.000000,0,27,13,0.0,21952.000000,0,0.0,0.0,0.0,1.0
162845,0,1,3400,-56,56,945,8.3,29,0.50,18720.000000,0,27,13,0.0,0.0,0.0,0.0,0.0,0.0,1.0
163094,0,1,3400,-56,56,941,8.4,29,0.50,13800.796875,0,27,13,0.0,0.0,0.0,0.0,0.0,0.0,1.0
163343,0,1,3400,-56,56,939,20,29,0.50,5152.000000,0,27,13,0.0,0.0,0.0,0.0,0.0,0.0,1.0
163592,0,1,3400,-56,56,945,10,29,0.50,27776.000000,0,27,11,0.0,15808.000000,0,0.0,0.0,0.0,1.0
163841,0,1,3400,-56,56,948,16,29,0.50,30912.000000,0,27,10,0.0,0.0,0.0,0.0,0.0,0.0,1.0
164090,0,1,3400,-56,56,948,18,29,0.50,10304.000000,0,27,10,0.0,0.0,0.0,0.0,0.0,0.0,1.0
164339,0,1,3400,-56,56,950,18,29,0.50,10304.000000,0,27,10,0.0,0.0,0.0,0.0,0.0,0.0,1.0
164588,0,1,3400,-56,56,950,14,29,0.50,10506.024414,0,27,13,0.0,22040.160156,0,0.0,0.0,0.0,1.0
164837,0,1,3400,-56,56,947,16,29,0.50,15456.000000,0,27,13,0.0,0.0,0.0,0.0,0.0,0.0,1.0
165086,0,1,3400,-56,56,946,9.5,29,0.50,16800.000000,0,27,13,0.0,0.0,0.0,0.0,0.0,0.0,1.0
165335,0,1,3400,-56,56,947,11,29,0.50,16224.000000,0,27,13,0.0,0.0,0.0,0.0,0.0,0.0,1.0
165584,0,1,3400,-56,56,953,8.3,29,0.50,5152.000000,0,27,13,0.0,23488.000000,0,0.0,0.0,0.0,1.0
165833,0,1,3400,-56,56,946,17,29,0.50,20608.000000,0,27,14,0.0,0.0,0.0,0.0,0.0,0.0,1.0
166082,0,1,3400,-56,56,953,15,29,0.50,5536.000000,0,27,14,0.0,0.0,0.0,0.0,0.0,0.0,1.0
166331,0,1,3400,-56,56,957,16,29,0.50,16256.000000,0,27,14,0.0,0.0,0.0,0.0,0.0,0.0,1.0
166580,0,1,3400,-56,56,947,20,29,0.50,15456.000000,0,27,13,0.0,21952.000000,0,0.0,0.0,0.0,1.0
166829,0,1,3400,-56,56,942,18,29,0.50,20608.000000,0,27,13,0.0,0.0,0.0,0.0,0.0,0.0,1.0
167078,0,1,3400,-56,56,947,18,29,0.50,20608.000000,0,27,13,0.0,0.0,0.0,0.0,0.0,0.0,1.0
167327,0,1,3400,-56,56,955,17,29,0.50,10688.000000,0,27,13,0.0,0.0,0.0,0.0,0.0,0.0,1.0
167576,0,1,3400,-56,56,958,4.5,29,0.50,0.0,0.0,27,13,0.0,0.0,0.0,0.0,0.0,0.0,1.0
167825,0,1,3400,-56,56,946,4.7,29,0.50,12032.000000,0,27,13,0.0,24000.000000,0,0.0,0.0,0.0,1.0
168074,0,1,3400,-56,56,947,10,29,0.50,15840.000000,0,27,12,0.0,0.0,0.0,0.0,0.0,0.0,1.0
168323,0,1,3400,-56,56,949,16,29,0.50,25760.000000,0,27,12,0.0,0.0,0.0,0.0,0.0,0.0,1.0
168572,0,1,3400,-56,56,946,11,29,0.50,5824.000000,0,27,13,0.0,23488.000000,0,0.0,0.0,0.0,1.0
168821,0,1,3400,-56,56,948,5.2,29,0.50,18400.000000,0,27,13,0.0,0.0,0.0,0.0,0.0,0.0,1.0
169070,0,1,3400,-56,56,949,9.0,29,0.50,5152.000000,0,27,14,0.0,0.0,0.0,0.0,0.0,0.0,1.0
169319,0,1,3400,-56,56,951,16,29,0.50,15456.000000,0,27,14,0.0,0.0,0.0,0.0,0.0,0.0,1.0
169568,0,1,3400,-56,56,948,13,29,0.50,21195.218750,0,27,13,0.0,21864.541016,0,0.0,0.0,0.0,1.0
169817,0,1,3400,-56,56,947,2.2,29,0.50,27392.000000,0,27,13,0.0,0.0,0.0,0.0,0.0,0.0,1.0
170066,0,1,3400,-56,56,953,13,29,0.50,39008.000000,0,27,13,0.0,0.0,0.0,0.0,0.0,0.0,1.0
170315,0,1,3400,-56,56,955,13,29,0.50,10304.000000,0,27,13,0.0,0.0,0.0,0.0,0.0,0.0,1.0
170564,0,1,3400,-56,56,948,18,29,0.50,10304.000000,0,27,12,0.0,18368.000000,0,0.0,0.0,0.0,1.0
170813,0,1,3400,-56,56,950,18,29,0.50,0.0,0.0,27,12,0.0,0.0,0.0,0.0,0.0,0.0,1.0
171062,0,1,3400,-56,56,948,9.0,29,0.50,10891.566406,0,27,12,0.0,0.0,0.0,0.0,0.0,0.0,1.0
171311,0,1,3400,-56,56,944,9.7,29,0.50,36832.000000,0,27,12,186,0.0,0.0,0.0,0.0,0.0,1.0
171560,0,1,3400,-56,56,947,18,29,0.50,25760.000000,0,27,13,0.0,21952.000000,0,0.0,0.0,0.0,1.0
171809,0,1,3400,-56,56,951,18,29,0.50,15456.000000,0,27,13,0.0,0.0,0.0,0.0,0.0,0.0,1.0
172058,0,1,3400,-56,56,950,15,29,0.50,15776.000000,0,27,13,0.0,0.0,0.0,0.0,0.0,0.0,1.0
172307,0,1,3400,-56,56,951,16,29,0.50,5152.000000,0,27,13,0.0,0.0,0.0,0.0,1.0,2.0,1.0
172556,0,1,3400,-56,56,943,12,29,0.50,21760.000000,0,27,12,0.0,18368.000000,0,0.0,0.0,0.0,1.0
172805,0,1,3400,-56,56,950,18,29,0.50,15456.000000,0,27,12,0.0,0.0,0.0,0.0,0.0,0.0,1.0
173054,0,1,3400,-56,56,950,11,29,0.50,21280.000000,0,27,12,0.0,0.0,0.0,0.0,0.0,0.0,1.0
173303,0,1,3400,-56,56,949,5.7,29,0.50,20032.000000,0,27,12,0.0,0.0,0.0,0.0,0.0,0.0,1.0
173552,0,1,3400,-56,56,957,6.3,29,0.50,13248.000000,0,27,13,0.0,23488.000000,0,0.0,0.0,0.0,1.0
173801,0,1,3400,-56,56,952,14,29,0.50,25760.000000,0,27,14,0.0,0.0,0.0,0.0,0.0,0.0,1.0
174050,0,1,3400,-56,56,946,13,29,0.50,23552.000000,0,27,14,0.0,0.0,0.0,0.0,0.0,0.0,1.0
174299,0,1,3400,-56,56,948,6.3,29,0.50,5824.000000,0,27,14,0.0,0.0,0.0,0.0,0.0,0.0,1.0
174548,0,1,3400,-56,56,948,9.9,29,0.50,10624.000000,0,27,12,0.0,23744.000000,0,0.0,0.0,0.0,1.0
174797,0,1,3400,-56,56,951,12,29,0.50,0.0,0.0,27,12,0.0,0.0,0.0,0.0,0.0,0.0,1.0
175046,0,1,3400,-56,56,947,17,29,0.50,20608.000000,0,27,12,0.0,0.0,0.0,0.0,0.0,0.0,1.0
175295,0,1,3400,-56,56,941,17,29,0.50,11776.000000,0,27,12,0.0,0.0,0.0,0.0,0.0,0.0,1.0
175544,0,1,3400,-56,56,944,18,29,0.50,10304.000000,0,27,13,0.0,23488.000000,0,0.0,0.0,0.0,1.0
175793,0,1,3400,-56,56,945,18,29,0.50,10304.000000,0,27,13,0.0,15520.000000,0,0.0,0.0,0.0,1.0
176042,0,1,3400,-56,56,948,18,29,0.50,5131.474121,0,27,13,0.0,0.0,0.0,0.0,0.0,0.0,1.0
176291,0,1,3400,-56,56,947,13,29,0.50,19808.000000,0,27,13,0.0,0.0,0.0,0.0,0.0,0.0,1.0
176540,0,1,3400,-56,56,948,8.2,29,0.50,5152.000000,0,27,13,0.0,23488.000000,0,0.0,0.0,0.0,1.0
176789,0,1,3400,-56,56,953,5.4,29,0.50,23552.000000,0,27,13,0.0,0.0,0.0,0.0,0.0,0.0,1.0
177038,0,1,3400,-56,56,949,9.0,29,0.50,10304.000000,0,27,14,0.0,0.0,0.0,0.0,0.0,0.0,1.0
177287,0,1,3400,-56,56,951,6.9,29,0.50,8096.000000,0,27,13,0.0,0.0,0.0,0.0,0.0,0.0,1.0
177536,0,1,3400,-56,56,949,7.1,29,0.50,27598.394531,0,27,13,0.0,22040.160156,0,0.0,0.0,0.0,1.0
177785,0,1,3400,-56,56,950,4.5,29,0.50,0.0,0.0,27,13,0.0,0.0,0.0,0.0,0.0,0.0,1.0
178034,0,1,3400,-56,56,951,11,29,0.50,20448.000000,0,27,13,0.0,0.0,0.0,0.0,0.0,0.0,1.0
178283,0,1,3400,-56,56,947,22,29,0.50,5152.000000,0,27,13,0.0,0.0,0.0,0.0,0.0,0.0,1.0
178532,0,1,3400,-56,56,935,18,29,0.50,36224.000000,0,27,13,0.0,21952.000000,0,0.0,0.0,0.0,1.0
178781,0,1,3400,-56,56,945,16,29,0.50,16128.000000,0,27,13,0.0,0.0,0.0,0.0,0.0,0.0,1.0
179030,0,1,3400,-56,56,949,18,29,0.50,5152.000000,0,27,13,0.0,0.0,0.0,0.0,0.0,0.0,1.0
179279,0,1,3400,-56,56,952,18,29,0.50,0.0,0.0,27,13,0.0,0.0,0.0,0.0,0.0,0.0,1.0
179528,0,1,3400,-56,56,950,18,29,0.50,7264.000000,0,27,13,0.0,23488.000000,0,0.0,0.0,0.0,1.0
179777,0,1,3400,-56,56,951,7.3,29,0.50,16288.000000,0,27,14,0.0,0.0,0.0,0.0,0.0,0.0,1.0
180026,0,1,3400,-56,56,954,18,29,0.50,15456.000000,0,27,14,0.0,0.0,0.0,0.0,0.0,0.0,1.0
180275,0,1,3400,-56,56,946,18,29,0.50,20608.000000,0,27,14,0.0,0.0,0.0,0.0,0.0,0.0,1.0
180524,0,1,3400,-56,56,947,5.3,29,0.50,25536.000000,0,27,13,0.0,22464.000000,0,0.0,0.0,0.0,1.0
180773,0,1,3400,-56,56,946,16,29,0.50,21280.000000,0,27,12,0.0,0.0,0.0,0.0,0.0,0.0,1.0
181022,0,1,3400,-56,56,949,3.0,29,0.50,0.0,0.0,27,12,0.0,0.0,0.0,0.0,0.0,0.0,1.0
181271,0,1,3400,-56,56,954,8.3,29,0.50,23264.000000,0,27,12,0.0,0.0,0.0,0.0,0.0,0.0,1.0
181520,0,1,3400,-56,56,954,8.4,29,0.50,7296.000000,0,27,12,186,0.0,0.0,0.0,0.0,0.0,1.0
181769,0,1,3400,-56,56,949,8.5,29,0.50,15456.000000,0,27,13,0.0,23488.000000,0,0.0,0.0,0.0,1.0
182018,0,1,3400,-56,56,952,13,29,0.50,16096.000000,0,27,14,0.0,0.0,0.0,0.0,0.0,0.0,1.0
182267,0,1,3400,-56,56,944,5.8,29,0.50,11680.000000,0,27,14,0.0,0.0,0.0,0.0,0.0,0.0,1.0
182516,0,1,3400,-56,56,939,4.0,29,0.50,5513.944336,0,27,13,0.0,23904.382812,0,0.0,0.0,0.0,1.0
182765,0,1,3400,-56,56,946,3.8,29,0.50,22528.000000,0,27,12,0.0,0.0,0.0,0.0,0.0,0.0,1.0
183014,0,1,3400,-56,56,946,11,29,0.50,15456.000000,0,27,13,0.0,0.0,0.0,0.0,0.0,0.0,1.0
183263,0,1,3400,-56,56,953,18,29,0.50,5152.000000,0,27,12,0.0,0.0,0.0,0.0,0.0,0.0,1.0
183512,0,1,3400,-56,56,951,18,29,0.50,5152.000000,0,27,13,0.0,21952.000000,0,0.0,0.0,0.0,1.0
183761,0,1,3400,-56,56,950,18,29,0.50,0.0,0.0,27,13,0.0,0.0,0.0,0.0,0.0,0.0,1.0
184010,0,1,3400,-56,56,951,18,29,0.50,20608.000000,0,27,13,0.0,0.0,0.0,0.0,0.0,0.0,1.0
184259,0,1,3400,-56,56,952,18,29,0.50,10304.000000,0,27,13,0.0,0.0,0.0,0.0,0.0,0.0,1.0
184508,0,1,3400,-56,56,953,18,29,0.50,15456.000000,0,27,13,0.0,23488.000000,0,0.0,0.0,0.0,1.0
184757,0,1,3400,-56,56,951,9.6,29,0.50,23552.000000,0,27,14,0.0,0.0,0.0,0.0,0.0,0.0,1.0
185006,0,1,3400,-56,56,948,5.1,29,0.50,5152.000000,0,27,14,0.0,0.0,0.0,0.0,0.0,0.0,1.0
185255,0,1,3400,-56,56,946,9.0,29,0.50,10304.000000,0,27,14,0.0,0.0,0.0,0.0,0.0,0.0,1.0
185504,0,1,3400,-56,56,943,7.1,29,0.50,27584.000000,0,27,14,0.0,23488.000000,0,0.0,0.0,0.0,1.0
185753,0,1,3400,-56,56,946,10,29,0.50,5152.000000,0,27,14,0.0,0.0,0.0,0.0,0.0,0.0,1.0
186002,0,1,3400,-56,56,949,12,29,0.50,0.0,0.0,27,14,0.0,0.0,0.0,0.0,0.0,0.0,1.0
186251,0,1,3400,-56,56,949,14,29,0.50,15456.000000,0,27,14,0.0,0.0,0.0,0.0,0.0,0.0,1.0
186500,0,1,3400,-56,56,947,19,29,0.50,18816.000000,0,27,13,0.0,18368.000000,0,0.0,0.0,0.0,1.0
186749,0,1,3400,-56,56,950,18,29,0.50,15456.000000,0,27,12,0.0,0.0,0.0,0.0,0.0,0.0,1.0
186998,0,1,3400,-56,56,950,18,29,0.50,5152.000000,0,27,12,0.0,0.0,0.0,0.0,0.0,0.0,1.0
187247,0,1,3400,-56,56,949,18,29,0.50,0.0,0.0,27,12,0.0,0.0,0.0,0.0,0.0,0.0,1.0
187496,0,1,3400,-56,56,943,12,29,0.50,16288.000000,0,27,12,0.0,21952.000000,0,0.0,0.0,0.0,1.0
187745,0,1,3400,-56,56,942,16,29,0.50,25760.000000,0,27,13,0.0,0.0,0.0,0.0,0.0,0.0,1.0
187994,0,1,3400,-56,56,943,4.8,29,0.50,29440.000000,0,27,13,0.0,0.0,0.0,0.0,0.0,0.0,1.0
188243,0,1,3400,-56,56,949,7.6,29,0.50,17984.000000,0,27,13,0.0,0.0,0.0,0.0,0.0,0.0,1.0
188492,0,1,3400,-56,56,945,9.7,29,0.50,20288.000000,0,27,13,0.0,23488.000000,0,0.0,0.0,0.0,1.0
188741,0,1,3400,-56,56,945,9.0,29,0.50,0.0,0.0,27,14,0.0,0.0,0.0,0.0,0.0,0.0,1.0
188990,0,1,3400,-56,56,949,8.9,29,0.50,16350.597656,0,27,13,0.0,0.0,0.0,0.0,0.0,0.0,1.0
189239,0,1,3400,-56,56,951,9.0,29,0.50,10304.000000,0,27,14,0.0,0.0,0.0,0.0,0.0,0.0,1.0
189488,0,1,3400,-56,56,947,17,29,0.50,15456.000000,0,27,12,0.0,22464.000000,0,0.0,0.0,0.0,1.0
189737,0,1,3400,-56,56,947,18,29,0.50,5152.000000,0,27,12,0.0,0.0,0.0,0.0,0.0,0.0,1.0
189986,0,1,3400,-56,56,954,18,29,0.50,25760.000000,0,27,12,0.0,0.0,0.0,0.0,0.0,0.0,1.0
190235,0,1,3400,-56,56,947,13,29,0.50,31296.000000,0,27,12,186,0.0,0.0,0.0,0.0,0.0,1.0
190484,0,1,3400,-56,56,956,12,29,0.50,10345.381836,0,27,13,0.0,23582.330078,0,0.0,0.0,0.0,1.0
190733,0,1,3400,-56,56,952,9.0,29,0.50,5600.000000,0,27,14,0.0,0.0,0.0,0.0,0.0,0.0,1.0
190982,0,1,3400,-56,56,945,12,29,0.50,20608.000000,0,27,14,0.0,0.0,0.0,0.0,0.0,0.0,1.0
191231,0,1,3400,-56,56,946,17,29,0.50,5152.000000,0,27,14,0.0,0.0,0.0,0.0,0.0,0.0,1.0
191480,0,1,3400,-56,56,947,18,29,0.50,0.0,0.0,27,14,0.0,17056.000000,0,0.0,0.0,0.0,1.0
191729,0,1,3400,-56,56,949,8.6,29,0.50,17536.000000,0,27,12,0.0,22464.000000,0,0.0,0.0,0.0,1.0
191978,0,1,3400,-56,56,954,3.6,29,0.50,5536.000000,0,27,12,0.0,0.0,0.0,0.0,0.0,0.0,1.0
192227,0,1,3400,-56,56,950,2.2,29,0.50,13600.000000,0,27,12,0.0,0.0,0.0,0.0,0.0,0.0,1.0
192476,0,1,3400,-56,56,947,17,29,0.50,21376.000000,0,27,13,0.0,126176.000000,0,0.0,1.0,2.0,1.0
192725,0,1,3400,-56,56,942,18,29,0.50,0.0,0.0,27,14,0.0,0.0,0.0,0.0,0.0,0.0,1.0
192974,0,1,3400,-56,56,943,18,29,0.50,25760.000000,0,27,14,0.0,0.0,0.0,0.0,0.0,0.0,1.0
193223,0,1,3400,-56,56,947,15,29,0.50,12672.000000,0,27,14,0.0,0.0,0.0,0.0,0.0,0.0,1.0
193472,0,1,3400,-56,56,946,14,29,0.50,20608.000000,0,27,12,0.0,18368.000000,0,0.0,0.0,0.0,1.0
193721,0,1,3400,-56,56,949,18,29,0.50,0.0,0.0,27,12,0.0,0.0,0.0,0.0,0.0,0.0,1.0
193970,0,1,3400,-56,56,945,16,29,0.50,10976.000000,0,27,12,0.0,0.0,0.0,0.0,0.0,0.0,1.0
194219,0,1,3400,-56,56,951,6.5,29,0.50,10304.000000,0,27,12,0.0,0.0,0.0,0.0,0.0,0.0,1.0
194468,0,1,3400,-56,56,954,12,29,0.50,11776.000000,0,27,12,0.0,21952.000000,0,0.0,0.0,0.0,1.0
194717,0,1,3400,-56,56,949,18,29,0.50,15456.000000,0,27,13,0.0,0.0,0.0,0.0,0.0,0.0,1.0
194966,0,1,3400,-56,56,947,5.4,29,0.50,19040.000000,0,27,13,0.0,0.0,0.0,0.0,0.0,0.0,1.0
195215,0,1,3400,-56,56,948,3.0,29,0.50,704,0,27,13,0.0,0.0,0.0,0.0,0.0,0.0,1.0
195464,0,1,3400,-56,56,951,9.5,29,0.50,23872.509766,0,27,12,0.0,23649.402344,0,0.0,0.0,0.0,1.0
195713,0,1,3400,-56,56,950,9.2,29,0.50,20960.000000,0,27,11,0.0,0.0,0.0,0.0,0.0,0.0,1.0
195962,0,1,3400,-56,56,950,17,29,0.50,15456.000000,0,27,12,0.0,0.0,0.0,0.0,0.0,0.0,1.0
196211,0,1,3400,-56,56,950,18,29,0.50,5152.000000,0,27,12,0.0,0.0,0.0,0.0,0.0,0.0,1.0
196460,0,1,3400,-56,56,948,18,29,0.50,10304.000000,0,27,13,0.0,23488.000000,0,0.0,0.0,0.0,1.0
196709,0,1,3400,-56,56,945,18,29,0.50,10304.000000,0,27,14,0.0,0.0,0.0,0.0,0.0,0.0,1.0
196958,0,1,3400,-56,56,948,18,29,0.50,0.0,0.0,27,14,0.0,0.0,0.0,0.0,0.0,0.0,1.0
197207,0,1,3400,-56,56,953,4.9,29,0.50,16608.000000,0,27,14,0.0,0.0,0.0,0.0,0.0,0.0,1.0
197456,0,1,3400,-56,56,954,13,29,0.50,36064.000000,0,27,14,0.0,23488.000000,0,0.0,0.0,0.0,1.0
197705,0,1,3400,-56,56,953,11,29,0.50,7328.000000,0,27,14,0.0,0.0,0.0,0.0,0.0,0.0,1.0
197954,0,1,3400,-56,56,954,8.1,29,0.50,25760.000000,0,27,14,0.0,0.0,0.0,0.0,0.0,0.0,1.0
198203,0,1,3400,-56,56,949,9.6,29,0.50,16128.000000,0,27,14,0.0,0.0,0.0,0.0,0.0,0.0,1.0
198452,0,1,3400,-56,56,945,9.2,29,0.50,11904.000000,0,27,13,0.0,21952.000000,0,0.0,0.0,0.0,1.0
198701,0,1,3400,-56,56,946,9.0,29,0.50,0.0,0.0,27,13,0.0,0.0,0.0,0.0,0.0,0.0,1.0
198950,0,1,3400,-56,56,945,10,29,0.50,23872.000000,0,27,13,0.0,0.0,0.0,0.0,0.0,0.0,1.0
199199,0,1,3400,-56,56,950,18,29,0.50,25760.000000,0,27,13,0.0,0.0,0.0,0.0,0.0,0.0,1.0
199448,0,1,3400,-56,56,949,4.8,29,0.50,29088.000000,0,27,13,0.0,24000.000000,0,0.0,0.0,0.0,1.0
199697,0,1,3400,-56,56,947,13,29,0.50,10304.000000,0,27,12,0.0,0.0,0.0,0.0,0.0,0.0,1.0
199946,0,1,3400,-56,56,949,18,29,0.50,15456.000000,0,27,12,0.0,0.0,0.0,0.0,0.0,0.0,1.0
200195,0,1,3400,-56,56,948,12,29,0.50,11648.000000,0,27,12,0.0,0.0,0.0,0.0,0.0,0.0,1.0
200444,0,1,3400,-56,56,944,5.0,29,0.50,5152.000000,0,27,13,0.0,21952.000000,0,0.0,0.0,0.0,1.0
200693,0,1,3400,-56,56,944,16,29,0.50,20608.000000,0,27,13,0.0,0.0,0.0,0.0,0.0,0.0,1.0
200942,0,1,3400,-56,56,946,18,29,0.50,20608.000000,0,27,13,0.0,0.0,0.0,0.0,0.0,0.0,1.0
201191,0,1,3400,-56,56,954,18,29,0.50,5152.000000,0,27,13,0.0,0.0,0.0,0.0,0.0,0.0,1.0
201440,0,1,3400,-56,56,951,18,29,0.50,0.0,0.0,27,13,0.0,0.0,0.0,0.0,0.0,0.0,1.0
201689,0,1,3400,-56,56,949,18,29,0.50,15456.000000,0,27,13,0.0,23488.000000,0,0.0,0.0,0.0,1.0
201938,0,1,3400,-56,56,949,18,29,0.50,15713.147461,0,27,13,0.0,0.0,0.0,0.0,0.0,0.0,1.0
202187,0,1,3400,-56,56,947,20,29,0.50,10304.000000,0,27,14,186,0.0,0.0,0.0,0.0,0.0,1.0
202436,0,1,3400,-56,56,955,18,29,0.50,20608.000000,0,27,14,0.0,23488.000000,0,0.0,0.0,0.0,1.0
202685,0,1,3400,-56,56,951,18,29,0.50,5152.000000,0,27,14,0.0,0.0,0.0,0.0,0.0,0.0,1.0
202934,0,1,3400,-56,56,948,18,29,0.50,15456.000000,0,27,14,0.0,0.0,0.0,0.0,0.0,0.0,1.0
203183,0,1,3400,-56,56,946,18,29,0.50,10345.381836,0,27,14,0.0,0.0,0.0,0.0,0.0,0.0,1.0
203432,0,1,3400,-56,56,942,16,29,0.50,10976.000000,0,27,14,0.0,23488.000000,0,0.0,0.0,0.0,1.0
203681,0,1,3400,-56,56,942,6.3,29,0.50,16128.000000,0,27,14,0.0,0.0,0.0,0.0,0.0,0.0,1.0
203930,0,1,3400,-56,56,946,16,29,0.50,20992.000000,0,27,14,0.0,0.0,0.0,0.0,0.0,0.0,1.0
204179,0,1,3400,-56,56,945,12,29,0.50,0.0,0.0,27,14,0.0,0.0,0.0,0.0,0.0,0.0,1.0
204428,0,1,3400,-56,56,951,16,29,0.50,25760.000000,0,27,14,0.0,23488.000000,0,0.0,0.0,0.0,1.0
204677,0,1,3400,-56,56,957,13,29,0.50,20992.000000,0,27,14,0.0,0.0,0.0,0.0,0.0,0.0,1.0
204926,0,1,3400,-56,56,955,18,29,0.50,10304.000000,0,27,14,0.0,0.0,0.0,0.0,0.0,0.0,1.0
205175,0,1,3400,-56,56,949,18,29,0.50,10304.000000,0,27,14,0.0,0.0,0.0,0.0,0.0,0.0,1.0
205424,0,1,3400,-56,56,944,15,29,0.50,22976.000000,0,27,14,0.0,23488.000000,0,0.0,0.0,0.0,1.0
205673,0,1,3400,-56,56,948,18,29,0.50,25760.000000,0,27,14,0.0,0.0,0.0,0.0,0.0,0.0,1.0
205922,0,1,3400,-56,56,950,13,29,0.50,8096.000000,0,27,14,0.0,0.0,0.0,0.0,0.0,0.0,1.0
206171,0,1,3400,-56,56,947,9.2,29,0.50,10304.000000,0,27,14,0.0,0.0,0.0,0.0,0.0,0.0,1.0
206420,0,1,3400,-56,56,942,22,29,0.50,22240.000000,0,27,12,0.0,18368.000000,0,0.0,0.0,0.0,1.0
206669,0,1,3400,-56,56,943,23,29,0.50,0.0,0.0,27,12,0.0,0.0,0.0,0.0,0.0,0.0,1.0
206918,0,1,3400,-56,56,945,23,29,0.50,10304.000000,0,27,12,0.0,0.0,0.0,0.0,0.0,0.0,1.0
207167,0,1,3400,-56,56,946,16,29,0.50,31936.000000,0,27,12,0.0,0.0,0.0,0.0,0.0,0.0,1.0
207416,0,1,3400,-56,56,947,16,29,0.50,26432.000000,0,27,13,0.0,23488.000000,0,0.0,0.0,0.0,1.0
207665,0,1,3400,-56,56,950,8.8,29,0.50,16128.000000,0,27,14,0.0,0.0,0.0,0.0,0.0,0.0,1.0
207914,0,1,3400,-56,56,949,15,29,0.50,5152.000000,0,27,14,0.0,0.0,0.0,0.0,0.0,0.0,1.0
208163,0,1,3400,-56,56,950,18,29,0.50,5152.000000,0,27,14,0.0,0.0,0.0,0.0,0.0,0.0,1.0
208412,0,1,3400,-56,56,948,18,29,0.50,10262.948242,0,27,13,0.0,0.0,0,0.0,0.0,0.0,1.0
208661,0,1,3400,-56,56,946,18,29,0.50,5152.000000,0,27,11,0.0,18880.000000,0,0.0,0.0,0.0,1.0
208910,0,1,3400,-56,56,947,18,29,0.50,0.0,0.0,27,11,0.0,0.0,0.0,0.0,0.0,0.0,1.0
209159,0,1,3400,-56,56,949,18,29,0.50,10304.000000,0,27,11,0.0,0.0,0.0,0.0,0.0,0.0,1.0
209408,0,1,3400,-56,56,948,18,29,0.50,0.0,0.0,27,11,0.0,0.0,0.0,0.0,0.0,0.0,1.0
209657,0,1,3400,-56,56,954,18,28,0.50,10262.948242,0,27,11,0.0,23649.402344,0,0.0,0.0,0.0,1.0
209906,0,1,3400,-56,56,946,17,29,0.50,6560.000000,0,27,12,0.0,0.0,0.0,0.0,0.0,0.0,1.0
210155,0,1,3400,-56,56,943,10,29,0.50,25863.453125,0,27,12,0.0,0.0,0.0,0.0,0.0,0.0,1.0
210404,0,1,3400,-56,56,948,18,29,0.50,30912.000000,0,27,13,0.0,23488.000000,0,0.0,0.0,0.0,1.0
210653,0,1,3400,-56,56,947,18,29,0.50,20608.000000,0,27,14,0.0,0.0,0.0,0.0,0.0,0.0,1.0
210902,0,1,3400,-56,56,951,18,29,0.50,5152.000000,0,27,14,0.0,0.0,0.0,0.0,0.0,0.0,1.0
211151,0,1,3400,-56,56,950,18,29,0.50,5152.000000,0,27,14,0.0,0.0,0.0,0.0,0.0,0.0,1.0
211400,0,1,3400,-56,56,949,3.9,29,0.50,18272.000000,0,27,13,0.0,23488.000000,0,0.0,0.0,0.0,1.0
211649,0,1,3400,-56,56,949,17,29,0.50,20608.000000,0,27,14,0.0,0.0,0.0,0.0,0.0,0.0,1.0
211898,0,1,3400,-56,56,953,16,29,0.50,20992.000000,0,27,14,0.0,0.0,0.0,0.0,0.0,0.0,1.0
212147,0,1,3400,-56,56,950,9.0,29,0.50,15840.000000,0,27,14,0.0,0.0,0.0,0.0,0.0,0.0,1.0
212396,0,1,3400,-56,56,948,10,29,0.50,5152.000000,0,27,11,0.0,15808.000000,0,0.0,0.0,0.0,1.0
212645,0,1,3400,-56,56,943,16,29,0.50,20608.000000,0,27,10,0.0,0.0,0.0,0.0,0.0,0.0,1.0
212894,0,1,3400,-56,56,944,18,29,0.50,5152.000000,0,27,10,0.0,0.0,0.0,0.0,0.0,0.0,1.0
213143,0,1,3400,-56,56,944,18,29,0.50,10304.000000,0,27,10,0.0,0.0,0.0,0.0,0.0,0.0,1.0
213392,0,1,3400,-56,56,943,10,29,0.50,5536.000000,0,27,12,0.0,23488.000000,0,0.0,0.0,0.0,1.0
213641,0,1,3400,-56,56,950,4.5,29,0.50,0.0,0.0,27,14,0.0,0.0,0.0,0.0,0.0,0.0,1.0
213890,0,1,3400,-56,56,950,4.4,29,0.50,27872.000000,0,27,13,0.0,0.0,0.0,0.0,0.0,0.0,1.0
214139,0,1,3400,-56,56,944,5.5,29,0.50,10304.000000,0,27,14,0.0,0.0,0.0,0.0,0.0,0.0,1.0
214388,0,1,3400,-56,56,944,16,29,0.50,5152.000000,0,27,14,0.0,23488.000000,0,0.0,0.0,0.0,1.0
214637,0,1,3400,-56,56,951,15,29,0.50,20768.000000,0,27,14,0.0,0.0,0.0,0.0,0.0,0.0,1.0
214886,0,1,3400,-56,56,949,12,29,0.50,5513.944336,0,27,14,0.0,0.0,0.0,0.0,0.0,0.0,1.0
215135,0,1,3400,-56,56,944,3.5,29,0.50,8096.000000,0,27,14,0.0,0.0,0.0,0.0,0.0,0.0,1.0
215384,0,1,3400,-56,56,946,0.22,29,0.50,5152.000000,0,27,14,186,0.0,0.0,0.0,0.0,0.0,1.0
215633,0,1,3400,-56,56,949,8.5,29,0.50,23552.000000,0,27,14,0.0,23488.000000,0,0.0,0.0,0.0,1.0
215882,0,1,3400,-56,56,946,12,29,0.50,5172.690918,0,27,14,0.0,0.0,0.0,0.0,0.0,0.0,1.0
216131,0,1,3400,-56,56,951,9.9,29,0.50,5536.000000,0,27,14,0.0,0.0,0.0,0.0,0.0,0.0,1.0
216380,0,1,3400,-56,56,950,9.0,29,0.50,10304.000000,0,27,14,0.0,23488.000000,0,0.0,0.0,0.0,1.0
216629,0,1,3400,-56,56,945,14,29,0.50,10304.000000,0,27,14,0.0,0.0,0.0,0.0,0.0,0.0,1.0
216878,0,1,3400,-56,56,940,18,29,0.50,0.0,0.0,27,14,0.0,0.0,0.0,0.0,0.0,0.0,1.0
217127,0,1,3400,-56,56,954,18,29,0.50,20608.000000,0,27,14,0.0,0.0,0.0,0.0,0.0,0.0,1.0
217376,0,1,3400,-56,56,952,18,29,0.50,11328.000000,0,27,14,0.0,23488.000000,0,0.0,0.0,0.0,1.0
217625,0,1,3400,-56,56,948,6.0,29,0.50,23808.000000,0,27,14,0.0,0.0,0.0,0.0,0.0,0.0,1.0
217874,0,1,3400,-56,56,953,13,29,0.50,36448.000000,0,27,14,0.0,0.0,0.0,0.0,0.0,0.0,1.0
218123,0,1,3400,-56,56,952,18,29,0.50,5152.000000,0,27,14,0.0,0.0,0.0,0.0,0.0,0.0,1.0
218372,0,1,3400,-56,56,953,18,29,0.50,20608.000000,0,27,13,0.0,21952.000000,0,0.0,0.0,0.0,1.0
218621,0,1,3400,-56,56,947,18,29,0.50,5152.000000,0,27,13,0.0,0.0,0.0,0.0,0.0,0.0,1.0
218870,0,1,3400,-56,56,947,18,29,0.50,5152.000000,0,27,13,0.0,0.0,0.0,0.0,0.0,0.0,1.0
219119,0,1,3400,-56,56,952,16,29,0.50,10976.000000,0,27,13,0.0,0.0,0.0,0.0,0.0,0.0,1.0
219368,0,1,3400,-56,56,943,7.3,29,0.50,10304.000000,0,27,12,0.0,15808.000000,0,0.0,0.0,0.0,1.0
219617,0,1,3400,-56,56,936,18,29,0.50,10304.000000,0,27,10,0.0,0.0,0.0,0.0,0.0,0.0,1.0
219866,0,1,3400,-56,56,940,13,29,0.50,10976.000000,0,27,10,0.0,0.0,0.0,0.0,0.0,0.0,1.0
220115,0,1,3400,-56,56,944,15,29,0.50,30912.000000,0,27,10,0.0,0.0,0.0,0.0,0.0,0.0,1.0
220364,0,1,3400,-56,56,941,18,29,0.50,20608.000000,0,27,11,0.0,18368.000000,0,0.0,0.0,0.0,1.0
220613,0,1,3400,-56,56,950,15,29,0.50,13248.000000,0,27,12,0.0,0.0,0.0,0.0,0.0,0.0,1.0
220862,0,1,3400,-56,56,947,5.0,29,0.50,10304.000000,0,27,12,0.0,0.0,0.0,0.0,0.0,0.0,1.0
221111,0,1,3400,-56,56,944,14,29,0.50,16992.000000,0,27,12,0.0,0.0,0.0,0.0,0.0,0.0,1.0
221360,0,1,3400,-56,56,944,5.7,29,0.50,7872.509766,0,27,13,0.0,23394.421875,0,0.0,0.0,0.0,1.0
221609,0,1,3400,-56,56,951,16,29,0.50,10304.000000,0,27,14,0.0,0.0,0.0,0.0,0.0,0.0,1.0
221858,0,1,3400,-56,56,948,18,29,0.50,5152.000000,0,27,14,0.0,0.0,0.0,0.0,0.0,0.0,1.0
222107,0,1,3400,-56,56,945,14,29,0.50,20992.000000,0,27,14,186,0.0,0.0,0.0,0.0,0.0,1.0
222356,0,1,3400,-56,56,948,17,29,0.50,10304.000000,0,27,13,0.0,21952.000000,0,0.0,0.0,0.0,1.0
222605,0,1,3400,-56,56,945,18,29,0.50,5172.690918,0,27,13,0.0,0.0,0.0,0.0,0.0,0.0,1.0
222854,0,1,3400,-56,56,948,18,29,0.50,5152.000000,0,27,13,0.0,0.0,0.0,0.0,0.0,0.0,1.0
223103,0,1,3400,-56,56,945,14,29,0.50,11072.000000,0,27,13,186,0.0,0.0,0.0,0.0,0.0,1.0
223352,0,1,3400,-56,56,945,2.7,29,0.50,20992.000000,0,27,11,0.0,18880.000000,0,0.0,0.0,0.0,1.0
223601,0,1,3400,-56,56,948,6.7,29,0.50,11072.000000,0,27,11,0.0,0.0,0.0,0.0,0.0,0.0,1.0
223850,0,1,3400,-56,56,950,4.1,29,0.50,13248.000000,0,27,11,0.0,0.0,0.0,0.0,0.0,0.0,1.0
224099,0,1,3400,-56,56,946,15,29,0.50,20608.000000,0,27,11,0.0,0.0,0.0,0.0,0.0,0.0,1.0
224348,0,1,3400,-56,56,947,18,29,0.50,5152.000000,0,27,12,0.0,21952.000000,0,0.0,0.0,0.0,1.0
224597,0,1,3400,-56,56,946,11,29,0.50,5824.000000,0,27,13,0.0,0.0,0.0,0.0,0.0,0.0,1.0
224846,0,1,3400,-56,56,943,3.0,29,0.50,0.0,0.0,27,13,0.0,0.0,0.0,0.0,0.0,0.0,1.0
225095,0,1,3400,-56,56,941,3.3,29,0.50,5536.000000,0,27,13,0.0,0.0,0.0,0.0,0.0,0.0,1.0
225344,0,1,3400,-56,56,946,11,29,0.50,25632.000000,0,27,13,0.0,23488.000000,0,0.0,0.0,0.0,1.0
225593,0,1,3400,-56,56,940,7.8,29,0.50,13440.000000,0,27,14,0.0,0.0,0.0,0.0,0.0,0.0,1.0
225842,0,1,3400,-56,56,944,9.3,29,0.50,12672.000000,0,27,14,0.0,0.0,0.0,0.0,0.0,0.0,1.0
226091,0,1,3400,-56,56,947,9.0,29,0.50,0.0,0.0,27,14,0.0,0.0,0.0,0.0,0.0,0.0,1.0
226340,0,1,3400,-56,56,954,14,29,0.50,16128.000000,0,27,13,0.0,21952.000000,0,0.0,0.0,0.0,1.0
226589,0,1,3400,-56,56,950,3.0,29,0.50,0.0,0.0,27,13,0.0,0.0,0.0,0.0,0.0,0.0,1.0
226838,0,1,3400,-56,56,950,15,29,0.50,15456.000000,0,27,13,0.0,0.0,0.0,0.0,0.0,0.0,1.0
227087,0,1,3400,-56,56,946,18,29,0.50,5152.000000,0,27,13,0.0,0.0,0.0,0.0,0.0,0.0,1.0
227336,0,1,3400,-56,56,944,7.6,29,0.50,10848.000000,0,27,13,0.0,24000.000000,0,0.0,0.0,0.0,1.0
227585,0,1,3400,-56,56,946,8.7,29,0.50,20525.896484,0,27,12,0.0,0.0,0.0,0.0,0.0,0.0,1.0
227834,0,1,3400,-56,56,947,18,29,0.50,10304.000000,0,27,12,0.0,0.0,0.0,0.0,0.0,0.0,1.0
228083,0,1,3400,-56,56,946,11,29,0.50,12960.000000,0,27,13,0.0,0.0,0.0,0.0,0.0,0.0,1.0
228332,0,1,3400,-56,56,949,17,29,0.50,36064.000000,0,27,13,0.0,21952.000000,0,0.0,0.0,0.0,1.0
228581,0,1,3400,-56,56,945,18,29,0.50,25760.000000,0,27,13,0.0,0.0,0.0,0.0,0.0,0.0,1.0
228830,0,1,3400,-56,56,947,18,29,0.50,10345.381836,0,27,13,0.0,0.0,0.0,0.0,0.0,0.0,1.0
229079,0,1,3400,-56,56,942,18,29,0.50,0.0,0.0,27,13,0.0,0.0,0.0,0.0,0.0,0.0,1.0
229328,0,1,3400,-56,56,942,18,29,0.50,15456.000000,0,27,13,0.0,23488.000000,0,0.0,0.0,0.0,1.0
229577,0,1,3400,-56,56,944,16,29,0.50,7040.000000,0,27,14,0.0,0.0,0.0,0.0,0.0,0.0,1.0
229826,0,1,3400,-56,56,947,16,29,0.50,22240.000000,0,27,14,0.0,0.0,0.0,0.0,0.0,0.0,1.0
230075,0,1,3400,-56,56,946,3.3,29,0.50,18400.000000,0,27,14,186,0.0,0.0,0.0,0.0,0.0,1.0
230324,0,1,3400,-56,56,948,3.7,28,0.50,21664.000000,0,27,12,0.0,22464.000000,0,0.0,0.0,0.0,1.0
230573,0,1,3400,-56,56,945,4.4,29,0.50,5152.000000,0,27,12,0.0,0.0,0.0,0.0,0.0,0.0,1.0
230822,0,1,3400,-56,56,947,11,29,0.50,10304.000000,0,27,12,0.0,0.0,0.0,0.0,0.0,0.0,1.0
231071,0,1,3400,-56,56,949,13,29,0.50,21664.000000,0,27,12,0.0,0.0,0.0,0.0,0.0,0.0,1.0
231320,0,1,3400,-56,56,951,2.0,29,0.50,27264.000000,0,27,10,0.0,102368.000000,0,0.0,0.0,0.0,1.0
231569,0,1,3400,-56,56,943,7.7,29,0.50,5152.000000,0,27,10,0.0,0.0,0.0,0.0,0.0,0.0,1.0
231818,0,1,3400,-56,56,947,9.0,29,0.50,5152.000000,0,27,10,0.0,0.0,0.0,0.0,0.0,0.0,1.0
232067,0,1,3400,-56,56,950,16,29,0.50,5152.000000,0,27,10,0.0,0.0,0.0,0.0,0.0,0.0,1.0
232316,0,1,3400,-56,56,952,18,29,0.50,15456.000000,0,27,12,0.0,23488.000000,0,0.0,0.0,0.0,1.0
232565,0,1,3400,-56,56,948,14,29,0.50,5824.000000,0,27,14,0.0,0.0,0.0,0.0,0.0,0.0,1.0
232814,0,1,3400,-56,56,947,11,29,0.50,5152.000000,0,27,14,0.0,0.0,0.0,0.0,0.0,0.0,1.0
233063,0,1,3400,-56,56,948,11,29,0.50,0.0,0.0,27,14,0.0,0.0,0.0,0.0,0.0,0.0,1.0
233312,0,1,3400,-56,56,949,17,29,0.50,10304.000000,0,27,14,0.0,23488.000000,0,0.0,0.0,0.0,1.0
233561,0,1,3400,-56,56,947,13,29,0.50,11072.000000,0,27,14,0.0,0.0,0.0,0.0,0.0,0.0,1.0
233810,0,1,3400,-56,56,950,11,29,0.50,10304.000000,0,27,14,0.0,0.0,0.0,0.0,0.0,0.0,1.0
234059,0,1,3400,-56,56,947,12,29,0.50,16063.745117,0,27,14,0.0,0.0,0.0,0.0,0.0,0.0,1.0
234308,0,1,3400,-56,56,947,10,29,0.50,10304.000000,0,27,13,0.0,21952.000000,0,0.0,0.0,0.0,1.0
234557,0,1,3400,-56,56,946,14,29,0.50,8288.000000,0,27,13,0.0,0.0,0.0,0.0,0.0,0.0,1.0
234806,0,1,3400,-56,56,943,8.7,29,0.50,7552.000000,0,27,13,0.0,0.0,0.0,0.0,0.0,0.0,1.0
235055,0,1,3400,-56,56,948,10,29,0.50,0.0,0.0,27,13,0.0,0.0,0.0,0.0,0.0,0.0,1.0
235304,0,1,3400,-56,56,951,9.0,29,0.50,10976.000000,0,27,13,0.0,18368.000000,0,0.0,0.0,0.0,1.0
235553,0,1,3400,-56,56,953,11,29,0.50,15456.000000,0,27,12,0.0,0.0,0.0,0.0,0.0,0.0,1.0
235802,0,1,3400,-56,56,948,18,29,0.50,0.0,0.0,27,12,0.0,0.0,0.0,0.0,0.0,0.0,1.0
236051,0,1,3400,-56,56,941,12,29,0.50,15904.000000,0,27,12,0.0,0.0,0.0,0.0,0.0,0.0,1.0
236300,0,1,3400,-56,56,941,8.6,29,0.50,13248.000000,0,27,12,0.0,21952.000000,0,0.0,0.0,0.0,1.0
236549,0,1,3400,-56,56,945,1.7,29,0.50,5152.000000,0,27,13,0.0,0.0,0.0,0.0,0.0,0.0,1.0
236798,0,1,3400,-56,56,948,14,29,0.50,25760.000000,0,27,13,0.0,0.0,0.0,0.0,0.0,0.0,1.0
237047,0,1,3400,-56,56,951,18,29,0.50,15456.000000,0,27,13,0.0,0.0,0.0,0.0,0.0,0.0,1.0
237296,0,1,3400,-56,56,949,18,29,0.50,10304.000000,0,27,12,0.0,15808.000000,0,0.0,0.0,0.0,1.0
237545,0,1,3400,-56,56,951,11,29,0.50,13216.000000,0,27,10,0.0,0.0,0.0,0.0,0.0,0.0,1.0
237794,0,1,3400,-56,56,945,4.1,29,0.50,13248.000000,0,27,10,0.0,0.0,0.0,0.0,0.0,0.0,1.0
238043,0,1,3400,-56,56,944,6.2,29,0.50,15456.000000,0,27,10,0.0,0.0,0.0,0.0,0.0,0.0,1.0
238292,0,1,3400,-56,56,939,5.1,29,0.50,5536.000000,0,27,12,0.0,18368.000000,0,0.0,0.0,0.0,1.0
238541,0,1,3400,-56,56,942,5.8,29,0.50,13248.000000,0,27,12,0.0,0.0,0.0,0.0,0.0,0.0,1.0
238790,0,1,3400,-56,56,946,6.9,29,0.50,31072.000000,0,27,12,0.0,0.0,0.0,0.0,0.0,0.0,1.0
239039,0,1,3400,-56,56,948,11,29,0.50,13248.000000,0,27,12,0.0,0.0,0.0,0.0,0.0,0.0,1.0
239288,0,1,3400,-56,56,951,11,29,0.50,10304.000000,0,27,12,186,0.0,0,0.0,0.0,0.0,1.0
239537,0,1,3400,-56,56,945,11,29,0.50,10688.000000,0,27,13,0.0,24000.000000,0,0.0,0.0,0.0,1.0
239786,0,1,3400,-56,56,944,10,29,0.50,10304.000000,0,27,12,0.0,0.0,0.0,0.0,0.0,0.0,1.0
240035,0,1,3400,-56,56,952,4.2,29,0.50,20992.000000,0,27,12,0.0,0.0,0.0,0.0,0.0,0.0,1.0
240284,0,1,3400,-56,56,957,12,29,0.50,10304.000000,0,27,13,0.0,23488.000000,0,0.0,0.0,0.0,1.0
240533,0,1,3400,-56,56,947,18,29,0.50,25657.371094,0,27,13,0.0,0.0,0.0,0.0,0.0,0.0,1.0
240782,0,1,3400,-56,56,948,18,29,0.50,5152.000000,0,27,14,0.0,0.0,0.0,0.0,0.0,0.0,1.0
241031,0,1,3400,-56,56,946,16,29,0.50,16192.000000,0,27,13,0.0,0.0,0.0,0.0,0.0,0.0,1.0
241280,0,1,3400,-56,56,947,20,29,0.50,5172.690918,0,27,14,0.0,23582.330078,0,0.0,0.0,0.0,1.0
241529,0,1,3400,-56,56,955,20,29,0.50,10262.948242,0,27,14,0.0,0.0,0.0,0.0,0.0,0.0,1.0
241778,0,1,3400,-56,56,945,19,29,0.50,15518.072266,0,27,14,0.0,0.0,0.0,0.0,0.0,0.0,1.0
242027,0,1,3400,-56,56,947,12,29,0.50,10976.000000,0,27,14,0.0,0.0,0.0,0.0,0.0,0.0,1.0
242276,0,1,3400,-56,56,953,7.8,29,0.50,18400.000000,0,27,13,0.0,18368.000000,0,0.0,0.0,0.0,1.0
242525,0,1,3400,-56,56,944,18,29,0.50,10304.000000,0,27,12,0.0,0.0,0.0,0.0,0.0,0.0,1.0
242774,0,1,3400,-56,56,951,8.9,29,0.50,21664.000000,0,27,12,0.0,0.0,0.0,0.0,0.0,0.0,1.0
243023,0,1,3400,-56,56,948,10,29,0.50,5152.000000,0,27,12,0.0,0.0,0.0,0.0,0.0,0.0,1.0
243272,0,1,3400,-56,56,945,18,29,0.50,15456.000000,0,27,12,0.0,23744.000000,0,0.0,0.0,0.0,1.0
243521,0,1,3400,-56,56,944,18,29,0.50,5152.000000,0,27,12,0.0,0.0,0.0,0.0,0.0,0.0,1.0
243770,0,1,3400,-56,56,945,2.8,29,0.50,8096.000000,0,27,12,0.0,0.0,0.0,0.0,0.0,0.0,1.0
244019,0,1,3400,-56,56,944,13,29,0.50,20608.000000,0,27,12,0.0,0.0,0.0,0.0,0.0,0.0,1.0
244268,0,1,3400,-56,56,947,18,29,0.50,10304.000000,0,27,12,0.0,21952.000000,0,0.0,0.0,0.0,1.0
244517,0,1,3400,-56,56,948,13,29,0.50,18400.000000,0,27,13,0.0,0.0,0.0,0.0,0.0,0.0,1.0
244766,0,1,3400,-56,56,951,17,29,0.50,5152.000000,0,27,13,0.0,0.0,0.0,0.0,0.0,0.0,1.0
245015,0,1,3400,-56,56,950,18,29,0.50,5152.000000,0,27,13,0.0,0.0,0.0,0.0,0.0,0.0,1.0
245264,0,1,3400,-56,56,948,7.5,29,0.50,5536.000000,0,27,13,0.0,23488.000000,0,0.0,0.0,0.0,1.0
245513,0,1,3400,-56,56,950,7.8,29,0.50,21280.000000,0,27,14,0.0,0.0,0.0,0.0,0.0,0.0,1.0
245762,0,1,3400,-56,56,948,17,29,0.50,5152.000000,0,27,14,0.0,0.0,0.0,0.0,0.0,0.0,1.0
246011,0,1,3400,-56,56,948,18,29,0.50,5152.000000,0,27,14,0.0,0.0,0.0,0.0,0.0,0.0,1.0
246260,0,1,3400,-56,56,946,18,29,0.50,20608.000000,0,27,13,0.0,24000.000000,0,0.0,0.0,0.0,1.0
246509,0,1,3400,-56,56,942,11,29,0.50,23552.000000,0,27,12,0.0,0.0,0.0,0.0,0.0,0.0,1.0
246758,0,1,3400,-56,56,947,12,29,0.50,20608.000000,0,27,12,0.0,0.0,0.0,0.0,0.0,0.0,1.0
247007,0,1,3400,-56,56,948,15,29,0.50,22788.843750,0,27,12,0.0,0.0,0.0,0.0,0.0,0.0,1.0
247256,0,1,3400,-56,56,946,19,29,0.50,15840.000000,0,27,13,0.0,23488.000000,0,0.0,0.0,0.0,1.0
247505,0,1,3400,-56,56,953,6.8,29,0.50,15840.000000,0,27,14,0.0,0.0,0.0,0.0,0.0,0.0,1.0
247754,0,1,3400,-56,56,951,18,29,0.50,5152.000000,0,27,14,0.0,0.0,0.0,0.0,0.0,0.0,1.0
248003,0,1,3400,-56,56,950,18,29,0.50,15518.072266,0,27,14,0.0,0.0,0.0,0.0,0.0,0.0,1.0
248252,0,1,3400,-56,56,949,18,29,0.50,15456.000000,0,27,10,0.0,16320.000000,0,0.0,0.0,0.0,1.0
248501,0,1,3400,-56,56,945,16,29,0.50,11424.000000,0,27,9.5,0.0,0.0,0.0,0.0,0.0,0.0,1.0
248750,0,1,3400,-56,56,948,9.2,29,0.50,5152.000000,0,27,9.5,0.0,0.0,0.0,0.0,0.0,0.0,1.0
248999,0,1,3400,-56,56,944,10,29,0.50,15456.000000,0,27,9.5,0.0,0.0,0.0,0.0,0.0,0.0,1.0
249248,0,1,3400,-56,56,941,18,29,0.50,15456.000000,0,27,12,0.0,21952.000000,0,0.0,0.0,0.0,1.0
249497,0,1,3400,-56,56,945,8.6,29,0.50,32352.000000,0,27,13,0.0,0.0,0.0,0.0,0.0,0.0,1.0
249746,0,1,3400,-56,56,945,8.5,29,0.50,15840.000000,0,27,13,0.0,0.0,0.0,0.0,0.0,0.0,1.0
249995,0,1,3400,-56,56,941,16,29,0.50,20608.000000,0,27,13,0.0,0.0,0.0,0.0,0.0,0.0,1.0
250244,0,1,3400,-56,56,942,18,29,0.50,20608.000000,0,27,13,0.0,23488.000000,0,0.0,0.0,0.0,1.0
250493,0,1,3400,-56,56,946,18,29,0.50,5152.000000,0,27,14,0.0,0.0,0.0,0.0,0.0,0.0,1.0
250742,0,1,3400,-56,56,950,8.6,29,0.50,16864.000000,0,27,13,0.0,0.0,0.0,0.0,0.0,0.0,1.0
250991,0,1,3400,-56,56,953,9.5,29,0.50,0.0,0.0,27,14,0.0,0.0,0.0,0.0,0.0,0.0,1.0
251240,0,1,3400,-56,56,947,14,29,0.50,5152.000000,0,27,13,0.0,24000.000000,0,0.0,0.0,0.0,1.0
251489,0,1,3400,-56,56,948,18,29,0.50,0.0,0.0,27,12,0.0,0.0,0.0,0.0,0.0,0.0,1.0
251738,0,1,3400,-56,56,948,18,29,0.50,10688.000000,0,27,12,0.0,0.0,0.0,0.0,0.0,0.0,1.0
251987,0,1,3400,-56,56,950,8.0,29,0.50,5152.000000,0,27,12,0.0,0.0,0.0,0.0,0.0,0.0,1.0
252236,0,1,3400,-56,56,948,10,29,0.50,5152.000000,0,27,12,0.0,18368.000000,0,0.0,0.0,0.0,1.0
252485,0,1,3400,-56,56,943,13,29,0.50,20608.000000,0,27,12,0.0,0.0,0.0,0.0,0.0,0.0,1.0
252734,0,1,3400,-56,56,945,8.6,29,0.50,5536.000000,0,27,12,0.0,0.0,0.0,0.0,0.0,0.0,1.0
252983,0,1,3400,-56,56,950,6.5,29,0.50,5152.000000,0,27,12,0.0,0.0,0.0,0.0,0.0,0.0,1.0
253232,0,1,3400,-56,56,952,17,29,0.50,10304.000000,0,27,10,0.0,16320.000000,0,0.0,0.0,0.0,1.0
253481,0,1,3400,-56,56,945,18,29,0.50,0.0,0.0,27,9.5,0.0,0.0,0.0,0.0,0.0,0.0,1.0
253730,0,1,3400,-56,56,945,18,29,0.50,20608.000000,0,27,9.5,0.0,0.0,0.0,0.0,0.0,0.0,1.0
253979,0,1,3400,-56,56,947,18,29,0.50,5152.000000,0,27,9.5,0.0,0.0,0.0,0.0,0.0,0.0,1.0
254228,0,1,3400,-56,56,942,6.8,29,0.50,5558.232910,0,27,12,0.0,150714.859375,0,0.0,0.0,0.0,1.0
254477,0,1,3400,-56,56,940,12,29,0.50,20608.000000,0,27,15,0.0,0.0,0.0,0.0,0.0,0.0,1.0
254726,0,1,3400,-56,56,946,18,29,0.50,20608.000000,0,27,15,0.0,0.0,0.0,0.0,0.0,0.0,1.0
254975,0,1,3400,-56,56,946,18,29,0.50,352,0,27,15,0.0,0.0,0.0,0.0,0.0,0.0,1.0
255224,0,1,3400,-56,56,946,11,29,0.50,16224.000000,0,27,13,0.0,24000.000000,0,0.0,0.0,0.0,1.0
255473,0,1,3400,-56,56,949,6.5,29,0.50,8096.000000,0,27,12,0.0,0.0,0.0,0.0,0.0,0.0,1.0
255722,0,1,3400,-56,56,948,7.3,29,0.50,20608.000000,0,27,12,0.0,0.0,0.0,0.0,0.0,0.0,1.0
255971,0,1,3400,-56,56,941,12,29,0.50,26144.000000,0,27,12,186,0.0,0.0,0.0,0.0,0.0,1.0
256220,0,1,3400,-56,56,951,10.0,29,0.50,15456.000000,0,27,13,0.0,23488.000000,0,0.0,0.0,0.0,1.0
256469,0,1,3400,-56,56,953,14,29,0.50,18560.000000,0,27,13,0.0,0.0,0.0,0.0,0.0,0.0,1.0
256718,0,1,3400,-56,56,948,10,29,0.50,22464.000000,0,27,14,0.0,0.0,0.0,0.0,0.0,0.0,1.0
256967,0,1,3400,-56,56,944,9.9,29,0.50,36896.000000,0,27,13,0.0,0.0,0.0,0.0,0.0,0.0,1.0
257216,0,1,3400,-56,56,946,18,29,0.50,5152.000000,0,27,11,0.0,15808.000000,0,0.0,0.0,0.0,1.0
257465,0,1,3400,-56,56,949,16,29,0.50,31840.000000,0,27,10,0.0,0.0,0.0,0.0,0.0,0.0,1.0
257714,0,1,3400,-56,56,949,18,29,0.50,5152.000000,0,27,10,0.0,0.0,0.0,0.0,0.0,0.0,1.0
257963,0,1,3400,-56,56,949,9.8,29,0.50,15840.000000,0,27,10,0.0,0.0,0.0,0.0,0.0,0.0,1.0
258212,0,1,3400,-56,56,947,8.7,29,0.50,8096.000000,0,27,11,186,0.0,0,0.0,0.0,0.0,1.0
258461,0,1,3400,-56,56,946,13,29,0.50,25760.000000,0,27,11,0.0,18880.000000,0,0.0,0.0,0.0,1.0
258710,0,1,3400,-56,56,944,8.9,29,0.50,23584.000000,0,27,11,0.0,0.0,0.0,0.0,0.0,0.0,1.0
258959,0,1,3400,-56,56,943,6.3,29,0.50,16128.000000,0,27,11,0.0,0.0,0.0,0.0,0.0,0.0,1.0
259208,0,1,3400,-56,56,949,14,29,0.50,15968.000000,0,27,12,0.0,160992.000000,0,0.0,0.0,0.0,1.0
259457,0,1,3400,-56,56,946,21,29,0.50,5152.000000,0,27,15,0.0,0.0,0.0,0.0,0.0,0.0,1.0
259706,0,1,3400,-56,56,944,12,29,0.50,70528.000000,0,27,15,0.0,0.0,0.0,0.0,0.0,0.0,1.0
259955,0,1,3400,-56,56,946,18,29,0.50,15394.421875,0,27,15,0.0,0.0,0.0,0.0,0.0,0.0,1.0
260204,0,1,3400,-56,56,946,18,29,0.50,15456.000000,0,27,13,0.0,18368.000000,0,0.0,0.0,0.0,1.0
260453,0,1,3400,-56,56,950,14,29,0.50,5824.000000,0,27,12,0.0,0.0,0.0,0.0,0.0,0.0,1.0
260702,0,1,3400,-56,56,945,9.2,29,0.50,10345.381836,0,27,12,0.0,0.0,0.0,0.0,0.0,0.0,1.0
260951,0,1,3400,-56,56,943,10,29,0.50,5152.000000,0,27,12,0.0,0.0,0.0,0.0,0.0,0.0,1.0
261200,0,1,3400,-56,56,949,9.9,29,0.50,11328.000000,0,27,12,0.0,18368.000000,0,0.0,0.0,0.0,1.0
261449,0,1,3400,-56,56,955,9.6,29,0.50,15104.000000,0,27,12,0.0,0.0,0.0,0.0,0.0,0.0,1.0
261698,0,1,3400,-56,56,948,18,29,0.50,5152.000000,0,27,12,0.0,0.0,0.0,0.0,0.0,0.0,1.0
261947,0,1,3400,-56,56,948,18,29,0.50,15456.000000,0,27,12,186,0.0,0.0,0.0,0.0,0.0,1.0
262196,0,1,3400,-56,56,947,18,29,0.50,5152.000000,0,27,13,0.0,23488.000000,0,0.0,0.0,0.0,1.0
262445,0,1,3400,-56,56,942,18,29,0.50,5152.000000,0,27,14,0.0,0.0,0.0,0.0,0.0,0.0,1.0
262694,0,1,3400,-56,56,949,6.8,29,0.50,18400.000000,0,27,13,0.0,0.0,0.0,0.0,0.0,0.0,1.0
262943,0,1,3400,-56,56,946,18,29,0.50,15456.000000,0,27,14,0.0,0.0,0.0,0.0,0.0,0.0,1.0
263192,0,1,3400,-56,56,942,11,29,0.50,16128.000000,0,27,13,0.0,21952.000000,0,0.0,0.0,0.0,1.0
263441,0,1,3400,-56,56,939,6.5,29,0.50,13600.000000,0,27,13,0.0,0.0,0.0,0.0,0.0,0.0,1.0
263690,0,1,3400,-56,56,947,1.0,29,0.50,12896.000000,0,27,13,0.0,0.0,0.0,0.0,0.0,0.0,1.0
263939,0,1,3400,-56,56,949,12,29,0.50,15456.000000,0,27,13,0.0,0.0,0.0,0.0,0.0,0.0,1.0
264188,0,1,3400,-56,56,953,18,29,0.50,15456.000000,0,27,13,0.0,23488.000000,0,0.0,0.0,0.0,1.0
264437,0,1,3400,-56,56,952,18,29,0.50,12064.000000,0,27,14,0.0,0.0,0.0,0.0,0.0,0.0,1.0
264686,0,1,3400,-56,56,948,7.3,29,0.50,12960.000000,0,27,14,0.0,0.0,0.0,0.0,0.0,0.0,1.0
264935,0,1,3400,-56,56,945,9.3,29,0.50,10304.000000,0,27,14,0.0,0.0,0.0,0.0,0.0,0.0,1.0
265184,0,1,3400,-56,56,946,9.0,29,0.50,0.0,0.0,27,14,0.0,0.0,0.0,0.0,0.0,0.0,1.0
265433,0,1,3400,-56,56,941,9.0,29,0.50,0.0,0.0,27,14,0.0,0.0,0.0,0.0,0.0,0.0,1.0
265682,0,1,3400,-56,56,949,15,29,0.50,5152.000000,0,27,14,0.0,23488.000000,0,0.0,0.0,0.0,1.0
265931,0,1,3400,-56,56,948,12,29,0.50,28864.000000,0,27,14,0.0,0.0,0.0,0.0,0.0,0.0,1.0
266180,0,1,3400,-56,56,946,18,29,0.50,15456.000000,0,27,14,0.0,23488.000000,0,0.0,0.0,0.0,1.0
266429,0,1,3400,-56,56,944,18,29,0.50,20525.896484,0,27,14,0.0,0.0,0.0,0.0,0.0,0.0,1.0
266678,0,1,3400,-56,56,949,18,29,0.50,5152.000000,0,27,14,0.0,0.0,0.0,0.0,0.0,0.0,1.0
266927,0,1,3400,-56,56,944,18,29,0.50,10304.000000,0,27,14,0.0,0.0,0.0,0.0,0.0,0.0,1.0
267176,0,1,3400,-56,56,942,18,29,0.50,0.0,0.0,27,14,0.0,0.0,0.0,0.0,0.0,0.0,1.0
267425,0,1,3400,-56,56,938,10,29,0.50,20000.000000,0,27,14,0.0,23488.000000,0,0.0,0.0,0.0,1.0
267674,0,1,3400,-56,56,942,6.6,29,0.50,19437.751953,0,27,14,0.0,0.0,0.0,0.0,0.0,0.0,1.0
267923,0,1,3400,-56,56,951,16,29,0.50,10304.000000,0,27,14,0.0,0.0,0.0,0.0,0.0,0.0,1.0
268172,0,1,3400,-56,56,949,18,29,0.50,10304.000000,0,27,14,0.0,23488.000000,0,0.0,0.0,0.0,1.0
268421,0,1,3400,-56,56,942,18,29,0.50,10304.000000,0,27,14,0.0,0.0,0.0,0.0,0.0,0.0,1.0
268670,0,1,3400,-56,56,945,6.9,29,0.50,5536.000000,0,27,14,0.0,0.0,0.0,0.0,0.0,0.0,1.0
268919,0,1,3400,-56,56,947,12,29,0.50,5152.000000,0,27,14,0.0,0.0,0.0,0.0,0.0,0.0,1.0
269168,0,1,3400,-56,56,948,12,29,0.50,5152.000000,0,27,14,186,0.0,0,0.0,0.0,0.0,1.0
269417,0,1,3400,-56,56,948,15,29,0.50,16128.000000,0,27,14,0.0,23488.000000,0,0.0,0.0,0.0,1.0
269666,0,1,3400,-56,56,940,13,29,0.50,5152.000000,0,27,14,0.0,0.0,0.0,0.0,0.0,0.0,1.0
269915,0,1,3400,-56,56,946,18,29,0.50,15456.000000,0,27,14,0.0,0.0,0.0,0.0,0.0,0.0,1.0
270164,0,1,3400,-56,56,948,18,29,0.50,25760.000000,0,27,13,0.0,23488.000000,0,0.0,0.0,0.0,1.0
270413,0,1,3400,-56,56,946,18,29,0.50,5152.000000,0,27,14,0.0,0.0,0.0,0.0,0.0,0.0,1.0
270662,0,1,3400,-56,56,943,15,29,0.50,17920.000000,0,27,14,0.0,0.0,0.0,0.0,0.0,0.0,1.0
270911,0,1,3400,-56,56,945,8.3,29,0.50,16128.000000,0,27,14,0.0,0.0,0.0,0.0,0.0,0.0,1.0
271160,0,1,3400,-56,56,950,12,29,0.50,23872.000000,0,27,14,0.0,23488.000000,0,0.0,0.0,0.0,1.0
271409,0,1,3400,-56,56,948,15,29,0.50,16288.000000,0,27,14,0.0,0.0,0.0,0.0,0.0,0.0,1.0
271658,0,1,3400,-56,56,944,4.4,29,0.50,28096.000000,0,27,14,0.0,0.0,0.0,0.0,0.0,0.0,1.0
271907,0,1,3400,-56,56,946,1.1,29,0.50,37184.000000,0,27,13,0.0,0.0,0.0,0.0,0.0,0.0,1.0
272156,0,1,3400,-56,56,947,9.0,29,0.50,5152.000000,0,27,13,0.0,18368.000000,0,0.0,0.0,0.0,1.0
272405,0,1,3400,-56,56,949,13,29,0.50,20768.000000,0,27,12,0.0,0.0,0.0,0.0,0.0,0.0,1.0
272654,0,1,3400,-56,56,942,18,29,0.50,10304.000000,0,27,12,0.0,0.0,0.0,0.0,0.0,0.0,1.0
272903,0,1,3400,-56,56,944,13,29,0.50,16796.812500,0,27,12,0.0,0.0,0.0,0.0,0.0,0.0,1.0
273152,0,1,3400,-56,56,945,13,29,0.50,10304.000000,0,27,12,0.0,18368.000000,0,0.0,0.0,0.0,1.0
273401,0,1,3400,-56,56,954,18,29,0.50,20608.000000,0,27,12,0.0,0.0,0.0,0.0,0.0,0.0,1.0
273650,0,1,3400,-56,56,949,12,29,0.50,28465.863281,0,27,12,0.0,0.0,0.0,0.0,0.0,0.0,1.0
273899,0,1,3400,-56,56,944,10,29,0.50,10304.000000,0,27,12,0.0,0.0,0.0,0.0,0.0,0.0,1.0
274148,0,1,3400,-56,56,943,17,29,0.50,16864.000000,0,27,12,0.0,18368.000000,0,0.0,0.0,0.0,1.0
274397,0,1,3400,-56,56,940,1.0,29,0.50,0.0,0.0,27,12,0.0,0.0,0.0,0.0,0.0,0.0,1.0
274646,0,1,3400,-56,56,948,5.6,29,0.50,20608.000000,0,27,12,0.0,0.0,0.0,0.0,0.0,0.0,1.0
274895,0,1,3400,-56,56,950,18,29,0.50,10304.000000,0,27,12,0.0,0.0,0.0,0.0,0.0,0.0,1.0
275144,0,1,3400,-56,56,951,15,29,0.50,6976.000000,0,27,12,186,0.0,0,0.0,0.0,0.0,1.0
275393,0,1,3400,-56,56,947,4.5,29,0.50,5536.000000,0,27,12,0.0,18368.000000,0,0.0,0.0,0.0,1.0
275642,0,1,3400,-56,56,941,4.1,29,0.50,28704.000000,0,27,12,0.0,0.0,0.0,0.0,0.0,0.0,1.0
275891,0,1,3400,-56,56,954,16,29,0.50,10304.000000,0,27,12,0.0,0.0,0.0,0.0,0.0,0.0,1.0
276140,0,1,3400,-56,56,955,18,29,0.50,20608.000000,0,27,12,0.0,23488.000000,0,0.0,0.0,0.0,1.0
276389,0,1,3400,-56,56,948,14,29,0.50,10976.000000,0,27,14,0.0,0.0,0.0,0.0,0.0,0.0,1.0
276638,0,1,3400,-56,56,948,9.9,29,0.50,10304.000000,0,27,14,0.0,0.0,0.0,0.0,0.0,0.0,1.0
276887,0,1,3400,-56,56,944,14,29,0.50,22752.000000,0,27,14,0.0,0.0,0.0,0.0,0.0,0.0,1.0
277136,0,1,3400,-56,56,949,9.1,29,0.50,12480.000000,0,27,12,0.0,16320.000000,0,0.0,0.0,0.0,1.0
277385,0,1,3400,-56,56,950,9.5,29,0.50,21376.000000,0,27,9.5,0.0,0.0,0.0,0.0,0.0,0.0,1.0
277634,0,1,3400,-56,56,950,12,29,0.50,16128.000000,0,27,9.5,0.0,0.0,0.0,0.0,0.0,0.0,1.0
277883,0,1,3400,-56,56,947,8.8,29,0.50,21952.000000,0,27,9.5,0.0,0.0,0.0,0.0,0.0,0.0,1.0
278132,0,1,3400,-56,56,942,12,29,0.50,26144.000000,0,27,13,0.0,147936.000000,0,0.0,0.0,0.0,1.0
278381,0,1,3400,-56,56,943,18,29,0.50,10304.000000,0,27,15,0.0,0.0,0.0,0.0,0.0,0.0,1.0
278630,0,1,3400,-56,56,946,9.7,29,0.50,20992.000000,0,27,15,0.0,0.0,0.0,0.0,0.0,0.0,1.0
278879,0,1,3400,-56,56,946,8.6,29,0.50,13248.000000,0,27,15,0.0,0.0,0.0,0.0,0.0,0.0,1.0
279128,0,1,3400,-56,56,948,3.3,29,0.50,20768.000000,0,27,14,0.0,23488.000000,0,0.0,0.0,0.0,1.0
279377,0,1,3400,-56,56,949,18,29,0.50,5131.474121,0,27,14,0.0,0.0,0.0,0.0,0.0,0.0,1.0
279626,0,1,3400,-56,56,948,18,29,0.50,10304.000000,0,27,14,0.0,0.0,0.0,0.0,0.0,0.0,1.0
279875,0,1,3400,-56,56,946,11,29,0.50,13301.205078,0,27,14,0.0,0.0,0.0,0.0,0.0,0.0,1.0
280124,0,1,3400,-56,56,935,5.9,29,0.50,10304.000000,0,27,13,0.0,22464.000000,0,0.0,0.0,0.0,1.0
280373,0,1,3400,-56,56,942,13,29,0.50,10304.000000,0,27,12,0.0,0.0,0.0,0.0,0.0,0.0,1.0
280622,0,1,3400,-56,56,948,18,29,0.50,5152.000000,0,27,12,0.0,0.0,0.0,0.0,0.0,0.0,1.0
280871,0,1,3400,-56,56,948,16,29,0.50,20768.000000,0,27,12,0.0,0.0,0.0,0.0,0.0,0.0,1.0
281120,0,1,3400,-56,56,946,17,29,0.50,15456.000000,0,27,12,0.0,18368.000000,0,0.0,0.0,0.0,1.0
281369,0,1,3400,-56,56,948,14,29,0.50,5568.000000,0,27,12,0.0,0.0,0.0,0.0,0.0,0.0,1.0
281618,0,1,3400,-56,56,944,9.7,29,0.50,15456.000000,0,27,12,0.0,0.0,0.0,0.0,0.0,0.0,1.0
281867,0,1,3400,-56,56,942,18,29,0.50,10304.000000,0,27,12,0.0,0.0,0.0,0.0,0.0,0.0,1.0
282116,0,1,3400,-56,56,943,18,29,0.50,10304.000000,0,27,12,186,0.0,0,0.0,0.0,0.0,1.0
282365,0,1,3400,-56,56,944,18,29,0.50,5152.000000,0,27,13,0.0,21952.000000,0,0.0,0.0,0.0,1.0
282614,0,1,3400,-56,56,947,14,29,0.50,15840.000000,0,27,13,0.0,0.0,0.0,0.0,0.0,0.0,1.0
282863,0,1,3400,-56,56,945,17,29,0.50,15456.000000,0,27,13,0.0,0.0,0.0,0.0,0.0,0.0,1.0
283112,0,1,3400,-56,56,945,10,29,0.50,11712.000000,0,27,11,0.0,18880.000000,0,0.0,0.0,0.0,1.0
283361,0,1,3400,-56,56,946,9.9,29,0.50,5248.000000,0,27,11,0.0,0.0,0.0,0.0,0.0,0.0,1.0
283610,0,1,3400,-56,56,949,4.9,29,0.50,20992.000000,0,27,11,0.0,0.0,0.0,0.0,0.0,0.0,1.0
283859,0,1,3400,-56,56,946,8.1,29,0.50,10464.000000,0,27,11,0.0,0.0,0.0,0.0,0.0,0.0,1.0
284108,0,1,3400,-56,56,942,12,29,0.50,0.0,0.0,27,11,0.0,0.0,0.0,0.0,0.0,0.0,1.0
284357,0,1,3400,-56,56,939,16,29,0.50,20608.000000,0,27,12,0.0,18368.000000,0,0.0,0.0,0.0,1.0
284606,0,1,3400,-56,56,948,18,29,0.50,15456.000000,0,27,12,0.0,0.0,0.0,0.0,0.0,0.0,1.0
284855,0,1,3400,-56,56,952,8.0,29,0.50,22112.000000,0,27,12,0.0,0.0,0.0,0.0,0.0,0.0,1.0
285104,0,1,3400,-56,56,946,14,29,0.50,10976.000000,0,27,12,0.0,18368.000000,0,0.0,0.0,0.0,1.0
285353,0,1,3400,-56,56,940,5.0,29,0.50,10976.000000,0,27,12,0.0,0.0,0.0,0.0,0.0,0.0,1.0
285602,0,1,3400,-56,56,942,12,29,0.50,10304.000000,0,27,12,0.0,0.0,0.0,0.0,0.0,0.0,1.0
285851,0,1,3400,-56,56,949,14,29,0.50,23458.167969,0,27,12,0.0,0.0,0.0,0.0,0.0,0.0,1.0
286100,0,1,3400,-56,56,945,18,29,0.50,5152.000000,0,27,12,0.0,23488.000000,0,0.0,0.0,0.0,1.0
286349,0,1,3400,-56,56,946,9.3,29,0.50,16896.000000,0,27,14,0.0,0.0,0.0,0.0,0.0,0.0,1.0
286598,0,1,3400,-56,56,945,10,29,0.50,15903.614258,0,27,14,0.0,0.0,0.0,0.0,0.0,0.0,1.0
286847,0,1,3400,-56,56,943,14,29,0.50,10304.000000,0,27,14,0.0,0.0,0.0,0.0,0.0,0.0,1.0
287096,0,1,3400,-56,56,949,14,29,0.50,5152.000000,0,27,14,186,0.0,0,0.0,0.0,0.0,1.0
287345,0,1,3400,-56,56,950,12,29,0.50,18016.000000,0,27,13,0.0,23488.000000,0,0.0,0.0,0.0,1.0
287594,0,1,3400,-56,56,946,0.0,29,0.50,8800.000000,0,27,14,0.0,0.0,0.0,0.0,0.0,0.0,1.0
287843,0,1,3400,-56,56,944,6.8,29,0.50,5152.000000,0,27,14,0.0,0.0,0.0,0.0,0.0,0.0,1.0
288092,0,1,3400,-56,56,943,10,29,0.50,10304.000000,0,27,14,186,0.0,0,0.0,0.0,0.0,1.0
288341,0,1,3400,-56,56,944,15,29,0.50,15616.000000,0,27,14,0.0,23488.000000,0,0.0,0.0,0.0,1.0
288590,0,1,3400,-56,56,945,12,29,0.50,13248.000000,0,27,14,0.0,0.0,0.0,0.0,0.0,0.0,1.0
288839,0,1,3400,-56,56,941,2.5,29,0.50,10304.000000,0,27,14,186,0.0,0.0,0.0,0.0,0.0,1.0
289088,0,1,3400,-56,56,947,18,29,0.50,15456.000000,0,27,14,0.0,23488.000000,0,0.0,0.0,0.0,1.0
289337,0,1,3400,-56,56,948,18,29,0.50,10304.000000,0,27,14,0.0,0.0,0.0,0.0,0.0,0.0,1.0
289586,0,1,3400,-56,56,946,18,29,0.50,5152.000000,0,27,14,0.0,0.0,0.0,0.0,0.0,0.0,1.0
289835,0,1,3400,-56,56,950,18,29,0.50,20608.000000,0,27,14,0.0,0.0,0.0,0.0,0.0,0.0,1.0
290084,0,1,3400,-56,56,948,14,29,0.50,23552.000000,0,27,13,0.0,24000.000000,0,0.0,0.0,0.0,1.0
290333,0,1,3400,-56,56,945,14,29,0.50,5312.000000,0,27,12,0.0,0.0,0.0,0.0,0.0,0.0,1.0
290582,0,1,3400,-56,56,948,8.0,29,0.50,21760.000000,0,27,12,0.0,15520.000000,0,0.0,0.0,0.0,1.0
290831,0,1,3400,-56,56,946,9.0,29,0.50,15840.000000,0,27,12,0.0,0.0,0.0,0.0,0.0,0.0,1.0
291080,0,1,3400,-56,56,944,8.2,29,0.50,10688.000000,0,27,12,0.0,24000.000000,0,0.0,0.0,0.0,1.0
291329,0,1,3400,-56,56,947,15,29,0.50,10304.000000,0,27,12,0.0,0.0,0.0,0.0,0.0,0.0,1.0
291578,0,1,3400,-56,56,946,13,29,0.50,10688.000000,0,27,12,0.0,0.0,0.0,0.0,0.0,0.0,1.0
291827,0,1,3400,-56,56,945,6.1,29,0.50,5152.000000,0,27,12,0.0,0.0,0.0,0.0,0.0,0.0,1.0
292076,0,1,3400,-56,56,947,10,29,0.50,34944.000000,0,27,13,0.0,23488.000000,0,0.0,0.0,0.0,1.0
292325,0,1,3400,-56,56,947,5.3,29,0.50,29737.052734,0,27,13,0.0,0.0,0.0,0.0,0.0,0.0,1.0
292574,0,1,3400,-56,56,943,13,29,0.50,5152.000000,0,27,13,0.0,0.0,0.0,0.0,0.0,0.0,1.0
292823,0,1,3400,-56,56,942,18,29,0.50,15518.072266,0,27,14,0.0,0.0,0.0,0.0,0.0,0.0,1.0
293072,0,1,3400,-56,56,947,18,29,0.50,0.0,0.0,27,14,0.0,0.0,0.0,0.0,0.0,0.0,1.0
293321,0,1,3400,-56,56,945,7.3,29,0.50,16128.000000,0,27,13,0.0,24000.000000,0,0.0,0.0,0.0,1.0
293570,0,1,3400,-56,56,945,17,29,0.50,15456.000000,0,27,12,0.0,0.0,0.0,0.0,0.0,0.0,1.0
293819,0,1,3400,-56,56,944,18,29,0.50,15456.000000,0,27,12,0.0,0.0,0.0,0.0,0.0,0.0,1.0
294068,0,1,3400,-56,56,947,18,29,0.50,10304.000000,0,27,13,0.0,23488.000000,0,0.0,0.0,0.0,1.0
294317,0,1,3400,-56,56,940,18,29,0.50,5152.000000,0,27,14,0.0,0.0,0.0,0.0,0.0,0.0,1.0
294566,0,1,3400,-56,56,942,17,29,0.50,19328.000000,0,27,14,0.0,0.0,0.0,0.0,0.0,0.0,1.0
294815,0,1,3400,-56,56,941,4.0,29,0.50,9376.000000,0,27,13,0.0,0.0,0.0,0.0,0.0,0.0,1.0
295064,0,1,3400,-56,56,945,12,29,0.50,50592.000000,0,27,13,0.0,21952.000000,0,0.0,0.0,0.0,1.0
295313,0,1,3400,-56,56,948,18,29,0.50,10304.000000,0,27,13,0.0,0.0,0.0,0.0,0.0,0.0,1.0
295562,0,1,3400,-56,56,950,6.0,29,0.50,8096.000000,0,27,13,0.0,0.0,0.0,0.0,0.0,0.0,1.0
295811,0,1,3400,-56,56,950,7.9,29,0.50,10304.000000,0,27,13,0.0,0.0,0.0,0.0,0.0,0.0,1.0
296060,0,1,3400,-56,56,946,4.4,29,0.50,22720.000000,0,27,13,0.0,23488.000000,0,0.0,0.0,0.0,1.0
296309,0,1,3400,-56,56,943,11,29,0.50,25600.000000,0,27,14,0.0,0.0,0.0,0.0,0.0,0.0,1.0
296558,0,1,3400,-56,56,945,18,29,0.50,10304.000000,0,27,14,0.0,0.0,0.0,0.0,0.0,0.0,1.0
296807,0,1,3400,-56,56,939,18,29,0.50,0.0,0.0,27,14,0.0,0.0,0.0,0.0,0.0,0.0,1.0
297056,0,1,3400,-56,56,945,18,29,0.50,5152.000000,0,27,14,0.0,0.0,0.0,0.0,0.0,0.0,1.0
297305,0,1,3400,-56,56,946,14,29,0.50,10976.000000,0,27,14,0.0,23488.000000,0,0.0,0.0,0.0,1.0
297554,0,1,3400,-56,56,941,11,29,0.50,26880.000000,0,27,14,0.0,17056.000000,0,0.0,0.0,0.0,1.0
297803,0,1,3400,-56,56,947,7.6,29,0.50,32160.000000,0,27,13,0.0,0.0,0.0,0.0,0.0,0.0,1.0
298052,0,1,3400,-56,56,942,9.0,29,0.50,20608.000000,0,27,14,0.0,23488.000000,0,0.0,0.0,0.0,1.0
298301,0,1,3400,-56,56,945,18,29,0.50,20608.000000,0,27,14,0.0,0.0,0.0,0.0,0.0,0.0,1.0
298550,0,1,3400,-56,56,946,18,29,0.50,15456.000000,0,27,14,0.0,0.0,0.0,0.0,0.0,0.0,1.0
298799,0,1,3400,-56,56,945,17,29,0.50,35027.886719,0,27,13,0.0,0.0,0.0,0.0,0.0,0.0,1.0
299048,0,1,3400,-56,56,947,14,29,0.50,23552.000000,0,27,14,0.0,23488.000000,0,0.0,0.0,0.0,1.0
299297,0,1,3400,-56,56,948,8.0,29,0.50,26538.152344,0,27,14,0.0,0.0,0.0,0.0,0.0,0.0,1.0
299546,0,1,3400,-56,56,946,11,29,0.50,10304.000000,0,27,14,0.0,0.0,0.0,0.0,0.0,0.0,1.0
299795,0,1,3400,-56,56,945,13,29,0.50,31680.000000,0,27,14,0.0,0.0,0.0,0.0,0.0,0.0,1.0
300044,0,1,3400,-56,56,946,13,29,0.50,32352.000000,0,27,14,0.0,23488.000000,0,0.0,0.0,0.0,1.0
300293,0,1,3400,-56,56,947,4.7,29,0.50,22784.000000,0,27,14,0.0,0.0,0.0,0.0,0.0,0.0,1.0
300542,0,1,3400,-56,56,949,11,29,0.50,10304.000000,0,27,14,0.0,0.0,0.0,0.0,0.0,0.0,1.0
300791,0,1,3400,-56,56,945,13,29,0.50,10464.000000,0,27,14,0.0,0.0,0.0,0.0,0.0,0.0,1.0
301040,0,1,3400,-56,56,941,18,29,0.50,10304.000000,0,27,14,0.0,23488.000000,0,0.0,0.0,0.0,1.0
301289,0,1,3400,-56,56,941,18,29,0.50,10304.000000,0,27,14,0.0,0.0,0.0,0.0,0.0,0.0,1.0
301538,0,1,3400,-56,56,947,18,29,0.50,15456.000000,0,27,14,0.0,0.0,0.0,0.0,0.0,0.0,1.0
301787,0,1,3400,-56,56,948,18,29,0.50,10304.000000,0,27,14,0.0,0.0,0.0,0.0,0.0,0.0,1.0
302036,0,1,3400,-56,56,944,18,29,0.50,352,0,27,14,0.0,0.0,0.0,0.0,0.0,0.0,1.0
302285,0,1,3400,-56,56,948,6.1,29,0.50,36096.000000,0,27,12,0.0,23744.000000,0,0.0,0.0,0.0,1.0
302534,0,1,3400,-56,56,944,8.4,29,0.50,19328.000000,0,27,12,0.0,0.0,0.0,0.0,0.0,0.0,1.0
302783,0,1,3400,-56,56,936,11,29,0.50,5152.000000,0,27,12,0.0,0.0,0.0,0.0,0.0,0.0,1.0
303032,0,1,3400,-56,56,938,11,29,0.50,10304.000000,0,27,11,0.0,15808.000000,0,0.0,0.0,0.0,1.0
303281,0,1,3400,-56,56,946,18,29,0.50,10304.000000,0,27,10,0.0,0.0,0.0,0.0,0.0,0.0,1.0
303530,0,1,3400,-56,56,946,14,29,0.50,8096.000000,0,27,10,0.0,0.0,0.0,0.0,0.0,0.0,1.0
303779,0,1,3400,-56,56,948,13,29,0.50,30912.000000,0,27,10,186,0.0,0.0,0.0,0.0,0.0,1.0
304028,0,1,3400,-56,56,944,18,29,0.50,5152.000000,0,27,10,0.0,15808.000000,0,0.0,0.0,0.0,1.0
304277,0,1,3400,-56,56,943,14,29,0.50,21376.000000,0,27,10,0.0,0.0,0.0,0.0,0.0,0.0,1.0
304526,0,1,3400,-56,56,947,9.0,29,0.50,6560.000000,0,27,10,0.0,0.0,0.0,0.0,0.0,0.0,1.0
304775,0,1,3400,-56,56,943,15,29,0.50,25760.000000,0,27,10,0.0,0.0,0.0,0.0,0.0,0.0,1.0
305024,0,1,3400,-56,56,944,18,29,0.50,15456.000000,0,27,12,0.0,23488.000000,0,0.0,0.0,0.0,1.0
305273,0,1,3400,-56,56,944,12,29,0.50,23617.529297,0,27,14,0.0,0.0,0.0,0.0,0.0,0.0,1.0
305522,0,1,3400,-56,56,944,15,29,0.50,25760.000000,0,27,14,0.0,0.0,0.0,0.0,0.0,0.0,1.0
305771,0,1,3400,-56,56,947,18,29,0.50,15456.000000,0,27,14,0.0,0.0,0.0,0.0,0.0,0.0,1.0
306020,0,1,3400,-56,56,944,6.7,29,0.50,16674.699219,0,27,14,0.0,23582.330078,0,0.0,0.0,0.0,1.0
306269,0,1,3400,-56,56,943,7.9,29,0.50,5152.000000,0,27,14,0.0,0.0,0.0,0.0,0.0,0.0,1.0
306518,0,1,3400,-56,56,943,14,29,0.50,10304.000000,0,27,14,0.0,0.0,0.0,0.0,0.0,0.0,1.0
306767,0,1,3400,-56,56,941,18,29,0.50,5152.000000,0,27,14,0.0,0.0,0.0,0.0,0.0,0.0,1.0
307016,0,1,3400,-56,56,944,9.5,29,0.50,10688.000000,0,27,14,0.0,23488.000000,0,0.0,0.0,0.0,1.0
307265,0,1,3400,-56,56,945,8.0,29,0.50,27200.000000,0,27,14,0.0,0.0,0.0,0.0,0.0,0.0,1.0
307514,0,1,3400,-56,56,948,14,29,0.50,10304.000000,0,27,14,0.0,0.0,0.0,0.0,0.0,0.0,1.0
307763,0,1,3400,-56,56,946,18,29,0.50,15456.000000,0,27,14,0.0,0.0,0.0,0.0,0.0,0.0,1.0
308012,0,1,3400,-56,56,942,9.8,29,0.50,16512.000000,0,27,13,0.0,21952.000000,0,0.0,0.0,0.0,1.0
308261,0,1,3400,-56,56,949,3.0,29,0.50,0.0,0.0,27,13,0.0,0.0,0.0,0.0,0.0,0.0,1.0
308510,0,1,3400,-56,56,949,11,30,0.50,17472.000000,0,27,13,0.0,0.0,0.0,0.0,0.0,0.0,1.0
308759,0,1,3400,-56,56,945,4.5,29,0.50,0.0,0.0,27,13,0.0,0.0,0.0,0.0,0.0,0.0,1.0
309008,0,1,3400,-56,56,942,5.6,29,0.50,21344.000000,0,27,13,0.0,21952.000000,0,0.0,0.0,0.0,1.0
309257,0,1,3400,-56,56,940,9.6,29,0.50,15840.000000,0,27,13,0.0,0.0,0.0,0.0,0.0,0.0,1.0
309506,0,1,3400,-56,56,945,4.5,29,0.50,5536.000000,0,27,13,0.0,0.0,0.0,0.0,0.0,0.0,1.0
309755,0,1,3400,-56,56,948,8.6,29,0.50,16128.000000,0,27,13,0.0,0.0,0.0,0.0,0.0,0.0,1.0
310004,0,1,3400,-56,56,948,18,29,0.50,20608.000000,0,27,13,0.0,23488.000000,0,0.0,0.0,0.0,1.0
310253,0,1,3400,-56,56,942,14,29,0.50,39968.000000,0,27,14,0.0,0.0,0.0,0.0,0.0,0.0,1.0
310502,0,1,3400,-56,56,946,15,29,0.50,29856.000000,0,27,14,0.0,0.0,0.0,0.0,0.0,0.0,1.0
310751,0,1,3400,-56,56,946,7.4,29,0.50,5152.000000,0,27,14,0.0,0.0,0.0,0.0,0.0,0.0,1.0
311000,0,1,3400,-56,56,945,15,29,0.50,5152.000000,0,27,13,0.0,18368.000000,0,0.0,0.0,0.0,1.0
311249,0,1,3400,-56,56,946,18,29,0.50,5152.000000,0,27,12,0.0,0.0,0.0,0.0,0.0,0.0,1.0
311498,0,1,3400,-56,56,947,18,29,0.50,10304.000000,0,27,12,0.0,0.0,0.0,0.0,0.0,0.0,1.0
311747,0,1,3400,-56,56,944,18,29,0.50,0.0,0.0,27,12,0.0,0.0,0.0,0.0,0.0,0.0,1.0
311996,0,1,3400,-56,56,945,18,29,0.50,15518.072266,0,27,13,0.0,23582.330078,0,0.0,0.0,0.0,1.0
312245,0,1,3400,-56,56,944,18,29,0.50,10304.000000,0,27,14,0.0,0.0,0.0,0.0,0.0,0.0,1.0
312494,0,1,3400,-56,56,941,18,29,0.50,20608.000000,0,27,14,0.0,0.0,0.0,0.0,0.0,0.0,1.0
312743,0,1,3400,-56,56,943,18,29,0.50,10304.000000,0,27,14,0.0,0.0,0.0,0.0,0.0,0.0,1.0
312992,0,1,3400,-56,56,947,11,29,0.50,10976.000000,0,27,12,0.0,18368.000000,0,0.0,0.0,0.0,1.0
313241,0,1,3400,-56,56,946,4.8,29,0.50,13248.000000,0,27,12,0.0,0.0,0.0,0.0,0.0,0.0,1.0
313490,0,1,3400,-56,56,945,12,29,0.50,15680.000000,0,27,12,0.0,0.0,0.0,0.0,0.0,0.0,1.0
313739,0,1,3400,-56,56,940,18,29,0.50,8224.000000,0,27,12,0.0,0.0,0.0,0.0,0.0,0.0,1.0
313988,0,1,3400,-56,56,947,7.7,29,0.50,23360.000000,0,27,13,0.0,23488.000000,0,0.0,0.0,0.0,1.0
314237,0,1,3400,-56,56,948,18,29,0.50,30912.000000,0,27,14,0.0,0.0,0.0,0.0,0.0,0.0,1.0
314486,0,1,3400,-56,56,944,18,29,0.50,20608.000000,0,27,14,0.0,0.0,0.0,0.0,0.0,0.0,1.0
314735,0,1,3400,-56,56,945,18,29,0.50,5152.000000,0,27,14,0.0,0.0,0.0,0.0,0.0,0.0,1.0
314984,0,1,3400,-56,56,943,9.0,29,0.50,5536.000000,0,27,13,0.0,18368.000000,0,0.0,0.0,0.0,1.0
315233,0,1,3400,-56,56,941,11,29,0.50,15456.000000,0,27,12,0.0,0.0,0.0,0.0,0.0,0.0,1.0
315482,0,1,3400,-56,56,942,15,29,0.50,15840.000000,0,27,12,0.0,0.0,0.0,0.0,0.0,0.0,1.0
315731,0,1,3400,-56,56,938,4.8,29,0.50,23936.000000,0,27,12,0.0,0.0,0.0,0.0,0.0,0.0,1.0
315980,0,1,3400,-56,56,939,4.5,29,0.50,0.0,0.0,27,12,0.0,0.0,0.0,0.0,0.0,0.0,1.0
316229,0,1,3400,-56,56,941,8.0,29,0.50,11776.000000,0,27,13,0.0,21952.000000,0,0.0,0.0,0.0,1.0
316478,0,1,3400,-56,56,941,12,29,0.50,10304.000000,0,27,13,0.0,0.0,0.0,0.0,0.0,0.0,1.0
316727,0,1,3400,-56,56,945,11,29,0.50,28480.000000,0,27,13,0.0,0.0,0.0,0.0,0.0,0.0,1.0
316976,0,1,3400,-56,56,945,13,29,0.50,10304.000000,0,27,13,0.0,23488.000000,20,0.0,0.0,0.0,1.0
317225,0,1,3400,-56,56,948,11,29,0.50,11360.000000,0,27,14,0.0,0.0,0.0,0.0,0.0,0.0,1.0
317474,0,1,3400,-56,56,946,14,29,0.50,5152.000000,0,27,14,0.0,0.0,0.0,0.0,0.0,0.0,1.0
317723,0,1,3400,-56,56,941,18,29,0.50,0.0,0.0,27,14,0.0,0.0,0.0,0.0,0.0,0.0,1.0
317972,0,1,3400,-56,56,948,6.7,29,0.50,13248.000000,0,27,12,0.0,18368.000000,0,0.0,0.0,0.0,1.0
318221,0,1,3400,-56,56,948,12,29,0.50,15394.421875,0,27,12,0.0,0.0,0.0,0.0,0.0,0.0,1.0
318470,0,1,3400,-56,56,940,9.4,29,0.50,24803.212891,0,27,12,0.0,0.0,0.0,0.0,0.0,0.0,1.0
318719,0,1,3400,-56,56,946,11,29,0.50,15456.000000,0,27,12,186,0.0,0.0,0.0,0.0,0.0,1.0
318968,0,1,3400,-56,56,947,8.3,29,0.50,17408.000000,0,27,12,0.0,18368.000000,0,0.0,0.0,0.0,1.0
319217,0,1,3400,-56,56,947,4.5,29,0.50,3968.000000,0,27,12,0.0,0.0,0.0,0.0,0.0,0.0,1.0
319466,0,1,3400,-56,56,948,11,29,0.50,20608.000000,0,27,12,0.0,0.0,0.0,0.0,0.0,0.0,1.0
319715,0,1,3400,-56,56,945,13,29,0.50,5312.000000,0,27,12,0.0,0.0,0.0,0.0,0.0,0.0,1.0
319964,0,1,3400,-56,56,946,12,29,0.50,16576.000000,0,27,11,0.0,18624.000000,0,0.0,0.0,0.0,1.0
320213,0,1,3400,-56,56,946,17,29,0.50,12320.000000,0,27,10,0.0,0.0,0.0,0.0,0.0,0.0,1.0
320462,0,1,3400,-56,56,946,6.4,29,0.50,15072.000000,0,27,10,0.0,0.0,0.0,0.0,0.0,0.0,1.0
320711,0,1,3400,-56,56,947,12,29,0.50,27040.000000,0,27,10,0.0,0.0,0.0,0.0,0.0,0.0,1.0
320960,0,1,3400,-56,56,946,9.0,29,0.50,0.0,0.0,27,10,0.0,0.0,0.0,0.0,0.0,0.0,1.0
321209,0,1,3400,-56,56,944,15,29,0.50,10304.000000,0,27,12,0.0,24000.000000,0,0.0,0.0,0.0,1.0
321458,0,1,3400,-56,56,948,18,29,0.50,15456.000000,0,27,12,0.0,0.0,0.0,0.0,0.0,0.0,1.0
321707,0,1,3400,-56,56,946,16,29,0.50,10688.000000,0,27,12,0.0,0.0,0.0,0.0,0.0,0.0,1.0
321956,0,1,3400,-56,56,942,13,29,0.50,20736.000000,0,27,11,0.0,15808.000000,0,0.0,0.0,0.0,1.0
322205,0,1,3400,-56,56,943,10,29,0.50,5568.000000,0,27,10,0.0,0.0,0.0,0.0,0.0,0.0,1.0
322454,0,1,3400,-56,56,945,17,29,0.50,15680.000000,0,27,10,0.0,0.0,0.0,0.0,0.0,0.0,1.0
322703,0,1,3400,-56,56,945,9.6,29,0.50,11840.000000,0,27,10,0.0,0.0,0.0,0.0,0.0,0.0,1.0
322952,0,1,3400,-56,56,946,13,29,0.50,30848.000000,0,27,12,0.0,18368.000000,0,0.0,0.0,0.0,1.0
323201,0,1,3400,-56,56,945,22,29,0.50,15456.000000,0,27,12,0.0,0.0,0.0,0.0,0.0,0.0,1.0
323450,0,1,3400,-56,56,942,12,29,0.50,15904.000000,0,27,12,0.0,0.0,0.0,0.0,0.0,0.0,1.0
323699,0,1,3400,-56,56,943,1.5,29,0.50,0.0,0.0,27,12,0.0,0.0,0.0,0.0,0.0,0.0,1.0
323948,0,1,3400,-56,56,945,8.9,29,0.50,15840.000000,0,27,13,0.0,23488.000000,0,0.0,0.0,0.0,1.0
324197,0,1,3400,-56,56,950,7.1,29,0.50,13248.000000,0,27,14,0.0,0.0,0.0,0.0,0.0,0.0,1.0
324446,0,1,3400,-56,56,948,8.4,29,0.50,13056.000000,0,27,14,0.0,0.0,0.0,0.0,0.0,0.0,1.0
324695,0,1,3400,-56,56,950,18,29,0.50,10262.948242,0,27,14,0.0,0.0,0.0,0.0,0.0,0.0,1.0
324944,0,1,3400,-56,56,944,4.2,29,0.50,13301.205078,0,27,13,0.0,22040.160156,0,0.0,0.0,0.0,1.0
325193,0,1,3400,-56,56,946,8.7,29,0.50,10304.000000,0,27,13,0.0,0.0,0.0,0.0,0.0,0.0,1.0
325442,0,1,3400,-56,56,949,1.9,29,0.50,16192.000000,0,27,13,0.0,0.0,0.0,0.0,0.0,0.0,1.0
325691,0,1,3400,-56,56,939,1.6,29,0.50,10304.000000,0,27,13,186,0.0,0.0,0.0,0.0,0.0,1.0
325940,0,1,3400,-56,56,937,8.0,29,0.50,6560.000000,0,27,13,0.0,23488.000000,0,0.0,0.0,0.0,1.0
326189,0,1,3400,-56,56,939,14,29,0.50,15456.000000,0,27,14,0.0,0.0,0.0,0.0,0.0,0.0,1.0
326438,0,1,3400,-56,56,941,18,29,0.50,10304.000000,0,27,14,0.0,0.0,0.0,0.0,0.0,0.0,1.0
326687,0,1,3400,-56,56,941,18,29,0.50,10304.000000,0,27,14,0.0,0.0,0.0,0.0,0.0,0.0,1.0
326936,0,1,3400,-56,56,944,18,29,0.50,0.0,0.0,27,14,0.0,0.0,0.0,0.0,0.0,0.0,1.0
327185,0,1,3400,-56,56,951,4.3,29,0.50,16704.000000,0,27,11,0.0,15808.000000,0,0.0,0.0,0.0,1.0
327434,0,1,3400,-56,56,948,11,29,0.50,10304.000000,0,27,10,0.0,0.0,0.0,0.0,0.0,0.0,1.0
327683,0,1,3400,-56,56,945,14,29,0.50,15456.000000,0,27,10,0.0,0.0,0.0,0.0,0.0,0.0,1.0
327932,0,1,3400,-56,56,946,17,29,0.50,11840.000000,0,27,12,0.0,21952.000000,0,0.0,0.0,0.0,1.0
328181,0,1,3400,-56,56,945,1.4,29,0.50,14656.000000,0,27,13,0.0,0.0,0.0,0.0,0.0,0.0,1.0
328430,0,1,3400,-56,56,948,9.0,29,0.50,0.0,0.0,27,13,0.0,0.0,0.0,0.0,0.0,0.0,1.0
328679,0,1,3400,-56,56,943,16,29,0.50,20608.000000,0,27,13,0.0,0.0,0.0,0.0,0.0,0.0,1.0
328928,0,1,3400,-56,56,943,1.4,29,0.50,15840.000000,0,27,13,0.0,21952.000000,0,0.0,0.0,0.0,1.0
329177,0,1,3400,-56,56,944,16,29,0.50,15456.000000,0,27,13,0.0,0.0,0.0,0.0,0.0,0.0,1.0
329426,0,1,3400,-56,56,941,18,29,0.50,15456.000000,0,27,13,0.0,0.0,0.0,0.0,0.0,0.0,1.0
329675,0,1,3400,-56,56,937,11,29,0.50,55360.000000,0,27,13,0.0,0.0,0.0,0.0,0.0,0.0,1.0
329924,0,1,3400,-56,56,943,0.72,29,0.50,12352.000000,0,27,13,0.0,23488.000000,0,0.0,0.0,0.0,1.0
330173,0,1,3400,-56,56,950,9.0,29,0.50,5152.000000,0,27,14,0.0,0.0,0.0,0.0,0.0,0.0,1.0
330422,0,1,3400,-56,56,946,15,29,0.50,25760.000000,0,27,14,0.0,0.0,0.0,0.0,0.0,0.0,1.0
330671,0,1,3400,-56,56,947,4.3,29,0.50,5824.000000,0,27,14,0.0,0.0,0.0,0.0,0.0,0.0,1.0
330920,0,1,3400,-56,56,947,4.9,29,0.50,10688.000000,0,27,14,0.0,23488.000000,0,0.0,0.0,0.0,1.0
331169,0,1,3400,-56,56,950,12,29,0.50,45099.601562,0,27,14,0.0,0.0,0.0,0.0,0.0,0.0,1.0
331418,0,1,3400,-56,56,943,11,29,0.50,6811.245117,0,27,14,0.0,0.0,0.0,0.0,0.0,0.0,1.0
331667,0,1,3400,-56,56,940,4.3,29,0.50,19744.000000,0,27,13,0.0,0.0,0.0,0.0,0.0,0.0,1.0
331916,0,1,3400,-56,56,943,4.9,29,0.50,18400.000000,0,27,14,0.0,23488.000000,0,0.0,0.0,0.0,1.0
332165,0,1,3400,-56,56,946,2.1,29,0.50,13792.000000,0,27,13,0.0,0.0,0.0,0.0,0.0,0.0,1.0
332414,0,1,3400,-56,56,948,11,29,0.50,10304.000000,0,27,14,0.0,0.0,0.0,0.0,0.0,0.0,1.0
332663,0,1,3400,-56,56,943,18,29,0.50,5152.000000,0,27,14,0.0,0.0,0.0,0.0,0.0,0.0,1.0
332912,0,1,3400,-56,56,934,7.3,29,0.50,13248.000000,0,27,14,0.0,23488.000000,0,0.0,0.0,0.0,1.0
333161,0,1,3400,-56,56,942,11,29,0.50,15840.000000,0,27,14,0.0,0.0,0.0,0.0,0.0,0.0,1.0
333410,0,1,3400,-56,56,945,14,29,0.50,10304.000000,0,27,14,0.0,0.0,0.0,0.0,0.0,0.0,1.0
333659,0,1,3400,-56,56,947,4.8,29,0.50,19360.000000,0,27,14,0.0,0.0,0.0,0.0,0.0,0.0,1.0
333908,0,1,3400,-56,56,946,4.5,29,0.50,0.0,0.0,27,14,0.0,0.0,0.0,0.0,0.0,0.0,1.0
334157,0,1,3400,-56,56,947,11,29,0.50,10304.000000,0,27,13,0.0,22464.000000,0,0.0,0.0,0.0,1.0
334406,0,1,3400,-56,56,951,6.4,29,0.50,47520.000000,0,27,12,0.0,0.0,0.0,0.0,0.0,0.0,1.0
334655,0,1,3400,-56,56,944,4.6,29,0.50,18528.000000,0,27,12,0.0,0.0,0.0,0.0,0.0,0.0,1.0
334904,0,1,3400,-56,56,940,13,29,0.50,10304.000000,0,27,12,0.0,24000.000000,0,0.0,0.0,0.0,1.0
335153,0,1,3400,-56,56,942,13,29,0.50,28704.000000,0,27,12,0.0,0.0,0.0,0.0,0.0,0.0,1.0
335402,0,1,3400,-56,56,944,18,29,0.50,10304.000000,0,27,12,0.0,0.0,0.0,0.0,0.0,0.0,1.0
335651,0,1,3400,-56,56,941,18,29,0.50,10304.000000,0,27,12,0.0,0.0,0.0,0.0,0.0,0.0,1.0
335900,0,1,3400,-56,56,943,16,29,0.50,20992.000000,0,27,13,0.0,24000.000000,0,0.0,0.0,0.0,1.0
336149,0,1,3400,-56,56,947,18,29,0.50,5152.000000,0,27,12,0.0,0.0,0.0,0.0,0.0,0.0,1.0
336398,0,1,3400,-56,56,940,18,29,0.50,10304.000000,0,27,12,0.0,0.0,0.0,0.0,0.0,0.0,1.0
336647,0,1,3400,-56,56,939,18,29,0.50,15456.000000,0,27,12,0.0,0.0,0.0,0.0,0.0,0.0,1.0
336896,0,1,3400,-56,56,941,18,29,0.50,0.0,0.0,27,12,0.0,0.0,0.0,0.0,0.0,0.0,1.0
337145,0,1,3400,-56,56,947,18,29,0.50,10304.000000,0,27,13,0.0,23488.000000,0,0.0,0.0,0.0,1.0
337394,0,1,3400,-56,56,950,18,29,0.50,20608.000000,0,27,14,0.0,0.0,0.0,0.0,0.0,0.0,1.0
337643,0,1,3400,-56,56,941,18,29,0.50,5131.474121,0,27,14,0.0,0.0,0.0,0.0,0.0,0.0,1.0
337892,0,1,3400,-56,56,943,18,29,0.50,0.0,0.0,27,14,0.0,0.0,0.0,0.0,0.0,0.0,1.0
338141,0,1,3400,-56,56,948,11,29,0.50,5824.000000,0,27,14,0.0,23488.000000,0,0.0,0.0,0.0,1.0
338390,0,1,3400,-56,56,941,7.7,29,0.50,20992.000000,0,27,14,0.0,0.0,0.0,0.0,0.0,0.0,1.0
338639,0,1,3400,-56,56,940,18,29,0.50,10304.000000,0,27,14,186,0.0,0.0,0.0,0.0,0.0,1.0
338888,0,1,3400,-56,56,944,5.8,29,0.50,5536.000000,0,27,13,0.0,21952.000000,0,0.0,0.0,0.0,1.0
339137,0,1,3400,-56,56,941,8.5,29,0.50,5152.000000,0,27,13,0.0,0.0,0.0,0.0,0.0,0.0,1.0
339386,0,1,3400,-56,56,944,10,29,0.50,16128.000000,0,27,13,0.0,0.0,0.0,0.0,0.0,0.0,1.0
339635,0,1,3400,-56,56,946,5.2,29,0.50,5152.000000,0,27,13,0.0,0.0,0.0,0.0,0.0,0.0,1.0
339884,0,1,3400,-56,56,946,16,29,0.50,25760.000000,0,27,13,0.0,21952.000000,0,0.0,0.0,0.0,1.0
340133,0,1,3400,-56,56,938,18,29,0.50,5152.000000,0,27,13,0.0,0.0,0.0,0.0,0.0,0.0,1.0
340382,0,1,3400,-56,56,942,14,29,0.50,18400.000000,0,27,13,0.0,0.0,0.0,0.0,0.0,0.0,1.0
340631,0,1,3400,-56,56,949,2.7,29,0.50,5152.000000,0,27,13,0.0,0.0,0.0,0.0,0.0,0.0,1.0
340880,0,1,3400,-56,56,948,18,29,0.50,20608.000000,0,27,13,0.0,23488.000000,0,0.0,0.0,0.0,1.0
341129,0,1,3400,-56,56,942,18,29,0.50,5152.000000,0,27,14,0.0,0.0,0.0,0.0,0.0,0.0,1.0
341378,0,1,3400,-56,56,943,18,29,0.50,15456.000000,0,27,14,0.0,0.0,0.0,0.0,0.0,0.0,1.0
341627,0,1,3400,-56,56,945,13,29,0.50,15712.000000,0,27,13,0.0,0.0,0.0,0.0,0.0,0.0,1.0
341876,0,1,3400,-56,56,941,6.1,29,0.50,18400.000000,0,27,14,0.0,23488.000000,0,0.0,0.0,0.0,1.0
342125,0,1,3400,-56,56,944,13,29,0.50,25920.000000,0,27,14,0.0,0.0,0.0,0.0,0.0,0.0,1.0
342374,0,1,3400,-56,56,946,14,29,0.50,20704.000000,0,27,14,0.0,0.0,0.0,0.0,0.0,0.0,1.0
342623,0,1,3400,-56,56,943,17,29,0.50,15456.000000,0,27,14,0.0,0.0,0.0,0.0,0.0,0.0,1.0
342872,0,1,3400,-56,56,942,9.7,29,0.50,16608.000000,0,27,14,0.0,23488.000000,0,0.0,0.0,0.0,1.0
343121,0,1,3400,-56,56,941,2.7,29,0.50,8096.000000,0,27,13,0.0,0.0,0.0,0.0,0.0,0.0,1.0
343370,0,1,3400,-56,56,948,10,29,0.50,15456.000000,0,27,14,0.0,0.0,0.0,0.0,0.0,0.0,1.0
343619,0,1,3400,-56,56,944,4.8,29,0.50,11648.000000,0,27,14,0.0,0.0,0.0,0.0,0.0,0.0,1.0
343868,0,1,3400,-56,56,944,5.3,29,0.50,21760.000000,0,27,13,0.0,21952.000000,0,0.0,0.0,0.0,1.0
344117,0,1,3400,-56,56,944,9.0,29,0.50,27360.000000,0,27,13,0.0,0.0,0.0,0.0,0.0,0.0,1.0
344366,0,1,3400,-56,56,941,9.0,29,0.50,5152.000000,0,27,13,0.0,0.0,0.0,0.0,0.0,0.0,1.0
344615,0,1,3400,-56,56,944,4.6,29,0.50,5536.000000,0,27,13,0.0,0.0,0.0,0.0,0.0,0.0,1.0
344864,0,1,3400,-56,56,946,8.9,29,0.50,22656.000000,0,27,13,0.0,24000.000000,0,0.0,0.0,0.0,1.0
345113,0,1,3400,-56,56,948,12,29,0.50,23200.000000,0,27,12,0.0,0.0,0.0,0.0,0.0,0.0,1.0
345362,0,1,3400,-56,56,943,13,29,0.50,16128.000000,0,27,12,0.0,0.0,0.0,0.0,0.0,0.0,1.0
345611,0,1,3400,-56,56,940,9.6,29,0.50,26432.000000,0,27,12,0.0,0.0,0.0,0.0,0.0,0.0,1.0
345860,0,1,3400,-56,56,939,12,29,0.50,23552.000000,0,27,13,0.0,23488.000000,0,0.0,0.0,0.0,1.0
346109,0,1,3400,-56,56,944,11,29,0.50,11776.000000,0,27,14,0.0,0.0,0.0,0.0,0.0,0.0,1.0
346358,0,1,3400,-56,56,948,11,29,0.50,5152.000000,0,27,14,0.0,0.0,0.0,0.0,0.0,0.0,1.0
346607,0,1,3400,-56,56,939,11,29,0.50,15456.000000,0,27,14,0.0,0.0,0.0,0.0,0.0,0.0,1.0
346856,0,1,3400,-56,56,943,12,29,0.50,5152.000000,0,27,13,186,0.0,0,0.0,0.0,0.0,1.0
347105,0,1,3400,-56,56,944,15,29,0.50,8096.000000,0,27,13,0.0,21952.000000,0,0.0,0.0,0.0,1.0
347354,0,1,3400,-56,56,949,5.7,29,0.50,11936.000000,0,27,13,0.0,0.0,0.0,0.0,0.0,0.0,1.0
347603,0,1,3400,-56,56,947,15,29,0.50,10304.000000,0,27,13,0.0,0.0,0.0,0.0,0.0,0.0,1.0
347852,0,1,3400,-56,56,949,17,29,0.50,10304.000000,0,27,13,0.0,23488.000000,0,0.0,0.0,0.0,1.0
348101,0,1,3400,-56,56,939,18,29,0.50,5152.000000,0,27,14,0.0,0.0,0.0,0.0,0.0,0.0,1.0
348350,0,1,3400,-56,56,944,12,29,0.50,16896.000000,0,27,14,0.0,0.0,0.0,0.0,0.0,0.0,1.0
348599,0,1,3400,-56,56,951,11,29,0.50,10304.000000,0,27,14,0.0,0.0,0.0,0.0,0.0,0.0,1.0
348848,0,1,3400,-56,56,947,18,29,0.50,0.0,0.0,27,14,0.0,0.0,0.0,0.0,0.0,0.0,1.0
349097,0,1,3400,-56,56,945,14,29,0.50,10976.000000,0,27,12,0.0,18880.000000,0,0.0,0.0,0.0,1.0
349346,0,1,3400,-56,56,942,6.6,29,0.50,13248.000000,0,27,11,0.0,0.0,0.0,0.0,0.0,0.0,1.0
349595,0,1,3400,-56,56,935,4.1,29,0.50,15840.000000,0,27,11,0.0,0.0,0.0,0.0,0.0,0.0,1.0
349844,0,1,3400,-56,56,934,2.3,29,0.50,15232.000000,0,27,13,0.0,21952.000000,0,0.0,0.0,0.0,1.0
350093,0,1,3400,-56,56,941,18,29,0.50,10304.000000,0,27,13,0.0,0.0,0.0,0.0,0.0,0.0,1.0
350342,0,1,3400,-56,56,942,13,29,0.50,20992.000000,0,27,13,0.0,0.0,0.0,0.0,0.0,0.0,1.0
350591,0,1,3400,-56,56,941,15,29,0.50,25760.000000,0,27,13,0.0,0.0,0.0,0.0,0.0,0.0,1.0
350840,0,1,3400,-56,56,942,18,29,0.50,0.0,0.0,27,13,0.0,0.0,0.0,0.0,0.0,0.0,1.0
351089,0,1,3400,-56,56,944,8.8,29,0.50,15840.000000,0,27,13,0.0,23488.000000,0,0.0,0.0,0.0,1.0
351338,0,1,3400,-56,56,944,8.3,29,0.50,5536.000000,0,27,14,0.0,0.0,0.0,0.0,0.0,0.0,1.0
351587,0,1,3400,-56,56,946,4.5,29,0.50,0.0,0.0,27,14,0.0,0.0,0.0,0.0,0.0,0.0,1.0
351836,0,1,3400,-56,56,946,14,29,0.50,15456.000000,0,27,14,0.0,23488.000000,0,0.0,0.0,0.0,1.0
352085,0,1,3400,-56,56,940,18,29,0.50,15456.000000,0,27,14,0.0,0.0,0.0,0.0,0.0,0.0,1.0
352334,0,1,3400,-56,56,947,12,29,0.50,14496.000000,0,27,14,0.0,0.0,0.0,0.0,0.0,0.0,1.0
352583,0,1,3400,-56,56,945,9.0,29,0.50,5152.000000,0,27,14,0.0,0.0,0.0,0.0,0.0,0.0,1.0
352832,0,1,3400,-56,56,943,12,29,0.50,15456.000000,0,27,10,0.0,29664.000000,0,0.0,0.0,0.0,1.0
353081,0,1,3400,-56,56,943,8.6,29,0.50,18400.000000,0,27,8.5,0.0,0.0,0.0,0.0,0.0,0.0,1.0
353330,0,1,3400,-56,56,944,3.0,29,0.50,11360.000000,0,27,8.5,0.0,0.0,0.0,0.0,0.0,0.0,1.0
353579,0,1,3400,-56,56,941,4.2,29,0.50,5824.000000,0,27,8.5,0.0,0.0,0.0,0.0,0.0,0.0,1.0
353828,0,1,3400,-56,56,942,9.2,29,0.50,10304.000000,0,27,13,0.0,23488.000000,0,0.0,0.0,0.0,1.0
354077,0,1,3400,-56,56,942,10,29,0.50,5152.000000,0,27,14,0.0,0.0,0.0,0.0,0.0,0.0,1.0
354326,0,1,3400,-56,56,940,17,29,0.50,10304.000000,0,27,14,0.0,0.0,0.0,0.0,0.0,0.0,1.0
354575,0,1,3400,-56,56,942,16,29,0.50,34784.000000,0,27,14,0.0,0.0,0.0,0.0,0.0,0.0,1.0
354824,0,1,3400,-56,56,942,20,29,0.50,5152.000000,0,27,13,186,0.0,0,0.0,0.0,0.0,1.0
355073,0,1,3400,-56,56,938,20,29,0.50,0.0,0.0,27,12,0.0,22464.000000,0,0.0,0.0,0.0,1.0
355322,0,1,3400,-56,56,937,11,29,0.50,18400.000000,0,27,12,0.0,0.0,0.0,0.0,0.0,0.0,1.0
355571,0,1,3400,-56,56,940,17,29,0.50,15456.000000,0,27,12,186,0.0,0.0,0.0,0.0,0.0,1.0
355820,0,1,3400,-56,56,946,18,29,0.50,10720.000000,0,27,12,0.0,24000.000000,0,0.0,0.0,0.0,1.0
356069,0,1,3400,-56,56,949,9.1,29,0.50,5824.000000,0,27,12,0.0,0.0,0.0,0.0,0.0,0.0,1.0
356318,0,1,3400,-56,56,951,10,29,0.50,20608.000000,0,27,12,0.0,0.0,0.0,0.0,0.0,0.0,1.0
356567,0,1,3400,-56,56,949,11,29,0.50,10304.000000,0,27,12,0.0,0.0,0.0,0.0,0.0,0.0,1.0
356816,0,1,3400,-56,56,946,14,29,0.50,20608.000000,0,27,15,0.0,168288.000000,0,0.0,0.0,0.0,1.0
357065,0,1,3400,-56,56,943,10,29,0.50,28704.000000,0,27,16,0.0,0.0,0.0,0.0,0.0,0.0,1.0
357314,0,1,3400,-56,56,945,0.0,29,0.50,0.0,0.0,27,16,0.0,0.0,0.0,0.0,0.0,0.0,1.0
357563,0,1,3400,-56,56,945,6.6,29,0.50,21376.000000,0,27,16,0.0,0.0,0.0,0.0,0.0,0.0,1.0
357812,0,1,3400,-56,56,947,7.6,29,0.50,36256.000000,0,27,14,0.0,23488.000000,0,0.0,0.0,0.0,1.0
358061,0,1,3400,-56,56,940,18,29,0.50,5152.000000,0,27,14,0.0,0.0,0.0,0.0,0.0,0.0,1.0
358310,0,1,3400,-56,56,941,18,29,0.50,10304.000000,0,27,14,0.0,0.0,0.0,0.0,0.0,0.0,1.0
358559,0,1,3400,-56,56,941,13,29,0.50,24704.000000,0,27,14,0.0,0.0,0.0,0.0,0.0,0.0,1.0
358808,0,1,3400,-56,56,941,8.8,29,0.50,11776.000000,0,27,14,0.0,23488.000000,0,0.0,0.0,0.0,1.0
359057,0,1,3400,-56,56,940,15,29,0.50,26272.000000,0,27,14,0.0,0.0,0.0,0.0,0.0,0.0,1.0
359306,0,1,3400,-56,56,941,13,29,0.50,33184.000000,0,27,13,0.0,0.0,0.0,0.0,0.0,0.0,1.0
359555,0,1,3400,-56,56,937,5.2,29,0.50,16512.000000,0,27,14,0.0,0.0,0.0,0.0,0.0,0.0,1.0
359804,0,1,3400,-56,56,942,8.2,29,0.50,15456.000000,0,27,14,0.0,23488.000000,0,0.0,0.0,0.0,1.0
360053,0,1,3400,-56,56,947,18,29,0.50,0.0,0.0,27,14,0.0,0.0,0.0,0.0,0.0,0.0,1.0
360302,0,1,3400,-56,56,944,13,29,0.50,24224.000000,0,27,14,0.0,0.0,0.0,0.0,0.0,0.0,1.0
360551,0,1,3400,-56,56,941,9.4,29,0.50,23936.000000,0,27,14,186,0.0,0.0,0.0,0.0,0.0,1.0
360800,0,1,3400,-56,56,942,5.2,29,0.50,32640.000000,0,27,14,0.0,23488.000000,0,0.0,0.0,0.0,1.0
361049,0,1,3400,-56,56,947,9.0,29,0.50,5152.000000,0,27,14,0.0,0.0,0.0,0.0,0.0,0.0,1.0
361298,0,1,3400,-56,56,944,6.5,29,0.50,11072.000000,0,27,14,0.0,0.0,0.0,0.0,0.0,0.0,1.0
361547,0,1,3400,-56,56,941,4.0,29,0.50,9504.000000,0,27,13,186,0.0,0.0,0.0,0.0,0.0,1.0
361796,0,1,3400,-56,56,944,2.4,29,0.50,27328.000000,0,27,12,0.0,23744.000000,0,0.0,0.0,0.0,1.0
362045,0,1,3400,-56,56,941,17,29,0.50,15456.000000,0,27,12,0.0,0.0,0.0,0.0,0.0,0.0,1.0
362294,0,1,3400,-56,56,940,14,29,0.50,18400.000000,0,27,12,0.0,0.0,0.0,0.0,0.0,0.0,1.0
362543,0,1,3400,-56,56,943,0.36,29,0.50,26496.000000,0,27,11,0.0,0.0,0.0,0.0,0.0,0.0,1.0
362792,0,1,3400,-56,56,938,7.5,29,0.50,18400.000000,0,27,13,0.0,23488.000000,0,0.0,0.0,0.0,1.0
363041,0,1,3400,-56,56,938,2.2,29,0.50,28000.000000,0,27,14,0.0,0.0,0.0,0.0,0.0,0.0,1.0
363290,0,1,3400,-56,56,943,4.9,29,0.50,22880.000000,0,27,13,0.0,0.0,0.0,0.0,0.0,0.0,1.0
363539,0,1,3400,-56,56,945,6.0,29,0.50,12032.000000,0,27,14,0.0,0.0,0.0,0.0,0.0,0.0,1.0
363788,0,1,3400,-56,56,949,8.6,29,0.50,5152.000000,0,27,14,0.0,23488.000000,0,0.0,0.0,0.0,1.0
364037,0,1,3400,-56,56,947,5.0,29,0.50,8096.000000,0,27,14,0.0,0.0,0.0,0.0,0.0,0.0,1.0
364286,0,1,3400,-56,56,942,8.6,29,0.50,10304.000000,0,27,14,0.0,0.0,0.0,0.0,0.0,0.0,1.0
364535,0,1,3400,-56,56,939,10,29,0.50,5472.000000,0,27,14,0.0,0.0,0.0,0.0,0.0,0.0,1.0
364784,0,1,3400,-56,56,942,12,29,0.50,16128.000000,0,27,14,0.0,23488.000000,0,0.0,0.0,0.0,1.0
365033,0,1,3400,-56,56,949,18,29,0.50,5152.000000,0,27,14,0.0,0.0,0.0,0.0,0.0,0.0,1.0
365282,0,1,3400,-56,56,949,14,29,0.50,12256.000000,0,27,14,0.0,0.0,0.0,0.0,0.0,0.0,1.0
365531,0,1,3400,-56,56,945,6.5,29,0.50,5152.000000,0,27,14,0.0,0.0,0.0,0.0,0.0,0.0,1.0
365780,0,1,3400,-56,56,946,13,29,0.50,30624.000000,0,27,12,0.0,22464.000000,0,0.0,0.0,0.0,1.0
366029,0,1,3400,-56,56,941,18,29,0.50,10304.000000,0,27,12,0.0,0.0,0.0,0.0,0.0,0.0,1.0
366278,0,1,3400,-56,56,944,18,29,0.50,5152.000000,0,27,12,0.0,0.0,0.0,0.0,0.0,0.0,1.0
366527,0,1,3400,-56,56,946,18,29,0.50,5152.000000,0,27,12,0.0,0.0,0.0,0.0,0.0,0.0,1.0
366776,0,1,3400,-56,56,946,18,29,0.50,0.0,0.0,27,12,0.0,0.0,0.0,0.0,0.0,0.0,1.0
367025,0,1,3400,-56,56,945,18,29,0.50,10304.000000,0,27,13,0.0,23488.000000,0,0.0,0.0,0.0,1.0
367274,0,1,3400,-56,56,948,18,29,0.50,10304.000000,0,27,14,0.0,0.0,0.0,0.0,0.0,0.0,1.0
367523,0,1,3400,-56,56,944,12,29,0.50,11648.000000,0,27,14,0.0,0.0,0.0,0.0,0.0,0.0,1.0
367772,0,1,3400,-56,56,944,15,29,0.50,10304.000000,0,27,14,0.0,23488.000000,0,0.0,0.0,0.0,1.0
368021,0,1,3400,-56,56,944,7.3,29,0.50,11360.000000,0,27,14,0.0,0.0,0.0,0.0,0.0,0.0,1.0
368270,0,1,3400,-56,56,943,10,29,0.50,15456.000000,0,27,14,0.0,0.0,0.0,0.0,0.0,0.0,1.0
368519,0,1,3400,-56,56,946,18,29,0.50,10304.000000,0,27,14,0.0,0.0,0.0,0.0,0.0,0.0,1.0
368768,0,1,3400,-56,56,943,18,29,0.50,10304.000000,0,27,14,0.0,23488.000000,0,0.0,0.0,0.0,1.0
369017,0,1,3400,-56,56,946,18,29,0.50,5152.000000,0,27,14,0.0,0.0,0.0,0.0,0.0,0.0,1.0
369266,0,1,3400,-56,56,941,18,29,0.50,10464.000000,0,27,14,0.0,0.0,0.0,0.0,0.0,0.0,1.0
369515,0,1,3400,-56,56,943,14,29,0.50,20768.000000,0,27,14,0.0,0.0,0.0,0.0,0.0,0.0,1.0
369764,0,1,3400,-56,56,937,18,29,0.50,10304.000000,0,27,13,0.0,21952.000000,0,0.0,0.0,0.0,1.0
370013,0,1,3400,-56,56,936,18,29,0.50,10304.000000,0,27,13,0.0,0.0,0.0,0.0,0.0,0.0,1.0
370262,0,1,3400,-56,56,939,9.4,29,0.50,5824.000000,0,27,13,0.0,0.0,0.0,0.0,0.0,0.0,1.0
370511,0,1,3400,-56,56,945,9.7,29,0.50,5152.000000,0,27,13,0.0,0.0,0.0,0.0,0.0,0.0,1.0
370760,0,1,3400,-56,56,948,12,29,0.50,5152.000000,0,27,13,186,0.0,0,0.0,0.0,0.0,1.0
371009,0,1,3400,-56,56,945,18,29,0.50,5152.000000,0,27,14,0.0,23488.000000,0,0.0,0.0,0.0,1.0
371258,0,1,3400,-56,56,939,12,29,0.50,23552.000000,0,27,13,0.0,0.0,0.0,0.0,0.0,0.0,1.0
371507,0,1,3400,-56,56,940,18,29,0.50,0.0,0.0,27,14,0.0,0.0,0.0,0.0,0.0,0.0,1.0
371756,0,1,3400,-56,56,939,11,29,0.50,10688.000000,0,27,14,0.0,23488.000000,0,0.0,0.0,0.0,1.0
372005,0,1,3400,-56,56,946,16,29,0.50,5152.000000,0,27,14,0.0,0.0,0.0,0.0,0.0,0.0,1.0
372254,0,1,3400,-56,56,940,20,29,0.50,17088.000000,0,27,14,0.0,0.0,0.0,0.0,0.0,0.0,1.0
372503,0,1,3400,-56,56,946,6.3,29,0.50,39136.000000,0,27,14,0.0,0.0,0.0,0.0,0.0,0.0,1.0
372752,0,1,3400,-56,56,945,2.6,29,0.50,8096.000000,0,27,14,0.0,23488.000000,0,0.0,0.0,0.0,1.0
373001,0,1,3400,-56,56,942,7.4,29,0.50,10304.000000,0,27,14,0.0,0.0,0.0,0.0,0.0,0.0,1.0
373250,0,1,3400,-56,56,940,9.0,29,0.50,0.0,0.0,27,14,0.0,0.0,0.0,0.0,0.0,0.0,1.0
373499,0,1,3400,-56,56,942,11,29,0.50,20992.000000,0,27,14,0.0,0.0,0.0,0.0,0.0,0.0,1.0
373748,0,1,3400,-56,56,944,13,29,0.50,15456.000000,0,27,14,0.0,23488.000000,0,0.0,0.0,0.0,1.0
373997,0,1,3400,-56,56,942,18,29,0.50,5152.000000,0,27,14,0.0,0.0,0.0,0.0,0.0,0.0,1.0
374246,0,1,3400,-56,56,948,9.5,29,0.50,20640.000000,0,27,13,0.0,0.0,0.0,0.0,0.0,0.0,1.0
374495,0,1,3400,-56,56,942,8.2,29,0.50,29632.000000,0,27,14,0.0,0.0,0.0,0.0,0.0,0.0,1.0
374744,0,1,3400,-56,56,940,5.0,29,0.50,9408.000000,0,27,14,0.0,23488.000000,0,0.0,0.0,0.0,1.0
374993,0,1,3400,-56,56,943,10,29,0.50,10976.000000,0,27,14,0.0,0.0,0.0,0.0,0.0,0.0,1.0
375242,0,1,3400,-56,56,950,12,29,0.50,15456.000000,0,27,14,0.0,0.0,0.0,0.0,0.0,0.0,1.0
375491,0,1,3400,-56,56,943,18,29,0.50,20608.000000,0,27,14,0.0,0.0,0.0,0.0,0.0,0.0,1.0
375740,0,1,3400,-56,56,938,18,29,0.50,15456.000000,0,27,13,0.0,18368.000000,0,0.0,0.0,0.0,1.0
375989,0,1,3400,-56,56,940,5.0,29,0.50,11072.000000,0,27,12,0.0,0.0,0.0,0.0,0.0,0.0,1.0
376238,0,1,3400,-56,56,947,10,29,0.50,10304.000000,0,27,12,0.0,0.0,0.0,0.0,0.0,0.0,1.0
376487,0,1,3400,-56,56,945,12,29,0.50,10304.000000,0,27,12,0.0,0.0,0.0,0.0,0.0,0.0,1.0
376736,0,1,3400,-56,56,942,7.4,29,0.50,24384.000000,0,27,13,0.0,23488.000000,0,0.0,0.0,0.0,1.0
376985,0,1,3400,-56,56,944,14,29,0.50,20608.000000,0,27,14,0.0,0.0,0.0,0.0,0.0,0.0,1.0
377234,0,1,3400,-56,56,942,18,29,0.50,10304.000000,0,27,14,0.0,0.0,0.0,0.0,0.0,0.0,1.0
377483,0,1,3400,-56,56,940,17,29,0.50,26176.000000,0,27,14,0.0,0.0,0.0,0.0,0.0,0.0,1.0
377732,0,1,3400,-56,56,941,18,29,0.50,10304.000000,0,27,11,0.0,18624.000000,0,0.0,0.0,0.0,1.0
377981,0,1,3400,-56,56,942,18,29,0.50,20608.000000,0,27,10,0.0,0.0,0.0,0.0,0.0,0.0,1.0
378230,0,1,3400,-56,56,947,10,29,0.50,17312.000000,0,27,10.0,0.0,0.0,0.0,0.0,0.0,0.0,1.0
378479,0,1,3400,-56,56,952,0.0,29,0.50,1760.000000,0,27,10,0.0,0.0,0.0,0.0,0.0,0.0,1.0
378728,0,1,3400,-56,56,945,3.5,29,0.50,5152.000000,0,27,11,0.0,18368.000000,0,0.0,0.0,0.0,1.0
378977,0,1,3400,-56,56,939,13,29,0.50,5152.000000,0,27,12,0.0,0.0,0.0,0.0,0.0,0.0,1.0
379226,0,1,3400,-56,56,939,8.1,29,0.50,5824.000000,0,27,12,0.0,0.0,0.0,0.0,0.0,0.0,1.0
379475,0,1,3400,-56,56,946,7.5,29,0.50,15456.000000,0,27,12,0.0,0.0,0.0,0.0,0.0,0.0,1.0
379724,0,1,3400,-56,56,949,13,29,0.50,20160.000000,0,27,13,0.0,23488.000000,0,0.0,0.0,0.0,1.0
379973,0,1,3400,-56,56,942,0.85,29,0.50,36128.000000,0,27,14,0.0,0.0,0.0,0.0,0.0,0.0,1.0
380222,0,1,3400,-56,56,941,9.0,29,0.50,10304.000000,0,27,14,0.0,0.0,0.0,0.0,0.0,0.0,1.0
380471,0,1,3400,-56,56,949,18,29,0.50,5152.000000,0,27,14,0.0,0.0,0.0,0.0,0.0,0.0,1.0
380720,0,1,3400,-56,56,945,11,29,0.50,11072.000000,0,27,13,0.0,18880.000000,0,0.0,0.0,0.0,1.0
380969,0,1,3400,-56,56,941,4.7,29,0.50,16832.000000,0,27,11,0.0,0.0,0.0,0.0,0.0,0.0,1.0
381218,0,1,3400,-56,56,945,4.5,29,0.50,0.0,0.0,27,11,0.0,0.0,0.0,0.0,0.0,0.0,1.0
381467,0,1,3400,-56,56,944,12,29,0.50,15456.000000,0,27,11,0.0,0.0,0.0,0.0,0.0,0.0,1.0
381716,0,1,3400,-56,56,948,11,29,0.50,20992.000000,0,27,12,0.0,24000.000000,0,0.0,0.0,0.0,1.0
381965,0,1,3400,-56,56,945,18,29,0.50,25760.000000,0,27,12,0.0,0.0,0.0,0.0,0.0,0.0,1.0
382214,0,1,3400,-56,56,945,9.0,29,0.50,18400.000000,0,27,12,0.0,0.0,0.0,0.0,0.0,0.0,1.0
382463,0,1,3400,-56,56,941,8.8,29,0.50,18400.000000,0,27,12,0.0,0.0,0.0,0.0,0.0,0.0,1.0
382712,0,1,3400,-56,56,938,10,29,0.50,15456.000000,0,27,13,0.0,23488.000000,0,0.0,0.0,0.0,1.0
382961,0,1,3400,-56,56,939,5.8,29,0.50,18400.000000,0,27,14,0.0,0.0,0.0,0.0,0.0,0.0,1.0
383210,0,1,3400,-56,56,940,9.0,29,0.50,0.0,0.0,27,14,0.0,0.0,0.0,0.0,0.0,0.0,1.0
383459,0,1,3400,-56,56,944,7.9,29,0.50,8096.000000,0,27,14,0.0,0.0,0.0,0.0,0.0,0.0,1.0
383708,0,1,3400,-56,56,939,5.7,29,0.50,31584.000000,0,27,13,0.0,21952.000000,0,0.0,0.0,0.0,1.0
383957,0,1,3400,-56,56,944,4.0,29,0.50,19168.000000,0,27,13,0.0,0.0,0.0,0.0,0.0,0.0,1.0
384206,0,1,3400,-56,56,945,8.4,29,0.50,6656.000000,0,27,13,0.0,0.0,0.0,0.0,0.0,0.0,1.0
384455,0,1,3400,-56,56,949,17,29,0.50,41216.000000,0,27,13,0.0,0.0,0.0,0.0,0.0,0.0,1.0
384704,0,1,3400,-56,56,945,18,29,0.50,10304.000000,0,27,13,0.0,23488.000000,0,0.0,0.0,0.0,1.0
384953,0,1,3400,-56,56,940,18,29,0.50,0.0,0.0,27,14,0.0,0.0,0.0,0.0,0.0,0.0,1.0
385202,0,1,3400,-56,56,945,18,29,0.50,5152.000000,0,27,14,0.0,0.0,0.0,0.0,0.0,0.0,1.0
385451,0,1,3400,-56,56,942,17,29,0.50,5312.000000,0,27,14,0.0,0.0,0.0,0.0,0.0,0.0,1.0
385700,0,1,3400,-56,56,943,10,29,0.50,21376.000000,0,27,14,0.0,23488.000000,0,0.0,0.0,0.0,1.0
385949,0,1,3400,-56,56,943,5.8,29,0.50,13248.000000,0,27,13,0.0,0.0,0.0,0.0,0.0,0.0,1.0
386198,0,1,3400,-56,56,943,8.5,29,0.50,10880.000000,0,27,14,0.0,0.0,0.0,0.0,0.0,0.0,1.0
386447,0,1,3400,-56,56,942,8.2,29,0.50,5536.000000,0,27,14,0.0,0.0,0.0,0.0,0.0,0.0,1.0
386696,0,1,3400,-56,56,941,9.7,29,0.50,10304.000000,0,27,13,0.0,21952.000000,0,0.0,0.0,0.0,1.0
386945,0,1,3400,-56,56,939,9.9,29,0.50,20992.000000,0,27,13,0.0,0.0,0.0,0.0,0.0,0.0,1.0
387194,0,1,3400,-56,56,940,8.6,29,0.50,8096.000000,0,27,13,0.0,0.0,0.0,0.0,0.0,0.0,1.0
387443,0,1,3400,-56,56,943,2.5,29,0.50,10976.000000,0,27,13,0.0,0.0,0.0,0.0,0.0,0.0,1.0
387692,0,1,3400,-56,56,950,10,29,0.50,13248.000000,0,27,11,0.0,15808.000000,0,0.0,0.0,0.0,1.0
387941,0,1,3400,-56,56,943,0.0,29,0.50,8096.000000,0,27,10,0.0,0.0,0.0,0.0,0.0,0.0,1.0
388190,0,1,3400,-56,56,941,0.0,29,0.50,0.0,0.0,27,10,0.0,0.0,0.0,0.0,0.0,0.0,1.0
388439,0,1,3400,-56,56,936,6.0,29,0.50,14464.000000,0,27,10,0.0,0.0,0.0,0.0,0.0,0.0,1.0
388688,0,1,3400,-56,56,939,13,29,0.50,11776.000000,0,27,13,0.0,23488.000000,0,0.0,0.0,0.0,1.0
388937,0,1,3400,-56,56,938,8.1,29,0.50,10688.000000,0,27,14,0.0,0.0,0.0,0.0,0.0,0.0,1.0
389186,0,1,3400,-56,56,938,7.4,29,0.50,10976.000000,0,27,14,0.0,0.0,0.0,0.0,0.0,0.0,1.0
389435,0,1,3400,-56,56,937,11,29,0.50,10304.000000,0,27,14,0.0,0.0,0.0,0.0,0.0,0.0,1.0
389684,0,1,3400,-56,56,941,11,29,0.50,5152.000000,0,27,14,0.0,23488.000000,0,0.0,0.0,0.0,1.0
389933,0,1,3400,-56,56,939,11,29,0.50,5152.000000,0,27,14,0.0,0.0,0.0,0.0,0.0,0.0,1.0
390182,0,1,3400,-56,56,947,18,29,0.50,15456.000000,0,27,14,0.0,0.0,0.0,0.0,0.0,0.0,1.0
390431,0,1,3400,-56,56,944,11,29,0.50,27104.000000,0,27,14,0.0,0.0,0.0,0.0,0.0,0.0,1.0
390680,0,1,3400,-56,56,946,4.9,29,0.50,36480.000000,0,27,13,0.0,21952.000000,0,0.0,0.0,0.0,1.0
390929,0,1,3400,-56,56,951,2.7,29,0.50,13248.000000,0,27,13,0.0,0.0,0.0,0.0,0.0,0.0,1.0
391178,0,1,3400,-56,56,944,7.9,29,0.50,10976.000000,0,27,13,0.0,0.0,0.0,0.0,0.0,0.0,1.0
391427,0,1,3400,-56,56,941,5.2,29,0.50,5536.000000,0,27,13,0.0,0.0,0.0,0.0,0.0,0.0,1.0
391676,0,1,3400,-56,56,936,14,29,0.50,15456.000000,0,27,12,0.0,18368.000000,0,0.0,0.0,0.0,1.0
391925,0,1,3400,-56,56,942,18,29,0.50,0.0,0.0,27,12,0.0,0.0,0.0,0.0,0.0,0.0,1.0
392174,0,1,3400,-56,56,942,18,29,0.50,5152.000000,0,27,12,0.0,0.0,0.0,0.0,0.0,0.0,1.0
392423,0,1,3400,-56,56,948,18,29,0.50,15456.000000,0,27,12,0.0,0.0,0.0,0.0,0.0,0.0,1.0
392672,0,1,3400,-56,56,951,18,29,0.50,5152.000000,0,27,13,0.0,23488.000000,0,0.0,0.0,0.0,1.0
392921,0,1,3400,-56,56,947,18,29,0.50,10304.000000,0,27,14,0.0,0.0,0.0,0.0,0.0,0.0,1.0
393170,0,1,3400,-56,56,938,18,29,0.50,5152.000000,0,27,14,0.0,0.0,0.0,0.0,0.0,0.0,1.0
393419,0,1,3400,-56,56,938,18,29,0.50,10304.000000,0,27,14,0.0,0.0,0.0,0.0,0.0,0.0,1.0
393668,0,1,3400,-56,56,947,13,29,0.50,8096.000000,0,27,13,186,0.0,0,0.0,0.0,0.0,1.0
393917,0,1,3400,-56,56,949,12,29,0.50,33120.000000,0,27,13,0.0,21952.000000,0,0.0,0.0,0.0,1.0
394166,0,1,3400,-56,56,943,17,29,0.50,10304.000000,0,27,13,0.0,0.0,0.0,0.0,0.0,0.0,1.0
394415,0,1,3400,-56,56,944,6.7,29,0.50,13248.000000,0,27,13,0.0,0.0,0.0,0.0,0.0,0.0,1.0
394664,0,1,3400,-56,56,945,17,29,0.50,5152.000000,0,27,13,0.0,21952.000000,0,0.0,0.0,0.0,1.0
394913,0,1,3400,-56,56,941,18,29,0.50,0.0,0.0,27,13,0.0,0.0,0.0,0.0,0.0,0.0,1.0
395162,0,1,3400,-56,56,943,18,29,0.50,10304.000000,0,27,13,0.0,0.0,0.0,0.0,0.0,0.0,1.0
395411,0,1,3400,-56,56,939,18,29,0.50,5152.000000,0,27,13,0.0,0.0,0.0,0.0,0.0,0.0,1.0
395660,0,1,3400,-56,56,940,18,29,0.50,5152.000000,0,27,13,0.0,23488.000000,0,0.0,0.0,0.0,1.0
395909,0,1,3400,-56,56,941,18,29,0.50,10304.000000,0,27,14,0.0,0.0,0.0,0.0,0.0,0.0,1.0
396158,0,1,3400,-56,56,943,18,29,0.50,15456.000000,0,27,14,0.0,0.0,0.0,0.0,0.0,0.0,1.0
396407,0,1,3400,-56,56,940,12,29,0.50,21664.000000,0,27,14,0.0,0.0,0.0,0.0,0.0,0.0,1.0
396656,0,1,3400,-56,56,941,17,29,0.50,20608.000000,0,27,13,0.0,21952.000000,0,0.0,0.0,0.0,1.0
396905,0,1,3400,-56,56,942,12,29,0.50,17472.000000,0,27,13,0.0,0.0,0.0,0.0,0.0,0.0,1.0
397154,0,1,3400,-56,56,939,10,29,0.50,15456.000000,0,27,13,0.0,0.0,0.0,0.0,0.0,0.0,1.0
397403,0,1,3400,-56,56,942,19,29,0.50,37696.000000,0,27,13,0.0,0.0,0.0,0.0,0.0,0.0,1.0
397652,0,1,3400,-56,56,946,14,29,0.50,27488.000000,0,27,13,0.0,21952.000000,0,0.0,0.0,0.0,1.0
397901,0,1,3400,-56,56,941,9.3,29,0.50,10304.000000,0,27,13,0.0,0.0,0.0,0.0,0.0,0.0,1.0
398150,0,1,3400,-56,56,941,13,29,0.50,10976.000000,0,27,13,0.0,0.0,0.0,0.0,0.0,0.0,1.0
398399,0,1,3400,-56,56,938,13,29,0.50,10304.000000,0,27,13,0.0,0.0,0.0,0.0,0.0,0.0,1.0
398648,0,1,3400,-56,56,942,12,29,0.50,34240.000000,0,27,13,0.0,23488.000000,0,0.0,0.0,0.0,1.0
398897,0,1,3400,-56,56,940,8.0,29,0.50,10976.000000,0,27,13,0.0,0.0,0.0,0.0,0.0,0.0,1.0
399146,0,1,3400,-56,56,939,3.1,29,0.50,23200.000000,0,27,14,0.0,0.0,0.0,0.0,0.0,0.0,1.0
399395,0,1,3400,-56,56,936,6.7,29,0.50,10304.000000,0,27,14,0.0,0.0,0.0,0.0,0.0,0.0,1.0
399644,0,1,3400,-56,56,942,19,29,0.60,23200.000000,0,27,13,0.0,21952.000000,0,0.0,0.0,0.0,1.0
399893,0,1,3400,-56,56,941,7.0,29,0.50,16608.000000,0,27,13,0.0,0.0,0.0,0.0,0.0,0.0,1.0
400142,0,1,3400,-56,56,941,12,29,0.50,15456.000000,0,27,13,0.0,0.0,0.0,0.0,0.0,0.0,1.0
400391,0,1,3400,-56,56,944,8.2,29,0.50,15680.000000,0,27,13,0.0,0.0,0.0,0.0,0.0,0.0,1.0
400640,0,1,3400,-56,56,946,5.7,29,0.50,5152.000000,0,27,13,0.0,23488.000000,0,0.0,0.0,0.0,1.0
400889,0,1,3400,-56,56,945,6.2,29,0.50,5824.000000,0,27,14,0.0,0.0,0.0,0.0,0.0,0.0,1.0
401138,0,1,3400,-56,56,939,5.0,29,0.50,0.0,0.0,27,14,0.0,0.0,0.0,0.0,0.0,0.0,1.0
401387,0,1,3400,-56,56,942,9.5,29,0.50,23552.000000,0,27,14,186,0.0,0.0,0.0,0.0,0.0,1.0
401636,0,1,3400,-56,56,942,1.2,29,0.50,13248.000000,0,27,14,0.0,23488.000000,0,0.0,0.0,0.0,1.0
401885,0,1,3400,-56,56,942,9.6,29,0.50,15456.000000,0,27,14,0.0,0.0,0.0,0.0,0.0,0.0,1.0
402134,0,1,3400,-56,56,945,18,29,0.50,10304.000000,0,27,14,0.0,0.0,0.0,0.0,0.0,0.0,1.0
402383,0,1,3400,-56,56,944,18,29,0.50,5152.000000,0,27,14,0.0,0.0,0.0,0.0,0.0,0.0,1.0
402632,0,1,3400,-56,56,942,18,29,0.50,5152.000000,0,27,14,0.0,23488.000000,0,0.0,0.0,0.0,1.0
402881,0,1,3400,-56,56,949,8.4,29,0.50,28704.000000,0,27,14,0.0,0.0,0.0,0.0,0.0,0.0,1.0
403130,0,1,3400,-56,56,949,18,29,0.50,15456.000000,0,27,14,0.0,0.0,0.0,0.0,0.0,0.0,1.0
403379,0,1,3400,-56,56,951,18,29,0.50,15456.000000,0,27,14,0.0,0.0,0.0,0.0,0.0,0.0,1.0
403628,0,1,3400,-56,56,942,6.8,29,0.50,7744.000000,0,27,14,0.0,23488.000000,0,0.0,0.0,0.0,1.0
403877,0,1,3400,-56,56,942,8.7,29,0.50,26848.000000,0,27,14,0.0,0.0,0.0,0.0,0.0,0.0,1.0
404126,0,1,3400,-56,56,939,17,29,0.50,18624.000000,0,27,14,0.0,0.0,0.0,0.0,0.0,0.0,1.0
404375,0,1,3400,-56,56,940,0.0,29,0.50,4928.000000,0,27,13,0.0,0.0,0.0,0.0,0.0,0.0,1.0
404624,0,1,3400,-56,56,943,9.0,29,0.50,15456.000000,0,27,12,0.0,18368.000000,0,0.0,0.0,0.0,1.0
404873,0,1,3400,-56,56,943,14,29,0.50,7264.000000,0,27,12,0.0,0.0,0.0,0.0,0.0,0.0,1.0
405122,0,1,3400,-56,56,940,9.7,29,0.50,16928.000000,0,27,12,0.0,0.0,0.0,0.0,0.0,0.0,1.0
405371,0,1,3400,-56,56,942,13,29,0.50,16224.000000,0,27,12,0.0,0.0,0.0,0.0,0.0,0.0,1.0
405620,0,1,3400,-56,56,943,12,29,0.50,15456.000000,0,27,13,0.0,23488.000000,0,0.0,0.0,0.0,1.0
405869,0,1,3400,-56,56,949,12,29,0.50,17088.000000,0,27,14,0.0,0.0,0.0,0.0,0.0,0.0,1.0
406118,0,1,3400,-56,56,948,16,29,0.50,0.0,0.0,27,14,0.0,0.0,0.0,0.0,0.0,0.0,1.0
406367,0,1,3400,-56,56,941,13,29,0.50,5312.000000,0,27,14,0.0,0.0,0.0,0.0,0.0,0.0,1.0
406616,0,1,3400,-56,56,942,13,29,0.50,5152.000000,0,27,13,0.0,18368.000000,0,0.0,0.0,0.0,1.0
406865,0,1,3400,-56,56,948,15,29,0.50,15456.000000,0,27,12,0.0,0.0,0.0,0.0,0.0,0.0,1.0
407114,0,1,3400,-56,56,942,18,29,0.50,10304.000000,0,27,12,0.0,0.0,0.0,0.0,0.0,0.0,1.0
407363,0,1,3400,-56,56,946,18,29,0.50,5152.000000,0,27,12,0.0,0.0,0.0,0.0,0.0,0.0,1.0
407612,0,1,3400,-56,56,945,0.79,29,0.50,16192.000000,0,27,13,0.0,23488.000000,0,0.0,0.0,0.0,1.0
407861,0,1,3400,-56,56,940,12,29,0.50,25760.000000,0,27,14,0.0,0.0,0.0,0.0,0.0,0.0,1.0
408110,0,1,3400,-56,56,945,17,29,0.50,10784.000000,0,27,14,0.0,0.0,0.0,0.0,0.0,0.0,1.0
408359,0,1,3400,-56,56,941,8.6,29,0.50,18592.000000,0,27,14,186,0.0,0.0,0.0,0.0,0.0,1.0
408608,0,1,3400,-56,56,940,8.7,29,0.50,10304.000000,0,27,13,0.0,21952.000000,0,0.0,0.0,0.0,1.0
408857,0,1,3400,-56,56,935,12,29,0.50,22784.000000,0,27,13,0.0,0.0,0.0,0.0,0.0,0.0,1.0
409106,0,1,3400,-56,56,942,14,29,0.50,15456.000000,0,27,13,0.0,0.0,0.0,0.0,0.0,0.0,1.0
409355,0,1,3400,-56,56,946,18,29,0.50,20608.000000,0,27,13,0.0,0.0,0.0,0.0,0.0,0.0,1.0
409604,0,1,3400,-56,56,947,18,29,0.50,15456.000000,0,27,13,0.0,23488.000000,0,0.0,0.0,0.0,1.0
409853,0,1,3400,-56,56,946,18,29,0.50,15456.000000,0,27,14,0.0,0.0,0.0,0.0,0.0,0.0,1.0
410102,0,1,3400,-56,56,946,18,29,0.50,5152.000000,0,27,14,0.0,0.0,0.0,0.0,0.0,0.0,1.0
410351,0,1,3400,-56,56,943,18,29,0.50,10304.000000,0,27,14,0.0,0.0,0.0,0.0,0.0,0.0,1.0
410600,0,1,3400,-56,56,943,9.9,29,0.50,20352.000000,0,27,13,0.0,24000.000000,0,0.0,0.0,0.0,1.0
410849,0,1,3400,-56,56,942,14,29,0.50,10304.000000,0,27,12,0.0,0.0,0.0,0.0,0.0,0.0,1.0
411098,0,1,3400,-56,56,942,14,29,0.50,16192.000000,0,27,12,0.0,0.0,0.0,0.0,0.0,0.0,1.0
411347,0,1,3400,-56,56,943,12,29,0.50,25760.000000,0,27,12,0.0,0.0,0.0,0.0,0.0,0.0,1.0
411596,0,1,3400,-56,56,942,16,29,0.50,8096.000000,0,27,12,186,0.0,0,0.0,0.0,0.0,1.0
411845,0,1,3400,-56,56,946,0.0,29,0.50,0.0,0.0,27,15,0.0,168800.000000,0,0.0,0.0,0.0,1.0
412094,0,1,3400,-56,56,941,5.8,29,0.50,14880.000000,0,27,16,0.0,0.0,0.0,0.0,0.0,0.0,1.0
412343,0,1,3400,-56,56,942,14,29,0.50,25152.000000,0,27,16,0.0,11936.000000,0,0.0,0.0,0.0,1.0
412592,0,1,3400,-56,56,937,15,29,0.50,13248.000000,0,27,14,0.0,24000.000000,0,0.0,0.0,0.0,1.0
412841,0,1,3400,-56,56,941,5.2,29,0.50,21312.000000,0,27,12,0.0,0.0,0.0,0.0,0.0,0.0,1.0
413090,0,1,3400,-56,56,949,11,29,0.50,16704.000000,0,27,12,0.0,0.0,0.0,0.0,0.0,0.0,1.0
413339,0,1,3400,-56,56,944,7.8,29,0.50,7296.000000,0,27,12,0.0,0.0,0.0,0.0,0.0,0.0,1.0
413588,0,1,3400,-56,56,943,7.0,29,0.50,5152.000000,0,27,13,0.0,21952.000000,0,0.0,0.0,0.0,1.0
413837,0,1,3400,-56,56,939,15,29,0.50,10304.000000,0,27,13,0.0,0.0,0.0,0.0,0.0,0.0,1.0
414086,0,1,3400,-56,56,943,18,29,0.50,5152.000000,0,27,13,0.0,0.0,0.0,0.0,0.0,0.0,1.0
414335,0,1,3400,-56,56,942,18,29,0.50,0.0,0.0,27,13,0.0,0.0,0.0,0.0,0.0,0.0,1.0
414584,0,1,3400,-56,56,942,13,29,0.50,16224.000000,0,27,13,0.0,23488.000000,0,0.0,0.0,0.0,1.0
414833,0,1,3400,-56,56,940,18,29,0.50,15456.000000,0,27,14,0.0,0.0,0.0,0.0,0.0,0.0,1.0
415082,0,1,3400,-56,56,938,18,29,0.50,10304.000000,0,27,14,0.0,0.0,0.0,0.0,0.0,0.0,1.0
415331,0,1,3400,-56,56,941,18,29,0.50,10304.000000,0,27,14,0.0,0.0,0.0,0.0,0.0,0.0,1.0
415580,0,1,3400,-56,56,941,16,29,0.50,15616.000000,0,27,13,0.0,18368.000000,0,0.0,0.0,0.0,1.0
415829,0,1,3400,-56,56,938,13,29,0.50,5152.000000,0,27,12,0.0,0.0,0.0,0.0,0.0,0.0,1.0
416078,0,1,3400,-56,56,942,17,29,0.50,20608.000000,0,27,12,0.0,0.0,0.0,0.0,0.0,0.0,1.0
416327,0,1,3400,-56,56,939,18,29,0.50,10304.000000,0,27,12,0.0,0.0,0.0,0.0,0.0,0.0,1.0
416576,0,1,3400,-56,56,943,18,29,0.50,15456.000000,0,27,12,0.0,23488.000000,0,0.0,0.0,0.0,1.0
416825,0,1,3400,-56,56,946,15,29,0.50,18400.000000,0,27,14,0.0,0.0,0.0,0.0,0.0,0.0,1.0
417074,0,1,3400,-56,56,939,17,29,0.50,16416.000000,0,27,14,0.0,0.0,0.0,0.0,0.0,0.0,1.0
417323,0,1,3400,-56,56,941,6.2,29,0.50,7040.000000,0,27,14,0.0,0.0,0.0,0.0,0.0,0.0,1.0
417572,0,1,3400,-56,56,940,17,29,0.50,30912.000000,0,27,13,0.0,21952.000000,0,0.0,0.0,0.0,1.0
417821,0,1,3400,-56,56,954,16,29,0.50,6624.000000,0,27,13,0.0,0.0,0.0,0.0,0.0,0.0,1.0
418070,0,1,3400,-56,56,943,11,29,0.50,10304.000000,0,27,13,0.0,0.0,0.0,0.0,0.0,0.0,1.0
418319,0,1,3400,-56,56,942,18,29,0.50,10304.000000,0,27,13,0.0,0.0,0.0,0.0,0.0,0.0,1.0
418568,0,1,3400,-56,56,943,18,29,0.50,0.0,0.0,27,13,0.0,0.0,0.0,0.0,0.0,0.0,1.0
418817,0,1,3400,-56,56,942,18,29,0.50,5152.000000,0,27,11,0.0,15808.000000,0,0.0,0.0,0.0,1.0
419066,0,1,3400,-56,56,941,7.2,29,0.50,10688.000000,0,27,10,0.0,0.0,0.0,0.0,0.0,0.0,1.0
419315,0,1,3400,-56,56,945,12,29,0.50,5152.000000,0,27,10,0.0,0.0,0.0,0.0,0.0,0.0,1.0
419564,0,1,3400,-56,56,939,5.7,29,0.50,29248.000000,0,27,11,0.0,18368.000000,0,0.0,0.0,0.0,1.0
419813,0,1,3400,-56,56,943,5.0,29,0.50,20544.000000,0,27,12,0.0,0.0,0.0,0.0,0.0,0.0,1.0
420062,0,1,3400,-56,56,939,1.0,29,0.50,0.0,0.0,27,12,0.0,0.0,0.0,0.0,0.0,0.0,1.0
420311,0,1,3400,-56,56,936,1.0,29,0.50,0.0,0.0,27,12,0.0,0.0,0.0,0.0,0.0,0.0,1.0
420560,0,1,3400,-56,56,945,6.8,29,0.50,5152.000000,0,27,12,0.0,21952.000000,0,0.0,0.0,0.0,1.0
420809,0,1,3400,-56,56,941,13,29,0.50,21088.000000,0,27,13,0.0,0.0,0.0,0.0,0.0,0.0,1.0
421058,0,1,3400,-56,56,950,0.68,29,0.50,19168.000000,0,27,13,0.0,0.0,0.0,0.0,0.0,0.0,1.0
421307,0,1,3400,-56,56,949,7.7,29,0.50,28416.000000,0,27,13,0.0,0.0,0.0,0.0,0.0,0.0,1.0
421556,0,1,3400,-56,56,937,0.0,29,0.50,17248.000000,0,27,12,0.0,18368.000000,0,0.0,0.0,0.0,1.0
421805,0,1,3400,-56,56,936,13,29,0.50,10304.000000,0,27,12,0.0,0.0,0.0,0.0,0.0,0.0,1.0
422054,0,1,3400,-56,56,933,7.1,29,0.50,5536.000000,0,27,12,0.0,0.0,0.0,0.0,0.0,0.0,1.0
422303,0,1,3400,-56,56,936,5.8,29,0.50,10688.000000,0,27,12,0.0,0.0,0.0,0.0,0.0,0.0,1.0
422552,0,1,3400,-56,56,938,10,29,0.50,5152.000000,0,27,13,0.0,23488.000000,0,0.0,0.0,0.0,1.0
422801,0,1,3400,-56,56,943,16,29,0.50,20768.000000,0,27,14,0.0,0.0,0.0,0.0,0.0,0.0,1.0
423050,0,1,3400,-56,56,947,14,29,0.50,5152.000000,0,27,14,0.0,0.0,0.0,0.0,0.0,0.0,1.0
423299,0,1,3400,-56,56,944,16,29,0.50,15456.000000,0,27,14,0.0,0.0,0.0,0.0,0.0,0.0,1.0
423548,0,1,3400,-56,56,942,18,29,0.50,30912.000000,0,27,14,0.0,23488.000000,0,0.0,0.0,0.0,1.0
423797,0,1,3400,-56,56,942,18,29,0.50,10304.000000,0,27,14,0.0,0.0,0.0,0.0,0.0,0.0,1.0
424046,0,1,3400,-56,56,944,18,29,0.50,5152.000000,0,27,14,0.0,0.0,0.0,0.0,0.0,0.0,1.0
424295,0,1,3400,-56,56,943,18,29,0.50,15456.000000,0,27,14,0.0,0.0,0.0,0.0,0.0,0.0,1.0
424544,0,1,3400,-56,56,945,16,29,0.50,36448.000000,0,27,13,0.0,24000.000000,0,0.0,0.0,0.0,1.0
424793,0,1,3400,-56,56,948,18,29,0.50,10304.000000,0,27,12,0.0,0.0,0.0,0.0,0.0,0.0,1.0
425042,0,1,3400,-56,56,946,13,29,0.50,16128.000000,0,27,12,0.0,17056.000000,0,0.0,0.0,0.0,1.0
425291,0,1,3400,-56,56,945,16,29,0.50,15456.000000,0,27,12,0.0,0.0,0.0,0.0,0.0,0.0,1.0
425540,0,1,3400,-56,56,939,18,29,0.50,5152.000000,0,27,12,186,0.0,0,0.0,0.0,0.0,1.0
425789,0,1,3400,-56,56,941,12,29,0.50,20992.000000,0,27,12,0.0,18368.000000,0,0.0,0.0,0.0,1.0
426038,0,1,3400,-56,56,945,18,29,0.50,0.0,0.0,27,12,0.0,0.0,0.0,0.0,0.0,0.0,1.0
426287,0,1,3400,-56,56,943,10,29,0.50,10784.000000,0,27,12,0.0,0.0,0.0,0.0,0.0,0.0,1.0
426536,0,1,3400,-56,56,941,10,29,0.50,10496.000000,0,27,13,0.0,23488.000000,0,0.0,0.0,0.0,1.0
426785,0,1,3400,-56,56,939,15,29,0.50,11008.000000,0,27,14,0.0,0.0,0.0,0.0,0.0,0.0,1.0
427034,0,1,3400,-56,56,940,7.7,29,0.50,17696.000000,0,27,13,0.0,0.0,0.0,0.0,0.0,0.0,1.0
427283,0,1,3400,-56,56,952,10,29,0.50,5312.000000,0,27,14,0.0,0.0,0.0,0.0,0.0,0.0,1.0
427532,0,1,3400,-56,56,947,12,29,0.50,0.0,0.0,27,14,0.0,0.0,0.0,0.0,0.0,0.0,1.0
427781,0,1,3400,-56,56,940,15,29,0.50,20608.000000,0,27,12,0.0,15808.000000,0,0.0,0.0,0.0,1.0
428030,0,1,3400,-56,56,942,18,29,0.50,15456.000000,0,27,10,0.0,0.0,0.0,0.0,0.0,0.0,1.0
428279,0,1,3400,-56,56,937,5.1,29,0.50,18400.000000,0,27,10,0.0,0.0,0.0,0.0,0.0,0.0,1.0
428528,0,1,3400,-56,56,946,2.5,29,0.50,5152.000000,0,27,11,0.0,23488.000000,0,0.0,0.0,0.0,1.0
428777,0,1,3400,-56,56,940,7.9,29,0.50,10688.000000,0,27,14,0.0,0.0,0.0,0.0,0.0,0.0,1.0
429026,0,1,3400,-56,56,940,16,29,0.50,20608.000000,0,27,13,0.0,0.0,0.0,0.0,0.0,0.0,1.0
429275,0,1,3400,-56,56,939,18,29,0.50,15456.000000,0,27,14,0.0,0.0,0.0,0.0,0.0,0.0,1.0
429524,0,1,3400,-56,56,935,10,29,0.50,23552.000000,0,27,14,0.0,23488.000000,0,0.0,0.0,0.0,1.0
429773,0,1,3400,-56,56,940,6.4,29,0.50,5152.000000,0,27,14,0.0,0.0,0.0,0.0,0.0,0.0,1.0
430022,0,1,3400,-56,56,943,18,29,0.50,10304.000000,0,27,14,0.0,0.0,0.0,0.0,0.0,0.0,1.0
430271,0,1,3400,-56,56,941,14,29,0.50,26528.000000,0,27,14,0.0,0.0,0.0,0.0,0.0,0.0,1.0
430520,0,1,3400,-56,56,943,9.0,29,0.50,11776.000000,0,27,13,0.0,22464.000000,0,0.0,0.0,0.0,1.0
430769,0,1,3400,-56,56,942,18,29,0.50,15456.000000,0,27,12,0.0,0.0,0.0,0.0,0.0,0.0,1.0
431018,0,1,3400,-56,56,942,18,29,0.50,5152.000000,0,27,12,0.0,0.0,0.0,0.0,0.0,0.0,1.0
431267,0,1,3400,-56,56,939,8.3,29,0.50,20640.000000,0,27,12,0.0,0.0,0.0,0.0,0.0,0.0,1.0
431516,0,1,3400,-56,56,947,3.8,29,0.50,13248.000000,0,27,13,0.0,23488.000000,0,0.0,0.0,0.0,1.0
431765,0,1,3400,-56,56,949,15,29,0.50,15456.000000,0,27,14,0.0,0.0,0.0,0.0,0.0,0.0,1.0
432014,0,1,3400,-56,56,944,18,29,0.50,5152.000000,0,27,14,0.0,0.0,0.0,0.0,0.0,0.0,1.0
432263,0,1,3400,-56,56,943,13,29,0.50,16928.000000,0,27,14,0.0,0.0,0.0,0.0,0.0,0.0,1.0
432512,0,1,3400,-56,56,948,9.0,29,0.50,20608.000000,0,27,13,0.0,21952.000000,0,0.0,0.0,0.0,1.0
432761,0,1,3400,-56,56,940,4.6,29,0.50,5824.000000,0,27,13,0.0,0.0,0.0,0.0,0.0,0.0,1.0
433010,0,1,3400,-56,56,937,3.9,29,0.50,5152.000000,0,27,13,0.0,0.0,0.0,0.0,0.0,0.0,1.0
433259,0,1,3400,-56,56,936,15,29,0.50,15456.000000,0,27,13,0.0,0.0,0.0,0.0,0.0,0.0,1.0
433508,0,1,3400,-56,56,941,18,29,0.50,5152.000000,0,27,13,0.0,23488.000000,0,0.0,0.0,0.0,1.0
433757,0,1,3400,-56,56,944,18,29,0.50,0.0,0.0,27,14,0.0,0.0,0.0,0.0,0.0,0.0,1.0
434006,0,1,3400,-56,56,947,18,29,0.50,5152.000000,0,27,14,0.0,0.0,0.0,0.0,0.0,0.0,1.0
434255,0,1,3400,-56,56,943,3.4,29,0.50,13632.000000,0,27,14,0.0,0.0,0.0,0.0,0.0,0.0,1.0
434504,0,1,3400,-56,56,935,7.3,29,0.50,20608.000000,0,27,14,0.0,23488.000000,0,0.0,0.0,0.0,1.0
434753,0,1,3400,-56,56,938,5.2,29,0.50,11552.000000,0,27,14,0.0,0.0,0.0,0.0,0.0,0.0,1.0
435002,0,1,3400,-56,56,942,9.3,29,0.50,15456.000000,0,27,14,0.0,0.0,0.0,0.0,0.0,0.0,1.0
435251,0,1,3400,-56,56,942,18,29,0.50,10304.000000,0,27,14,0.0,0.0,0.0,0.0,0.0,0.0,1.0
435500,0,1,3400,-56,56,936,11,29,0.50,28800.000000,0,27,14,0.0,23488.000000,0,0.0,0.0,0.0,1.0
435749,0,1,3400,-56,56,934,16,29,0.50,15840.000000,0,27,14,0.0,0.0,0.0,0.0,0.0,0.0,1.0
435998,0,1,3400,-56,56,937,4.5,29,0.50,5536.000000,0,27,14,0.0,0.0,0.0,0.0,0.0,0.0,1.0
436247,0,1,3400,-56,56,942,7.2,29,0.50,25792.000000,0,27,14,0.0,0.0,0.0,0.0,0.0,0.0,1.0
436496,0,1,3400,-56,56,939,12,29,0.50,5152.000000,0,27,13,0.0,18368.000000,0,0.0,0.0,0.0,1.0
436745,0,1,3400,-56,56,941,16,29,0.50,5152.000000,0,27,12,0.0,0.0,0.0,0.0,0.0,0.0,1.0
436994,0,1,3400,-56,56,939,6.9,29,0.50,13248.000000,0,27,12,0.0,0.0,0.0,0.0,0.0,0.0,1.0
437243,0,1,3400,-56,56,936,0.70,29,0.50,5824.000000,0,27,12,0.0,0.0,0.0,0.0,0.0,0.0,1.0
437492,0,1,3400,-56,56,944,3.9,29,0.50,27872.000000,0,27,13,0.0,23488.000000,0,0.0,0.0,0.0,1.0
437741,0,1,3400,-56,56,942,2.0,29,0.50,8096.000000,0,27,14,0.0,0.0,0.0,0.0,0.0,0.0,1.0
437990,0,1,3400,-56,56,937,2.2,29,0.50,10304.000000,0,27,14,0.0,0.0,0.0,0.0,0.0,0.0,1.0
438239,0,1,3400,-56,56,948,12,29,0.50,15776.000000,0,27,14,0.0,0.0,0.0,0.0,0.0,0.0,1.0
438488,0,1,3400,-56,56,953,16,29,0.50,5152.000000,0,27,14,0.0,23488.000000,0,0.0,0.0,0.0,1.0
438737,0,1,3400,-56,56,944,16,29,0.50,0.0,0.0,27,14,0.0,0.0,0.0,0.0,0.0,0.0,1.0
438986,0,1,3400,-56,56,938,14,29,0.50,20768.000000,0,27,14,0.0,0.0,0.0,0.0,0.0,0.0,1.0
439235,0,1,3400,-56,56,941,14,29,0.50,5312.000000,0,27,14,0.0,0.0,0.0,0.0,0.0,0.0,1.0
439484,0,1,3400,-56,56,938,5.1,29,0.50,5824.000000,0,27,13,0.0,18368.000000,0,0.0,0.0,0.0,1.0
439733,0,1,3400,-56,56,937,3.9,29,0.50,18784.000000,0,27,12,0.0,0.0,0.0,0.0,0.0,0.0,1.0
439982,0,1,3400,-56,56,942,6.7,29,0.50,5152.000000,0,27,12,0.0,0.0,0.0,0.0,0.0,0.0,1.0
440231,0,1,3400,-56,56,948,12,29,0.50,11936.000000,0,27,12,0.0,0.0,0.0,0.0,0.0,0.0,1.0
440480,0,1,3400,-56,56,946,23,29,0.50,15456.000000,0,27,13,0.0,23488.000000,0,0.0,0.0,0.0,1.0
440729,0,1,3400,-56,56,940,6.9,29,0.50,18304.000000,0,27,14,0.0,0.0,0.0,0.0,0.0,0.0,1.0
440978,0,1,3400,-56,56,942,13,29,0.50,15936.000000,0,27,13,0.0,0.0,0.0,0.0,0.0,0.0,1.0
441227,0,1,3400,-56,56,944,18,29,0.50,5152.000000,0,27,14,0.0,0.0,0.0,0.0,0.0,0.0,1.0
441476,0,1,3400,-56,56,944,18,29,0.50,10304.000000,0,27,14,0.0,23488.000000,0,0.0,0.0,0.0,1.0
441725,0,1,3400,-56,56,949,18,29,0.50,20608.000000,0,27,14,0.0,0.0,0.0,0.0,0.0,0.0,1.0
441974,0,1,3400,-56,56,939,14,29,0.50,13248.000000,0,27,14,0.0,0.0,0.0,0.0,0.0,0.0,1.0
442223,0,1,3400,-56,56,936,0.0,29,0.50,0.0,0.0,27,14,0.0,0.0,0.0,0.0,0.0,0.0,1.0
442472,0,1,3400,-56,56,939,10,29,0.50,10304.000000,0,27,13,0.0,23488.000000,0,0.0,0.0,0.0,1.0
442721,0,1,3400,-56,56,942,18,29,0.50,20608.000000,0,27,12,0.0,0.0,0.0,0.0,0.0,0.0,1.0
442970,0,1,3400,-56,56,941,18,29,0.50,5152.000000,0,27,12,0.0,0.0,0.0,0.0,0.0,0.0,1.0
443219,0,1,3400,-56,56,941,13,29,0.50,38336.000000,0,27,12,0.0,0.0,0.0,0.0,0.0,0.0,1.0
443468,0,1,3400,-56,56,941,14,29,0.50,55040.000000,0,27,13,0.0,21952.000000,0,0.0,0.0,0.0,1.0
443717,0,1,3400,-56,56,940,20,29,0.50,10304.000000,0,27,13,0.0,0.0,0.0,0.0,0.0,0.0,1.0
443966,0,1,3400,-56,56,942,18,29,0.50,20608.000000,0,27,13,0.0,0.0,0.0,0.0,0.0,0.0,1.0
444215,0,1,3400,-56,56,943,18,29,0.50,5152.000000,0,27,13,0.0,0.0,0.0,0.0,0.0,0.0,1.0
444464,0,1,3400,-56,56,940,18,29,0.50,10304.000000,0,27,13,0.0,23488.000000,0,0.0,0.0,0.0,1.0
444713,0,1,3400,-56,56,942,16,29,0.50,20992.000000,0,27,14,0.0,0.0,0.0,0.0,0.0,0.0,1.0
444962,0,1,3400,-56,56,937,10,29,0.50,20608.000000,0,27,14,0.0,0.0,0.0,0.0,0.0,0.0,1.0
445211,0,1,3400,-56,56,936,18,29,0.50,15456.000000,0,27,14,0.0,0.0,0.0,0.0,0.0,0.0,1.0
445460,0,1,3400,-56,56,936,18,29,0.50,5152.000000,0,27,14,0.0,23488.000000,0,0.0,0.0,0.0,1.0
445709,0,1,3400,-56,56,937,16,29,0.50,33600.000000,0,27,14,0.0,0.0,0.0,0.0,0.0,0.0,1.0
445958,0,1,3400,-56,56,936,7.4,29,0.50,35488.000000,0,27,14,0.0,0.0,0.0,0.0,0.0,0.0,1.0
446207,0,1,3400,-56,56,936,11,29,0.50,0.0,0.0,27,14,0.0,0.0,0.0,0.0,0.0,0.0,1.0
446456,0,1,3400,-56,56,941,3.0,29,0.50,13632.000000,0,27,14,0.0,23488.000000,0,0.0,0.0,0.0,1.0
446705,0,1,3400,-56,56,943,11,29,0.50,21856.000000,0,27,14,0.0,0.0,0.0,0.0,0.0,0.0,1.0
446954,0,1,3400,-56,56,940,11,29,0.50,16128.000000,0,27,14,0.0,0.0,0.0,0.0,0.0,0.0,1.0
447203,0,1,3400,-56,56,935,19,29,0.50,15680.000000,0,27,14,0.0,0.0,0.0,0.0,0.0,0.0,1.0
447452,0,1,3400,-56,56,937,22,29,0.50,10304.000000,0,27,14,0.0,23488.000000,0,0.0,0.0,0.0,1.0
447701,0,1,3400,-56,56,942,18,29,0.50,5152.000000,0,27,14,0.0,0.0,0.0,0.0,0.0,0.0,1.0
447950,0,1,3400,-56,56,941,18,29,0.50,5152.000000,0,27,14,0.0,0.0,0.0,0.0,0.0,0.0,1.0
448199,0,1,3400,-56,56,944,18,29,0.50,0.0,0.0,27,14,0.0,0.0,0.0,0.0,0.0,0.0,1.0
448448,0,1,3400,-56,56,944,18,29,0.50,0.0,0.0,27,14,0.0,0.0,0.0,0.0,0.0,0.0,1.0
448697,0,1,3400,-56,56,940,18,29,0.50,0.0,0.0,27,14,0.0,0.0,0.0,0.0,0.0,0.0,1.0
448946,0,1,3400,-56,56,934,18,29,0.50,0.0,0.0,27,14,0.0,0.0,0.0,0.0,0.0,0.0,1.0
449195,0,1,3400,-56,56,940,18,29,0.50,0.0,0.0,27,14,0.0,0.0,0.0,0.0,0.0,0.0,1.0
449444,0,1,3400,-56,56,940,18,29,0.50,0.0,0.0,27,14,0.0,0.0,0.0,0.0,0.0,0.0,1.0
449693,0,1,3400,-56,56,938,18,29,0.50,0.0,0.0,27,14,0.0,0.0,0.0,0.0,0.0,0.0,1.0
449942,0,1,3400,-56,56,940,18,29,0.50,0.0,0.0,27,14,0.0,0.0,0.0,0.0,0.0,0.0,1.0
450191,0,1,3400,-56,56,941,18,29,0.50,0.0,0.0,27,14,0.0,0.0,0.0,0.0,0.0,0.0,1.0
450440,0,1,3400,-56,56,946,18,29,0.50,0.0,0.0,27,14,0.0,0.0,0.0,0.0,0.0,0.0,1.0
450689,0,1,3400,-56,56,946,18,29,0.50,0.0,0.0,27,14,0.0,0.0,0.0,0.0,0.0,0.0,1.0
450938,0,1,3400,-56,56,939,18,29,0.50,0.0,0.0,27,14,0.0,0.0,0.0,0.0,0.0,0.0,1.0
451187,0,1,3400,-56,56,931,18,29,0.50,0.0,0.0,27,14,0.0,0.0,0.0,0.0,0.0,0.0,1.0
451436,0,1,3400,-56,56,935,18,29,0.50,0.0,0.0,27,14,0.0,0.0,0.0,0.0,0.0,0.0,1.0
451685,0,1,3400,-56,56,942,18,29,0.50,0.0,0.0,27,14,0.0,0.0,0.0,0.0,0.0,0.0,1.0
451934,0,1,3400,-56,56,935,18,29,0.50,0.0,0.0,27,14,0.0,0.0,0.0,0.0,0.0,0.0,1.0
452183,0,1,3400,-56,56,936,18,29,0.50,0.0,0.0,27,14,0.0,0.0,0.0,0.0,0.0,0.0,1.0
452432,0,1,3400,-56,56,942,18,30,0.50,0.0,0.0,27,14,0.0,0.0,0.0,0.0,0.0,0.0,1.0
452681,0,1,3400,-56,56,943,18,29,0.50,0.0,0.0,27,14,0.0,0.0,0.0,0.0,0.0,0.0,1.0
452930,0,1,3400,-56,56,935,18,29,0.50,0.0,0.0,27,14,0.0,0.0,0.0,0.0,0.0,0.0,1.0
453179,0,1,3400,-56,56,940,18,29,0.50,0.0,0.0,27,14,0.0,0.0,0.0,0.0,0.0,0.0,1.0
453428,0,1,3400,-65,65,888,18,21,0.50,0.0,0.0,27,13,0.0,0.0,0.0,0.0,0.0,0.0,1.0
453677,0,1,3400,-88,88,345,18,0.97,0.50,0.0,0.0,27,13,0.0,0.0,0.0,0.0,0.0,0.0,1.0
453926,0,1,3400,-88,88,518,18,0.89,0.50,0.0,0.0,27,13,0.0,0.0,0.0,0.0,0.0,0.0,1.0
454175,0,1,3400,-88,88,802,18,0.92,0.50,0.0,0.0,27,13,0.0,0.0,0.0,0.0,0.0,0.0,1.0
454424,0,1,3400,-88,88,1150.661499,18,0.89,0.50,0.0,0.0,27,13,0.0,0.0,0.0,0.0,0.0,0.0,1.0
454673,0,1,3400,-88,88,1150.661499,18,0.89,0.50,0.0,0.0,27,13,0.0,0.0,0.0,0.0,0.0,0.0,1.0
454922,0,1,3400,-88,88,1150.661499,18,0.89,0.50,0.0,0.0,27,13,0.0,0.0,0.0,0.0,0.0,0.0,1.0
455171,0,1,3400,-88,88,1150.661499,18,0.89,0.50,0.0,0.0,27,13,0.0,0.0,0.0,0.0,0.0,0.0,1.0
455420,0,1,3400,-88,88,1150.661499,18,0.89,0.50,0.0,0.0,27,13,0.0,0.0,0.0,0.0,0.0,0.0,1.0
455669,0,1,3400,-88,88,1150.661499,18,0.89,0.50,0.0,0.0,27,13,0.0,0.0,0.0,0.0,0.0,0.0,0.0
455918,0,1,3400,-88,88,1150.661499,18,0.89,0.50,0.0,0.0,27,13,0.0,0.0,0.0,0.0,0.0,0.0,0.0
456167,0,1,3400,-88,88,1150.661499,18,0.89,0.50,0.0,0.0,27,13,0.0,0.0,0.0,0.0,0.0,0.0,0.0
456416,0,1,3400,-88,88,1150.661499,18,0.89,0.50,0.0,0.0,27,13,0.0,0.0,0.0,0.0,0.0,0.0,0.0
456665,0,1,3400,-88,88,1150.661499,18,0.89,0.50,0.0,0.0,27,13,0.0,0.0,0.0,0.0,0.0,0.0,0.0
456914,0,1,3400,-88,88,1150.661499,18,0.89,0.50,0.0,0.0,27,13,0.0,0.0,0.0,0.0,0.0,0.0,0.0
457163,0,1,3400,-88,88,1150.661499,18,0.89,0.50,0.0,0.0,27,13,0.0,0.0,0.0,0.0,0.0,0.0,0.0
457412,0,1,3400,-88,88,1150.661499,18,0.89,0.50,0.0,0.0,27,13,0.0,0.0,0.0,0.0,0.0,0.0,0.0
457661,0,1,3400,-88,88,1150.661499,18,0.89,0.50,0.0,0.0,27,13,0.0,0.0,0.0,0.0,0.0,0.0,0.0
457910,0,1,3400,-88,88,1150.661499,18,0.89,0.50,0.0,0.0,27,13,0.0,0.0,0.0,0.0,0.0,0.0,0.0
458159,0,1,3400,-88,88,1150.661499,18,0.89,0.50,0.0,0.0,27,13,0.0,0.0,0.0,0.0,0.0,0.0,0.0
458408,0,1,3400,-88,88,1150.661499,18,0.89,0.50,0.0,0.0,27,13,0.0,0.0,0.0,0.0,0.0,0.0,0.0
458657,0,1,3400,-88,88,1150.661499,18,0.89,0.50,0.0,0.0,27,13,0.0,0.0,0.0,0.0,0.0,0.0,0.0
458906,0,1,3400,-88,88,1150.661499,18,0.89,0.50,0.0,0.0,27,13,0.0,0.0,0.0,0.0,0.0,0.0,0.0
459155,0,1,3400,-88,88,1150.661499,18,0.89,0.50,0.0,0.0,27,13,0.0,0.0,0.0,0.0,0.0,0.0,0.0
459404,0,1,3400,-88,88,1150.661499,18,0.89,0.50,0.0,0.0,27,13,0.0,0.0,0.0,0.0,0.0,0.0,0.0
459653,0,1,3400,-88,88,1150.661499,18,0.89,0.50,0.0,0.0,27,13,0.0,0.0,0.0,0.0,0.0,0.0,0.0
459902,0,1,3400,-88,88,1150.661499,18,0.89,0.50,0.0,0.0,27,13,0.0,0.0,0.0,0.0,0.0,0.0,0.0
460151,0,1,3400,-88,88,1150.661499,18,0.89,0.50,0.0,0.0,27,13,0.0,0.0,0.0,0.0,0.0,0.0,0.0
460400,0,1,3400,-88,88,1150.661499,18,0.89,0.50,0.0,0.0,27,13,0.0,0.0,0.0,0.0,0.0,0.0,0.0
460649,0,1,3400,-88,88,1150.661499,18,0.89,0.50,0.0,0.0,27,13,0.0,0.0,0.0,0.0,0.0,0.0,0.0
460898,0,1,3400,-88,88,1150.661499,18,0.89,0.50,0.0,0.0,27,13,0.0,0.0,0.0,0.0,0.0,0.0,0.0
461147,0,1,3400,-88,88,1150.661499,18,0.89,0.50,0.0,0.0,27,13,0.0,0.0,0.0,0.0,0.0,0.0,0.0
461396,0,1,3400,-88,88,1150.661499,18,0.89,0.50,0.0,0.0,27,13,0.0,0.0,0.0,0.0,0.0,0.0,0.0
461645,0,1,3400,-88,88,1150.661499,18,0.89,0.50,0.0,0.0,27,13,0.0,0.0,0.0,0.0,0.0,0.0,0.0
461894,0,1,3400,-88,88,1150.661499,18,0.89,0.50,0.0,0.0,27,13,0.0,0.0,0.0,0.0,0.0,0.0,0.0
462143,0,1,3400,-88,88,1150.661499,18,0.89,0.50,0.0,0.0,27,13,0.0,0.0,0.0,0.0,0.0,0.0,0.0
462392,0,1,3400,-88,88,1150.661499,18,0.89,0.50,0.0,0.0,27,13,0.0,0.0,0.0,0.0,0.0,0.0,0.0
462641,0,1,3400,-88,88,1150.661499,18,0.89,0.50,0.0,0.0,27,13,0.0,0.0,0.0,0.0,0.0,0.0,0.0
462890,0,1,3400,-88,88,1150.661499,18,0.89,0.50,0.0,0.0,27,13,0.0,0.0,0.0,0.0,0.0,0.0,0.0
463139,0,1,3400,-88,88,1150.661499,18,0.89,0.50,0.0,0.0,27,13,0.0,0.0,0.0,0.0,0.0,0.0,0.0
463388,0,1,3400,-88,88,1150.661499,18,0.89,0.50,0.0,0.0,27,13,0.0,0.0,0.0,0.0,0.0,0.0,0.0
463637,0,1,3400,-88,88,1150.661499,18,0.89,0.50,0.0,0.0,27,13,0.0,0.0,0.0,0.0,0.0,0.0,0.0
463886,0,1,3400,-88,88,1150.661499,18,0.89,0.50,0.0,0.0,27,13,0.0,0.0,0.0,0.0,0.0,0.0,0.0
464135,0,1,3400,-88,88,1150.661499,18,0.89,0.50,0.0,0.0,27,13,0.0,0.0,0.0,0.0,0.0,0.0,0.0
464384,0,1,3400,-88,88,1150.661499,18,0.89,0.50,0.0,0.0,27,13,0.0,0.0,0.0,0.0,0.0,0.0,0.0
464633,0,1,3400,-88,88,1150.661499,18,0.89,0.50,0.0,0.0,27,13,0.0,0.0,0.0,0.0,0.0,0.0,0.0
464882,0,1,3400,-88,88,1150.661499,18,0.89,0.50,0.0,0.0,27,13,0.0,0.0,0.0,0.0,0.0,0.0,0.0
465131,0,1,3400,-88,88,1150.661499,18,0.89,0.50,0.0,0.0,27,13,0.0,0.0,0.0,0.0,0.0,0.0,0.0
465380,0,1,3400,-88,88,1150.661499,18,0.89,0.50,0.0,0.0,27,13,0.0,0.0,0.0,0.0,0.0,0.0,0.0
465629,0,1,3400,-88,88,1150.661499,18,0.89,0.50,0.0,0.0,27,13,0.0,0.0,0.0,0.0,0.0,0.0,0.0
465878,0,1,3400,-88,88,1150.661499,18,0.89,0.50,0.0,0.0,27,13,0.0,0.0,0.0,0.0,0.0,0.0,0.0
466127,0,1,3400,-88,88,1150.661499,18,0.89,0.50,0.0,0.0,27,13,0.0,0.0,0.0,0.0,0.0,0.0,0.0
466376,0,1,3400,-88,88,1150.661499,18,0.89,0.50,0.0,0.0,27,13,0.0,0.0,0.0,0.0,0.0,0.0,0.0
466625,0,1,3400,-88,88,1150.661499,18,0.89,0.50,0.0,0.0,27,13,0.0,0.0,0.0,0.0,0.0,0.0,0.0
466874,0,1,3400,-88,88,1150.661499,18,0.89,0.50,0.0,0.0,27,13,0.0,0.0,0.0,0.0,0.0,0.0,0.0
467123,0,1,3400,-88,88,1150.661499,18,0.89,0.50,0.0,0.0,27,13,0.0,0.0,0.0,0.0,0.0,0.0,0.0
467372,0,1,3400,-88,88,1150.661499,18,0.89,0.50,0.0,0.0,27,13,0.0,0.0,0.0,0.0,0.0,0.0,0.0
467621,0,1,3400,-88,88,1150.661499,18,0.89,0.50,0.0,0.0,27,13,0.0,0.0,0.0,0.0,0.0,0.0,0.0
467870,0,1,3400,-88,88,1150.661499,18,0.89,0.50,0.0,0.0,27,13,0.0,0.0,0.0,0.0,0.0,0.0,0.0
468119,0,1,3400,-88,88,1150.661499,18,0.89,0.50,0.0,0.0,27,13,0.0,0.0,0.0,0.0,0.0,0.0,0.0
468368,0,1,3400,-88,88,1150.661499,18,0.89,0.50,0.0,0.0,27,13,