time,cc,pci,earfcn,rsrp,pl,cfo,dl_mcs,dl_snr,dl_turbo,dl_brate,dl_bler,ul_ta,ul_mcs,ul_buff,ul_brate,ul_bler,rf_o,rf_u,rf_l,is_attached
0,0,0,4294967295,0.0,0.0,0.0,0.0,0.0,0.0,0.0,0.0,0.0,0.0,0.0,0.0,0.0,0.0,0.0,0.0,0.0
249,0,0,3400,0.0,0.0,0.0,0.0,0.0,0.0,0.0,0.0,0.0,0.0,0.0,0.0,0.0,0.0,0.0,0.0,0.0
498,0,0,3400,0.0,0.0,0.0,0.0,0.0,0.0,0.0,0.0,0.0,0.0,0.0,0.0,0.0,0.0,0.0,0.0,0.0
747,0,1,3400,0.0,0.0,0.0,0.0,0.0,0.0,0.0,0.0,0.0,0.0,0.0,0.0,0.0,0.0,0.0,0.0,0.0
996,0,1,3400,0.0,0.0,0.0,0.0,0.0,0.0,0.0,0.0,0.0,0.0,0.0,0.0,0.0,0.0,0.0,0.0,0.0
1245,0,1,3400,0.0,0.0,0.0,0.0,0.0,0.0,0.0,0.0,0.0,0.0,0.0,0.0,0.0,0.0,0.0,0.0,0.0
1494,0,1,3400,0.0,0.0,0.0,0.0,0.0,0.0,0.0,0.0,0.0,0.0,0.0,0.0,0.0,0.0,0.0,0.0,0.0
1743,0,1,3400,0.0,0.0,0.0,0.0,0.0,0.0,0.0,0.0,0.0,0.0,0.0,0.0,0.0,0.0,0.0,0.0,0.0
1992,0,1,3400,0.0,0.0,0.0,0.0,0.0,0.0,0.0,0.0,0.0,0.0,0.0,0.0,0.0,0.0,0.0,0.0,0.0
2241,0,1,3400,0.0,0.0,0.0,0.0,0.0,0.0,0.0,0.0,0.0,0.0,0.0,0.0,0.0,0.0,0.0,0.0,0.0
2490,0,1,3400,0.0,0.0,0.0,0.0,0.0,0.0,0.0,0.0,0.0,0.0,0.0,0.0,0.0,0.0,0.0,0.0,0.0
2739,0,1,3400,0.0,0.0,0.0,0.0,0.0,0.0,0.0,0.0,0.0,0.0,0.0,0.0,0.0,0.0,0.0,0.0,0.0
2988,0,1,3400,0.0,0.0,0.0,0.0,0.0,0.0,0.0,0.0,0.0,0.0,0.0,0.0,0.0,0.0,0.0,0.0,0.0
3237,0,1,3400,-63,63,-590,0.15,24,0.038,574,0,0.0,0.0,0.0,0.0,0.0,0.0,0.0,0.0,0.0
3486,0,1,3400,-63,63,-570,1.7,24,0.25,2326.693115,0,0.0,0.0,33,223,0,0.0,0.0,0.0,1.0
3735,0,1,3400,-63,63,-566,2.1,24,0.28,1856.000000,0,27,1.9,0.0,13248.000000,0,0.0,0.0,0.0,1.0
3984,0,1,3400,-63,63,-565,3.3,24,0.50,7043.824707,0,27,11,0.0,113306.773438,0,0.0,0.0,0.0,1.0
4233,0,1,3400,-63,63,-566,4.5,24,0.50,1944.223145,0,27,11,0.0,18007.968750,0,0.0,0.0,0.0,1.0
4482,0,1,3400,-63,63,-571,18,24,0.50,20608.000000,0,27,11,0.0,148640.000000,0,0.0,0.0,0.0,1.0
4731,0,1,3400,-63,63,-570,11,24,0.50,22788.843750,0,27,10,0.0,49115.539062,17,0.0,0.0,0.0,1.0
4980,0,1,3400,-63,63,-572,7.8,23,0.50,10304.000000,0,27,9.9,0.0,0.0,0.0,0.0,0.0,0.0,1.0
5229,0,1,3400,-63,63,-571,5.1,23,0.50,21641.433594,0,27,10,0.0,0.0,0.0,0.0,0.0,0.0,1.0
5478,0,1,3400,-63,63,-572,18,24,0.56,25760.000000,0,27,9.0,0.0,26080.000000,25,0.0,0.0,0.0,1.0
5727,0,1,3400,-63,63,-572,16,24,0.50,16414.341797,0,27,8.5,0.0,0.0,0.0,0.0,0.0,0.0,1.0
5976,0,1,3400,-63,63,-571,8.9,23,0.50,10304.000000,0,27,8.5,0.0,0.0,0.0,0.0,0.0,0.0,1.0
6225,0,1,3400,-63,63,-569,9.0,24,0.50,10262.948242,0,27,8.5,0.0,0.0,0.0,0.0,0.0,0.0,1.0
6474,0,1,3400,-63,63,-568,18,23,0.50,20608.000000,0,27,13,0.0,46432.000000,0,0.0,0.0,0.0,1.0
6723,0,1,3400,-63,63,-561,18,24,0.50,0.0,0.0,27,14,0.0,0.0,0.0,0.0,0.0,0.0,1.0
6972,0,1,3400,-63,63,-558,17,23,0.61,20685.259766,0,27,14,0.0,11888.446289,0,0.0,0.0,0.0,1.0
7221,0,1,3400,-63,63,-563,17,24,0.50,15616.000000,0,27,13,0.0,0.0,0.0,0.0,0.0,0.0,1.0
7470,0,1,3400,-63,63,-568,18,24,0.50,15394.421875,0,27,10,0.0,16000.000000,0,0.0,0.0,0.0,1.0
7719,0,1,3400,-63,63,-565,15,24,0.72,10528.000000,0,27,8.5,0.0,0.0,0.0,0.0,0.0,0.0,1.0
7968,0,1,3400,-63,63,-561,13,23,0.50,37354.582031,0,27,8.5,0.0,0.0,0.0,0.0,0.0,0.0,1.0
8217,0,1,3400,-63,63,-561,11,24,0.50,20704.000000,0,27,8.4,0.0,0.0,0.0,0.0,0.0,0.0,1.0
8466,0,1,3400,-63,63,-558,16,24,0.50,10422.310547,0,27,10,0.0,22119.521484,0,0.0,0.0,0.0,1.0
8715,0,1,3400,-63,63,-556,18,24,0.69,10304.000000,0,27,11,0.0,0.0,0.0,0.0,0.0,0.0,1.0
8964,0,1,3400,-63,63,-558,18,23,0.63,10262.948242,0,27,11,0.0,0.0,0.0,0.0,0.0,0.0,1.0
9213,0,1,3400,-63,63,-557,17,24,0.55,25984.000000,0,27,11,0.0,0.0,0.0,0.0,0.0,0.0,1.0
9462,0,1,3400,-63,63,-556,18,24,0.50,20621.513672,0,27,9.9,0.0,80254.976562,0,0.0,0.0,0.0,1.0
9711,0,1,3400,-63,63,-559,18,23,0.50,25856.000000,0,27,9.0,0.0,0.0,0.0,0.0,0.0,0.0,1.0
9960,0,1,3400,-63,63,-562,18,24,0.50,20525.896484,0,27,9.0,0.0,0.0,0.0,0.0,0.0,0.0,1.0
10209,0,1,3400,-63,63,-559,18,23,0.50,20525.896484,0,27,9.0,0.0,0.0,0.0,0.0,0.0,0.0,1.0
10458,0,1,3400,-63,63,-559,18,24,0.50,0.0,0.0,27,9.0,0.0,0.0,0.0,0.0,0.0,0.0,1.0
10707,0,1,3400,-63,63,-558,18,24,0.50,5131.474121,0,27,9.1,0.0,16254.980469,0,0.0,0.0,0.0,1.0
10956,0,1,3400,-63,63,-558,18,24,0.50,0.0,0.0,27,9.5,0.0,0.0,0.0,0.0,0.0,0.0,1.0
11205,0,1,3400,-63,63,-559,16,24,0.50,5290.836426,0,27,9.6,0.0,11888.446289,0,0.0,0.0,0.0,1.0
11454,0,1,3400,-63,63,-564,12,23,0.50,20832.000000,0,27,13,0.0,0.0,80,0.0,0.0,0.0,1.0
11703,0,1,3400,-63,63,-560,17,24,0.50,10422.310547,0,27,14,0.0,0.0,0.0,0.0,0.0,0.0,1.0
11952,0,1,3400,-63,63,-558,17,24,0.50,15552.000000,0,27,13,0.0,0.0,0.0,0.0,0.0,0.0,1.0
12201,0,1,3400,-63,63,-561,18,24,0.50,10262.948242,0,27,14,0.0,0.0,0.0,0.0,0.0,0.0,1.0
12450,0,1,3400,-63,63,-559,15,24,0.50,10656.000000,0,27,11,0.0,88928.000000,0,0.0,0.0,0.0,1.0
12699,0,1,3400,-63,63,-558,8.2,23,0.58,16063.745117,0,27,9.0,0.0,0.0,0.0,0.0,0.0,0.0,1.0
12948,0,1,3400,-63,63,-561,10,24,0.75,0.0,0.0,27,9.0,0.0,0.0,0.0,0.0,0.0,0.0,1.0
13197,0,1,3400,-63,63,-561,7.1,24,0.72,10688.000000,17,27,9.0,0.0,0.0,0.0,0.0,0.0,0.0,1.0
13446,0,1,3400,-63,63,-563,7.8,23,2.2,15904.382812,0,27,9.2,0.0,16254.980469,0,0.0,0.0,0.0,1.0
13695,0,1,3400,-63,63,-563,6.9,23,1.0,22304.000000,0,27,9.5,0.0,0.0,0.0,0.0,0.0,0.0,1.0
13944,0,1,3400,-63,63,-561,11,24,0.50,5227.091797,0,27,9.5,0.0,0.0,0.0,0.0,0.0,0.0,1.0
14193,0,1,3400,-63,63,-561,8.7,23,0.49,26112.000000,0,27,9.4,0.0,0.0,0.0,0.0,0.0,0.0,1.0
14442,0,1,3400,-63,63,-563,7.3,23,0.50,20015.935547,0,27,10.0,0.0,18549.800781,0,0.0,0.0,0.0,1.0
14691,0,1,3400,-63,63,-561,15,24,0.50,10464.000000,0,27,10,0.0,0.0,0.0,0.0,0.0,0.0,1.0
14940,0,1,3400,-63,63,-565,18,24,0.50,5131.474121,0,27,10,0.0,0.0,0.0,0.0,0.0,0.0,1.0
15189,0,1,3400,-63,63,-573,18,24,0.50,15552.000000,0,27,10.0,0.0,0.0,0.0,0.0,0.0,0.0,1.0
15438,0,1,3400,-63,63,-575,5.4,24,0.51,15904.382812,0,27,11,0.0,15745.019531,0,0.0,0.0,0.0,1.0
15687,0,1,3400,-63,63,-571,12,24,0.75,0.0,0.0,27,8.0,0.0,0.0,100.000000,0.0,0.0,0.0,1.0
15936,0,1,3400,-63,63,-576,16,24,0.80,15712.000000,0,27,8.0,0.0,0.0,0.0,0.0,0.0,0.0,1.0
16185,0,1,3400,-63,63,-577,13,24,0.61,32828.683594,0,27,8.0,0.0,0.0,0.0,0.0,0.0,0.0,1.0
16434,0,1,3400,-63,63,-577,13,24,0.50,5152.000000,0,27,5.9,0.0,16288.000000,0,0.0,0.0,0.0,1.0
16683,0,1,3400,-63,63,-576,17,23,0.50,20844.621094,0,27,0.0,0.0,0.0,0.0,0.0,0.0,0.0,1.0
16932,0,1,3400,-63,63,-579,18,24,0.50,10304.000000,0,27,0.0,0.0,0.0,0.0,0.0,0.0,0.0,1.0
17181,0,1,3400,-63,63,-578,16,24,0.50,15904.382812,0,27,0.0,0.0,0.0,0.0,0.0,0.0,0.0,1.0
17430,0,1,3400,-63,63,-582,13,24,0.50,5408.000000,0,27,8.0,0.0,15808.000000,0,0.0,0.0,0.0,1.0
17679,0,1,3400,-63,63,-583,15,24,0.72,5131.474121,0,27,10,0.0,0.0,0.0,0.0,0.0,0.0,1.0
17928,0,1,3400,-63,63,-578,16,24,0.68,15394.421875,0,27,10,0.0,0.0,0.0,0.0,0.0,0.0,1.0
18177,0,1,3400,-63,63,-573,16,24,0.49,5312.000000,0,27,10,0.0,0.0,0.0,0.0,0.0,0.0,1.0
18426,0,1,3400,-63,63,-575,9.4,23,0.50,21163.345703,0,27,5.5,0.0,15840.637695,14,0.0,0.0,0.0,1.0
18675,0,1,3400,-63,63,-577,4.8,24,0.50,21184.000000,0,27,3.5,0.0,0.0,0.0,0.0,0.0,0.0,1.0
18924,0,1,3400,-63,63,-573,13,24,0.50,20525.896484,0,27,3.5,0.0,0.0,0.0,0.0,0.0,0.0,1.0
19173,0,1,3400,-63,63,-573,18,23,0.50,15456.000000,0,27,3.5,0.0,0.0,0.0,0.0,0.0,0.0,1.0
19422,0,1,3400,-63,63,-571,13,24,0.50,27027.888672,0,27,8.4,0.0,96350.593750,0,0.0,0.0,0.0,1.0
19671,0,1,3400,-63,63,-571,14,24,0.50,15456.000000,0,27,10,0.0,0.0,0.0,0.0,0.0,0.0,1.0
19920,0,1,3400,-63,63,-570,11,23,0.50,15968.127930,0,27,10,0.0,0.0,0.0,0.0,0.0,0.0,1.0
20169,0,1,3400,-63,63,-566,11,24,0.50,10262.948242,0,27,10,0.0,0.0,0.0,0.0,0.0,0.0,1.0
20418,0,1,3400,-63,63,-561,13,24,0.50,5312.000000,0,27,10,0.0,15808.000000,0,0.0,0.0,0.0,1.0
20667,0,1,3400,-63,63,-564,16,23,0.50,5131.474121,0,27,10,0.0,0.0,0.0,0.0,0.0,0.0,1.0
20916,0,1,3400,-63,63,-566,17,24,0.50,5152.000000,0,27,10,0.0,0.0,0.0,0.0,0.0,0.0,1.0
21165,0,1,3400,-63,63,-567,16,23,1.2,15394.421875,25,27,12,0.0,11888.446289,0,0.0,0.0,0.0,1.0
21414,0,1,3400,-63,63,-564,16,23,0.50,10496.000000,0,27,11,0.0,18880.000000,0,0.0,0.0,0.0,1.0
21663,0,1,3400,-63,63,-564,12,24,0.50,10517.928711,0,27,11,0.0,0.0,0.0,0.0,0.0,0.0,1.0
21912,0,1,3400,-63,63,-563,11,24,0.50,20768.000000,0,27,11,0.0,0.0,0.0,0.0,0.0,0.0,1.0
22161,0,1,3400,-63,63,-564,16,24,0.65,10262.948242,0,27,11,0.0,0.0,0.0,0.0,0.0,0.0,1.0
22410,0,1,3400,-63,63,-562,18,24,0.75,5152.000000,0,27,12,0.0,22464.000000,0,0.0,0.0,0.0,1.0
22659,0,1,3400,-63,63,-560,9.8,24,2.2,10262.948242,50,27,12,0.0,0.0,0.0,0.0,0.0,0.0,1.0
22908,0,1,3400,-63,63,-563,11,24,2.2,0.0,0.0,27,12,0.0,0.0,0.0,0.0,0.0,0.0,1.0
23157,0,1,3400,-63,63,-572,15,24,0.75,10517.928711,0,27,12,0.0,0.0,0.0,0.0,0.0,0.0,1.0
23406,0,1,3400,-63,63,-568,17,23,0.50,10262.948242,0,27,12,0.0,18294.820312,0,0.0,0.0,0.0,1.0
23655,0,1,3400,-63,63,-566,18,23,0.50,20608.000000,0,27,12,0.0,0.0,0.0,0.0,0.0,0.0,1.0
23904,0,1,3400,-63,63,-565,15,24,0.66,15617.530273,0,27,12,0.0,0.0,0.0,0.0,0.0,0.0,1.0
24153,0,1,3400,-63,63,-564,17,24,0.50,10592.000000,0,27,12,0.0,0.0,0.0,0.0,0.0,0.0,1.0
24402,0,1,3400,-63,63,-567,8.0,24,0.50,5131.474121,0,27,12,0.0,18549.800781,0,0.0,0.0,0.0,1.0
24651,0,1,3400,-63,63,-576,9.8,24,0.50,22240.000000,0,27,10.0,0.0,0.0,0.0,0.0,0.0,0.0,1.0
24900,0,1,3400,-63,63,-572,14,24,0.50,0.0,0.0,27,10,0.0,0.0,0.0,0.0,0.0,0.0,1.0
25149,0,1,3400,-63,63,-565,17,24,0.50,5152.000000,0,27,10,0.0,0.0,0.0,0.0,0.0,0.0,1.0
25398,0,1,3400,-63,63,-567,12,24,0.50,21482.072266,0,27,12,0.0,21864.541016,0,0.0,0.0,0.0,1.0
25647,0,1,3400,-63,63,-566,9.7,24,0.50,5290.836426,0,27,13,0.0,0.0,0.0,0.0,0.0,0.0,1.0
25896,0,1,3400,-63,63,-573,6.0,24,0.50,0.0,0.0,27,13,0.0,0.0,0.0,0.0,0.0,0.0,1.0
26145,0,1,3400,-63,63,-573,6.0,24,0.50,0.0,0.0,27,13,0.0,0.0,0.0,0.0,0.0,0.0,1.0
26394,0,1,3400,-63,63,-566,13,24,0.50,25952.000000,0,27,12,0.0,18368.000000,0,0.0,0.0,0.0,1.0
26643,0,1,3400,-63,63,-569,18,24,0.50,5131.474121,0,27,12,0.0,0.0,0.0,0.0,0.0,0.0,1.0
26892,0,1,3400,-63,63,-573,18,23,0.50,10304.000000,0,27,12,0.0,0.0,0.0,0.0,0.0,0.0,1.0
27141,0,1,3400,-63,63,-572,18,24,0.50,5131.474121,0,27,12,0.0,0.0,0.0,0.0,0.0,0.0,1.0
27390,0,1,3400,-63,63,-568,18,24,0.50,36064.000000,0,27,8.0,0.0,24960.000000,30,0.0,0.0,0.0,1.0
27639,0,1,3400,-63,63,-569,17,24,0.50,10390.438477,0,27,6.0,0.0,0.0,0.0,0.0,0.0,0.0,1.0
27888,0,1,3400,-63,63,-572,6.0,24,0.50,288,0,27,6.0,0.0,0.0,0.0,0.0,0.0,0.0,1.0
28137,0,1,3400,-63,63,-571,9.2,24,0.50,16159.362305,0,27,7.7,0.0,11888.446289,0,0.0,0.0,0.0,1.0
28386,0,1,3400,-63,63,-569,14,24,0.50,5131.474121,0,27,11,0.0,22374.501953,0,0.0,0.0,0.0,1.0
28635,0,1,3400,-63,63,-570,17,24,0.50,15456.000000,0,27,12,0.0,0.0,0.0,0.0,0.0,0.0,1.0
28884,0,1,3400,-63,63,-573,18,24,0.50,15394.421875,0,27,12,0.0,0.0,0.0,0.0,0.0,0.0,1.0
29133,0,1,3400,-63,63,-576,16,24,0.50,15712.000000,0,27,12,0.0,0.0,0.0,0.0,0.0,0.0,1.0
29382,0,1,3400,-63,63,-575,16,24,0.52,15649.402344,0,27,11,0.0,18549.800781,0,0.0,0.0,0.0,1.0
29631,0,1,3400,-63,63,-568,17,24,0.62,15616.000000,0,27,10,0.0,0.0,0.0,0.0,0.0,0.0,1.0
29880,0,1,3400,-63,63,-568,12,24,0.55,5418.326660,0,27,10.0,0.0,0.0,0.0,0.0,0.0,0.0,1.0
30129,0,1,3400,-63,63,-575,16,24,0.50,15456.000000,0,27,11,0.0,17056.000000,0,0.0,0.0,0.0,1.0
30378,0,1,3400,-63,63,-577,18,24,0.50,10262.948242,0,27,11,0.0,16000.000000,0,0.0,0.0,0.0,1.0
30627,0,1,3400,-63,63,-575,18,24,0.50,0.0,0.0,27,8.5,0.0,0.0,0.0,0.0,0.0,0.0,1.0
30876,0,1,3400,-63,63,-573,18,24,0.50,0.0,0.0,27,8.5,0.0,0.0,0.0,0.0,0.0,0.0,1.0
31125,0,1,3400,-63,63,-575,14,23,0.49,21227.091797,0,27,8.4,0.0,0.0,0.0,0.0,0.0,0.0,1.0
31374,0,1,3400,-63,63,-576,12,24,0.50,0.0,0.0,27,8.5,0.0,0.0,0.0,0.0,0.0,0.0,1.0
31623,0,1,3400,-63,63,-579,15,24,0.50,25657.371094,0,27,11,0.0,0.0,80,0.0,0.0,0.0,1.0
31872,0,1,3400,-63,63,-579,18,24,0.50,10304.000000,0,27,12,0.0,0.0,0.0,0.0,0.0,0.0,1.0
32121,0,1,3400,-63,63,-579,15,24,0.50,25816.732422,0,27,12,0.0,0.0,0.0,0.0,0.0,0.0,1.0
32370,0,1,3400,-63,63,-581,13,24,0.50,15456.000000,0,27,9.6,0.0,80064.000000,5,0.0,0.0,0.0,1.0
32619,0,1,3400,-63,63,-583,14,24,0.50,15713.147461,0,27,9.0,0.0,0.0,0.0,0.0,0.0,0.0,1.0
32868,0,1,3400,-63,63,-583,7.1,24,0.50,10581.672852,0,27,8.0,0.0,1561.752930,0,0.0,0.0,0.0,1.0
33117,0,1,3400,-63,63,-581,5.4,24,0.50,16768.000000,0,27,4.5,0.0,0.0,0.0,0.0,0.0,0.0,1.0
33366,0,1,3400,-63,63,-581,2.0,24,0.50,5545.816895,0,27,8.3,0.0,79490.039062,0,0.0,0.0,0.0,1.0
33615,0,1,3400,-63,63,-584,4.0,24,0.50,10304.000000,0,27,9.0,0.0,0.0,0.0,0.0,0.0,0.0,1.0
33864,0,1,3400,-63,63,-582,18,24,0.50,5131.474121,0,27,9.0,0.0,0.0,0.0,0.0,0.0,0.0,1.0
34113,0,1,3400,-63,63,-577,18,24,0.50,0.0,0.0,27,9.0,0.0,0.0,0.0,0.0,0.0,0.0,1.0
34362,0,1,3400,-63,63,-576,16,24,0.50,22565.736328,0,27,5.1,0.0,14055.777344,0,0.0,0.0,0.0,1.0
34611,0,1,3400,-63,63,-575,12,23,0.50,15712.000000,0,27,0.0,0.0,0.0,0.0,0.0,0.0,0.0,1.0
34860,0,1,3400,-63,63,-581,12,24,0.50,38055.777344,0,27,4.0,0.0,16988.046875,0,0.0,0.0,0.0,1.0
35109,0,1,3400,-63,63,-581,18,24,0.50,0.0,0.0,27,7.5,0.0,0.0,0.0,0.0,0.0,0.0,1.0
35358,0,1,3400,-63,63,-584,9.7,24,0.50,16000.000000,0,27,8.2,0.0,19136.000000,0,0.0,0.0,0.0,1.0
35607,0,1,3400,-63,63,-586,11,23,0.50,27091.632812,0,27,9.5,0.0,0.0,0.0,0.0,0.0,0.0,1.0
35856,0,1,3400,-63,63,-584,17,24,0.50,20608.000000,0,27,10,0.0,11936.000000,0,0.0,0.0,0.0,1.0
36105,0,1,3400,-63,63,-587,18,23,0.50,20525.896484,0,27,12,0.0,0.0,0.0,0.0,0.0,0.0,1.0
36354,0,1,3400,-63,63,-586,18,24,0.50,5152.000000,0,27,12,0.0,18368.000000,0,0.0,0.0,0.0,1.0
36603,0,1,3400,-63,63,-580,18,24,0.50,20525.896484,0,27,12,0.0,0.0,0.0,0.0,0.0,0.0,1.0
36852,0,1,3400,-63,63,-582,18,23,0.68,35920.320312,0,27,12,0.0,0.0,0.0,0.0,0.0,0.0,1.0
37101,0,1,3400,-63,63,-586,18,24,0.50,10304.000000,0,27,12,0.0,0.0,0.0,0.0,0.0,0.0,1.0
37350,0,1,3400,-63,63,-577,15,24,0.50,21035.857422,0,27,10,0.0,87553.781250,0,0.0,0.0,0.0,1.0
37599,0,1,3400,-63,63,-576,12,24,0.50,5312.000000,0,27,10,0.0,0.0,0.0,0.0,0.0,0.0,1.0
37848,0,1,3400,-63,63,-582,11,24,0.50,5386.454102,0,27,10,0.0,0.0,0.0,0.0,0.0,0.0,1.0
38097,0,1,3400,-63,63,-583,14,24,0.50,5152.000000,0,27,10,0.0,0.0,0.0,0.0,0.0,0.0,1.0
38346,0,1,3400,-63,63,-584,16,24,0.50,0.0,0.0,27,10,0.0,0.0,0.0,0.0,0.0,0.0,1.0
38595,0,1,3400,-63,63,-585,16,24,0.50,15456.000000,0,27,11,0.0,23488.000000,0,0.0,0.0,0.0,1.0
38844,0,1,3400,-63,63,-581,17,24,0.50,10517.928711,0,27,14,0.0,0.0,0.0,0.0,0.0,0.0,1.0
39093,0,1,3400,-63,63,-580,14,23,0.50,21035.857422,0,27,13,0.0,0.0,0.0,0.0,0.0,0.0,1.0
39342,0,1,3400,-63,63,-578,6.4,24,0.84,11776.000000,0,27,9.7,0.0,16064.000000,0,0.0,0.0,0.0,1.0
39591,0,1,3400,-63,63,-575,10,24,0.50,20525.896484,0,27,8.4,0.0,0.0,0.0,0.0,0.0,0.0,1.0
39840,0,1,3400,-63,63,-576,18,23,0.50,25760.000000,0,27,8.5,0.0,0.0,0.0,0.0,0.0,0.0,1.0
40089,0,1,3400,-63,63,-580,18,24,0.50,10262.948242,0,27,8.5,0.0,0.0,0.0,0.0,0.0,0.0,1.0
40338,0,1,3400,-63,63,-578,16,24,0.53,20864.000000,0,27,8.1,0.0,16576.000000,0,0.0,0.0,0.0,1.0
40587,0,1,3400,-63,63,-573,11,24,0.68,11282.868164,0,27,8.0,0.0,0.0,0.0,0.0,0.0,0.0,1.0
40836,0,1,3400,-63,63,-576,8.0,24,0.65,10816.000000,0,27,8.0,0.0,0.0,0.0,0.0,0.0,0.0,1.0
41085,0,1,3400,-63,63,-578,7.1,24,0.50,10517.928711,0,27,8.0,0.0,0.0,0.0,0.0,0.0,0.0,1.0
41334,0,1,3400,-63,63,-578,16,24,0.50,10517.928711,0,27,9.1,0.0,18294.820312,0,0.0,0.0,0.0,1.0
41583,0,1,3400,-63,63,-581,10,24,0.50,16032.000000,0,27,12,0.0,0.0,0.0,0.0,0.0,0.0,1.0
41832,0,1,3400,-63,63,-577,11,24,0.50,31840.636719,0,27,11,0.0,9338.645508,0,0.0,0.0,0.0,1.0
42081,0,1,3400,-63,63,-571,18,24,0.50,30912.000000,0,27,10,0.0,0.0,0.0,0.0,0.0,0.0,1.0
42330,0,1,3400,-63,63,-575,16,24,0.60,15713.147461,0,27,5.9,0.0,11569.720703,0,0.0,0.0,0.0,1.0
42579,0,1,3400,-63,63,-579,4.0,24,0.54,5568.000000,0,27,0.0,0.0,0.0,0.0,0.0,0.0,0.0,1.0
42828,0,1,3400,-63,63,-580,5.2,24,0.50,10422.310547,0,27,0.0,0.0,1561.752930,0,0.0,0.0,0.0,1.0
43077,0,1,3400,-63,63,-575,3.2,24,0.54,16576.000000,0,27,0.0,0.0,0.0,0.0,0.0,0.0,0.0,1.0
43326,0,1,3400,-63,63,-573,0.0,24,0.50,0.0,0.0,27,0.0,0.0,0.0,0.0,0.0,0.0,0.0,1.0
43575,0,1,3400,-63,63,-577,0.0,24,0.50,6151.394531,0,27,7.1,0.0,18804.781250,0,0.0,0.0,0.0,1.0
43824,0,1,3400,-63,63,-580,6.8,24,0.50,15808.000000,0,27,9.5,0.0,1568.000000,0,0.0,0.0,0.0,1.0
44073,0,1,3400,-63,63,-581,8.0,23,0.50,21545.816406,0,27,5.0,0.0,0.0,0.0,0.0,0.0,0.0,1.0
44322,0,1,3400,-63,63,-577,16,24,0.50,15552.000000,0,27,8.3,0.0,16064.000000,0,0.0,0.0,0.0,1.0
44571,0,1,3400,-63,63,-580,17,24,0.65,10262.948242,33,27,8.5,0.0,0.0,0.0,0.0,0.0,0.0,1.0
44820,0,1,3400,-63,63,-586,12,25,1.6,5152.000000,0,27,8.5,0.0,0.0,0.0,0.0,0.0,0.0,1.0
45069,0,1,3400,-63,63,-582,17,24,0.50,10517.928711,0,27,8.5,0.0,0.0,0.0,0.0,0.0,0.0,1.0
45318,0,1,3400,-63,63,-579,16,24,0.50,10262.948242,0,27,12,0.0,147952.187500,20,0.0,0.0,0.0,1.0
45567,0,1,3400,-63,63,-579,5.6,24,0.50,10496.000000,0,27,16,0.0,0.0,0.0,0.0,0.0,0.0,1.0
45816,0,1,3400,-63,63,-581,2.6,24,0.50,11282.868164,0,27,16,0.0,0.0,0.0,0.0,0.0,0.0,1.0
46065,0,1,3400,-63,63,-583,4.2,24,0.50,10752.000000,0,27,13,0.0,9376.000000,0,0.0,0.0,0.0,1.0
46314,0,1,3400,-63,63,-593,14,24,0.66,31203.187500,0,27,13,0.0,123760.953125,0,0.0,0.0,0.0,1.0
46563,0,1,3400,-63,63,-592,16,24,0.50,15456.000000,0,27,14,0.0,0.0,0.0,0.0,0.0,0.0,1.0
46812,0,1,3400,-63,63,-584,16,24,0.53,26167.330078,0,27,14,0.0,7171.314941,0,0.0,0.0,0.0,1.0
47061,0,1,3400,-63,63,-586,18,24,0.50,0.0,0.0,27,9.5,0.0,0.0,0.0,0.0,0.0,0.0,1.0
47310,0,1,3400,-63,63,-585,18,24,0.50,20525.896484,0,27,10,0.0,15745.019531,0,0.0,0.0,0.0,1.0
47559,0,1,3400,-63,63,-579,18,24,0.50,10262.948242,0,27,10,0.0,0.0,0.0,0.0,0.0,0.0,1.0
47808,0,1,3400,-63,63,-580,15,24,0.50,10976.000000,0,27,10,0.0,0.0,0.0,0.0,0.0,0.0,1.0
48057,0,1,3400,-63,63,-581,12,24,0.50,21227.091797,0,27,10,0.0,0.0,0.0,0.0,0.0,0.0,1.0
48306,0,1,3400,-63,63,-580,11,24,0.50,26656.000000,0,27,9.4,0.0,25568.000000,33,0.0,0.0,0.0,1.0
48555,0,1,3400,-63,63,-584,13,24,0.50,0.0,0.0,27,9.0,0.0,0.0,0.0,0.0,0.0,0.0,1.0
48804,0,1,3400,-63,63,-583,13,24,0.50,5408.000000,0,27,9.0,0.0,0.0,0.0,0.0,0.0,0.0,1.0
49053,0,1,3400,-63,63,-583,17,24,0.50,20621.513672,0,27,9.0,0.0,0.0,0.0,0.0,0.0,0.0,1.0
49302,0,1,3400,-63,63,-583,18,24,0.50,25657.371094,0,27,9.3,0.0,16254.980469,20,0.0,0.0,0.0,1.0
49551,0,1,3400,-63,63,-585,18,24,0.50,15456.000000,0,27,9.5,0.0,0.0,0.0,0.0,0.0,0.0,1.0
49800,0,1,3400,-63,63,-584,16,24,0.50,15904.382812,0,27,9.5,0.0,0.0,0.0,0.0,0.0,0.0,1.0
50049,0,1,3400,-63,63,-585,14,24,0.50,15584.000000,0,27,9.5,0.0,0.0,0.0,0.0,0.0,0.0,1.0
50298,0,1,3400,-63,63,-584,14,24,0.50,10262.948242,0,27,8.9,0.0,16000.000000,0,0.0,0.0,0.0,1.0
50547,0,1,3400,-63,63,-582,18,24,0.58,15456.000000,0,27,8.5,0.0,0.0,0.0,0.0,0.0,0.0,1.0
50796,0,1,3400,-63,63,-584,18,24,0.56,15394.421875,0,27,8.5,0.0,0.0,0.0,0.0,0.0,0.0,1.0
51045,0,1,3400,-63,63,-590,18,24,0.50,15456.000000,0,27,8.5,0.0,0.0,0.0,0.0,0.0,0.0,1.0
51294,0,1,3400,-63,63,-585,18,24,0.50,10262.948242,0,27,9.5,0.0,18294.820312,0,0.0,0.0,0.0,1.0
51543,0,1,3400,-63,63,-586,18,24,0.50,5513.944336,0,27,12,0.0,0.0,0.0,0.0,0.0,0.0,1.0
51792,0,1,3400,-63,63,-590,16,24,0.50,15968.000000,0,27,12,0.0,0.0,0.0,0.0,0.0,0.0,1.0
52041,0,1,3400,-63,63,-587,18,24,0.50,9625.498047,0,27,12,0.0,0.0,0.0,0.0,0.0,0.0,1.0
52290,0,1,3400,-63,63,-582,6.8,24,0.50,22432.000000,0,27,4.6,0.0,18464.000000,14,0.0,0.0,0.0,1.0
52539,0,1,3400,-63,63,-588,16,24,0.50,15649.402344,0,27,3.5,0.0,0.0,0.0,0.0,0.0,0.0,1.0
52788,0,1,3400,-63,63,-586,16,24,0.50,0.0,0.0,27,3.5,0.0,0.0,0.0,0.0,0.0,0.0,1.0
53037,0,1,3400,-63,63,-584,17,24,0.50,15394.421875,0,27,3.5,0.0,0.0,0.0,0.0,0.0,0.0,1.0
53286,0,1,3400,-63,63,-584,18,24,0.50,10262.948242,0,27,4.3,0.0,15745.019531,0,0.0,0.0,0.0,1.0
53535,0,1,3400,-63,63,-586,18,24,0.61,10304.000000,0,27,10,0.0,0.0,0.0,0.0,0.0,0.0,1.0
53784,0,1,3400,-63,63,-585,18,24,0.50,10262.948242,0,27,10,0.0,0.0,0.0,0.0,0.0,0.0,1.0
54033,0,1,3400,-63,63,-584,10,24,0.50,26880.000000,0,27,10,0.0,0.0,0.0,0.0,0.0,0.0,1.0
54282,0,1,3400,-63,63,-583,16,24,0.50,26358.566406,0,27,8.2,0.0,16509.960938,0,0.0,0.0,0.0,1.0
54531,0,1,3400,-63,63,-580,11,24,0.50,15456.000000,0,27,8.0,0.0,0.0,0.0,0.0,0.0,0.0,1.0
54780,0,1,3400,-63,63,-585,14,24,0.50,15394.421875,0,27,8.0,0.0,0.0,0.0,0.0,0.0,0.0,1.0
55029,0,1,3400,-63,63,-586,6.0,24,0.50,17529.880859,0,27,8.0,0.0,0.0,0.0,0.0,0.0,0.0,1.0
55278,0,1,3400,-63,63,-582,12,24,0.50,20768.000000,0,27,10,0.0,24256.000000,0,0.0,0.0,0.0,1.0
55527,0,1,3400,-63,63,-584,15,24,0.50,5290.836426,0,27,11,0.0,0.0,0.0,0.0,0.0,0.0,1.0
55776,0,1,3400,-63,63,-587,3.0,24,0.50,18528.000000,0,27,11,0.0,0.0,0.0,0.0,0.0,0.0,1.0
56025,0,1,3400,-63,63,-589,0.0,25,0.50,0.0,0.0,27,11,0.0,0.0,0.0,0.0,0.0,0.0,1.0
56274,0,1,3400,-63,63,-585,2.1,24,0.50,15456.000000,0,27,11,186,0.0,0.0,0.0,0.0,0.0,1.0
56523,0,1,3400,-63,63,-591,14,24,0.50,5227.091797,0,27,1.3,0.0,17402.390625,0,0.0,0.0,0.0,1.0
56772,0,1,3400,-63,63,-591,15,24,0.50,21120.000000,0,27,1.00,0.0,0.0,0.0,0.0,0.0,0.0,1.0
57021,0,1,3400,-63,63,-585,15,24,0.50,10581.672852,0,27,1.0,0.0,0.0,0.0,0.0,0.0,0.0,1.0
57270,0,1,3400,-63,63,-587,16,24,0.54,15617.530273,0,27,6.8,0.0,88573.703125,0,0.0,0.0,0.0,1.0
57519,0,1,3400,-63,63,-586,15,25,0.74,10304.000000,0,27,9.0,0.0,0.0,0.0,0.0,0.0,0.0,1.0
57768,0,1,3400,-63,63,-584,18,23,0.61,30788.843750,0,27,9.0,0.0,0.0,0.0,0.0,0.0,0.0,1.0
58017,0,1,3400,-63,63,-586,18,24,0.50,5152.000000,0,27,9.0,0.0,0.0,0.0,0.0,0.0,0.0,1.0
58266,0,1,3400,-63,63,-584,8.1,24,0.50,6151.394531,0,27,9.6,0.0,15745.019531,0,0.0,0.0,0.0,1.0
58515,0,1,3400,-63,63,-580,6.0,23,0.50,10752.000000,0,27,10,0.0,0.0,0.0,0.0,0.0,0.0,1.0
58764,0,1,3400,-63,63,-582,6.0,23,0.50,0.0,0.0,27,10,0.0,0.0,0.0,0.0,0.0,0.0,1.0
59013,0,1,3400,-63,63,-584,17,24,0.50,20525.896484,0,27,10,0.0,0.0,0.0,0.0,0.0,0.0,1.0
59262,0,1,3400,-63,63,-584,18,24,0.50,15456.000000,0,27,12,0.0,21952.000000,0,0.0,0.0,0.0,1.0
59511,0,1,3400,-63,63,-589,14,24,0.50,5768.924316,0,27,13,0.0,0.0,0.0,0.0,0.0,0.0,1.0
59760,0,1,3400,-63,63,-587,8.0,24,0.50,10304.000000,0,27,13,0.0,0.0,0.0,0.0,0.0,0.0,1.0
60009,0,1,3400,-63,63,-583,9.1,24,0.50,15649.402344,0,27,13,0.0,0.0,0.0,0.0,0.0,0.0,1.0
60258,0,1,3400,-63,63,-586,12,23,0.50,20704.000000,0,27,12,0.0,15808.000000,20,0.0,0.0,0.0,1.0
60507,0,1,3400,-63,63,-593,11,24,0.50,26613.544922,0,27,10,0.0,0.0,0.0,0.0,0.0,0.0,1.0
60756,0,1,3400,-63,63,-592,3.5,24,0.50,10964.143555,0,27,10,0.0,0.0,0.0,0.0,0.0,0.0,1.0
61005,0,1,3400,-63,63,-594,14,24,0.50,21472.000000,0,27,10,0.0,0.0,0.0,0.0,0.0,0.0,1.0
61254,0,1,3400,-63,63,-593,6.2,24,0.50,6151.394531,0,27,11,0.0,86788.843750,18,0.0,0.0,0.0,1.0
61503,0,1,3400,-63,63,-589,11,24,0.50,5248.000000,0,27,14,0.0,0.0,0.0,0.0,0.0,0.0,1.0
61752,0,1,3400,-63,63,-594,14,23,0.50,5131.474121,0,27,14,0.0,0.0,0.0,0.0,0.0,0.0,1.0
62001,0,1,3400,-63,63,-598,17,24,0.50,20608.000000,0,27,14,0.0,0.0,0.0,0.0,0.0,0.0,1.0
62250,0,1,3400,-63,63,-596,18,24,0.50,20525.896484,0,27,11,0.0,19059.761719,0,0.0,0.0,0.0,1.0
62499,0,1,3400,-63,63,-593,5.2,24,0.50,11410.358398,0,27,9.5,0.0,0.0,0.0,0.0,0.0,0.0,1.0
62748,0,1,3400,-63,63,-595,15,24,0.50,36160.000000,0,27,9.5,0.0,0.0,0.0,0.0,0.0,0.0,1.0
62997,0,1,3400,-63,63,-594,18,24,0.55,10262.948242,0,27,9.5,0.0,0.0,0.0,0.0,0.0,0.0,1.0
63246,0,1,3400,-63,63,-591,14,23,0.69,11744.000000,0,27,9.5,0.0,38272.000000,7,0.0,0.0,0.0,1.0
63495,0,1,3400,-63,63,-589,15,23,0.50,25816.732422,0,27,16,0.0,18262.947266,0,0.0,0.0,0.0,1.0
63744,0,1,3400,-63,63,-590,15,23,0.94,15616.000000,20,27,16,0.0,0.0,0.0,0.0,0.0,0.0,1.0
63993,0,1,3400,-63,63,-591,14,23,2.1,5131.474121,0,27,16,0.0,0.0,0.0,0.0,0.0,0.0,1.0
64242,0,1,3400,-63,63,-590,12,23,0.55,15394.421875,0,27,13,0.0,16509.960938,0,0.0,0.0,0.0,1.0
64491,0,1,3400,-63,63,-585,17,23,0.50,5152.000000,0,27,11,0.0,0.0,0.0,0.0,0.0,0.0,1.0
64740,0,1,3400,-63,63,-588,18,23,0.50,10262.948242,0,27,11,0.0,0.0,0.0,0.0,0.0,0.0,1.0
64989,0,1,3400,-63,63,-592,11,23,0.50,5536.000000,0,27,12,0.0,0.0,0.0,0.0,0.0,0.0,1.0
65238,0,1,3400,-63,63,-597,4.2,23,0.54,11091.633789,0,27,11,0.0,34964.144531,8,0.0,0.0,0.0,1.0
65487,0,1,3400,-63,63,-602,9.4,23,0.50,10304.000000,0,27,9.5,0.0,19136.000000,60,0.0,0.0,0.0,1.0
65736,0,1,3400,-63,63,-600,11,23,0.50,10741.036133,0,27,9.5,0.0,0.0,0.0,0.0,0.0,0.0,1.0
65985,0,1,3400,-63,63,-598,14,23,0.50,15490.040039,0,27,9.5,0.0,0.0,0.0,0.0,0.0,0.0,1.0
66234,0,1,3400,-63,63,-594,18,23,0.50,0.0,0.0,27,9.5,0.0,0.0,0.0,0.0,0.0,0.0,1.0
66483,0,1,3400,-63,63,-593,16,23,0.55,31266.931641,0,27,5.6,0.0,11856.573242,0,0.0,0.0,0.0,1.0
66732,0,1,3400,-63,63,-591,14,23,0.50,5248.000000,0,27,4.5,0.0,0.0,0.0,0.0,0.0,0.0,1.0
66981,0,1,3400,-63,63,-586,17,23,0.50,10262.948242,0,27,4.5,0.0,0.0,0.0,0.0,0.0,0.0,1.0
67230,0,1,3400,-63,63,-581,12,23,0.50,10592.000000,0,27,3.1,0.0,27904.000000,0,0.0,0.0,0.0,1.0
67479,0,1,3400,-63,63,-585,11,23,0.50,15681.274414,0,27,2.0,0.0,0.0,0.0,0.0,0.0,0.0,1.0
67728,0,1,3400,-63,63,-586,5.0,23,0.50,5248.000000,0,27,2.0,0.0,0.0,0.0,0.0,0.0,0.0,1.0
67978,0,1,3400,-63,63,-588,12,23,0.50,10358.565430,0,27,2.0,0.0,0.0,0.0,0.0,0.0,0.0,1.0
68227,0,1,3400,-63,63,-590,7.5,23,0.51,20940.238281,0,27,0.31,0.0,20047.808594,0,0.0,0.0,0.0,1.0
68476,0,1,3400,-63,63,-587,9.0,24,0.50,10304.000000,0,27,0.0,0.0,0.0,0.0,0.0,0.0,0.0,1.0
68725,0,1,3400,-63,63,-586,15,23,0.50,16414.341797,0,27,0.0,0.0,0.0,0.0,0.0,0.0,0.0,1.0
68974,0,1,3400,-63,63,-585,7.9,23,0.50,26976.000000,0,27,0.0,186,0.0,0.0,0.0,0.0,0.0,1.0
69223,0,1,3400,-63,63,-584,18,23,0.50,5131.474121,0,27,7.0,0.0,29577.689453,0,0.0,0.0,0.0,1.0
69472,0,1,3400,-63,63,-585,18,23,0.50,5152.000000,0,27,8.0,0.0,0.0,0.0,0.0,0.0,0.0,1.0
69721,0,1,3400,-63,63,-585,16,23,0.50,15490.040039,0,27,8.0,0.0,0.0,0.0,0.0,0.0,0.0,1.0
69970,0,1,3400,-63,63,-586,18,23,0.50,30884.462891,0,27,7.9,0.0,0.0,0.0,0.0,0.0,0.0,1.0
70219,0,1,3400,-63,63,-588,18,23,0.50,0.0,0.0,27,8.9,0.0,0.0,80,0.0,0.0,0.0,1.0
70468,0,1,3400,-63,63,-584,18,23,0.50,5131.474121,0,27,9.0,0.0,0.0,0.0,0.0,0.0,0.0,1.0
70717,0,1,3400,-63,63,-582,11,23,0.50,15744.000000,0,27,8.9,0.0,0.0,0.0,0.0,0.0,0.0,1.0
70966,0,1,3400,-63,63,-585,13,23,0.50,20908.367188,0,27,9.0,0.0,0.0,0.0,0.0,0.0,0.0,1.0
71215,0,1,3400,-63,63,-589,14,23,0.67,10304.000000,0,27,3.8,0.0,15008.000000,0,0.0,0.0,0.0,1.0
71464,0,1,3400,-63,63,-588,17,23,0.50,15649.402344,0,27,0.0,0.0,0.0,0.0,0.0,0.0,0.0,1.0
71713,0,1,3400,-63,63,-586,15,23,0.50,21035.857422,0,27,0.0,0.0,0.0,0.0,0.0,0.0,0.0,1.0
71962,0,1,3400,-63,63,-585,16,23,0.50,5152.000000,0,27,0.0,0.0,0.0,0.0,0.0,0.0,0.0,1.0
72211,0,1,3400,-63,63,-588,16,23,0.50,5386.454102,0,27,2.5,0.0,37673.308594,0,0.0,0.0,0.0,1.0
72460,0,1,3400,-63,63,-590,10,23,0.50,10848.000000,0,27,4.5,0.0,0.0,0.0,0.0,0.0,0.0,1.0
72709,0,1,3400,-63,63,-592,11,23,0.50,26007.968750,0,27,4.5,0.0,0.0,0.0,0.0,0.0,0.0,1.0
72958,0,1,3400,-63,63,-593,13,23,0.50,10400.000000,0,27,4.5,0.0,0.0,0.0,0.0,0.0,0.0,1.0
73207,0,1,3400,-63,63,-593,14,24,0.50,0.0,0.0,27,4.5,0.0,0.0,0.0,0.0,0.0,0.0,1.0
73456,0,1,3400,-63,63,-593,14,23,0.50,5131.474121,0,27,2.7,0.0,22980.080078,0,0.0,0.0,0.0,1.0
73705,0,1,3400,-63,63,-588,14,24,0.50,0.0,0.0,27,0.0,0.0,0.0,0.0,0.0,0.0,0.0,1.0
73954,0,1,3400,-63,63,-589,15,23,0.50,5131.474121,0,27,0.0,0.0,0.0,0.0,0.0,0.0,0.0,1.0
74203,0,1,3400,-63,63,-596,18,23,0.50,5152.000000,0,27,0.14,0.0,20640.000000,0,0.0,0.0,0.0,1.0
74452,0,1,3400,-63,63,-594,18,23,0.50,5131.474121,0,27,0.0,0.0,0.0,0.0,0.0,0.0,0.0,1.0
74701,0,1,3400,-63,63,-594,17,24,0.50,10560.000000,0,27,0.0,0.0,0.0,0.0,0.0,0.0,0.0,1.0
74950,0,1,3400,-63,63,-597,15,23,0.50,15649.402344,0,27,0.0,0.0,0.0,0.0,0.0,0.0,0.0,1.0
75199,0,1,3400,-63,63,-593,18,23,0.50,10262.948242,0,27,0.0,0.0,12972.111328,0,0.0,0.0,0.0,1.0
75448,0,1,3400,-63,63,-592,18,23,0.50,10304.000000,0,27,0.0,0.0,0.0,0.0,0.0,0.0,0.0,1.0
75697,0,1,3400,-63,63,-598,11,23,0.50,28015.935547,0,27,0.0,0.0,0.0,0.0,0.0,0.0,0.0,1.0
75946,0,1,3400,-63,63,-600,9.0,23,0.50,5152.000000,0,27,0.0,0.0,0.0,0.0,0.0,0.0,0.0,1.0
76195,0,1,3400,-63,63,-597,8.5,23,0.52,15936.254883,0,27,0.65,0.0,28047.808594,0,0.0,0.0,0.0,1.0
76444,0,1,3400,-63,63,-595,9.8,23,0.50,10304.000000,0,27,2.0,0.0,0.0,0.0,0.0,0.0,0.0,1.0
76693,0,1,3400,-63,63,-596,13,23,0.50,20525.896484,0,27,2.0,0.0,0.0,0.0,0.0,0.0,0.0,1.0
76942,0,1,3400,-63,63,-594,18,23,0.50,15394.421875,0,27,2.0,0.0,0.0,0.0,0.0,0.0,0.0,1.0
77191,0,1,3400,-63,63,-591,14,23,0.54,16896.000000,0,27,3.6,0.0,55136.000000,35,0.0,0.0,0.0,1.0
77440,0,1,3400,-63,63,-590,6.2,23,0.50,5131.474121,0,27,9.0,0.0,0.0,0.0,0.0,0.0,0.0,1.0
77689,0,1,3400,-63,63,-589,15,23,0.50,20608.000000,0,27,9.0,0.0,0.0,0.0,0.0,0.0,0.0,1.0
77938,0,1,3400,-63,63,-591,12,23,0.56,10549.800781,0,27,9.0,0.0,0.0,0.0,0.0,0.0,0.0,1.0
78187,0,1,3400,-63,63,-589,8.0,23,0.50,5440.000000,0,27,7.5,0.0,41088.000000,0,0.0,0.0,0.0,1.0
78436,0,1,3400,-63,63,-593,4.2,23,0.50,5131.474121,0,27,4.0,0.0,0.0,0.0,0.0,0.0,0.0,1.0
78685,0,1,3400,-63,63,-592,11,23,0.50,0.0,0.0,27,4.0,0.0,0.0,0.0,0.0,0.0,0.0,1.0
78934,0,1,3400,-63,63,-592,10,23,0.50,21504.000000,0,27,4.0,0.0,0.0,0.0,0.0,0.0,0.0,1.0
79183,0,1,3400,-63,63,-596,9.1,23,0.50,5131.474121,0,27,5.6,0.0,19059.761719,0,0.0,0.0,0.0,1.0
79432,0,1,3400,-63,63,-592,9.3,24,0.50,16064.000000,0,27,9.4,0.0,0.0,0.0,0.0,0.0,0.0,1.0
79681,0,1,3400,-63,63,-593,13,23,0.50,12621.513672,0,27,9.5,0.0,0.0,0.0,0.0,0.0,0.0,1.0
79930,0,1,3400,-63,63,-593,16,23,0.50,19392.000000,0,27,9.5,0.0,0.0,0.0,0.0,0.0,0.0,1.0
80179,0,1,3400,-63,63,-596,18,23,0.50,15394.421875,0,27,3.8,0.0,27792.828125,0,0.0,0.0,0.0,1.0
80428,0,1,3400,-63,63,-598,15,23,0.50,20940.238281,0,27,2.0,0.0,0.0,0.0,0.0,0.0,0.0,1.0
80677,0,1,3400,-63,63,-600,18,23,0.50,5152.000000,0,27,2.0,0.0,0.0,0.0,0.0,0.0,0.0,1.0
80926,0,1,3400,-63,63,-599,17,23,0.50,3314.740967,0,27,2.0,0.0,0.0,0.0,0.0,0.0,0.0,1.0
81175,0,1,3400,-63,63,-600,0.0,23,0.50,10336.000000,0,27,12,0.0,105472.000000,40,0.0,0.0,0.0,1.0
81424,0,1,3400,-63,63,-602,9.9,23,0.50,42007.968750,0,27,16,0.0,0.0,0.0,0.0,0.0,0.0,1.0
81673,0,1,3400,-63,63,-598,11,23,0.50,10304.000000,0,27,16,0.0,0.0,0.0,0.0,0.0,0.0,1.0
81922,0,1,3400,-63,63,-598,13,23,0.50,5131.474121,0,27,16,0.0,0.0,0.0,0.0,0.0,0.0,1.0
82171,0,1,3400,-63,63,-593,18,23,0.50,10262.948242,0,27,4.1,0.0,20557.769531,9,0.0,0.0,0.0,1.0
82420,0,1,3400,-63,63,-590,18,23,0.50,10304.000000,0,27,0.0,0.0,0.0,0.0,0.0,0.0,0.0,1.0
82669,0,1,3400,-63,63,-594,18,23,0.50,15394.421875,0,27,0.0,0.0,0.0,0.0,0.0,0.0,0.0,1.0
82918,0,1,3400,-63,63,-594,18,23,0.50,10304.000000,0,27,0.0,0.0,0.0,0.0,0.0,0.0,0.0,1.0
83167,0,1,3400,-63,63,-596,16,23,0.50,36685.257812,0,27,9.2,0.0,94023.906250,31,0.0,0.0,0.0,1.0
83416,0,1,3400,-63,63,-594,18,23,0.58,20704.000000,0,27,10,0.0,0.0,0.0,0.0,0.0,0.0,1.0
83665,0,1,3400,-63,63,-595,13,23,0.60,15649.402344,0,27,10,0.0,0.0,0.0,0.0,0.0,0.0,1.0
83914,0,1,3400,-63,63,-591,16,23,0.50,10262.948242,0,27,10,0.0,0.0,0.0,0.0,0.0,0.0,1.0
84163,0,1,3400,-63,63,-589,18,23,0.50,5152.000000,0,27,1.7,0.0,15616.000000,0,0.0,0.0,0.0,1.0
84412,0,1,3400,-63,63,-594,17,23,0.50,20780.876953,0,27,0.99,0.0,0.0,0.0,0.0,0.0,0.0,1.0
84661,0,1,3400,-63,63,-598,16,23,0.50,10400.000000,0,27,1.0,0.0,0.0,0.0,0.0,0.0,0.0,1.0
84910,0,1,3400,-63,63,-595,18,23,0.50,5131.474121,0,27,1.0,0.0,0.0,0.0,0.0,0.0,0.0,1.0
85159,0,1,3400,-63,63,-595,15,23,0.50,15584.000000,0,27,0.42,0.0,20128.000000,0,0.0,0.0,0.0,1.0
85408,0,1,3400,-63,63,-590,17,23,0.61,15553.785156,0,27,0.0,0.0,0.0,0.0,0.0,0.0,0.0,1.0
85657,0,1,3400,-63,63,-591,18,23,0.53,15490.040039,0,27,0.0,0.0,0.0,0.0,0.0,0.0,0.0,1.0
85906,0,1,3400,-63,63,-600,17,23,0.50,15456.000000,0,27,0.0,0.0,0.0,0.0,0.0,0.0,0.0,1.0
86155,0,1,3400,-63,63,-606,18,23,0.50,0.0,0.0,27,0.0,0.0,0.0,0.0,0.0,0.0,0.0,1.0
86404,0,1,3400,-63,63,-604,17,23,0.50,21184.000000,0,27,1.2,0.0,25920.000000,6,0.0,0.0,0.0,1.0
86653,0,1,3400,-63,63,-598,14,23,0.50,5131.474121,0,27,4.5,0.0,0.0,0.0,0.0,0.0,0.0,1.0
86902,0,1,3400,-63,63,-593,13,23,0.50,5440.000000,0,27,4.5,0.0,0.0,0.0,0.0,0.0,0.0,1.0
87151,0,1,3400,-63,63,-592,8.7,23,0.50,10262.948242,0,27,3.5,0.0,20047.808594,0,0.0,0.0,0.0,1.0
87400,0,1,3400,-63,63,-601,14,23,0.50,5131.474121,0,27,0.0,0.0,0.0,0.0,0.0,0.0,0.0,1.0
87649,0,1,3400,-63,63,-607,18,23,0.50,10304.000000,0,27,0.0,0.0,0.0,0.0,0.0,0.0,0.0,1.0
87898,0,1,3400,-63,63,-602,18,23,0.50,20525.896484,0,27,0.0,0.0,0.0,0.0,0.0,0.0,0.0,1.0
88147,0,1,3400,-63,63,-594,18,23,0.50,0.0,0.0,27,0.0,0.0,0.0,0.0,0.0,0.0,0.0,1.0
88396,0,1,3400,-63,63,-596,15,23,0.50,15808.764648,0,27,5.4,0.0,62788.843750,0,0.0,0.0,0.0,1.0
88645,0,1,3400,-63,63,-594,6.0,23,0.50,15585.657227,0,27,7.0,0.0,0.0,0.0,0.0,0.0,0.0,1.0
88894,0,1,3400,-63,63,-589,7.1,23,0.50,16512.000000,0,27,7.0,0.0,0.0,0.0,0.0,0.0,0.0,1.0
89143,0,1,3400,-63,63,-588,5.6,23,0.50,11410.358398,0,27,7.9,0.0,16000.000000,0,0.0,0.0,0.0,1.0
89392,0,1,3400,-63,63,-591,17,24,0.50,15456.000000,0,27,8.4,0.0,0.0,0.0,0.0,0.0,0.0,1.0
89641,0,1,3400,-63,63,-598,18,23,0.50,5131.474121,0,27,8.4,0.0,0.0,0.0,0.0,0.0,0.0,1.0
89890,0,1,3400,-63,63,-599,18,23,0.50,15456.000000,0,27,8.5,0.0,0.0,0.0,0.0,0.0,0.0,1.0
90139,0,1,3400,-63,63,-597,18,23,0.69,25657.371094,0,27,3.6,0.0,23713.146484,0,0.0,0.0,0.0,1.0
90388,0,1,3400,-63,63,-596,18,23,0.50,0.0,0.0,27,2.0,0.0,0.0,0.0,0.0,0.0,0.0,1.0
90637,0,1,3400,-63,63,-601,18,23,0.50,10304.000000,0,27,2.0,0.0,0.0,0.0,0.0,0.0,0.0,1.0
90886,0,1,3400,-63,63,-596,18,23,0.50,5131.474121,0,27,2.0,0.0,0.0,0.0,0.0,0.0,0.0,1.0
91135,0,1,3400,-63,63,-595,18,23,0.50,10304.000000,0,27,7.1,0.0,15808.000000,0,0.0,0.0,0.0,1.0
91384,0,1,3400,-63,63,-601,17,23,0.50,20717.130859,0,27,10,0.0,0.0,0.0,0.0,0.0,0.0,1.0
91633,0,1,3400,-63,63,-599,16,23,0.60,10304.000000,0,27,10,0.0,0.0,0.0,0.0,0.0,0.0,1.0
91882,0,1,3400,-63,63,-594,18,23,0.50,15394.421875,0,27,10,0.0,0.0,0.0,0.0,0.0,0.0,1.0
92131,0,1,3400,-63,63,-593,10,23,0.53,22565.736328,0,27,9.9,0.0,19059.761719,0,0.0,0.0,0.0,1.0
92380,0,1,3400,-63,63,-594,3.7,23,0.51,20768.000000,0,27,9.5,0.0,0.0,0.0,0.0,0.0,0.0,1.0
92629,0,1,3400,-63,63,-592,18,23,0.50,0.0,0.0,27,9.5,0.0,0.0,0.0,0.0,0.0,0.0,1.0
92878,0,1,3400,-63,63,-592,18,23,0.50,10304.000000,0,27,9.4,0.0,0.0,0.0,0.0,0.0,0.0,1.0
93127,0,1,3400,-63,63,-592,18,23,0.56,20525.896484,0,27,2.4,0.0,11155.378906,0,0.0,0.0,0.0,1.0
93376,0,1,3400,-63,63,-594,18,23,0.55,10304.000000,0,27,0.0,0.0,0.0,0.0,0.0,0.0,0.0,1.0
93625,0,1,3400,-63,63,-595,18,23,0.75,10262.948242,0,27,0.0,0.0,0.0,0.0,0.0,0.0,0.0,1.0
93874,0,1,3400,-63,63,-592,18,23,0.68,5131.474121,0,27,0.0,0.0,0.0,0.0,0.0,0.0,0.0,1.0
94123,0,1,3400,-63,63,-593,14,23,0.50,15808.000000,0,27,5.0,0.0,49152.000000,0,0.0,0.0,0.0,1.0
94372,0,1,3400,-63,63,-598,5.5,23,0.50,27537.847656,0,27,7.0,0.0,0.0,0.0,0.0,0.0,0.0,1.0
94621,0,1,3400,-63,63,-601,18,23,0.50,5984.000000,0,27,6.2,0.0,1568.000000,0,0.0,0.0,0.0,1.0
94870,0,1,3400,-63,63,-600,5.9,23,0.50,21131.474609,0,27,3.5,0.0,0.0,0.0,0.0,0.0,0.0,1.0
95119,0,1,3400,-63,63,-601,12,22,0.50,15456.000000,0,27,6.3,0.0,16064.000000,0,0.0,0.0,0.0,1.0
95368,0,1,3400,-63,63,-600,17,23,0.50,15553.785156,0,27,8.5,0.0,0.0,0.0,0.0,0.0,0.0,1.0
95617,0,1,3400,-63,63,-599,16,23,0.50,10262.948242,0,27,8.4,0.0,0.0,0.0,0.0,0.0,0.0,1.0
95866,0,1,3400,-63,63,-598,17,23,0.50,5152.000000,0,27,8.5,0.0,0.0,0.0,0.0,0.0,0.0,1.0
96115,0,1,3400,-63,63,-596,18,23,0.50,0.0,0.0,27,8.5,0.0,0.0,0.0,0.0,0.0,0.0,1.0
96364,0,1,3400,-63,63,-590,9.2,23,0.50,21088.000000,0,27,7.1,0.0,50016.000000,12,0.0,0.0,0.0,1.0
96613,0,1,3400,-63,63,-595,12,23,0.50,0.0,0.0,27,7.0,0.0,0.0,0.0,0.0,0.0,0.0,1.0
96862,0,1,3400,-63,63,-608,12,23,0.50,5152.000000,0,27,7.0,0.0,0.0,0.0,0.0,0.0,0.0,1.0
97111,0,1,3400,-63,63,-606,17,23,0.50,15394.421875,0,27,10,0.0,15745.019531,33,0.0,0.0,0.0,1.0
97360,0,1,3400,-63,63,-601,18,23,0.72,5131.474121,0,27,10,0.0,0.0,0.0,0.0,0.0,0.0,1.0
97609,0,1,3400,-63,63,-596,18,23,0.60,20608.000000,0,27,10,0.0,0.0,0.0,0.0,0.0,0.0,1.0
97858,0,1,3400,-63,63,-596,18,23,0.50,10262.948242,0,27,10,0.0,0.0,0.0,0.0,0.0,0.0,1.0
98107,0,1,3400,-63,63,-596,18,23,0.56,20608.000000,0,27,4.3,0.0,20096.000000,0,0.0,0.0,0.0,1.0
98356,0,1,3400,-63,63,-599,9.4,23,0.50,21545.816406,0,27,0.0,0.0,0.0,0.0,0.0,0.0,0.0,1.0
98605,0,1,3400,-63,63,-598,7.2,23,0.50,10517.928711,0,27,0.0,0.0,0.0,0.0,0.0,0.0,0.0,1.0
98854,0,1,3400,-63,63,-596,9.0,23,0.56,10304.000000,0,27,0.0,0.0,0.0,0.0,0.0,0.0,0.0,1.0
99103,0,1,3400,-63,63,-596,13,23,0.50,15553.785156,0,27,0.0,0.0,14533.864258,0,0.0,0.0,0.0,1.0
99352,0,1,3400,-63,63,-598,15,23,0.50,15712.000000,0,27,0.0,0.0,0.0,0.0,0.0,0.0,0.0,1.0
99601,0,1,3400,-63,63,-601,18,23,0.50,5131.474121,0,27,0.0,0.0,0.0,0.0,0.0,0.0,0.0,1.0
99850,0,1,3400,-63,63,-605,17,23,0.50,3936.000000,0,27,0.0,0.0,0.0,0.0,0.0,0.0,0.0,1.0
100099,0,1,3400,-63,63,-603,4.4,23,0.50,33912.351562,0,27,6.7,0.0,48924.304688,7,0.0,0.0,0.0,1.0
100348,0,1,3400,-63,63,-600,18,23,0.50,15394.421875,0,27,8.0,0.0,0.0,0.0,0.0,0.0,0.0,1.0
100597,0,1,3400,-63,63,-598,17,23,0.50,5408.000000,0,27,8.0,0.0,0.0,0.0,0.0,0.0,0.0,1.0
100846,0,1,3400,-63,63,-598,17,23,0.50,5131.474121,0,27,8.0,0.0,0.0,0.0,0.0,0.0,0.0,1.0
101095,0,1,3400,-63,63,-596,16,23,0.50,10432.000000,0,27,7.1,0.0,17472.000000,0,0.0,0.0,0.0,1.0
101344,0,1,3400,-63,63,-594,17,23,0.50,20525.896484,0,27,1.0,0.0,0.0,0.0,0.0,0.0,0.0,1.0
101593,0,1,3400,-63,63,-597,18,23,0.50,10304.000000,0,27,1.00,0.0,0.0,0.0,0.0,0.0,0.0,1.0
101842,0,1,3400,-63,63,-592,18,23,0.50,15394.421875,0,27,1.0,0.0,0.0,0.0,0.0,0.0,0.0,1.0
102091,0,1,3400,-63,63,-592,17,23,0.50,10422.310547,0,27,1.5,0.0,12175.298828,20,0.0,0.0,0.0,1.0
102340,0,1,3400,-63,63,-593,17,23,0.50,25856.000000,0,27,1.5,0.0,0.0,0.0,0.0,0.0,0.0,1.0
102589,0,1,3400,-63,63,-592,17,23,0.50,15394.421875,0,27,1.5,0.0,0.0,0.0,0.0,0.0,0.0,1.0
102838,0,1,3400,-63,63,-588,18,23,0.50,20608.000000,0,27,1.5,0.0,0.0,0.0,0.0,0.0,0.0,1.0
103087,0,1,3400,-63,63,-592,18,23,0.50,5131.474121,0,27,1.9,0.0,8446.214844,24,0.0,0.0,0.0,1.0
103336,0,1,3400,-63,63,-595,18,23,0.54,15456.000000,0,27,0.048,0.0,0.0,0.0,0.0,0.0,0.0,1.0
103585,0,1,3400,-63,63,-591,18,23,0.50,20621.513672,0,27,1.8,0.0,1625.498047,0,0.0,0.0,0.0,1.0
103834,0,1,3400,-63,63,-592,14,23,0.50,0.0,0.0,27,2.0,0.0,0.0,0.0,0.0,0.0,0.0,1.0
104083,0,1,3400,-63,63,-598,16,23,0.50,21120.000000,0,27,6.4,0.0,22816.000000,17,0.0,0.0,0.0,1.0
104332,0,1,3400,-63,63,-600,16,23,0.50,5131.474121,0,27,9.0,0.0,0.0,0.0,0.0,0.0,0.0,1.0
104581,0,1,3400,-63,63,-598,17,23,0.53,15552.000000,0,27,9.0,0.0,0.0,0.0,0.0,0.0,0.0,1.0
104830,0,1,3400,-63,63,-599,18,23,0.60,25657.371094,0,27,9.0,0.0,0.0,0.0,0.0,0.0,0.0,1.0
105079,0,1,3400,-63,63,-600,12,23,0.50,28704.000000,0,27,2.4,0.0,21952.000000,0,0.0,0.0,0.0,1.0
105328,0,1,3400,-63,63,-602,3.5,23,0.50,5131.474121,0,27,0.0,0.0,0.0,0.0,0.0,0.0,0.0,1.0
105577,0,1,3400,-63,63,-605,9.4,23,0.50,20812.748047,0,27,0.048,0.0,0.0,0.0,0.0,0.0,0.0,1.0
105826,0,1,3400,-63,63,-601,10,23,0.50,15904.000000,0,27,0.0,0.0,0.0,0.0,0.0,0.0,0.0,1.0
106075,0,1,3400,-63,63,-597,18,23,0.50,5131.474121,0,27,0.25,0.0,20557.769531,9,0.0,0.0,0.0,1.0
106324,0,1,3400,-63,63,-602,18,23,0.50,5152.000000,0,27,0.048,0.0,0.0,0.0,0.0,0.0,0.0,1.0
106573,0,1,3400,-63,63,-605,11,23,0.62,16573.705078,0,27,0.048,0.0,0.0,0.0,0.0,0.0,0.0,1.0
106822,0,1,3400,-63,63,-602,3.3,23,0.50,10549.800781,0,27,0.0,0.0,0.0,0.0,0.0,0.0,0.0,1.0
107071,0,1,3400,-63,63,-605,8.1,23,0.50,15456.000000,0,27,0.048,0.0,14592.000000,0,0.0,0.0,0.0,1.0
107320,0,1,3400,-63,63,-608,18,23,0.50,5131.474121,0,27,0.0,0.0,0.0,0.0,0.0,0.0,0.0,1.0
107569,0,1,3400,-63,63,-602,16,22,0.50,25856.000000,0,27,0.0,0.0,0.0,0.0,0.0,0.0,0.0,1.0
107818,0,1,3400,-63,63,-600,12,23,0.50,15394.421875,0,27,0.0,0.0,0.0,0.0,0.0,0.0,0.0,1.0
108067,0,1,3400,-63,63,-599,12,23,0.50,5152.000000,0,27,1.6,0.0,27904.000000,0,0.0,0.0,0.0,1.0
108316,0,1,3400,-63,63,-599,15,23,0.50,5131.474121,0,27,2.0,0.0,0.0,0.0,0.0,0.0,0.0,1.0
108565,0,1,3400,-63,63,-604,18,23,0.50,10262.948242,0,27,2.0,0.0,0.0,0.0,0.0,0.0,0.0,1.0
108814,0,1,3400,-63,63,-606,15,23,0.50,21376.000000,0,27,2.0,0.0,0.0,0.0,0.0,0.0,0.0,1.0
109063,0,1,3400,-63,63,-602,17,23,0.50,20525.896484,0,27,0.96,0.0,20047.808594,0,0.0,0.0,0.0,1.0
109312,0,1,3400,-63,63,-604,17,23,0.50,25920.000000,0,27,0.048,0.0,0.0,0.0,0.0,0.0,0.0,1.0
109561,0,1,3400,-63,63,-606,18,23,0.50,5290.836426,0,27,0.048,0.0,0.0,0.0,0.0,0.0,0.0,1.0
109810,0,1,3400,-63,63,-604,18,23,0.50,15394.421875,0,27,0.0,0.0,0.0,0.0,0.0,0.0,0.0,1.0
110059,0,1,3400,-63,63,-601,18,23,0.50,5152.000000,0,27,0.22,0.0,19072.000000,0,0.0,0.0,0.0,1.0
110308,0,1,3400,-63,63,-597,15,23,0.50,5290.836426,0,27,0.0,0.0,0.0,0.0,0.0,0.0,0.0,1.0
110557,0,1,3400,-63,63,-595,15,23,0.50,15616.000000,0,27,0.0,0.0,0.0,0.0,0.0,0.0,0.0,1.0
110806,0,1,3400,-63,63,-596,17,23,0.50,15394.421875,0,27,0.0,0.0,0.0,0.0,0.0,0.0,0.0,1.0
111055,0,1,3400,-63,63,-590,18,23,0.50,10304.000000,0,27,0.21,0.0,20128.000000,0,0.0,0.0,0.0,1.0
111304,0,1,3400,-63,63,-588,18,23,0.50,10517.928711,0,27,0.048,0.0,0.0,0.0,0.0,0.0,0.0,1.0
111553,0,1,3400,-63,63,-592,18,23,0.50,5131.474121,0,27,0.0,0.0,0.0,0.0,0.0,0.0,0.0,1.0
111802,0,1,3400,-63,63,-597,14,23,0.50,5248.000000,0,27,0.096,0.0,0.0,0.0,0.0,0.0,0.0,1.0
112051,0,1,3400,-63,63,-596,16,23,0.50,15394.421875,0,27,0.14,0.0,20557.769531,0,0.0,0.0,0.0,1.0
112300,0,1,3400,-63,63,-597,18,23,0.50,10304.000000,0,27,0.0,0.0,0.0,0.0,0.0,0.0,0.0,1.0
112549,0,1,3400,-63,63,-598,17,23,0.50,10517.928711,0,27,0.048,0.0,0.0,0.0,0.0,0.0,0.0,1.0
112798,0,1,3400,-63,63,-598,17,23,0.54,20896.000000,0,27,0.0,0.0,0.0,0.0,0.0,0.0,0.0,1.0
113047,0,1,3400,-63,63,-593,6.5,23,0.50,18900.398438,0,27,5.1,0.0,70406.375000,25,0.0,0.0,0.0,1.0
113296,0,1,3400,-63,63,-595,6.3,23,0.50,39713.148438,0,27,9.0,0.0,0.0,0.0,0.0,0.0,0.0,1.0
113545,0,1,3400,-63,63,-595,16,23,0.50,15456.000000,0,27,9.0,0.0,0.0,0.0,0.0,0.0,0.0,1.0
113794,0,1,3400,-63,63,-596,18,23,0.50,5131.474121,0,27,9.0,0.0,0.0,0.0,0.0,0.0,0.0,1.0
114043,0,1,3400,-63,63,-602,14,23,0.50,15936.000000,0,27,8.2,0.0,27904.000000,0,0.0,0.0,0.0,1.0
114292,0,1,3400,-63,63,-598,4.5,23,0.50,11282.868164,0,27,2.0,0.0,0.0,0.0,0.0,0.0,0.0,1.0
114541,0,1,3400,-63,63,-597,3.0,23,0.50,0.0,0.0,27,2.0,0.0,0.0,0.0,0.0,0.0,0.0,1.0
114790,0,1,3400,-63,63,-594,3.7,23,0.50,5131.474121,0,27,2.0,0.0,0.0,0.0,0.0,0.0,0.0,1.0
115039,0,1,3400,-63,63,-590,13,23,0.72,15394.421875,0,27,4.7,0.0,30438.246094,11,0.0,0.0,0.0,1.0
115288,0,1,3400,-63,63,-587,18,23,0.59,10304.000000,0,27,6.0,0.0,0.0,0.0,0.0,0.0,0.0,1.0
115537,0,1,3400,-63,63,-594,18,23,0.50,5131.474121,0,27,6.0,0.0,0.0,0.0,0.0,0.0,0.0,1.0
115786,0,1,3400,-63,63,-599,15,23,0.50,21376.000000,0,27,6.0,0.0,0.0,0.0,0.0,0.0,0.0,1.0
116035,0,1,3400,-63,63,-598,16,23,0.50,26262.947266,0,27,1.8,0.0,10613.545898,0,0.0,0.0,0.0,1.0
116284,0,1,3400,-63,63,-597,18,23,0.50,10304.000000,0,27,0.048,0.0,0.0,0.0,0.0,0.0,0.0,1.0
116533,0,1,3400,-63,63,-600,18,23,0.52,25657.371094,0,27,0.096,0.0,0.0,0.0,0.0,0.0,0.0,1.0
116782,0,1,3400,-63,63,-601,18,23,0.50,10262.948242,0,27,0.048,0.0,0.0,0.0,0.0,0.0,0.0,1.0
117031,0,1,3400,-63,63,-598,9.0,23,0.50,6048.000000,0,27,0.16,0.0,20128.000000,0,0.0,0.0,0.0,1.0
117280,0,1,3400,-63,63,-595,0.97,23,0.50,11537.848633,0,27,0.0,0.0,0.0,0.0,0.0,0.0,0.0,1.0
117529,0,1,3400,-63,63,-593,4.6,23,0.50,10304.000000,0,27,0.0,0.0,0.0,0.0,0.0,0.0,0.0,1.0
117778,0,1,3400,-63,63,-597,5.1,23,0.50,5577.689453,0,27,0.0,0.0,0.0,0.0,0.0,0.0,0.0,1.0
118027,0,1,3400,-63,63,-603,9.0,23,0.50,20864.000000,0,27,0.19,0.0,20640.000000,0,0.0,0.0,0.0,1.0
118276,0,1,3400,-63,63,-600,14,23,0.50,21705.179688,0,27,0.048,0.0,0.0,0.0,0.0,0.0,0.0,1.0
118525,0,1,3400,-63,63,-597,13,23,0.50,21035.857422,0,27,0.0,0.0,0.0,0.0,0.0,0.0,0.0,1.0
118774,0,1,3400,-63,63,-599,18,23,0.50,20608.000000,0,27,0.0,0.0,0.0,0.0,0.0,0.0,0.0,1.0
119023,0,1,3400,-63,63,-600,17,23,0.50,10772.908203,0,27,0.38,0.0,15840.637695,0,0.0,0.0,0.0,1.0
119272,0,1,3400,-63,63,-602,16,23,0.50,20608.000000,0,27,1.0,0.0,0.0,0.0,0.0,0.0,0.0,1.0
119521,0,1,3400,-63,63,-602,8.7,23,0.50,32063.744141,0,27,1.0,0.0,0.0,0.0,0.0,0.0,0.0,1.0
119770,0,1,3400,-63,63,-598,11,23,0.50,0.0,0.0,27,1.0,0.0,0.0,0.0,0.0,0.0,0.0,1.0
120019,0,1,3400,-63,63,-598,11,23,0.50,0.0,0.0,27,1.0,0.0,0.0,0.0,0.0,0.0,0.0,1.0
120268,0,1,3400,-63,63,-602,12,23,0.62,5290.836426,0,27,3.8,0.0,19059.761719,0,0.0,0.0,0.0,1.0
120517,0,1,3400,-63,63,-601,14,23,0.56,10400.000000,0,27,9.5,0.0,0.0,0.0,0.0,0.0,0.0,1.0
120766,0,1,3400,-63,63,-601,13,23,0.50,5322.708984,0,27,9.5,0.0,0.0,0.0,0.0,0.0,0.0,1.0
121015,0,1,3400,-63,63,-605,14,23,0.61,15456.000000,0,27,8.0,0.0,13888.000000,0,0.0,0.0,0.0,1.0
121264,0,1,3400,-63,63,-602,18,23,0.75,15394.421875,0,27,7.5,0.0,0.0,0.0,0.0,0.0,0.0,1.0
121513,0,1,3400,-63,63,-595,18,23,0.58,20525.896484,0,27,7.2,0.0,1625.498047,33,0.0,0.0,0.0,1.0
121762,0,1,3400,-63,63,-600,18,23,0.75,5152.000000,0,27,6.0,0.0,0.0,0.0,0.0,0.0,0.0,1.0
122011,0,1,3400,-63,63,-600,18,23,0.61,5131.474121,0,27,7.6,0.0,19059.761719,0,0.0,0.0,0.0,1.0
122260,0,1,3400,-63,63,-599,15,23,1.4,20704.000000,25,27,9.5,0.0,0.0,0.0,0.0,0.0,0.0,1.0
122509,0,1,3400,-63,63,-602,9.9,23,1.8,5227.091797,0,27,9.5,0.0,0.0,0.0,0.0,0.0,0.0,1.0
122758,0,1,3400,-63,63,-603,5.1,23,0.50,5312.000000,0,27,9.5,0.0,0.0,0.0,0.0,0.0,0.0,1.0
123007,0,1,3400,-63,63,-603,7.8,23,0.50,11027.888672,0,27,12,0.0,38533.863281,50,0.0,0.0,0.0,1.0
123256,0,1,3400,-63,63,-608,8.0,23,0.50,0.0,0.0,27,14,0.0,0.0,0.0,0.0,0.0,0.0,1.0
123505,0,1,3400,-63,63,-605,7.6,23,0.50,10880.000000,0,27,14,0.0,0.0,0.0,0.0,0.0,0.0,1.0
123754,0,1,3400,-63,63,-599,8.5,23,0.50,21227.091797,0,27,14,0.0,0.0,0.0,0.0,0.0,0.0,1.0
124003,0,1,3400,-63,63,-601,11,23,0.50,5152.000000,0,27,14,186,0.0,0.0,0.0,0.0,0.0,1.0
124252,0,1,3400,-63,63,-601,17,23,0.50,5290.836426,0,27,2.9,0.0,20557.769531,0,0.0,0.0,0.0,1.0
124501,0,1,3400,-63,63,-596,18,23,0.50,15394.421875,0,27,0.0,0.0,0.0,0.0,0.0,0.0,0.0,1.0
124750,0,1,3400,-63,63,-597,16,23,0.50,10560.000000,0,27,0.0,0.0,0.0,0.0,0.0,0.0,0.0,1.0
124999,0,1,3400,-63,63,-595,18,23,0.50,10262.948242,0,27,0.14,0.0,20557.769531,0,0.0,0.0,0.0,1.0
125248,0,1,3400,-63,63,-589,12,23,0.50,31328.000000,0,27,0.048,0.0,0.0,0.0,0.0,0.0,0.0,1.0
125497,0,1,3400,-63,63,-593,10,23,0.50,26709.164062,0,27,0.048,0.0,0.0,0.0,0.0,0.0,0.0,1.0
125746,0,1,3400,-63,63,-597,16,23,0.50,20768.000000,0,27,0.0,0.0,0.0,0.0,0.0,0.0,0.0,1.0
125995,0,1,3400,-63,63,-593,17,23,0.50,25657.371094,0,27,0.14,0.0,20557.769531,0,0.0,0.0,0.0,1.0
126244,0,1,3400,-63,63,-591,17,23,0.50,15808.764648,0,27,0.0,0.0,0.0,0.0,0.0,0.0,0.0,1.0
126493,0,1,3400,-63,63,-599,11,23,0.50,15968.000000,0,27,0.048,0.0,0.0,0.0,0.0,0.0,0.0,1.0
126742,0,1,3400,-63,63,-599,14,23,0.50,10262.948242,0,27,0.0,0.0,0.0,0.0,0.0,0.0,0.0,1.0
126991,0,1,3400,-63,63,-599,14,23,0.50,5312.000000,0,27,1.6,0.0,27904.000000,0,0.0,0.0,0.0,1.0
127240,0,1,3400,-63,63,-603,14,23,0.50,5131.474121,0,27,2.0,0.0,0.0,0.0,0.0,0.0,0.0,1.0
127489,0,1,3400,-63,63,-597,17,23,0.50,5152.000000,0,27,2.0,0.0,0.0,0.0,0.0,0.0,0.0,1.0
127738,0,1,3400,-63,63,-598,16,23,0.50,10262.948242,0,27,2.0,0.0,0.0,0.0,0.0,0.0,0.0,1.0
127987,0,1,3400,-63,63,-602,9.6,23,0.50,32318.724609,0,27,0.91,0.0,8414.342773,0,0.0,0.0,0.0,1.0
128236,0,1,3400,-63,63,-599,13,23,0.58,25984.000000,0,27,0.048,0.0,0.0,0.0,0.0,0.0,0.0,1.0
128485,0,1,3400,-63,63,-594,15,23,0.84,15553.785156,0,27,0.14,0.0,0.0,0.0,0.0,0.0,0.0,1.0
128734,0,1,3400,-63,63,-596,9.5,23,0.50,15840.000000,0,27,0.096,0.0,0.0,0.0,0.0,0.0,0.0,1.0
128983,0,1,3400,-63,63,-598,7.0,23,0.50,10262.948242,0,27,0.14,0.0,20557.769531,0,0.0,0.0,0.0,1.0
129232,0,1,3400,-63,63,-596,10,23,0.50,10464.000000,0,27,0.0,0.0,0.0,0.0,0.0,0.0,0.0,1.0
129481,0,1,3400,-63,63,-598,6.3,23,0.50,5992.031738,0,27,0.0,0.0,0.0,0.0,0.0,0.0,0.0,1.0
129730,0,1,3400,-63,63,-600,6.0,23,0.50,0.0,0.0,27,0.0,0.0,0.0,0.0,0.0,0.0,0.0,1.0
129979,0,1,3400,-63,63,-602,16,23,0.74,10304.000000,0,27,4.8,0.0,21120.000000,25,0.0,0.0,0.0,1.0
130228,0,1,3400,-63,63,-606,18,23,0.65,15394.421875,0,27,7.0,0.0,0.0,0.0,0.0,0.0,0.0,1.0
130477,0,1,3400,-63,63,-604,11,23,0.50,11040.000000,0,27,7.0,0.0,0.0,0.0,0.0,0.0,0.0,1.0
130726,0,1,3400,-63,63,-597,8.9,23,0.50,5131.474121,0,27,7.0,0.0,0.0,0.0,0.0,0.0,0.0,1.0
130975,0,1,3400,-63,63,-598,14,23,0.50,10262.948242,0,27,4.0,0.0,21322.708984,0,0.0,0.0,0.0,1.0
131224,0,1,3400,-63,63,-599,17,23,0.50,10560.000000,0,27,0.048,0.0,0.0,0.0,0.0,0.0,0.0,1.0
131473,0,1,3400,-63,63,-602,12,23,0.50,11282.868164,0,27,0.096,0.0,0.0,0.0,0.0,0.0,0.0,1.0
131722,0,1,3400,-63,63,-603,12,23,0.50,37184.000000,0,27,0.0,0.0,0.0,0.0,0.0,0.0,0.0,1.0
131971,0,1,3400,-63,63,-602,18,23,0.50,0.0,0.0,27,0.048,0.0,0.0,0.0,0.0,0.0,0.0,1.0
132220,0,1,3400,-63,63,-603,18,23,0.50,5248.000000,0,27,0.0,144,0.0,0,0.0,0.0,0.0,1.0
132469,0,1,3400,-63,63,-606,18,23,0.50,15394.421875,0,27,0.0,0.0,12207.170898,0,0.0,0.0,0.0,1.0
132718,0,1,3400,-63,63,-607,18,23,0.50,10262.948242,0,27,0.0,0.0,0.0,0.0,0.0,0.0,0.0,1.0
132967,0,1,3400,-63,63,-605,12,23,0.50,10592.000000,0,27,5.7,0.0,75104.000000,5,0.0,0.0,0.0,1.0
133216,0,1,3400,-63,63,-598,5.6,23,0.50,16254.980469,0,27,8.0,0.0,0.0,0.0,0.0,0.0,0.0,1.0
133465,0,1,3400,-63,63,-600,11,23,0.50,0.0,0.0,27,8.0,0.0,0.0,0.0,0.0,0.0,0.0,1.0
133714,0,1,3400,-63,63,-599,12,23,0.50,16318.725586,0,27,8.0,0.0,0.0,0.0,0.0,0.0,0.0,1.0
133963,0,1,3400,-63,63,-596,12,23,0.50,0.0,0.0,27,8.0,0.0,0.0,0.0,0.0,0.0,0.0,1.0
134212,0,1,3400,-63,63,-599,13,23,0.50,15394.421875,0,27,6.7,0.0,12972.111328,0,0.0,0.0,0.0,1.0
134461,0,1,3400,-63,63,-606,18,23,0.50,15394.421875,0,27,0.0,0.0,0.0,0.0,0.0,0.0,0.0,1.0
134710,0,1,3400,-63,63,-605,18,23,0.56,5152.000000,0,27,0.0,0.0,0.0,0.0,0.0,0.0,0.0,1.0
134959,0,1,3400,-63,63,-605,12,23,0.68,11250.996094,0,27,5.2,0.0,117896.414062,22,0.0,0.0,0.0,1.0
135208,0,1,3400,-63,63,-605,8.1,23,0.50,10304.000000,0,27,13,0.0,0.0,0.0,0.0,0.0,0.0,1.0
135457,0,1,3400,-63,63,-606,12,23,0.50,15904.382812,0,27,13,0.0,0.0,0.0,0.0,0.0,0.0,1.0
135706,0,1,3400,-63,63,-612,5.8,23,0.58,22725.099609,0,27,13,0.0,0.0,0.0,0.0,0.0,0.0,1.0
135955,0,1,3400,-63,63,-610,7.7,23,0.50,10304.000000,0,27,3.2,0.0,13440.000000,0,0.0,0.0,0.0,1.0
136204,0,1,3400,-63,63,-604,9.0,23,0.50,10262.948242,0,27,0.0,0.0,0.0,0.0,0.0,0.0,0.0,1.0
136453,0,1,3400,-63,63,-608,9.0,23,0.50,0.0,0.0,27,0.0,0.0,0.0,0.0,0.0,0.0,0.0,1.0
136702,0,1,3400,-63,63,-607,12,23,0.50,15394.421875,0,27,0.0,0.0,0.0,0.0,0.0,0.0,0.0,1.0
136951,0,1,3400,-63,63,-599,13,23,0.50,32096.000000,0,27,1.3,0.0,27936.000000,9,0.0,0.0,0.0,1.0
137200,0,1,3400,-63,63,-597,14,23,0.50,10422.310547,0,27,1.0,0.0,0.0,0.0,0.0,0.0,0.0,1.0
137449,0,1,3400,-63,63,-596,15,23,0.50,15394.421875,0,27,1.00,0.0,0.0,0.0,0.0,0.0,0.0,1.0
137698,0,1,3400,-63,63,-595,18,23,0.56,10304.000000,0,27,1.00,0.0,0.0,0.0,0.0,0.0,0.0,1.0
137947,0,1,3400,-63,63,-597,18,23,0.62,5131.474121,0,27,4.9,0.0,94533.867188,26,0.0,0.0,0.0,1.0
138196,0,1,3400,-63,63,-599,12,22,0.50,26144.000000,0,27,10,0.0,0.0,0.0,0.0,0.0,0.0,1.0
138445,0,1,3400,-63,63,-600,18,23,0.50,5131.474121,0,27,10,0.0,0.0,0.0,0.0,0.0,0.0,1.0
138694,0,1,3400,-63,63,-598,17,23,0.50,10422.310547,0,27,10,0.0,0.0,0.0,0.0,0.0,0.0,1.0
138943,0,1,3400,-63,63,-600,15,23,0.50,37088.000000,0,27,5.2,0.0,9024.000000,28,0.0,0.0,0.0,1.0
139192,0,1,3400,-63,63,-603,7.3,23,0.50,6183.267090,0,27,0.0,0.0,0.0,0.0,0.0,0.0,0.0,1.0
139441,0,1,3400,-63,63,-609,2.2,23,0.50,5568.000000,0,27,0.0,0.0,0.0,0.0,0.0,0.0,0.0,1.0
139690,0,1,3400,-63,63,-609,11,23,0.50,10358.565430,0,27,0.0,0.0,0.0,0.0,0.0,0.0,0.0,1.0
139939,0,1,3400,-63,63,-610,11,23,0.50,15552.000000,0,27,0.21,0.0,21664.000000,0,0.0,0.0,0.0,1.0
140188,0,1,3400,-63,63,-610,18,23,0.50,5131.474121,0,27,0.0,0.0,0.0,0.0,0.0,0.0,0.0,1.0
140437,0,1,3400,-63,63,-606,18,23,0.50,10262.948242,0,27,0.0,0.0,0.0,0.0,0.0,0.0,0.0,1.0
140686,0,1,3400,-63,63,-602,18,23,0.50,5152.000000,0,27,0.0,0.0,0.0,0.0,0.0,0.0,0.0,1.0
140935,0,1,3400,-63,63,-600,18,23,0.72,20525.896484,0,27,0.0,0.0,6852.589844,0,0.0,0.0,0.0,1.0
141184,0,1,3400,-63,63,-606,18,23,0.60,5152.000000,0,27,0.0,0.0,0.0,0.0,0.0,0.0,0.0,1.0
141433,0,1,3400,-63,63,-605,18,23,0.50,15394.421875,0,27,0.0,0.0,0.0,0.0,0.0,0.0,0.0,1.0
141682,0,1,3400,-63,63,-600,13,23,0.50,26772.908203,0,27,0.0,0.0,0.0,0.0,0.0,0.0,0.0,1.0
141931,0,1,3400,-63,63,-601,8.6,23,0.50,10345.381836,0,27,6.5,0.0,51887.550781,47,0.0,0.0,0.0,1.0
142180,0,1,3400,-63,63,-600,5.9,23,0.50,10793.650391,0,27,9.0,0.0,0.0,0.0,0.0,0.0,0.0,1.0
142429,0,1,3400,-63,63,-601,10,23,0.50,10464.000000,0,27,9.0,0.0,0.0,0.0,0.0,0.0,0.0,1.0
142678,0,1,3400,-63,63,-598,9.3,23,0.50,21450.199219,0,27,9.0,0.0,0.0,0.0,0.0,0.0,0.0,1.0
142927,0,1,3400,-63,63,-595,17,23,0.56,25760.000000,0,27,2.1,0.0,14752.000000,0,0.0,0.0,0.0,1.0
143176,0,1,3400,-63,63,-598,18,23,0.75,0.0,0.0,27,0.0,0.0,0.0,0.0,0.0,0.0,0.0,1.0
143425,0,1,3400,-63,63,-597,18,23,0.51,15394.421875,0,27,0.0,0.0,0.0,0.0,0.0,0.0,0.0,1.0
143674,0,1,3400,-63,63,-594,18,23,0.50,10304.000000,0,27,0.0,0.0,0.0,0.0,0.0,0.0,0.0,1.0
143923,0,1,3400,-63,63,-593,18,23,0.50,20525.896484,0,27,0.0,0.0,13131.473633,0,0.0,0.0,0.0,1.0
144172,0,1,3400,-63,63,-594,11,23,0.50,15552.000000,0,27,0.0,0.0,0.0,0.0,0.0,0.0,0.0,1.0
144421,0,1,3400,-63,63,-594,15,23,0.50,10422.310547,0,27,0.0,0.0,0.0,0.0,0.0,0.0,0.0,1.0
144670,0,1,3400,-63,63,-596,17,23,0.50,20768.000000,0,27,0.0,0.0,0.0,0.0,0.0,0.0,0.0,1.0
144919,0,1,3400,-63,63,-603,18,23,0.50,5131.474121,0,27,0.62,0.0,1561.752930,50,0.0,0.0,0.0,1.0
145168,0,1,3400,-63,63,-605,16,23,0.50,15553.785156,0,27,0.19,0.0,6884.461914,9,0.0,0.0,0.0,1.0
145417,0,1,3400,-63,63,-603,14,23,0.50,15456.000000,0,27,0.0,0.0,0.0,0.0,0.0,0.0,0.0,1.0
145666,0,1,3400,-63,63,-604,17,23,0.80,20621.513672,0,27,0.0,0.0,0.0,0.0,0.0,0.0,0.0,1.0
145915,0,1,3400,-63,63,-598,1.4,22,0.54,6176.000000,0,27,0.0,0.0,13024.000000,0,0.0,0.0,0.0,1.0
146164,0,1,3400,-63,63,-597,16,23,0.50,25657.371094,0,27,0.0,0.0,0.0,0.0,0.0,0.0,0.0,1.0
146413,0,1,3400,-63,63,-600,18,23,0.50,0.0,0.0,27,0.0,0.0,0.0,0.0,0.0,0.0,0.0,1.0
146662,0,1,3400,-63,63,-600,18,23,0.50,0.0,0.0,27,0.0,0.0,0.0,0.0,0.0,0.0,0.0,1.0
146911,0,1,3400,-63,63,-600,18,23,0.68,5131.474121,0,27,0.52,0.0,18071.712891,11,0.0,0.0,0.0,1.0
147160,0,1,3400,-63,63,-601,18,23,0.75,20704.000000,0,27,0.0,0.0,0.0,0.0,0.0,0.0,0.0,1.0
147409,0,1,3400,-63,63,-601,18,23,0.75,5131.474121,0,27,0.0,0.0,0.0,0.0,0.0,0.0,0.0,1.0
147658,0,1,3400,-63,63,-599,18,23,0.65,25760.000000,0,27,0.0,0.0,0.0,0.0,0.0,0.0,0.0,1.0
147907,0,1,3400,-63,63,-595,18,23,0.75,0.0,0.0,27,0.0,0.0,0.0,0.0,0.0,0.0,0.0,1.0
148156,0,1,3400,-63,63,-595,18,23,0.60,15394.421875,0,27,2.8,0.0,9083.665039,0,0.0,0.0,0.0,1.0
148405,0,1,3400,-63,63,-595,18,23,0.54,20608.000000,20,27,3.5,0.0,0.0,0.0,0.0,0.0,0.0,1.0
148654,0,1,3400,-63,63,-594,20,23,1.9,10517.928711,0,27,3.5,0.0,0.0,0.0,0.0,0.0,0.0,1.0
148903,0,1,3400,-63,63,-600,15,23,0.50,16032.000000,0,27,0.98,0.0,22208.000000,0,0.0,0.0,0.0,1.0
149152,0,1,3400,-63,63,-604,18,23,0.50,15394.421875,0,27,0.0,0.0,0.0,0.0,0.0,0.0,0.0,1.0
149401,0,1,3400,-63,63,-605,18,23,0.50,5152.000000,0,27,0.0,0.0,0.0,0.0,0.0,0.0,0.0,1.0
149650,0,1,3400,-63,63,-606,18,23,0.50,15394.421875,0,27,0.0,0.0,0.0,0.0,0.0,0.0,0.0,1.0
149899,0,1,3400,-63,63,-606,9.7,23,0.50,6151.394531,0,27,0.14,0.0,20557.769531,0,0.0,0.0,0.0,1.0
150148,0,1,3400,-63,63,-598,13,23,0.50,36864.000000,0,27,0.0,0.0,0.0,0.0,0.0,0.0,0.0,1.0
150397,0,1,3400,-63,63,-591,12,22,0.50,0.0,0.0,27,0.0,0.0,0.0,0.0,0.0,0.0,0.0,1.0
150646,0,1,3400,-63,63,-600,5.4,23,0.50,6176.000000,0,27,0.0,0.0,0.0,0.0,0.0,0.0,0.0,1.0
150895,0,1,3400,-63,63,-605,6.3,23,0.50,15394.421875,0,27,0.0,0.0,7266.932129,0,0.0,0.0,0.0,1.0
151144,0,1,3400,-63,63,-610,3.2,23,0.50,6176.000000,0,27,0.0,0.0,0.0,0.0,0.0,0.0,0.0,1.0
151393,0,1,3400,-63,63,-613,5.4,23,0.52,16573.705078,0,27,0.0,0.0,0.0,0.0,0.0,0.0,0.0,1.0
151642,0,1,3400,-63,63,-610,14,23,0.74,10262.948242,0,27,0.0,0.0,0.0,0.0,0.0,0.0,0.0,1.0
151891,0,1,3400,-63,63,-605,18,23,0.50,5152.000000,0,27,2.6,0.0,76576.000000,31,0.0,0.0,0.0,1.0
152140,0,1,3400,-63,63,-607,17,23,0.50,11410.358398,0,27,10,0.0,0.0,0.0,0.0,0.0,0.0,1.0
152389,0,1,3400,-63,63,-607,13,23,0.50,15616.000000,0,27,10,0.0,0.0,0.0,0.0,0.0,0.0,1.0
152638,0,1,3400,-63,63,-602,15,23,0.50,10262.948242,0,27,10,0.0,0.0,0.0,0.0,0.0,0.0,1.0
152887,0,1,3400,-63,63,-600,14,23,0.50,10358.565430,0,27,2.7,0.0,18996.015625,0,0.0,0.0,0.0,1.0
153136,0,1,3400,-63,63,-597,16,23,0.50,15552.000000,0,27,0.0,0.0,0.0,0.0,0.0,0.0,0.0,1.0
153385,0,1,3400,-63,63,-594,18,22,0.50,20525.896484,0,27,0.0,0.0,0.0,0.0,0.0,0.0,0.0,1.0
153634,0,1,3400,-63,63,-593,17,23,0.55,20928.000000,0,27,0.0,0.0,0.0,0.0,0.0,0.0,0.0,1.0
153883,0,1,3400,-63,63,-593,18,23,0.50,15394.421875,0,27,0.16,0.0,20047.808594,0,0.0,0.0,0.0,1.0
154132,0,1,3400,-63,63,-594,17,23,0.50,20864.000000,0,27,0.0,0.0,0.0,0.0,0.0,0.0,0.0,1.0
154381,0,1,3400,-63,63,-603,14,23,0.56,10262.948242,0,27,0.0,0.0,0.0,0.0,0.0,0.0,0.0,1.0
154630,0,1,3400,-63,63,-599,7.4,23,0.50,21322.708984,0,27,0.0,0.0,0.0,0.0,0.0,0.0,0.0,1.0
154879,0,1,3400,-63,63,-594,2.4,23,0.50,6232.931641,0,27,0.82,0.0,28048.193359,9,0.0,0.0,0.0,1.0
155128,0,1,3400,-63,63,-596,10,23,0.50,15428.571289,0,27,0.99,0.0,0.0,0.0,0.0,0.0,0.0,1.0
155377,0,1,3400,-63,63,-593,14,23,0.50,0.0,0.0,27,1.0,0.0,0.0,0.0,0.0,0.0,0.0,1.0
155626,0,1,3400,-63,63,-591,15,23,0.50,15492.063477,0,27,1.00,0.0,0.0,0.0,0.0,0.0,0.0,1.0
155875,0,1,3400,-63,63,-592,18,23,0.50,0.0,0.0,27,1.0,0.0,0.0,0.0,0.0,0.0,0.0,1.0
156124,0,1,3400,-63,63,-597,18,23,0.50,15394.421875,0,27,0.56,0.0,15968.127930,0,0.0,0.0,0.0,1.0
156373,0,1,3400,-63,63,-598,18,23,0.67,5131.474121,0,27,0.0,0.0,0.0,0.0,0.0,0.0,0.0,1.0
156622,0,1,3400,-63,63,-599,18,23,0.64,10304.000000,0,27,0.0,0.0,0.0,0.0,0.0,0.0,0.0,1.0
156871,0,1,3400,-63,63,-601,18,23,0.50,5227.091797,0,27,0.0,186,0.0,0.0,0.0,0.0,0.0,1.0
157120,0,1,3400,-63,63,-598,17,23,0.64,20800.000000,0,27,0.14,0.0,20640.000000,0,0.0,0.0,0.0,1.0
157369,0,1,3400,-63,63,-596,18,23,0.55,20525.896484,0,27,0.0,0.0,0.0,0.0,0.0,0.0,0.0,1.0
157618,0,1,3400,-63,63,-595,4.1,23,0.56,6151.394531,0,27,0.0,0.0,0.0,0.0,0.0,0.0,0.0,1.0
157867,0,1,3400,-63,63,-598,9.0,23,0.53,21120.000000,0,27,0.16,0.0,20128.000000,0,0.0,0.0,0.0,1.0
158116,0,1,3400,-63,63,-598,14,22,0.75,15553.785156,0,27,0.0,0.0,1561.752930,0,0.0,0.0,0.0,1.0
158365,0,1,3400,-63,63,-598,14,23,0.52,10560.000000,0,27,0.0,0.0,0.0,0.0,0.0,0.0,0.0,1.0
158614,0,1,3400,-63,63,-596,16,23,0.50,5131.474121,0,27,0.0,0.0,0.0,0.0,0.0,0.0,0.0,1.0
158863,0,1,3400,-63,63,-596,7.6,22,0.50,5568.000000,0,27,3.3,0.0,13888.000000,0,0.0,0.0,0.0,1.0
159112,0,1,3400,-63,63,-600,2.7,23,0.50,16191.235352,0,27,7.5,0.0,0.0,0.0,0.0,0.0,0.0,1.0
159361,0,1,3400,-63,63,-598,2.5,23,0.50,0.0,0.0,27,7.5,0.0,0.0,0.0,0.0,0.0,0.0,1.0
159610,0,1,3400,-63,63,-591,11,23,0.52,20608.000000,0,27,7.5,0.0,0.0,0.0,0.0,0.0,0.0,1.0
159859,0,1,3400,-63,63,-598,11,23,0.50,5354.581543,0,27,7.5,186,0.0,0.0,0.0,0.0,0.0,1.0
160108,0,1,3400,-63,63,-600,12,23,0.58,10304.000000,0,27,0.52,0.0,21664.000000,0,0.0,0.0,0.0,1.0
160357,0,1,3400,-63,63,-598,18,23,0.67,15394.421875,0,27,0.0,0.0,0.0,0.0,0.0,0.0,0.0,1.0
160606,0,1,3400,-63,63,-601,18,23,0.50,15456.000000,0,27,0.0,0.0,0.0,0.0,0.0,0.0,0.0,1.0
160855,0,1,3400,-63,63,-593,18,23,0.50,15394.421875,0,27,0.0,0.0,14533.864258,0,0.0,0.0,0.0,1.0
161104,0,1,3400,-63,63,-591,16,22,0.50,15553.785156,0,27,0.0,0.0,0.0,0.0,0.0,0.0,0.0,1.0
161353,0,1,3400,-63,63,-589,18,23,0.50,15456.000000,0,27,0.0,0.0,0.0,0.0,0.0,0.0,0.0,1.0
161602,0,1,3400,-63,63,-589,18,23,0.57,5152.000000,0,27,0.0,0.0,0.0,0.0,0.0,0.0,0.0,1.0
161851,0,1,3400,-63,63,-592,16,23,0.72,10592.000000,0,27,1.1,0.0,27936.000000,9,0.0,0.0,0.0,1.0
162100,0,1,3400,-63,63,-593,12,23,0.54,5111.111328,0,27,0.99,0.0,0.0,0.0,0.0,0.0,0.0,1.0
162349,0,1,3400,-63,63,-586,12,23,0.50,0.0,0.0,27,1.0,0.0,0.0,0.0,0.0,0.0,0.0,1.0
162598,0,1,3400,-63,63,-583,5.4,22,0.50,27569.720703,0,27,1.0,0.0,0.0,0.0,0.0,0.0,0.0,1.0
162847,0,1,3400,-63,63,-593,9.6,23,0.50,10262.948242,0,27,0.78,0.0,21577.689453,0,0.0,0.0,0.0,1.0
163096,0,1,3400,-63,63,-601,18,23,0.50,5152.000000,0,27,0.0,0.0,0.0,0.0,0.0,0.0,0.0,1.0
163345,0,1,3400,-63,63,-601,14,23,0.50,15681.274414,0,27,0.0,0.0,0.0,0.0,0.0,0.0,0.0,1.0
163594,0,1,3400,-63,63,-602,13,23,0.50,26464.000000,0,27,0.0,0.0,0.0,0.0,0.0,0.0,0.0,1.0
163843,0,1,3400,-63,63,-601,17,23,0.72,25657.371094,0,27,0.69,0.0,17402.390625,0,0.0,0.0,0.0,1.0
164092,0,1,3400,-63,63,-597,18,23,0.50,10304.000000,0,27,1.0,0.0,0.0,0.0,0.0,0.0,0.0,1.0
164341,0,1,3400,-63,63,-606,18,22,0.50,10262.948242,0,27,1.0,0.0,0.0,0.0,0.0,0.0,0.0,1.0
164590,0,1,3400,-63,63,-611,16,23,0.50,10836.653320,0,27,1.0,0.0,0.0,0.0,0.0,0.0,0.0,1.0
164839,0,1,3400,-63,63,-602,4.0,23,0.50,15744.000000,0,27,3.8,0.0,13888.000000,0,0.0,0.0,0.0,1.0
165088,0,1,3400,-63,63,-597,9.1,23,0.50,11282.868164,0,27,7.5,0.0,0.0,0.0,0.0,0.0,0.0,1.0
165337,0,1,3400,-63,63,-597,17,23,0.50,15744.000000,0,27,7.5,0.0,0.0,0.0,0.0,0.0,0.0,1.0
165586,0,1,3400,-63,63,-595,15,23,0.50,15394.421875,0,27,7.5,0.0,0.0,0.0,0.0,0.0,0.0,1.0
165835,0,1,3400,-63,63,-588,12,23,0.50,5248.000000,0,27,10,0.0,87072.000000,22,0.0,0.0,0.0,1.0
166084,0,1,3400,-63,63,-599,16,23,0.51,20525.896484,0,27,12,0.0,0.0,0.0,0.0,0.0,0.0,1.0
166333,0,1,3400,-63,63,-601,18,23,0.50,5131.474121,0,27,12,0.0,0.0,0.0,0.0,0.0,0.0,1.0
166582,0,1,3400,-63,63,-599,18,23,1.3,20608.000000,20,27,12,0.0,0.0,0.0,0.0,0.0,0.0,1.0
166831,0,1,3400,-63,63,-608,18,22,1.2,15394.421875,0,27,10,0.0,16000.000000,0,0.0,0.0,0.0,1.0
167080,0,1,3400,-63,63,-606,18,23,0.73,10304.000000,0,27,8.5,0.0,0.0,0.0,0.0,0.0,0.0,1.0
167329,0,1,3400,-63,63,-598,5.9,22,0.59,11665.338867,0,27,8.5,0.0,0.0,0.0,0.0,0.0,0.0,1.0
167578,0,1,3400,-63,63,-604,2.5,23,0.50,10262.948242,0,27,8.5,0.0,0.0,0.0,0.0,0.0,0.0,1.0
167827,0,1,3400,-63,63,-605,9.0,23,0.50,5152.000000,0,27,7.6,0.0,20640.000000,0,0.0,0.0,0.0,1.0
168076,0,1,3400,-63,63,-600,16,23,0.50,25816.732422,0,27,0.0,0.0,0.0,0.0,0.0,0.0,0.0,1.0
168325,0,1,3400,-63,63,-604,18,23,0.68,15518.072266,0,27,0.0,0.0,0.0,0.0,0.0,0.0,0.0,1.0
168574,0,1,3400,-63,63,-603,18,23,0.75,15394.421875,0,27,0.0,0.0,0.0,0.0,0.0,0.0,0.0,1.0
168823,0,1,3400,-63,63,-597,18,23,0.75,5131.474121,0,27,0.0,0.0,14533.864258,0,0.0,0.0,0.0,1.0
169072,0,1,3400,-63,63,-599,15,22,0.68,5354.581543,0,27,0.0,0.0,0.0,0.0,0.0,0.0,0.0,1.0
169321,0,1,3400,-63,63,-605,7.7,23,0.50,20844.621094,0,27,0.0,0.0,0.0,0.0,0.0,0.0,0.0,1.0
169570,0,1,3400,-63,63,-601,16,22,0.50,20608.000000,0,27,0.0,0.0,0.0,0.0,0.0,0.0,0.0,1.0
169819,0,1,3400,-63,63,-601,17,23,0.53,31107.570312,0,27,0.0,0.0,13131.473633,0,0.0,0.0,0.0,1.0
170068,0,1,3400,-63,63,-597,4.4,22,0.50,26368.000000,0,27,0.0,0.0,0.0,0.0,0.0,0.0,0.0,1.0
170317,0,1,3400,-63,63,-596,0.0,23,0.50,8637.450195,0,27,0.0,0.0,0.0,0.0,0.0,0.0,0.0,1.0
170566,0,1,3400,-63,63,-600,3.9,23,0.50,5408.000000,0,27,0.0,0.0,0.0,0.0,0.0,0.0,0.0,1.0
170815,0,1,3400,-63,63,-602,9.9,23,0.50,5131.474121,0,27,0.52,0.0,21195.218750,9,0.0,0.0,0.0,1.0
171064,0,1,3400,-63,63,-601,17,23,0.50,20621.513672,0,27,0.0,0.0,0.0,0.0,0.0,0.0,0.0,1.0
171313,0,1,3400,-63,63,-596,14,23,0.91,26336.000000,0,27,0.0,0.0,0.0,0.0,0.0,0.0,0.0,1.0
171562,0,1,3400,-63,63,-597,13,23,0.64,31808.765625,0,27,0.0,0.0,0.0,0.0,0.0,0.0,0.0,1.0
171811,0,1,3400,-63,63,-596,10,23,0.50,15744.000000,0,27,7.6,0.0,71168.000000,0,0.0,0.0,0.0,1.0
172060,0,1,3400,-63,63,-597,17,23,0.50,5290.836426,0,27,10,0.0,0.0,0.0,0.0,0.0,0.0,1.0
172309,0,1,3400,-63,63,-600,7.8,23,0.50,12302.789062,0,27,10,0.0,0.0,0.0,0.0,0.0,0.0,1.0
172558,0,1,3400,-63,63,-603,11,23,0.50,26656.000000,0,27,10,0.0,0.0,0.0,0.0,0.0,0.0,1.0
172807,0,1,3400,-63,63,-601,15,23,0.51,25784.861328,0,27,8.6,0.0,13832.668945,0,0.0,0.0,0.0,1.0
173056,0,1,3400,-63,63,-602,16,23,0.75,0.0,0.0,27,7.5,0.0,0.0,0.0,0.0,0.0,0.0,1.0
173305,0,1,3400,-63,63,-605,18,23,0.56,25657.371094,0,27,7.4,0.0,0.0,0.0,0.0,0.0,0.0,1.0
173554,0,1,3400,-63,63,-607,9.9,23,0.50,11456.000000,0,27,7.5,0.0,0.0,0.0,0.0,0.0,0.0,1.0
173803,0,1,3400,-63,63,-609,17,23,0.50,20525.896484,0,27,7.5,0.0,13832.668945,0,0.0,0.0,0.0,1.0
174052,0,1,3400,-63,63,-612,17,23,0.50,15553.785156,0,27,7.5,0.0,0.0,0.0,0.0,0.0,0.0,1.0
174301,0,1,3400,-63,63,-608,17,23,0.50,15456.000000,0,27,7.5,0.0,0.0,0.0,0.0,0.0,0.0,1.0
174550,0,1,3400,-63,63,-610,18,23,0.50,0.0,0.0,27,7.5,0.0,0.0,0.0,0.0,0.0,0.0,1.0
174799,0,1,3400,-63,63,-607,18,23,0.50,15518.072266,0,27,5.5,0.0,14104.417969,0,0.0,0.0,0.0,1.0
175048,0,1,3400,-63,63,-603,18,23,0.50,5227.091797,0,27,0.0,0.0,0.0,0.0,0.0,0.0,0.0,1.0
175297,0,1,3400,-63,63,-607,18,23,0.50,15333.333008,0,27,0.0,0.0,0.0,0.0,0.0,0.0,0.0,1.0
175546,0,1,3400,-63,63,-607,17,23,0.51,15872.000000,0,27,0.0,0.0,0.0,0.0,0.0,0.0,0.0,1.0
175795,0,1,3400,-63,63,-610,16,23,0.50,5131.474121,0,27,0.0,186,0.0,0.0,0.0,0.0,0.0,1.0
176044,0,1,3400,-63,63,-608,18,23,0.50,5152.000000,0,27,0.20,0.0,20384.000000,0,0.0,0.0,0.0,1.0
176293,0,1,3400,-63,63,-607,15,23,0.50,16414.341797,0,27,0.0,0.0,0.0,0.0,0.0,0.0,0.0,1.0
176542,0,1,3400,-63,63,-606,3.7,23,0.50,5152.000000,0,27,0.0,0.0,0.0,0.0,0.0,0.0,0.0,1.0
176791,0,1,3400,-63,63,-606,15,23,0.57,20621.513672,0,27,0.86,0.0,17402.390625,0,0.0,0.0,0.0,1.0
177040,0,1,3400,-63,63,-612,17,23,0.50,5131.474121,0,27,0.98,0.0,0.0,0.0,0.0,0.0,0.0,1.0
177289,0,1,3400,-63,63,-611,18,23,0.50,15456.000000,0,27,1.00,0.0,0.0,0.0,0.0,0.0,0.0,1.0
177538,0,1,3400,-63,63,-612,18,22,0.50,15394.421875,0,27,1.0,0.0,0.0,0.0,0.0,0.0,0.0,1.0
177787,0,1,3400,-63,63,-613,18,23,0.50,5152.000000,0,27,0.92,0.0,19040.000000,0,0.0,0.0,0.0,1.0
178036,0,1,3400,-63,63,-610,11,23,0.66,15553.785156,0,27,1.0,0.0,0.0,0.0,0.0,0.0,0.0,1.0
178285,0,1,3400,-63,63,-608,14,23,0.50,20685.259766,0,27,1.00,0.0,0.0,0.0,0.0,0.0,0.0,1.0
178534,0,1,3400,-63,63,-607,18,23,0.50,20608.000000,0,27,1.0,0.0,0.0,0.0,0.0,0.0,0.0,1.0
178783,0,1,3400,-63,63,-608,5.2,23,0.50,22980.080078,0,27,8.7,0.0,51059.761719,29,0.0,0.0,0.0,1.0
179032,0,1,3400,-63,63,-607,4.0,22,0.50,0.0,0.0,27,12,0.0,0.0,0.0,0.0,0.0,0.0,1.0
179281,0,1,3400,-63,63,-610,4.0,23,0.50,0.0,0.0,27,12,0.0,0.0,0.0,0.0,0.0,0.0,1.0
179530,0,1,3400,-63,63,-611,9.8,23,0.50,15680.000000,0,27,12,0.0,0.0,0.0,0.0,0.0,0.0,1.0
179779,0,1,3400,-63,63,-611,16,23,0.51,15043.824219,0,27,10,0.0,16509.960938,0,0.0,0.0,0.0,1.0
180028,0,1,3400,-63,63,-612,6.1,22,0.50,26900.398438,0,27,8.0,0.0,0.0,0.0,0.0,0.0,0.0,1.0
180277,0,1,3400,-63,63,-610,18,23,0.50,10304.000000,0,27,7.9,0.0,0.0,0.0,0.0,0.0,0.0,1.0
180526,0,1,3400,-63,63,-607,18,23,0.50,20525.896484,0,27,8.0,0.0,0.0,0.0,0.0,0.0,0.0,1.0
180775,0,1,3400,-63,63,-612,18,23,0.50,10304.000000,0,27,10,0.0,0.0,80,0.0,0.0,0.0,1.0
181024,0,1,3400,-63,63,-610,18,23,0.50,10304.000000,0,27,10,0.0,0.0,0.0,0.0,0.0,0.0,1.0
181273,0,1,3400,-63,63,-609,18,23,0.50,10262.948242,0,27,10,0.0,0.0,0.0,0.0,0.0,0.0,1.0
181522,0,1,3400,-63,63,-608,18,23,0.66,5152.000000,0,27,10,0.0,0.0,0.0,0.0,0.0,0.0,1.0
181771,0,1,3400,-63,63,-606,18,23,0.57,20621.513672,0,27,2.7,0.0,13386.454102,0,0.0,0.0,0.0,1.0
182020,0,1,3400,-63,63,-607,11,22,0.50,15681.274414,0,27,0.0,0.0,0.0,0.0,0.0,0.0,0.0,1.0
182269,0,1,3400,-63,63,-608,10,22,0.50,10709.163086,0,27,0.0,0.0,0.0,0.0,0.0,0.0,0.0,1.0
182518,0,1,3400,-63,63,-611,5.0,23,0.55,10262.948242,0,27,0.0,0.0,0.0,0.0,0.0,0.0,0.0,1.0
182767,0,1,3400,-63,63,-609,11,22,0.50,15456.000000,0,27,0.24,0.0,17248.000000,0,0.0,0.0,0.0,1.0
183016,0,1,3400,-63,63,-611,10,23,0.50,15649.402344,0,27,0.0,0.0,0.0,0.0,0.0,0.0,0.0,1.0
183265,0,1,3400,-63,63,-606,10,23,0.50,5152.000000,0,27,0.0,0.0,0.0,0.0,0.0,0.0,0.0,1.0
183514,0,1,3400,-63,63,-603,10,23,0.93,0.0,100.000000,27,0.0,0.0,0.0,0.0,0.0,0.0,0.0,1.0
183763,0,1,3400,-63,63,-602,9.2,23,1.9,10880.000000,0,27,0.75,0.0,62016.000000,0,0.0,0.0,0.0,1.0
184012,0,1,3400,-63,63,-598,8.8,23,0.50,15904.382812,0,27,7.5,0.0,7171.314941,0,0.0,0.0,0.0,1.0
184261,0,1,3400,-63,63,-597,5.0,23,0.50,5705.179199,0,27,7.5,0.0,0.0,0.0,0.0,0.0,0.0,1.0
184510,0,1,3400,-63,63,-603,16,23,0.50,36064.000000,0,27,7.5,0.0,0.0,0.0,0.0,0.0,0.0,1.0
184759,0,1,3400,-63,63,-608,17,23,0.50,5354.581543,0,27,7.5,186,0.0,0.0,0.0,0.0,0.0,1.0
185008,0,1,3400,-63,63,-608,7.4,23,0.50,5152.000000,0,27,0.56,0.0,22816.000000,0,0.0,0.0,0.0,1.0
185257,0,1,3400,-63,63,-605,15,23,0.57,15649.402344,0,27,0.0,0.0,0.0,0.0,0.0,0.0,0.0,1.0
185506,0,1,3400,-63,63,-601,17,23,0.50,20525.896484,0,27,0.0,0.0,0.0,0.0,0.0,0.0,0.0,1.0
185755,0,1,3400,-63,63,-601,18,23,0.50,0.0,0.0,27,0.0,0.0,0.0,0.0,0.0,0.0,0.0,1.0
186004,0,1,3400,-63,63,-603,18,23,0.56,10262.948242,0,27,1.8,0.0,29609.562500,19,0.0,0.0,0.0,1.0
186253,0,1,3400,-63,63,-609,18,23,0.53,20608.000000,0,27,8.0,0.0,0.0,0.0,0.0,0.0,0.0,1.0
186502,0,1,3400,-63,63,-610,12,23,0.50,10422.310547,0,27,8.1,0.0,0.0,0.0,0.0,0.0,0.0,1.0
186751,0,1,3400,-63,63,-605,12,23,0.50,11040.000000,0,27,7.9,0.0,85088.000000,9,0.0,0.0,0.0,1.0
187000,0,1,3400,-63,63,-602,3.5,23,0.50,0.0,0.0,27,8.0,0.0,0.0,0.0,0.0,0.0,0.0,1.0
187249,0,1,3400,-63,63,-606,5.2,23,0.50,10304.000000,0,27,8.0,0.0,0.0,0.0,0.0,0.0,0.0,1.0
187498,0,1,3400,-63,63,-606,18,23,0.69,10464.000000,0,27,8.0,0.0,0.0,0.0,0.0,0.0,0.0,1.0
187747,0,1,3400,-63,63,-608,16,23,0.50,31553.785156,0,27,4.5,0.0,27282.869141,0,0.0,0.0,0.0,1.0
187996,0,1,3400,-63,63,-603,8.2,23,0.50,21664.000000,0,27,2.1,0.0,0.0,0.0,0.0,0.0,0.0,1.0
188245,0,1,3400,-63,63,-601,9.5,23,0.50,5131.474121,0,27,2.0,0.0,0.0,0.0,0.0,0.0,0.0,1.0
188494,0,1,3400,-63,63,-605,17,23,0.50,15428.571289,0,27,2.0,0.0,0.0,0.0,0.0,0.0,0.0,1.0
188743,0,1,3400,-63,63,-605,16,23,0.50,15808.000000,0,27,1.5,0.0,11616.000000,0,0.0,0.0,0.0,1.0
188992,0,1,3400,-63,63,-607,13,23,0.50,5131.474121,0,27,0.11,0.0,0.0,0.0,0.0,0.0,0.0,1.0
189241,0,1,3400,-63,63,-606,17,22,0.50,15552.000000,0,27,0.0,0.0,0.0,0.0,0.0,0.0,0.0,1.0
189490,0,1,3400,-63,63,-601,14,23,0.50,5131.474121,0,27,0.0,0.0,0.0,0.0,0.0,0.0,0.0,1.0
189739,0,1,3400,-63,63,-601,16,23,0.50,20768.000000,0,27,1.4,0.0,40736.000000,0,0.0,0.0,0.0,1.0
189988,0,1,3400,-63,63,-606,15,22,0.50,31394.421875,0,27,3.5,0.0,0.0,0.0,0.0,0.0,0.0,1.0
190237,0,1,3400,-63,63,-606,16,22,0.50,21035.857422,0,27,3.5,0.0,0.0,0.0,0.0,0.0,0.0,1.0
190486,0,1,3400,-63,63,-608,12,23,0.50,5152.000000,0,27,3.5,0.0,0.0,0.0,0.0,0.0,0.0,1.0
190735,0,1,3400,-63,63,-609,17,22,0.50,20525.896484,0,27,4.5,0.0,0.0,80,0.0,0.0,0.0,1.0
190984,0,1,3400,-63,63,-612,18,23,0.50,5152.000000,0,27,6.0,0.0,0.0,0.0,0.0,0.0,0.0,1.0
191233,0,1,3400,-63,63,-608,18,23,0.50,0.0,0.0,27,6.0,0.0,0.0,0.0,0.0,0.0,0.0,1.0
191482,0,1,3400,-63,63,-603,14,22,0.50,10645.417969,0,27,6.1,0.0,0.0,0.0,0.0,0.0,0.0,1.0
191731,0,1,3400,-63,63,-606,5.5,23,0.50,5248.000000,0,27,6.0,165,896,33,0.0,0.0,0.0,1.0
191980,0,1,3400,-63,63,-605,4.9,23,1.4,16414.341797,9,27,6.8,0.0,12685.258789,0,0.0,0.0,0.0,1.0
192229,0,1,3400,-63,63,-605,9.1,23,1.3,21024.000000,0,27,7.5,0.0,0.0,0.0,0.0,0.0,0.0,1.0
192478,0,1,3400,-63,63,-600,12,23,0.50,0.0,0.0,27,7.5,0.0,0.0,0.0,0.0,0.0,0.0,1.0
192727,0,1,3400,-63,63,-599,15,23,0.50,10400.000000,0,27,5.3,0.0,8064.000000,22,0.0,0.0,0.0,1.0
192976,0,1,3400,-63,63,-600,18,23,0.50,20525.896484,0,27,1.0,0.0,0.0,0.0,0.0,0.0,0.0,1.0
193225,0,1,3400,-63,63,-610,13,23,0.50,20749.003906,0,27,1.0,0.0,0.0,0.0,0.0,0.0,0.0,1.0
193474,0,1,3400,-63,63,-617,6.6,23,0.50,5568.000000,0,27,1.0,0.0,0.0,0.0,0.0,0.0,0.0,1.0
193723,0,1,3400,-63,63,-613,3.7,23,0.50,5131.474121,0,27,1.0,186,0.0,0.0,0.0,0.0,0.0,1.0
193972,0,1,3400,-63,63,-614,4.0,23,0.50,11648.000000,0,27,11,0.0,23744.000000,0,0.0,0.0,0.0,1.0
194221,0,1,3400,-63,63,-618,6.8,23,0.50,10304.000000,0,27,12,0.0,0.0,0.0,0.0,0.0,0.0,1.0
194470,0,1,3400,-63,63,-616,17,23,0.56,10262.948242,0,27,12,0.0,0.0,0.0,0.0,0.0,0.0,1.0
194719,0,1,3400,-63,63,-616,7.9,23,0.57,17152.000000,0,27,4.1,0.0,21664.000000,7,0.0,0.0,0.0,1.0
194968,0,1,3400,-63,63,-612,9.0,23,0.50,10262.948242,0,27,0.056,0.0,0.0,0.0,0.0,0.0,0.0,1.0
195217,0,1,3400,-63,63,-606,8.0,23,0.50,5386.454102,0,27,0.056,0.0,0.0,0.0,0.0,0.0,0.0,1.0
195466,0,1,3400,-63,63,-610,7.8,22,0.50,31235.060547,0,27,0.0,0.0,0.0,0.0,0.0,0.0,0.0,1.0
195715,0,1,3400,-63,63,-612,18,23,0.50,5131.474121,0,27,0.11,186,0.0,0.0,0.0,0.0,0.0,1.0
195964,0,1,3400,-63,63,-609,18,23,0.50,15456.000000,0,27,7.7,0.0,16576.000000,0,0.0,0.0,0.0,1.0
196213,0,1,3400,-63,63,-608,12,22,0.50,10709.163086,0,27,8.0,0.0,0.0,0.0,0.0,0.0,0.0,1.0
196462,0,1,3400,-63,63,-607,11,23,0.50,5152.000000,0,27,8.0,0.0,0.0,0.0,0.0,0.0,0.0,1.0
196711,0,1,3400,-63,63,-602,11,23,0.50,5131.474121,0,27,0.66,0.0,13545.816406,0,0.0,0.0,0.0,1.0
196960,0,1,3400,-63,63,-603,14,23,0.50,10464.000000,0,27,0.0,0.0,0.0,0.0,0.0,0.0,0.0,1.0
197209,0,1,3400,-63,63,-599,13,22,0.65,16095.617188,0,27,0.0,0.0,0.0,0.0,0.0,0.0,0.0,1.0
197458,0,1,3400,-63,63,-594,16,23,0.70,25752.988281,0,27,0.0,0.0,0.0,0.0,0.0,0.0,0.0,1.0
197707,0,1,3400,-63,63,-597,18,23,0.59,20608.000000,0,27,1.7,0.0,28160.000000,0,0.0,0.0,0.0,1.0
197956,0,1,3400,-63,63,-602,18,23,0.75,20525.896484,0,27,2.0,0.0,0.0,0.0,0.0,0.0,0.0,1.0
198205,0,1,3400,-63,63,-602,14,23,0.66,10400.000000,0,27,2.0,0.0,0.0,0.0,0.0,0.0,0.0,1.0
198454,0,1,3400,-63,63,-605,2.8,23,0.50,5482.071777,0,27,2.0,0.0,0.0,0.0,0.0,0.0,0.0,1.0
198703,0,1,3400,-63,63,-608,4.1,23,0.50,10560.000000,0,27,1.8,0.0,11456.000000,0,0.0,0.0,0.0,1.0
198952,0,1,3400,-63,63,-603,16,23,0.50,31490.039062,0,27,0.0,0.0,0.0,0.0,0.0,0.0,0.0,1.0
199201,0,1,3400,-63,63,-603,6.2,23,0.60,16127.490234,0,27,0.0,0.0,0.0,0.0,0.0,0.0,0.0,1.0
199450,0,1,3400,-63,63,-603,11,23,0.50,20736.000000,0,27,0.0,0.0,0.0,0.0,0.0,0.0,0.0,1.0
199699,0,1,3400,-63,63,-606,13,23,0.50,15553.785156,0,27,0.43,0.0,51569.722656,0,0.0,0.0,0.0,1.0
199948,0,1,3400,-63,63,-607,18,23,0.50,0.0,0.0,27,7.0,0.0,0.0,0.0,0.0,0.0,0.0,1.0
200197,0,1,3400,-63,63,-612,18,23,0.50,10304.000000,0,27,7.0,0.0,0.0,0.0,0.0,0.0,0.0,1.0
200446,0,1,3400,-63,63,-611,8.5,22,0.50,21587.300781,0,27,7.0,0.0,0.0,0.0,0.0,0.0,0.0,1.0
200695,0,1,3400,-63,63,-607,18,23,0.50,10345.381836,0,27,7.3,0.0,13943.775391,0,0.0,0.0,0.0,1.0
200944,0,1,3400,-63,63,-607,18,23,0.54,20525.896484,0,27,7.5,0.0,0.0,0.0,0.0,0.0,0.0,1.0
201193,0,1,3400,-63,63,-608,18,23,0.50,0.0,0.0,27,7.5,0.0,0.0,0.0,0.0,0.0,0.0,1.0
201442,0,1,3400,-63,63,-598,12,23,0.50,11123.505859,0,27,7.5,0.0,0.0,0.0,0.0,0.0,0.0,1.0
201691,0,1,3400,-63,63,-596,9.9,23,0.50,15714.286133,0,27,3.1,0.0,20476.191406,0,0.0,0.0,0.0,1.0
201940,0,1,3400,-63,63,-600,14,23,0.50,10304.000000,0,27,0.17,0.0,0.0,0.0,0.0,2.0,4.0,1.0
202189,0,1,3400,-63,63,-599,18,23,0.50,20525.896484,0,27,0.056,0.0,1561.752930,0,0.0,0.0,0.0,1.0
202438,0,1,3400,-63,63,-601,13,23,0.50,11328.000000,0,27,0.11,0.0,0.0,0.0,0.0,1.0,2.0,1.0
202687,0,1,3400,-63,63,-606,4.1,23,0.50,10709.163086,0,27,0.0,0.0,14533.864258,0,0.0,0.0,0.0,1.0
202936,0,1,3400,-63,63,-603,14,23,0.50,10304.000000,0,27,0.056,0.0,0.0,0.0,0.0,1.0,0.0,1.0
203185,0,1,3400,-63,63,-601,14,23,0.50,10262.948242,0,27,0.0,0.0,0.0,0.0,0.0,0.0,0.0,1.0
203434,0,1,3400,-63,63,-602,4.8,23,0.50,12430.279297,0,27,0.17,0.0,0.0,0.0,0.0,0.0,0.0,1.0
203683,0,1,3400,-63,63,-606,11,23,0.59,20608.000000,0,27,0.24,0.0,18816.000000,0,0.0,0.0,0.0,1.0
203932,0,1,3400,-63,63,-605,6.2,23,0.50,11155.378906,0,27,0.056,0.0,0.0,0.0,0.0,1.0,0.0,1.0
204181,0,1,3400,-63,63,-603,5.4,23,0.50,15456.000000,0,27,0.0,0.0,0.0,0.0,0.0,0.0,0.0,1.0
204430,0,1,3400,-63,63,-600,6.1,23,0.50,22119.521484,0,27,0.43,0.0,1625.498047,0,0.0,0.0,0.0,1.0
204679,0,1,3400,-63,63,-600,14,23,0.50,15490.040039,0,27,0.93,0.0,18294.820312,0,0.0,0.0,0.0,1.0
204928,0,1,3400,-63,63,-598,18,23,0.50,5152.000000,0,27,0.0,0.0,0.0,0.0,0.0,0.0,0.0,1.0
205177,0,1,3400,-63,63,-596,8.8,23,0.50,21035.857422,0,27,0.0,0.0,0.0,0.0,0.0,0.0,0.0,1.0
205426,0,1,3400,-63,63,-593,7.6,23,0.50,16480.000000,0,27,0.17,0.0,0.0,0.0,0.0,1.0,2.0,1.0
205675,0,1,3400,-63,63,-597,1.7,23,0.50,24031.873047,0,27,0.25,0.0,12844.621094,0,0.0,0.0,0.0,1.0
205924,0,1,3400,-63,63,-599,7.6,23,0.50,10304.000000,0,27,0.0,0.0,0.0,0.0,0.0,0.0,0.0,1.0
206173,0,1,3400,-63,63,-600,15,23,0.59,20525.896484,0,27,0.056,0.0,0.0,0.0,0.0,0.0,0.0,1.0
206422,0,1,3400,-63,63,-604,15,23,0.75,5131.474121,0,27,0.0,0.0,0.0,0.0,0.0,0.0,0.0,1.0
206671,0,1,3400,-63,63,-609,17,23,0.69,10816.000000,0,27,0.20,0.0,18816.000000,0,0.0,0.0,0.0,1.0
206920,0,1,3400,-63,63,-608,14,23,0.50,25752.988281,0,27,0.0,0.0,0.0,0.0,0.0,0.0,0.0,1.0
207169,0,1,3400,-63,63,-615,11,23,0.50,16385.542969,0,27,0.0,0.0,0.0,0.0,0.0,0.0,0.0,1.0
207418,0,1,3400,-63,63,-616,15,23,0.50,25657.371094,0,27,0.0,0.0,0.0,0.0,0.0,0.0,0.0,1.0
207667,0,1,3400,-63,63,-612,18,23,0.72,10304.000000,0,27,8.5,0.0,57568.000000,54,0.0,0.0,0.0,1.0
207916,0,1,3400,-63,63,-612,18,23,0.75,0.0,0.0,27,12,0.0,0.0,0.0,0.0,0.0,0.0,1.0
208165,0,1,3400,-63,63,-611,18,23,0.95,5131.474121,0,27,12,0.0,0.0,0.0,0.0,0.0,0.0,1.0
208414,0,1,3400,-63,63,-602,7.1,23,0.70,11952.191406,0,27,11,0.0,0.0,0.0,0.0,0.0,0.0,1.0
208663,0,1,3400,-63,63,-599,8.4,23,0.73,5131.474121,0,27,4.3,0.0,23713.146484,0,0.0,0.0,0.0,1.0
208912,0,1,3400,-63,63,-604,9.0,23,0.75,0.0,0.0,27,2.0,0.0,0.0,0.0,0.0,0.0,0.0,1.0
209161,0,1,3400,-63,63,-601,7.2,23,0.59,10581.672852,0,27,2.0,0.0,0.0,0.0,0.0,0.0,0.0,1.0
209410,0,1,3400,-63,63,-603,8.2,23,0.50,5131.474121,0,27,2.1,0.0,0.0,0.0,0.0,0.0,0.0,1.0
209659,0,1,3400,-63,63,-609,15,23,0.50,5152.000000,0,27,1.4,0.0,15904.000000,0,0.0,1.0,0.0,1.0
209908,0,1,3400,-63,63,-612,17,23,0.50,15490.040039,0,27,1.0,0.0,0.0,0.0,0.0,0.0,0.0,1.0
210157,0,1,3400,-63,63,-604,14,22,0.50,36160.000000,0,27,1.0,0.0,0.0,0.0,0.0,0.0,0.0,1.0
210406,0,1,3400,-63,63,-600,8.1,22,0.60,28749.003906,0,27,1.0,0.0,0.0,0.0,0.0,0.0,0.0,1.0
210655,0,1,3400,-63,63,-599,5.3,23,0.50,5152.000000,0,27,0.80,0.0,20384.000000,0,0.0,0.0,0.0,1.0
210904,0,1,3400,-63,63,-597,12,22,0.50,10517.928711,0,27,0.0,0.0,0.0,0.0,0.0,0.0,0.0,1.0
211153,0,1,3400,-63,63,-603,16,23,0.50,10262.948242,0,27,0.0,0.0,0.0,0.0,0.0,0.0,0.0,1.0
211402,0,1,3400,-63,63,-605,10.0,23,0.50,15840.000000,0,27,0.0,0.0,0.0,0.0,0.0,0.0,0.0,1.0
211651,0,1,3400,-63,63,-602,6.4,23,0.50,21800.796875,0,27,5.8,0.0,74294.820312,5,0.0,0.0,0.0,1.0
211900,0,1,3400,-63,63,-611,11,23,0.50,26080.000000,0,27,8.0,0.0,0.0,0.0,0.0,0.0,0.0,1.0
212149,0,1,3400,-63,63,-612,17,23,0.50,5227.091797,0,27,8.0,0.0,0.0,0.0,0.0,0.0,0.0,1.0
212398,0,1,3400,-63,63,-609,14,23,0.50,5131.474121,0,27,8.0,0.0,0.0,0.0,0.0,1.0,1.0,1.0
212647,0,1,3400,-63,63,-609,18,23,0.50,20608.000000,0,27,2.4,0.0,18848.000000,24,0.0,1.0,4.0,1.0
212896,0,1,3400,-63,63,-609,14,23,0.50,11008.000000,0,27,0.072,0.0,0.0,0.0,0.0,0.0,0.0,1.0
213145,0,1,3400,-63,63,-612,2.6,23,0.50,5131.474121,0,27,0.0,0.0,0.0,0.0,0.0,0.0,0.0,1.0
213394,0,1,3400,-63,63,-613,9.0,23,0.50,0.0,0.0,27,0.072,0.0,0.0,0.0,0.0,1.0,2.0,1.0
213643,0,1,3400,-63,63,-607,10,23,0.56,26400.000000,0,27,1.3,0.0,0.0,80,0.0,0.0,0.0,1.0
213892,0,1,3400,-63,63,-607,5.0,23,0.50,0.0,0.0,27,4.5,0.0,0.0,0.0,0.0,0.0,0.0,1.0
214141,0,1,3400,-63,63,-611,12,22,0.66,15649.402344,0,27,4.5,0.0,0.0,0.0,0.0,0.0,0.0,1.0
214390,0,1,3400,-63,63,-613,7.6,23,0.63,11328.000000,0,27,4.5,0.0,0.0,0.0,0.0,0.0,0.0,1.0
214639,0,1,3400,-63,63,-602,17,23,0.50,10262.948242,0,27,1.2,0.0,13386.454102,0,0.0,0.0,0.0,1.0
214888,0,1,3400,-63,63,-600,18,23,0.50,5131.474121,0,27,0.0,0.0,0.0,0.0,0.0,0.0,0.0,1.0
215137,0,1,3400,-63,63,-606,18,23,0.50,5131.474121,0,27,0.036,0.0,0.0,0.0,0.0,0.0,0.0,1.0
215386,0,1,3400,-63,63,-608,18,23,0.50,20525.896484,0,27,0.036,0.0,0.0,0.0,0.0,1.0,0.0,1.0
215635,0,1,3400,-63,63,-608,18,23,0.50,5152.000000,0,27,0.20,0.0,18560.000000,0,0.0,0.0,0.0,1.0
215884,0,1,3400,-63,63,-606,6.2,22,0.50,10549.800781,0,27,0.0,0.0,0.0,0.0,0.0,0.0,0.0,1.0
216133,0,1,3400,-63,63,-602,8.6,23,0.50,5312.000000,0,27,0.036,0.0,0.0,0.0,0.0,0.0,0.0,1.0
216382,0,1,3400,-63,63,-603,9.5,23,0.50,10645.417969,0,27,0.036,0.0,0.0,0.0,0.0,0.0,0.0,1.0
216631,0,1,3400,-63,63,-606,10,23,1.2,5568.000000,0,27,0.24,0.0,20384.000000,0,0.0,0.0,0.0,1.0
216880,0,1,3400,-63,63,-603,13,23,0.96,15394.421875,0,27,0.036,0.0,0.0,0.0,0.0,0.0,0.0,1.0
217129,0,1,3400,-63,63,-600,16,22,0.50,15490.040039,0,27,0.18,0.0,0.0,0.0,0.0,1.0,9.0,1.0
217378,0,1,3400,-63,63,-603,9.6,22,0.50,21056.000000,0,27,0.036,0.0,0.0,0.0,0.0,0.0,0.0,1.0
217627,0,1,3400,-63,63,-610,5.8,23,0.50,27091.632812,0,27,5.4,0.0,8127.490234,0,0.0,0.0,0.0,1.0
217876,0,1,3400,-63,63,-609,3.6,23,0.50,16576.000000,0,27,6.0,0.0,0.0,0.0,0.0,0.0,0.0,1.0
218125,0,1,3400,-63,63,-606,2.1,23,0.50,5131.474121,0,27,6.0,0.0,0.0,0.0,0.0,0.0,0.0,1.0
218374,0,1,3400,-63,63,-605,17,23,0.50,15394.421875,0,27,6.0,0.0,0.0,0.0,0.0,0.0,0.0,1.0
218623,0,1,3400,-63,63,-609,18,23,0.50,5152.000000,0,27,9.0,0.0,24256.000000,0,0.0,0.0,0.0,1.0
218872,0,1,3400,-63,63,-610,18,22,0.57,10262.948242,0,27,11,0.0,0.0,0.0,0.0,0.0,0.0,1.0
219121,0,1,3400,-63,63,-602,7.3,23,0.58,10752.000000,0,27,11,0.0,0.0,0.0,0.0,0.0,0.0,1.0
219370,0,1,3400,-63,63,-596,13,23,0.57,15681.274414,0,27,11,0.0,0.0,0.0,0.0,0.0,0.0,1.0
219619,0,1,3400,-63,63,-602,4.9,23,0.53,5152.000000,0,27,11,186,0.0,0.0,0.0,0.0,0.0,1.0
219868,0,1,3400,-63,63,-601,17,22,0.70,35920.320312,0,27,0.57,0.0,20302.789062,0,0.0,0.0,0.0,1.0
220117,0,1,3400,-63,63,-596,18,23,0.73,10400.000000,0,27,0.036,0.0,0.0,0.0,0.0,0.0,0.0,1.0
220366,0,1,3400,-63,63,-598,4.4,23,0.50,16736.000000,0,27,0.0,0.0,0.0,0.0,0.0,0.0,0.0,1.0
220615,0,1,3400,-63,63,-600,9.6,23,0.50,10358.565430,0,27,3.9,0.0,44079.679688,0,0.0,0.0,0.0,1.0
220864,0,1,3400,-63,63,-598,9.0,23,0.50,5152.000000,0,27,7.0,0.0,0.0,0.0,0.0,0.0,0.0,1.0
221113,0,1,3400,-63,63,-601,16,23,0.64,15394.421875,0,27,7.0,0.0,0.0,0.0,0.0,0.0,0.0,1.0
221362,0,1,3400,-63,63,-603,8.7,23,0.53,10358.565430,0,27,7.0,0.0,0.0,0.0,0.0,0.0,0.0,1.0
221611,0,1,3400,-63,63,-595,14,23,0.50,5227.091797,0,27,11,0.0,26231.076172,38,0.0,0.0,0.0,1.0
221860,0,1,3400,-63,63,-593,18,23,0.50,15394.421875,0,27,14,0.0,0.0,0.0,0.0,1.0,2.0,1.0
222109,0,1,3400,-63,63,-594,14,23,0.50,21664.000000,0,27,14,0.0,0.0,0.0,0.0,0.0,0.0,1.0
222358,0,1,3400,-63,63,-598,15,23,0.50,0.0,0.0,27,14,0.0,0.0,0.0,0.0,0.0,0.0,1.0
222607,0,1,3400,-63,63,-603,1.4,23,0.50,6176.000000,0,27,9.0,0.0,13888.000000,0,0.0,0.0,0.0,1.0
222856,0,1,3400,-63,63,-603,8.7,23,0.50,5131.474121,0,27,7.5,0.0,0.0,0.0,0.0,1.0,0.0,1.0
223105,0,1,3400,-63,63,-602,10,22,0.50,21067.728516,0,27,7.5,0.0,0.0,0.0,0.0,0.0,0.0,1.0
223354,0,1,3400,-63,63,-601,7.7,23,0.50,10304.000000,0,27,7.5,0.0,0.0,0.0,0.0,0.0,0.0,1.0
223603,0,1,3400,-63,63,-607,10,23,0.50,10517.928711,0,27,1.9,0.0,20047.808594,0,0.0,0.0,0.0,1.0
223852,0,1,3400,-63,63,-614,12,23,0.50,26720.000000,0,27,0.0,0.0,0.0,0.0,0.0,0.0,0.0,1.0
224101,0,1,3400,-63,63,-613,18,23,0.50,5131.474121,0,27,0.0,0.0,0.0,0.0,0.0,0.0,0.0,1.0
224350,0,1,3400,-63,63,-614,18,23,0.50,5131.474121,0,27,0.036,0.0,0.0,0.0,0.0,0.0,0.0,1.0
224599,0,1,3400,-63,63,-614,18,23,0.75,0.0,0.0,27,0.036,0.0,0.0,0.0,0.0,1.0,2.0,1.0
224848,0,1,3400,-63,63,-612,18,23,0.75,0.0,0.0,27,0.0,0.0,0.0,0.0,0.0,0.0,0.0,1.0
225097,0,1,3400,-63,63,-607,16,22,0.57,16000.000000,0,27,0.23,0.0,15936.000000,0,0.0,0.0,0.0,1.0
225346,0,1,3400,-63,63,-605,4.9,23,0.50,16000.000000,0,27,0.0,0.0,0.0,0.0,0.0,0.0,0.0,1.0
225595,0,1,3400,-63,63,-602,9.9,23,0.50,15808.000000,0,27,0.0,0.0,14752.000000,0,0.0,0.0,0.0,1.0
225844,0,1,3400,-63,63,-606,14,23,0.50,5131.474121,0,27,0.0,0.0,0.0,0.0,0.0,0.0,0.0,1.0
226093,0,1,3400,-63,63,-613,11,23,0.50,10549.800781,0,27,0.0,0.0,0.0,0.0,0.0,0.0,0.0,1.0
226342,0,1,3400,-63,63,-611,12,23,0.50,5172.690918,0,27,0.0,0.0,0.0,0.0,0.0,0.0,0.0,1.0
226591,0,1,3400,-63,63,-614,10,23,0.50,10666.666992,0,27,1.7,0.0,72444.445312,5,0.0,0.0,0.0,1.0
226840,0,1,3400,-63,63,-616,9.2,23,0.50,5172.690918,0,27,7.0,0.0,0.0,0.0,0.0,0.0,0.0,1.0
227089,0,1,3400,-63,63,-608,8.7,23,0.50,15681.274414,0,27,7.0,0.0,0.0,0.0,0.0,0.0,0.0,1.0
227338,0,1,3400,-63,63,-605,12,23,0.50,0.0,0.0,27,7.0,0.0,0.0,0.0,0.0,0.0,0.0,1.0
227587,0,1,3400,-63,63,-604,16,23,0.52,32032.000000,0,27,1.8,0.0,13440.000000,0,0.0,0.0,0.0,1.0
227836,0,1,3400,-63,63,-598,0.50,23,0.50,11282.868164,0,27,0.0,0.0,0.0,0.0,0.0,0.0,0.0,1.0
228085,0,1,3400,-63,63,-601,13,23,0.50,15394.421875,0,27,0.0,0.0,0.0,0.0,0.0,0.0,0.0,1.0
228334,0,1,3400,-63,63,-605,16,23,0.50,36143.425781,0,27,0.036,0.0,0.0,0.0,0.0,0.0,0.0,1.0
228583,0,1,3400,-63,63,-605,18,23,0.50,15616.000000,0,27,0.16,0.0,20128.000000,0,0.0,0.0,0.0,1.0
228832,0,1,3400,-63,63,-605,18,22,0.50,5131.474121,0,27,0.0,0.0,0.0,0.0,0.0,0.0,0.0,1.0
229081,0,1,3400,-63,63,-605,15,23,0.50,11952.191406,0,27,0.0,0.0,0.0,0.0,0.0,0.0,0.0,1.0
229331,0,1,3400,-63,63,-604,8.1,23,0.50,5152.000000,0,27,0.0,0.0,0.0,0.0,0.0,0.0,0.0,1.0
229580,0,1,3400,-63,63,-606,13,22,0.50,15394.421875,0,27,3.1,0.0,31266.931641,57,0.0,0.0,0.0,1.0
229829,0,1,3400,-63,63,-611,9.8,23,0.50,16448.000000,0,27,3.5,0.0,0.0,0.0,0.0,0.0,0.0,1.0
230078,0,1,3400,-63,63,-608,14,23,0.50,20908.367188,0,27,3.5,0.0,0.0,0.0,0.0,0.0,0.0,1.0
230327,0,1,3400,-63,63,-607,10,23,1.2,5545.816895,0,27,3.5,0.0,0.0,0.0,0.0,0.0,0.0,1.0
230576,0,1,3400,-63,63,-607,14,23,0.69,5152.000000,0,27,1.5,0.0,16288.000000,0,0.0,0.0,0.0,1.0
230825,0,1,3400,-63,63,-607,16,23,0.50,20525.896484,0,27,0.072,0.0,0.0,0.0,0.0,0.0,0.0,1.0
231074,0,1,3400,-63,63,-608,13,22,0.51,25984.000000,0,27,0.0,0.0,0.0,0.0,0.0,0.0,0.0,1.0
231323,0,1,3400,-63,63,-613,14,23,0.60,5131.474121,0,27,0.0,0.0,0.0,0.0,0.0,0.0,0.0,1.0
231572,0,1,3400,-63,63,-617,17,23,0.50,10304.000000,0,27,5.1,0.0,16064.000000,0,0.0,0.0,0.0,1.0
231821,0,1,3400,-63,63,-614,17,23,0.50,5227.091797,0,27,8.5,0.0,0.0,0.0,0.0,0.0,0.0,1.0
232070,0,1,3400,-63,63,-612,16,23,0.50,10262.948242,0,27,8.5,0.0,0.0,0.0,0.0,0.0,0.0,1.0
232319,0,1,3400,-63,63,-611,18,22,0.50,5152.000000,0,27,8.5,0.0,0.0,0.0,0.0,0.0,0.0,1.0
232568,0,1,3400,-63,63,-609,12,23,0.79,10592.000000,20,27,4.9,0.0,22048.000000,0,0.0,0.0,0.0,1.0
232817,0,1,3400,-63,63,-612,9.0,23,2.2,0.0,0.0,27,3.5,0.0,0.0,0.0,0.0,0.0,0.0,1.0
233066,0,1,3400,-63,63,-607,9.8,23,1.5,5131.474121,0,27,3.5,0.0,0.0,0.0,0.0,0.0,0.0,1.0
233315,0,1,3400,-63,63,-600,11,23,0.50,5131.474121,0,27,3.5,0.0,0.0,0.0,0.0,0.0,0.0,1.0
233564,0,1,3400,-63,63,-601,14,23,0.50,15456.000000,0,27,8.1,0.0,19136.000000,0,0.0,0.0,0.0,1.0
233813,0,1,3400,-63,63,-605,15,23,0.50,16159.362305,0,27,9.5,0.0,0.0,0.0,0.0,0.0,0.0,1.0
234062,0,1,3400,-63,63,-602,13,23,0.50,15808.000000,0,27,9.5,0.0,0.0,0.0,0.0,0.0,0.0,1.0
234311,0,1,3400,-63,63,-600,15,23,0.50,0.0,0.0,27,9.5,0.0,0.0,0.0,0.0,0.0,0.0,1.0
234560,0,1,3400,-63,63,-601,9.2,23,0.50,15682.540039,0,27,11,0.0,74539.679688,31,0.0,0.0,0.0,1.0
234809,0,1,3400,-63,63,-598,5.5,23,0.50,0.0,0.0,27,12,0.0,0.0,0.0,0.0,0.0,0.0,1.0
235058,0,1,3400,-63,63,-594,6.3,23,0.50,5290.836426,0,27,12,0.0,0.0,0.0,0.0,0.0,0.0,1.0
235307,0,1,3400,-63,63,-596,15,23,0.50,15456.000000,0,27,12,0.0,0.0,0.0,0.0,0.0,0.0,1.0
235556,0,1,3400,-63,63,-599,7.5,23,0.50,6183.267090,0,27,7.1,0.0,15840.637695,0,0.0,0.0,0.0,1.0
235805,0,1,3400,-63,63,-606,0.71,23,0.50,5440.000000,0,27,1.1,0.0,0.0,0.0,0.0,0.0,0.0,1.0
236054,0,1,3400,-63,63,-609,4.7,22,0.50,16127.490234,0,27,1.0,0.0,0.0,0.0,0.0,0.0,0.0,1.0
236303,0,1,3400,-63,63,-606,17,23,0.50,5131.474121,0,27,1.0,0.0,0.0,0.0,0.0,0.0,0.0,1.0
236552,0,1,3400,-63,63,-604,15,22,0.50,16224.000000,0,27,5.5,0.0,16064.000000,0,0.0,0.0,0.0,1.0
236801,0,1,3400,-63,63,-606,4.3,23,0.50,16509.960938,0,27,8.5,0.0,0.0,0.0,0.0,0.0,0.0,1.0
237050,0,1,3400,-63,63,-606,5.7,23,0.50,26496.000000,0,27,8.5,0.0,0.0,0.0,0.0,0.0,0.0,1.0
237299,0,1,3400,-63,63,-606,11,23,0.50,5131.474121,0,27,8.5,0.0,0.0,0.0,0.0,0.0,0.0,1.0
237548,0,1,3400,-63,63,-606,16,23,0.50,15394.421875,0,27,3.5,0.0,20557.769531,0,0.0,0.0,0.0,1.0
237797,0,1,3400,-63,63,-612,17,23,0.50,15552.000000,0,27,0.0,0.0,0.0,0.0,0.0,0.0,0.0,1.0
238046,0,1,3400,-63,63,-614,17,23,0.50,5386.454102,0,27,0.0,0.0,0.0,0.0,0.0,0.0,0.0,1.0
238295,0,1,3400,-63,63,-613,16,23,0.50,5152.000000,0,27,0.0,0.0,0.0,0.0,0.0,0.0,0.0,1.0
238544,0,1,3400,-63,63,-612,14,23,0.69,10422.310547,0,27,0.0,0.0,12972.111328,0,0.0,0.0,0.0,1.0
238793,0,1,3400,-63,63,-612,17,23,0.54,31168.000000,0,27,0.0,0.0,0.0,0.0,0.0,0.0,0.0,1.0
239042,0,1,3400,-63,63,-618,16,22,0.50,5131.474121,0,27,0.0,0.0,0.0,0.0,0.0,0.0,0.0,1.0
239291,0,1,3400,-63,63,-614,11,23,0.50,21152.000000,0,27,0.0,0.0,0.0,0.0,0.0,0.0,0.0,1.0
239540,0,1,3400,-63,63,-610,9.8,23,0.50,5152.000000,0,27,0.14,0.0,19072.000000,0,0.0,0.0,0.0,1.0
239789,0,1,3400,-63,63,-608,11,23,0.51,15394.421875,0,27,0.0,0.0,0.0,0.0,0.0,0.0,0.0,1.0
240038,0,1,3400,-63,63,-613,11,23,0.50,5152.000000,0,27,0.0,0.0,0.0,0.0,0.0,0.0,0.0,1.0
240287,0,1,3400,-63,63,-612,15,23,0.50,31107.570312,0,27,0.0,0.0,0.0,0.0,0.0,0.0,0.0,1.0
240536,0,1,3400,-63,63,-606,14,23,0.50,10613.545898,0,27,3.2,0.0,35856.574219,0,0.0,0.0,0.0,1.0
240785,0,1,3400,-63,63,-604,12,23,0.58,10400.000000,0,27,4.5,0.0,0.0,0.0,0.0,0.0,0.0,1.0
241034,0,1,3400,-63,63,-607,18,23,0.75,10262.948242,0,27,4.4,0.0,7171.314941,0,0.0,0.0,0.0,1.0
241283,0,1,3400,-63,63,-607,19,23,0.75,0.0,0.0,27,3.5,0.0,0.0,0.0,0.0,0.0,0.0,1.0
241532,0,1,3400,-63,63,-607,14,23,0.56,21035.857422,0,27,6.5,0.0,16000.000000,0,0.0,0.0,0.0,1.0
241781,0,1,3400,-63,63,-601,10,23,0.50,10517.928711,0,27,8.5,0.0,0.0,0.0,0.0,0.0,0.0,1.0
242030,0,1,3400,-63,63,-599,3.8,23,0.50,11008.000000,0,27,8.5,0.0,0.0,0.0,0.0,0.0,0.0,1.0
242279,0,1,3400,-63,63,-602,3.2,23,0.50,16764.939453,0,27,8.5,0.0,0.0,0.0,0.0,0.0,0.0,1.0
242528,0,1,3400,-63,63,-602,6.8,23,0.50,20896.000000,0,27,8.2,0.0,16576.000000,0,0.0,0.0,0.0,1.0
242777,0,1,3400,-63,63,-603,17,23,0.50,5131.474121,0,27,8.0,0.0,0.0,0.0,0.0,0.0,0.0,1.0
243026,0,1,3400,-63,63,-603,18,22,0.52,15456.000000,0,27,8.0,0.0,0.0,0.0,0.0,0.0,0.0,1.0
243275,0,1,3400,-63,63,-606,15,23,0.50,5290.836426,0,27,8.0,0.0,0.0,0.0,0.0,0.0,0.0,1.0
243524,0,1,3400,-63,63,-605,14,23,0.50,10262.948242,0,27,2.1,0.0,20557.769531,0,0.0,0.0,0.0,1.0
243773,0,1,3400,-63,63,-610,15,23,0.50,10400.000000,0,27,0.0,0.0,0.0,0.0,0.0,0.0,0.0,1.0
244022,0,1,3400,-63,63,-605,18,23,0.50,15394.421875,0,27,0.0,0.0,0.0,0.0,0.0,0.0,0.0,1.0
244271,0,1,3400,-63,63,-604,17,23,0.56,10528.000000,0,27,0.0,0.0,0.0,0.0,0.0,0.0,0.0,1.0
244520,0,1,3400,-63,63,-603,14,23,0.51,15904.382812,0,27,5.1,0.0,45864.542969,15,0.0,0.0,0.0,1.0
244769,0,1,3400,-63,63,-601,17,23,0.50,5152.000000,0,27,7.5,0.0,0.0,0.0,0.0,0.0,0.0,1.0
245018,0,1,3400,-63,63,-603,18,23,0.50,5131.474121,0,27,7.5,0.0,0.0,0.0,0.0,0.0,0.0,1.0
245267,0,1,3400,-63,63,-603,17,23,0.50,10422.310547,0,27,7.5,0.0,0.0,0.0,0.0,0.0,0.0,1.0
245516,0,1,3400,-63,63,-605,16,23,0.50,15552.000000,0,27,2.8,0.0,11616.000000,0,0.0,0.0,0.0,1.0
245765,0,1,3400,-63,63,-607,18,23,0.50,0.0,0.0,27,0.0,0.0,0.0,0.0,0.0,0.0,0.0,1.0
246014,0,1,3400,-63,63,-614,18,23,0.50,15456.000000,0,27,0.0,0.0,0.0,0.0,0.0,0.0,0.0,1.0
246263,0,1,3400,-63,63,-613,10,23,0.50,27824.701172,0,27,0.0,0.0,0.0,0.0,0.0,0.0,0.0,1.0
246512,0,1,3400,-63,63,-606,17,23,0.73,10262.948242,0,27,0.0,0.0,14533.864258,0,0.0,0.0,0.0,1.0
246761,0,1,3400,-63,63,-613,17,23,0.51,31008.000000,0,27,0.0,0.0,0.0,0.0,0.0,0.0,0.0,1.0
247010,0,1,3400,-63,63,-615,18,23,0.50,15394.421875,0,27,0.0,0.0,0.0,0.0,0.0,0.0,0.0,1.0
247259,0,1,3400,-63,63,-614,12,22,0.50,10528.000000,0,27,0.0,0.0,0.0,0.0,0.0,0.0,0.0,1.0
247508,0,1,3400,-63,63,-608,2.6,23,0.50,11282.868164,0,27,0.13,0.0,11091.633789,0,0.0,0.0,0.0,1.0
247757,0,1,3400,-63,63,-608,5.8,23,0.50,16031.746094,0,27,0.0,0.0,0.0,0.0,0.0,0.0,0.0,1.0
248006,0,1,3400,-63,63,-610,8.4,23,0.50,10304.000000,0,27,0.0,0.0,0.0,0.0,0.0,0.0,0.0,1.0
248255,0,1,3400,-63,63,-608,14,22,0.50,15394.421875,0,27,0.0,0.0,0.0,0.0,0.0,0.0,0.0,1.0
248504,0,1,3400,-63,63,-606,14,23,0.50,11168.000000,0,27,7.6,0.0,24000.000000,0,0.0,0.0,0.0,1.0
248753,0,1,3400,-63,63,-606,9.4,23,0.50,10358.565430,0,27,12,0.0,0.0,0.0,0.0,0.0,0.0,1.0
249002,0,1,3400,-63,63,-609,9.8,23,0.50,21056.000000,0,27,12,0.0,0.0,0.0,0.0,0.0,0.0,1.0
249251,0,1,3400,-63,63,-606,11,22,0.52,21577.689453,0,27,12,0.0,0.0,0.0,0.0,0.0,0.0,1.0
249500,0,1,3400,-63,63,-599,8.3,23,0.50,21673.306641,0,27,6.1,0.0,30087.648438,0,0.0,0.0,0.0,1.0
249749,0,1,3400,-63,63,-604,12,23,0.50,10304.000000,0,27,4.5,0.0,0.0,0.0,0.0,0.0,0.0,1.0
249998,0,1,3400,-63,63,-605,6.4,22,0.50,21195.218750,0,27,4.5,0.0,0.0,0.0,0.0,0.0,0.0,1.0
250247,0,1,3400,-63,63,-605,16,22,0.50,15616.000000,0,27,4.5,0.0,0.0,0.0,0.0,0.0,0.0,1.0
250496,0,1,3400,-63,63,-606,7.3,23,0.50,16095.617188,0,27,7.6,0.0,16509.960938,0,0.0,0.0,0.0,1.0
250745,0,1,3400,-63,63,-610,13,23,0.50,5386.454102,0,27,8.0,0.0,0.0,0.0,0.0,0.0,0.0,1.0
250994,0,1,3400,-63,63,-613,13,23,0.50,5152.000000,0,27,8.0,0.0,0.0,0.0,0.0,0.0,0.0,1.0
251243,0,1,3400,-63,63,-605,16,23,0.50,0.0,0.0,27,8.0,0.0,0.0,0.0,0.0,0.0,0.0,1.0
251492,0,1,3400,-63,63,-605,16,23,0.50,0.0,0.0,27,8.0,0.0,0.0,0.0,0.0,0.0,0.0,1.0
251741,0,1,3400,-63,63,-605,14,23,0.50,15681.274414,0,27,3.0,0.0,20557.769531,0,0.0,0.0,0.0,1.0
251990,0,1,3400,-63,63,-602,6.6,23,0.50,5172.690918,0,27,0.0,0.0,0.0,0.0,0.0,0.0,0.0,1.0
252239,0,1,3400,-63,63,-609,11,23,0.50,15394.421875,0,27,0.35,0.0,1625.498047,0,0.0,0.0,0.0,1.0
252488,0,1,3400,-63,63,-609,13,23,0.71,10262.948242,0,27,0.65,0.0,18741.035156,0,0.0,0.0,0.0,1.0
252737,0,1,3400,-63,63,-606,18,23,0.75,0.0,0.0,27,0.0,0.0,0.0,0.0,0.0,0.0,0.0,1.0
252986,0,1,3400,-63,63,-609,8.1,23,0.53,10677.291016,0,27,0.0,0.0,0.0,0.0,0.0,0.0,0.0,1.0
253235,0,1,3400,-63,63,-611,16,22,0.50,5152.000000,0,27,0.0,0.0,0.0,0.0,0.0,0.0,0.0,1.0
253484,0,1,3400,-63,63,-608,18,22,0.55,5131.474121,0,27,0.29,0.0,27792.828125,0,0.0,0.0,0.0,1.0
253733,0,1,3400,-63,63,-611,18,23,0.55,20525.896484,0,27,2.0,0.0,0.0,0.0,0.0,0.0,0.0,1.0
253982,0,1,3400,-63,63,-608,13,23,0.50,5376.000000,0,27,2.0,0.0,0.0,0.0,0.0,0.0,0.0,1.0
254231,0,1,3400,-63,63,-606,8.1,23,0.50,10262.948242,0,27,2.0,0.0,0.0,0.0,0.0,0.0,0.0,1.0
254480,0,1,3400,-63,63,-606,15,22,0.50,26549.800781,0,27,0.73,0.0,20557.769531,9,0.0,0.0,0.0,1.0
254729,0,1,3400,-63,63,-611,16,22,0.73,5131.474121,0,27,0.0,0.0,0.0,0.0,0.0,0.0,0.0,1.0
254978,0,1,3400,-63,63,-614,14,23,0.61,5290.836426,0,27,0.0,0.0,0.0,0.0,0.0,0.0,0.0,1.0
255227,0,1,3400,-63,63,-610,16,23,0.50,15456.000000,0,27,0.0,0.0,0.0,0.0,0.0,0.0,0.0,1.0
255477,0,1,3400,-63,63,-610,18,23,0.50,15394.421875,0,27,0.0,0.0,14533.864258,0,0.0,0.0,0.0,1.0
255726,0,1,3400,-63,63,-609,18,23,0.50,5152.000000,0,27,0.0,0.0,0.0,0.0,0.0,0.0,0.0,1.0
255975,0,1,3400,-63,63,-615,12,23,0.50,26358.566406,0,27,0.0,0.0,0.0,0.0,0.0,0.0,0.0,1.0
256224,0,1,3400,-63,63,-615,18,22,0.50,30912.000000,0,27,0.0,0.0,0.0,0.0,0.0,0.0,0.0,1.0
256473,0,1,3400,-63,63,-614,18,23,0.50,10262.948242,0,27,0.16,0.0,20047.808594,0,0.0,0.0,0.0,1.0
256722,0,1,3400,-63,63,-613,15,22,0.50,20685.259766,0,27,0.0,0.0,0.0,0.0,0.0,0.0,0.0,1.0
256971,0,1,3400,-63,63,-617,14,22,0.50,26176.000000,0,27,0.0,0.0,0.0,0.0,0.0,0.0,0.0,1.0
257220,0,1,3400,-63,63,-616,15,23,0.50,20525.896484,0,27,0.0,0.0,0.0,0.0,0.0,0.0,0.0,1.0
257469,0,1,3400,-63,63,-618,18,23,0.50,15456.000000,0,27,0.0,0.0,13024.000000,0,0.0,0.0,0.0,1.0
257718,0,1,3400,-63,63,-617,17,22,0.50,5227.091797,0,27,0.0,0.0,0.0,0.0,0.0,0.0,0.0,1.0
257967,0,1,3400,-63,63,-613,18,23,0.74,10358.565430,0,27,0.0,0.0,0.0,0.0,0.0,0.0,0.0,1.0
258216,0,1,3400,-63,63,-614,18,23,0.68,20608.000000,0,27,0.0,0.0,1568.000000,0,0.0,0.0,0.0,1.0
258465,0,1,3400,-63,63,-616,17,22,0.50,31168.000000,0,27,1.0,0.0,16128.000000,24,0.0,0.0,0.0,1.0
258714,0,1,3400,-63,63,-611,15,23,0.50,5312.000000,0,27,0.0,0.0,0.0,0.0,0.0,0.0,0.0,1.0
258963,0,1,3400,-63,63,-605,11,23,0.50,15394.421875,0,27,0.0,0.0,0.0,0.0,0.0,0.0,0.0,1.0
259212,0,1,3400,-63,63,-606,17,22,0.50,15681.274414,0,27,0.0,0.0,0.0,0.0,0.0,0.0,0.0,1.0
259461,0,1,3400,-63,63,-605,9.3,23,0.54,41472.000000,0,27,5.1,0.0,23744.000000,0,0.0,0.0,0.0,1.0
259710,0,1,3400,-63,63,-601,17,22,0.50,20780.876953,0,27,11,0.0,0.0,0.0,0.0,0.0,0.0,1.0
259959,0,1,3400,-63,63,-602,16,22,0.50,26208.000000,0,27,8.0,0.0,2592.000000,0,0.0,0.0,0.0,1.0
260208,0,1,3400,-63,63,-605,17,22,0.50,5131.474121,0,27,5.0,0.0,0.0,0.0,0.0,0.0,0.0,1.0
260457,0,1,3400,-63,63,-604,18,22,0.50,15552.000000,0,27,6.9,0.0,16064.000000,0,0.0,0.0,0.0,1.0
260706,0,1,3400,-63,63,-608,18,23,0.50,5131.474121,0,27,8.0,0.0,0.0,0.0,0.0,0.0,0.0,1.0
260955,0,1,3400,-63,63,-607,14,22,0.50,10698.413086,0,27,8.0,0.0,0.0,0.0,0.0,0.0,0.0,1.0
261204,0,1,3400,-63,63,-604,11,23,0.50,10464.000000,0,27,8.0,0.0,0.0,0.0,0.0,0.0,0.0,1.0
261453,0,1,3400,-63,63,-603,18,22,0.50,10262.948242,0,27,2.2,0.0,20047.808594,9,0.0,0.0,0.0,1.0
261702,0,1,3400,-63,63,-605,18,22,0.50,5152.000000,0,27,0.0,0.0,0.0,0.0,0.0,0.0,0.0,1.0
261951,0,1,3400,-63,63,-602,17,22,0.50,15776.892578,0,27,0.0,0.0,1561.752930,0,0.0,0.0,0.0,1.0
262200,0,1,3400,-63,63,-601,18,22,0.50,0.0,0.0,27,0.0,0.0,0.0,0.0,0.0,0.0,0.0,1.0
262449,0,1,3400,-63,63,-601,18,23,0.50,10304.000000,0,27,0.93,0.0,27904.000000,0,0.0,0.0,0.0,1.0
262698,0,1,3400,-63,63,-598,18,22,0.50,25657.371094,0,27,2.0,0.0,0.0,0.0,0.0,0.0,0.0,1.0
262947,0,1,3400,-63,63,-594,17,22,0.50,10400.000000,0,27,2.0,0.0,0.0,0.0,0.0,0.0,0.0,1.0
263196,0,1,3400,-63,63,-598,15,22,0.50,15394.421875,0,27,2.0,0.0,0.0,0.0,0.0,0.0,0.0,1.0
263445,0,1,3400,-63,63,-603,18,23,0.50,5152.000000,0,27,2.8,0.0,27232.000000,0,0.0,0.0,0.0,1.0
263694,0,1,3400,-63,63,-604,14,22,0.50,15649.402344,0,27,4.5,0.0,0.0,0.0,0.0,0.0,0.0,1.0
263943,0,1,3400,-63,63,-608,18,22,0.50,10262.948242,0,27,4.5,0.0,0.0,0.0,0.0,0.0,0.0,1.0
264192,0,1,3400,-63,63,-611,18,22,0.74,21088.000000,0,27,4.5,186,0.0,0.0,0.0,0.0,0.0,1.0
264441,0,1,3400,-63,63,-604,8.2,22,0.50,10645.417969,0,27,8.1,0.0,16000.000000,0,0.0,0.0,0.0,1.0
264690,0,1,3400,-63,63,-603,14,22,0.55,10345.381836,0,27,8.5,0.0,0.0,0.0,0.0,0.0,0.0,1.0
264939,0,1,3400,-63,63,-602,15,22,0.50,0.0,0.0,27,8.5,0.0,0.0,0.0,0.0,0.0,0.0,1.0
265188,0,1,3400,-63,63,-593,15,22,0.50,0.0,0.0,27,8.4,0.0,0.0,0.0,0.0,0.0,0.0,1.0
265437,0,1,3400,-63,63,-599,16,22,0.50,5152.000000,0,27,8.1,0.0,18368.000000,0,0.0,0.0,0.0,1.0
265686,0,1,3400,-63,63,-612,17,22,0.50,15490.040039,0,27,3.5,0.0,0.0,0.0,0.0,0.0,0.0,1.0
265935,0,1,3400,-63,63,-609,4.7,22,0.50,11168.000000,0,27,3.5,0.0,0.0,0.0,0.0,0.0,0.0,1.0
266184,0,1,3400,-63,63,-607,11,22,0.50,25657.371094,0,27,3.5,0.0,0.0,0.0,0.0,0.0,0.0,1.0
266433,0,1,3400,-63,63,-611,9.5,22,0.50,16576.000000,0,27,1.8,0.0,16128.000000,14,0.0,0.0,0.0,1.0
266682,0,1,3400,-63,63,-604,18,22,0.50,0.0,0.0,27,0.0,0.0,0.0,0.0,0.0,0.0,0.0,1.0
266931,0,1,3400,-63,63,-603,14,22,0.50,10772.908203,0,27,0.0,0.0,0.0,0.0,0.0,0.0,0.0,1.0
267180,0,1,3400,-63,63,-611,13,22,0.50,10400.000000,0,27,0.0,0.0,0.0,0.0,0.0,0.0,0.0,1.0
267429,0,1,3400,-63,63,-608,8.4,22,0.50,10358.565430,0,27,0.82,0.0,21067.728516,12,0.0,0.0,0.0,1.0
267678,0,1,3400,-63,63,-603,11,22,0.50,21163.345703,0,27,0.0,0.0,0.0,0.0,0.0,0.0,0.0,1.0
267927,0,1,3400,-63,63,-605,4.2,22,0.50,10262.948242,0,27,0.0,0.0,0.0,0.0,0.0,0.0,0.0,1.0
268176,0,1,3400,-63,63,-602,10,22,0.50,5131.474121,0,27,0.0,0.0,0.0,0.0,0.0,0.0,0.0,1.0
268425,0,1,3400,-63,63,-601,18,22,0.50,10304.000000,0,27,1.3,0.0,25568.000000,0,0.0,0.0,0.0,1.0
268674,0,1,3400,-63,63,-606,16,22,0.50,5513.944336,0,27,2.0,0.0,0.0,0.0,0.0,0.0,0.0,1.0
268923,0,1,3400,-63,63,-605,14,22,0.50,0.0,0.0,27,2.0,0.0,0.0,0.0,0.0,0.0,0.0,1.0
269172,0,1,3400,-63,63,-602,15,22,0.50,10262.948242,0,27,2.0,0.0,0.0,0.0,0.0,0.0,0.0,1.0
269421,0,1,3400,-63,63,-604,15,22,0.50,10464.000000,0,27,2.0,0.0,27904.000000,0,0.0,0.0,0.0,1.0
269670,0,1,3400,-63,63,-609,11,22,0.50,17211.156250,0,27,2.0,0.0,0.0,0.0,0.0,0.0,0.0,1.0
269919,0,1,3400,-63,63,-608,16,22,0.50,10262.948242,0,27,2.0,0.0,0.0,0.0,0.0,0.0,0.0,1.0
270168,0,1,3400,-63,63,-608,16,21,0.69,25760.000000,0,27,2.0,0.0,0.0,0.0,0.0,0.0,0.0,1.0
270417,0,1,3400,-63,63,-606,14,22,0.70,16254.980469,0,27,2.0,186,0.0,0.0,0.0,0.0,0.0,1.0
270666,0,1,3400,-63,63,-602,6.2,22,0.50,5152.000000,0,27,8.4,0.0,70176.000000,30,0.0,0.0,0.0,1.0
270915,0,1,3400,-63,63,-605,16,21,0.50,20768.000000,0,27,9.0,0.0,0.0,0.0,0.0,0.0,0.0,1.0
271164,0,1,3400,-63,63,-605,13,21,0.90,15746.032227,0,27,9.0,0.0,0.0,0.0,0.0,0.0,0.0,1.0
271413,0,1,3400,-63,63,-601,11,22,0.50,21493.976562,0,27,3.0,0.0,15357.429688,11,0.0,0.0,0.0,1.0
271662,0,1,3400,-63,63,-600,12,21,0.54,36589.640625,0,27,2.0,0.0,0.0,0.0,0.0,0.0,0.0,1.0
271911,0,1,3400,-63,63,-598,15,22,0.50,10304.000000,0,27,2.0,0.0,0.0,0.0,0.0,0.0,0.0,1.0
272160,0,1,3400,-63,63,-598,18,22,0.57,10422.310547,0,27,2.0,0.0,0.0,0.0,0.0,0.0,0.0,1.0
272409,0,1,3400,-63,63,-595,12,21,0.92,21120.000000,0,27,0.13,0.0,13024.000000,0,0.0,0.0,0.0,1.0
272658,0,1,3400,-63,63,-598,16,22,0.50,10262.948242,0,27,0.0,0.0,0.0,0.0,0.0,0.0,0.0,1.0
272907,0,1,3400,-63,63,-601,18,22,0.50,5131.474121,0,27,0.0,0.0,0.0,0.0,0.0,0.0,0.0,1.0
273156,0,1,3400,-63,63,-597,5.4,21,0.50,11584.000000,0,27,0.0,0.0,0.0,0.0,0.0,0.0,0.0,1.0
273405,0,1,3400,-63,63,-593,5.2,21,0.50,21322.708984,0,27,6.3,0.0,46852.589844,38,0.0,0.0,0.0,1.0
273654,0,1,3400,-63,63,-601,14,22,0.62,31104.000000,0,27,12,0.0,0.0,0.0,0.0,0.0,0.0,1.0
273903,0,1,3400,-63,63,-603,12,21,0.98,15808.764648,0,27,12,0.0,0.0,0.0,0.0,0.0,0.0,1.0
274152,0,1,3400,-63,63,-606,17,22,0.50,5131.474121,0,27,12,0.0,0.0,0.0,0.0,0.0,0.0,1.0
274401,0,1,3400,-63,63,-600,18,22,0.50,5131.474121,0,27,12,186,0.0,0.0,0.0,0.0,0.0,1.0
274650,0,1,3400,-63,63,-601,17,21,0.52,20940.238281,0,27,0.67,0.0,20557.769531,0,0.0,0.0,0.0,1.0
274899,0,1,3400,-63,63,-605,6.5,21,0.50,5728.000000,0,27,0.0,0.0,0.0,0.0,0.0,0.0,0.0,1.0
275148,0,1,3400,-63,63,-603,11,21,0.50,10262.948242,0,27,0.0,0.0,0.0,0.0,0.0,0.0,0.0,1.0
275397,0,1,3400,-63,63,-601,12,22,0.50,0.0,0.0,27,0.048,0.0,0.0,0.0,0.0,0.0,0.0,1.0
275646,0,1,3400,-63,63,-602,16,21,0.65,36079.679688,0,27,0.21,0.0,20047.808594,0,0.0,0.0,0.0,1.0
275895,0,1,3400,-63,63,-602,16,22,0.73,5131.474121,0,27,0.0,0.0,0.0,0.0,0.0,0.0,0.0,1.0
276144,0,1,3400,-63,63,-603,16,22,0.57,20864.000000,0,27,0.0,0.0,0.0,0.0,0.0,0.0,0.0,1.0
276393,0,1,3400,-63,63,-608,18,22,0.54,10262.948242,0,27,1.6,0.0,23713.146484,0,0.0,0.0,0.0,1.0
276642,0,1,3400,-63,63,-609,12,22,0.50,16480.000000,0,27,2.0,0.0,0.0,0.0,0.0,0.0,0.0,1.0
276891,0,1,3400,-63,63,-611,5.1,21,0.50,16701.195312,0,27,1.5,0.0,1561.752930,0,0.0,0.0,0.0,1.0
277140,0,1,3400,-63,63,-615,3.8,21,0.50,16480.000000,0,27,1.0,0.0,0.0,0.0,0.0,0.0,0.0,1.0
277389,0,1,3400,-63,63,-615,5.1,21,0.50,21418.326172,0,27,6.7,0.0,16000.000000,0,0.0,0.0,0.0,1.0
277638,0,1,3400,-63,63,-609,7.2,21,0.50,16063.745117,0,27,6.3,0.0,1561.752930,0,0.0,0.0,0.0,1.0
277887,0,1,3400,-63,63,-605,7.4,21,0.50,26827.308594,0,27,4.0,0.0,0.0,0.0,0.0,0.0,0.0,1.0
278136,0,1,3400,-63,63,-604,14,21,0.50,15617.530273,0,27,4.0,0.0,0.0,0.0,0.0,0.0,0.0,1.0
278385,0,1,3400,-63,63,-606,9.9,21,0.50,16064.000000,0,27,6.5,0.0,16064.000000,0,0.0,0.0,0.0,1.0
278634,0,1,3400,-63,63,-606,9.3,21,0.50,16000.000000,0,27,8.0,0.0,0.0,0.0,0.0,0.0,0.0,1.0
278883,0,1,3400,-63,63,-606,13,21,0.58,15681.274414,0,27,8.0,0.0,0.0,0.0,0.0,0.0,0.0,1.0
279132,0,1,3400,-63,63,-605,10.0,22,0.50,10464.000000,0,27,8.0,0.0,0.0,0.0,0.0,0.0,0.0,1.0
279381,0,1,3400,-63,63,-598,9.7,22,0.50,10741.036133,0,27,7.2,0.0,11091.633789,0,0.0,0.0,0.0,1.0
279630,0,1,3400,-63,63,-600,7.4,21,0.50,5440.000000,0,27,0.0,0.0,0.0,0.0,0.0,0.0,0.0,1.0
279879,0,1,3400,-63,63,-602,5.5,22,0.51,15681.274414,0,27,0.42,0.0,16988.046875,0,0.0,0.0,0.0,1.0
280128,0,1,3400,-63,63,-610,11,21,0.75,0.0,0.0,27,7.5,0.0,0.0,0.0,0.0,0.0,0.0,1.0
280377,0,1,3400,-63,63,-611,10,21,1.1,10677.291016,0,27,6.4,0.0,0.0,80,0.0,0.0,0.0,1.0
280626,0,1,3400,-63,63,-608,13,21,0.69,15904.382812,0,27,6.1,0.0,0.0,0.0,0.0,0.0,0.0,1.0
280875,0,1,3400,-63,63,-610,17,21,0.50,25657.371094,0,27,6.0,0.0,0.0,0.0,0.0,0.0,0.0,1.0
281124,0,1,3400,-63,63,-612,18,21,0.50,0.0,0.0,27,6.0,0.0,0.0,0.0,0.0,0.0,0.0,1.0
281373,0,1,3400,-63,63,-609,16,21,0.50,15712.000000,0,27,1.7,0.0,20128.000000,0,0.0,0.0,0.0,1.0
281622,0,1,3400,-63,63,-608,18,21,0.50,10262.948242,0,27,0.096,0.0,0.0,0.0,0.0,0.0,0.0,1.0
281871,0,1,3400,-63,63,-619,18,21,0.50,5131.474121,0,27,0.048,0.0,0.0,0.0,0.0,0.0,0.0,1.0
282120,0,1,3400,-63,63,-621,18,21,0.50,10304.000000,0,27,0.0,0.0,0.0,0.0,0.0,0.0,0.0,1.0
282369,0,1,3400,-63,63,-619,18,21,0.50,10262.948242,0,27,0.16,0.0,20047.808594,0,0.0,0.0,0.0,1.0
282618,0,1,3400,-63,63,-617,18,21,0.50,20608.000000,0,27,0.0,0.0,0.0,0.0,0.0,0.0,0.0,1.0
282867,0,1,3400,-63,63,-611,18,21,0.50,10262.948242,0,27,0.0,0.0,0.0,0.0,0.0,0.0,0.0,1.0
283116,0,1,3400,-63,63,-609,18,21,0.50,10262.948242,0,27,0.0,0.0,0.0,0.0,0.0,0.0,0.0,1.0
283365,0,1,3400,-63,63,-613,13,21,0.50,16288.000000,0,27,0.16,0.0,20128.000000,0,0.0,0.0,0.0,1.0
283614,0,1,3400,-63,63,-612,13,21,0.50,5290.836426,0,27,0.0,0.0,0.0,0.0,0.0,0.0,0.0,1.0
283863,0,1,3400,-63,63,-606,13,21,0.66,5172.690918,0,27,0.0,0.0,0.0,0.0,0.0,0.0,0.0,1.0
284112,0,1,3400,-63,63,-605,15,21,0.81,5131.474121,50,27,0.0,0.0,0.0,0.0,0.0,0.0,0.0,1.0
284361,0,1,3400,-63,63,-605,18,21,1.7,25760.000000,0,27,0.21,0.0,20128.000000,0,0.0,0.0,0.0,1.0
284610,0,1,3400,-63,63,-608,13,21,0.53,15776.892578,0,27,0.0,0.0,0.0,0.0,0.0,0.0,0.0,1.0
284859,0,1,3400,-63,63,-610,5.2,21,0.50,5227.091797,0,27,0.0,0.0,0.0,0.0,0.0,0.0,0.0,1.0
285108,0,1,3400,-63,63,-607,12,21,0.50,10560.000000,0,27,0.048,0.0,0.0,0.0,0.0,0.0,0.0,1.0
285357,0,1,3400,-63,63,-600,9.3,21,0.50,10741.036133,0,27,5.9,0.0,93513.945312,5,0.0,0.0,0.0,1.0
285606,0,1,3400,-63,63,-600,12,21,0.50,15552.000000,0,27,10,0.0,0.0,0.0,0.0,0.0,0.0,1.0
285855,0,1,3400,-63,63,-609,9.6,21,1.1,10645.417969,0,27,11,0.0,0.0,0.0,0.0,0.0,0.0,1.0
286104,0,1,3400,-63,63,-604,14,21,0.86,10486.055664,0,27,10,0.0,0.0,0.0,0.0,0.0,0.0,1.0
286353,0,1,3400,-63,63,-604,16,21,0.50,26112.000000,0,27,11,0.0,0.0,80,0.0,0.0,0.0,1.0
286602,0,1,3400,-63,63,-607,16,21,0.50,5418.326660,0,27,12,0.0,0.0,0.0,0.0,0.0,0.0,1.0
286851,0,1,3400,-63,63,-605,11,21,0.50,5440.000000,0,27,12,0.0,0.0,0.0,0.0,0.0,0.0,1.0
287100,0,1,3400,-63,63,-604,9.5,20,0.51,10932.270508,0,27,12,0.0,0.0,0.0,0.0,0.0,0.0,1.0
287349,0,1,3400,-63,63,-604,8.5,20,0.50,16159.362305,0,27,2.9,0.0,13131.473633,0,0.0,0.0,0.0,1.0
287598,0,1,3400,-63,63,-605,10,20,0.50,5290.836426,0,27,0.0,0.0,0.0,0.0,0.0,0.0,0.0,1.0
287847,0,1,3400,-63,63,-600,14,20,0.50,0.0,0.0,27,0.0,0.0,0.0,0.0,0.0,0.0,0.0,1.0
288096,0,1,3400,-63,63,-602,13,20,0.50,15616.000000,0,27,0.0,0.0,0.0,0.0,0.0,0.0,0.0,1.0
288346,0,1,3400,-63,63,-601,17,20,0.65,15394.421875,0,27,0.048,0.0,11569.720703,0,0.0,0.0,0.0,1.0
288595,0,1,3400,-63,63,-595,5.7,20,0.50,5440.000000,0,27,0.0,0.0,0.0,0.0,0.0,0.0,0.0,1.0
288844,0,1,3400,-63,63,-599,12,20,0.50,20940.238281,0,27,0.048,0.0,0.0,0.0,0.0,0.0,0.0,1.0
289093,0,1,3400,-63,63,-604,13,20,0.71,10677.291016,0,27,0.096,0.0,0.0,0.0,0.0,0.0,0.0,1.0
289342,0,1,3400,-63,63,-602,14,20,0.50,10816.000000,0,27,0.69,0.0,23936.000000,5,0.0,0.0,0.0,1.0
289591,0,1,3400,-63,63,-600,9.7,20,0.50,15936.254883,0,27,1.0,0.0,0.0,0.0,0.0,0.0,0.0,1.0
289840,0,1,3400,-63,63,-608,5.0,20,0.50,11584.000000,0,27,1.0,0.0,0.0,0.0,0.0,0.0,0.0,1.0
290089,0,1,3400,-63,63,-610,8.1,20,0.50,22055.777344,0,27,1.1,0.0,0.0,0.0,0.0,0.0,0.0,1.0
290338,0,1,3400,-63,63,-610,13,20,0.50,10816.000000,0,27,0.91,0.0,16320.000000,0,0.0,0.0,0.0,1.0
290587,0,1,3400,-63,63,-618,6.0,20,0.50,22278.884766,0,27,0.096,0.0,0.0,0.0,0.0,0.0,0.0,1.0
290836,0,1,3400,-63,63,-615,4.0,20,0.50,16672.000000,0,27,0.048,0.0,0.0,0.0,0.0,0.0,0.0,1.0
291085,0,1,3400,-63,63,-611,9.1,20,0.50,5312.000000,0,27,0.0,0.0,0.0,0.0,0.0,0.0,0.0,1.0
291334,0,1,3400,-63,63,-607,5.7,20,0.50,10772.908203,0,27,7.6,0.0,18549.800781,0,0.0,0.0,0.0,1.0
291583,0,1,3400,-63,63,-606,9.1,20,0.50,5408.000000,0,27,10,0.0,0.0,0.0,0.0,0.0,0.0,1.0
291832,0,1,3400,-63,63,-605,5.2,20,0.50,22310.757812,0,27,10,0.0,0.0,0.0,0.0,0.0,0.0,1.0
292081,0,1,3400,-63,63,-605,9.8,20,0.50,37992.031250,0,27,10,186,0.0,0.0,0.0,0.0,0.0,1.0
292330,0,1,3400,-63,63,-608,1.1,20,0.50,8224.000000,0,27,4.8,0.0,37824.000000,0,0.0,0.0,0.0,1.0
292579,0,1,3400,-63,63,-608,4.1,20,0.50,19442.230469,0,27,4.5,0.0,0.0,0.0,0.0,0.0,0.0,1.0
292828,0,1,3400,-63,63,-608,7.0,20,0.50,0.0,0.0,27,4.5,0.0,0.0,0.0,0.0,0.0,0.0,1.0
293077,0,1,3400,-63,63,-608,9.6,20,0.50,5131.474121,0,27,4.5,0.0,0.0,0.0,0.0,0.0,0.0,1.0
293326,0,1,3400,-63,63,-605,13,20,0.50,26581.673828,0,27,2.6,0.0,12685.258789,7,0.0,0.0,0.0,1.0
293575,0,1,3400,-63,63,-608,15,20,0.50,5408.000000,0,27,0.0,0.0,0.0,0.0,0.0,0.0,0.0,1.0
293824,0,1,3400,-63,63,-609,14,20,0.50,21290.835938,0,27,0.096,0.0,1561.752930,0,0.0,0.0,0.0,1.0
294073,0,1,3400,-63,63,-608,16,20,0.50,5131.474121,0,27,0.048,0.0,0.0,0.0,0.0,0.0,0.0,1.0
294322,0,1,3400,-63,63,-601,18,20,0.50,15394.421875,0,27,3.6,0.0,16509.960938,0,0.0,0.0,0.0,1.0
294571,0,1,3400,-63,63,-610,18,20,0.73,5152.000000,50,27,8.0,0.0,0.0,0.0,0.0,0.0,0.0,1.0
294820,0,1,3400,-63,63,-609,18,20,0.54,30980.080078,0,27,8.0,0.0,0.0,0.0,0.0,0.0,0.0,1.0
295069,0,1,3400,-63,63,-604,12,20,0.50,32127.490234,0,27,8.0,0.0,0.0,0.0,0.0,0.0,0.0,1.0
295318,0,1,3400,-63,63,-607,6.9,20,0.50,5152.000000,0,27,7.2,0.0,20128.000000,0,0.0,0.0,0.0,1.0
295567,0,1,3400,-63,63,-605,12,20,0.50,10422.310547,0,27,0.048,0.0,0.0,0.0,0.0,0.0,0.0,1.0
295816,0,1,3400,-63,63,-603,13,20,0.50,5408.000000,0,27,0.0,0.0,0.0,0.0,0.0,0.0,0.0,1.0
296065,0,1,3400,-63,63,-603,13,20,0.50,16063.745117,0,27,0.19,0.0,0.0,0.0,0.0,0.0,0.0,1.0
296314,0,1,3400,-63,63,-603,15,20,0.76,31235.060547,0,27,0.048,0.0,14533.864258,0,0.0,0.0,0.0,1.0
296563,0,1,3400,-63,63,-604,18,20,0.78,5152.000000,0,27,0.0,0.0,0.0,0.0,0.0,0.0,0.0,1.0
296812,0,1,3400,-63,63,-607,18,20,0.75,0.0,0.0,27,0.0,0.0,0.0,0.0,0.0,0.0,0.0,1.0
297061,0,1,3400,-63,63,-614,7.9,20,0.61,12608.000000,0,27,0.096,0.0,0.0,0.0,0.0,0.0,0.0,1.0
297310,0,1,3400,-63,63,-614,8.2,20,0.50,21386.455078,0,27,0.19,0.0,20557.769531,0,0.0,0.0,0.0,1.0
297559,0,1,3400,-63,63,-612,8.3,20,0.50,30875.501953,0,27,0.14,0.0,0.0,0.0,0.0,0.0,0.0,1.0
297808,0,1,3400,-63,63,-617,1.2,20,0.50,27314.740234,0,27,0.14,0.0,0.0,0.0,0.0,0.0,0.0,1.0
298057,0,1,3400,-63,63,-613,15,20,0.50,15649.402344,0,27,0.0,0.0,0.0,0.0,0.0,0.0,0.0,1.0
298306,0,1,3400,-63,63,-605,15,20,0.50,21344.000000,0,27,0.78,0.0,17472.000000,0,0.0,0.0,0.0,1.0
298555,0,1,3400,-63,63,-606,13,20,0.53,36876.492188,0,27,1.0,0.0,0.0,0.0,0.0,0.0,0.0,1.0
298804,0,1,3400,-63,63,-610,17,20,0.59,15456.000000,0,27,1.0,0.0,0.0,0.0,0.0,0.0,0.0,1.0
299053,0,1,3400,-63,63,-608,12,20,0.68,27027.888672,0,27,1.0,0.0,0.0,0.0,0.0,0.0,0.0,1.0
299302,0,1,3400,-63,63,-608,13,20,0.50,10772.908203,0,27,8.0,0.0,23904.382812,0,0.0,0.0,0.0,1.0
299551,0,1,3400,-63,63,-607,14,20,0.50,26688.000000,0,27,13,0.0,0.0,0.0,0.0,0.0,0.0,1.0
299800,0,1,3400,-63,63,-605,15,20,0.55,31458.167969,0,27,11,0.0,1625.498047,0,0.0,0.0,0.0,1.0
300049,0,1,3400,-63,63,-612,3.2,20,0.56,24384.000000,0,27,9.5,0.0,0.0,0.0,0.0,0.0,0.0,1.0
300298,0,1,3400,-63,63,-616,11,20,0.50,15904.382812,0,27,2.4,0.0,20557.769531,0,0.0,0.0,0.0,1.0
300547,0,1,3400,-63,63,-618,15,20,0.50,10476.190430,0,27,0.0,0.0,0.0,0.0,0.0,0.0,0.0,1.0
300796,0,1,3400,-63,63,-617,6.2,20,0.50,11200.000000,0,27,0.048,0.0,0.0,0.0,0.0,0.0,0.0,1.0
301045,0,1,3400,-63,63,-614,12,20,0.50,5131.474121,0,27,0.096,0.0,0.0,0.0,0.0,0.0,0.0,1.0
301294,0,1,3400,-63,63,-612,8.5,20,0.61,22048.000000,0,27,0.048,0.0,13024.000000,0,0.0,0.0,0.0,1.0
301543,0,1,3400,-63,63,-610,13,20,0.50,10422.310547,0,27,0.0,0.0,0.0,0.0,0.0,0.0,0.0,1.0
301792,0,1,3400,-63,63,-614,14,20,0.50,5248.000000,0,27,0.0,0.0,0.0,0.0,0.0,0.0,0.0,1.0
302041,0,1,3400,-63,63,-615,14,20,0.51,26772.908203,0,27,0.096,0.0,0.0,0.0,0.0,0.0,0.0,1.0
302290,0,1,3400,-63,63,-615,15,20,0.50,10517.928711,0,27,6.7,0.0,98868.523438,20,0.0,0.0,0.0,1.0
302539,0,1,3400,-63,63,-609,14,20,0.50,10720.000000,0,27,12,0.0,0.0,0.0,0.0,0.0,0.0,1.0
302788,0,1,3400,-63,63,-604,14,20,0.50,10613.545898,0,27,12,0.0,0.0,0.0,0.0,0.0,0.0,1.0
303037,0,1,3400,-63,63,-606,12,20,0.50,10816.000000,0,27,12,0.0,0.0,0.0,0.0,0.0,0.0,1.0
303286,0,1,3400,-63,63,-608,15,20,0.50,5131.474121,0,27,5.0,0.0,20302.789062,0,0.0,0.0,0.0,1.0
303535,0,1,3400,-63,63,-600,16,20,0.50,15904.382812,0,27,0.048,0.0,0.0,0.0,0.0,0.0,0.0,1.0
303784,0,1,3400,-63,63,-597,5.6,20,0.50,28048.193359,0,27,0.096,0.0,0.0,0.0,0.0,0.0,0.0,1.0
304033,0,1,3400,-63,63,-597,0.10,20,0.50,5386.454102,0,27,0.048,0.0,0.0,0.0,0.0,0.0,0.0,1.0
304282,0,1,3400,-63,63,-595,8.7,20,0.50,21152.000000,0,27,8.6,0.0,57312.000000,51,0.0,0.0,0.0,1.0
304531,0,1,3400,-63,63,-598,12,20,0.50,16828.685547,0,27,12,0.0,0.0,0.0,0.0,0.0,0.0,1.0
304780,0,1,3400,-63,63,-602,1.3,20,0.50,28576.000000,0,27,12,0.0,0.0,0.0,0.0,0.0,0.0,1.0
305029,0,1,3400,-63,63,-601,7.2,19,0.50,5131.474121,0,27,12,0.0,0.0,0.0,0.0,0.0,0.0,1.0
305278,0,1,3400,-63,63,-600,16,19,0.50,36844.621094,0,27,2.9,0.0,13131.473633,0,0.0,0.0,0.0,1.0
305527,0,1,3400,-63,63,-602,11,19,0.50,5312.000000,0,27,0.048,0.0,0.0,0.0,0.0,0.0,0.0,1.0
305776,0,1,3400,-63,63,-602,9.5,19,0.50,24605.578125,0,27,0.096,0.0,0.0,0.0,0.0,0.0,0.0,1.0
306025,0,1,3400,-63,63,-604,0.73,19,0.50,14080.000000,0,27,0.0,0.0,0.0,0.0,0.0,0.0,0.0,1.0
306274,0,1,3400,-63,63,-602,7.7,19,0.50,5131.474121,0,27,0.16,0.0,20047.808594,0,0.0,0.0,0.0,1.0
306523,0,1,3400,-63,63,-600,15,19,0.50,10454.183594,0,27,0.0,0.0,0.0,0.0,0.0,0.0,0.0,1.0
306772,0,1,3400,-63,63,-597,10,19,0.50,10304.000000,0,27,0.048,0.0,1568.000000,0,0.0,0.0,0.0,1.0
307021,0,1,3400,-63,63,-596,15,19,0.58,5131.474121,0,27,0.0,0.0,0.0,0.0,0.0,0.0,0.0,1.0
307270,0,1,3400,-63,63,-594,11,19,0.54,32828.683594,0,27,0.30,0.0,13896.414062,8,0.0,0.0,0.0,1.0
307519,0,1,3400,-63,63,-598,3.6,19,0.50,11282.868164,0,27,0.096,0.0,0.0,0.0,0.0,0.0,0.0,1.0
307768,0,1,3400,-63,63,-592,0.0,19,0.50,18560.000000,0,27,0.096,0.0,0.0,0.0,0.0,0.0,0.0,1.0
308017,0,1,3400,-63,63,-595,6.4,19,0.50,5290.836426,0,27,0.0,0.0,0.0,0.0,0.0,0.0,0.0,1.0
308266,0,1,3400,-63,63,-596,12,19,0.63,10358.565430,0,27,5.1,0.0,23649.402344,0,0.0,0.0,0.0,1.0
308515,0,1,3400,-63,63,-598,1.2,19,0.52,6176.000000,0,27,12,0.0,0.0,0.0,0.0,0.0,0.0,1.0
308764,0,1,3400,-63,63,-603,2.9,19,0.50,16159.362305,0,27,12,0.0,0.0,0.0,0.0,0.0,0.0,1.0
309013,0,1,3400,-63,63,-602,13,19,0.50,5408.000000,0,27,12,0.0,0.0,0.0,0.0,0.0,0.0,1.0
309262,0,1,3400,-63,63,-600,11,19,0.50,15968.127930,0,27,3.1,0.0,21067.728516,0,0.0,0.0,0.0,1.0
309511,0,1,3400,-63,63,-599,12,19,0.50,5408.000000,0,27,0.0,0.0,0.0,0.0,0.0,0.0,0.0,1.0
309760,0,1,3400,-63,63,-596,17,19,0.70,26422.310547,0,27,0.048,0.0,0.0,0.0,0.0,0.0,0.0,1.0
310009,0,1,3400,-63,63,-592,11,19,0.50,26804.781250,0,27,0.0,0.0,0.0,0.0,0.0,0.0,0.0,1.0
310258,0,1,3400,-63,63,-593,12,19,0.50,27040.000000,0,27,0.90,0.0,14336.000000,0,0.0,0.0,0.0,1.0
310507,0,1,3400,-63,63,-594,18,19,0.69,15552.000000,0,27,1.0,0.0,0.0,0.0,0.0,0.0,0.0,1.0
310756,0,1,3400,-63,63,-594,11,19,0.55,10752.000000,0,27,1.0,0.0,0.0,0.0,0.0,0.0,0.0,1.0
311005,0,1,3400,-63,63,-601,12,19,0.50,0.0,0.0,27,1.0,0.0,0.0,0.0,0.0,0.0,0.0,1.0
311254,0,1,3400,-63,63,-602,13,19,0.50,5408.000000,0,27,0.43,0.0,15008.000000,0,0.0,0.0,0.0,1.0
311503,0,1,3400,-63,63,-603,4.3,20,0.50,11123.505859,0,27,0.048,0.0,0.0,0.0,0.0,0.0,0.0,1.0
311752,0,1,3400,-63,63,-603,8.4,20,0.50,10772.908203,0,27,0.048,0.0,0.0,0.0,0.0,0.0,0.0,1.0
312001,0,1,3400,-63,63,-606,13,20,0.50,5408.000000,0,27,0.048,0.0,0.0,0.0,0.0,0.0,0.0,1.0
312250,0,1,3400,-63,63,-602,13,20,0.50,26613.544922,0,27,1.6,0.0,27792.828125,0,0.0,0.0,0.0,1.0
312499,0,1,3400,-63,63,-601,15,20,0.50,15616.000000,0,27,2.0,0.0,0.0,0.0,0.0,0.0,0.0,1.0
312748,0,1,3400,-63,63,-604,13,20,1.3,10772.908203,33,27,2.0,0.0,0.0,0.0,0.0,0.0,0.0,1.0
312997,0,1,3400,-63,63,-608,9.0,20,2.2,5386.454102,0,27,2.0,0.0,0.0,0.0,0.0,0.0,0.0,1.0
313246,0,1,3400,-63,63,-608,12,20,0.67,16224.000000,0,27,2.1,0.0,28160.000000,0,0.0,0.0,0.0,1.0
313495,0,1,3400,-63,63,-608,11,20,0.50,10613.545898,0,27,2.0,0.0,0.0,0.0,0.0,0.0,0.0,1.0
313744,0,1,3400,-63,63,-611,14,20,0.50,10517.928711,0,27,2.0,0.0,0.0,0.0,0.0,0.0,0.0,1.0
313993,0,1,3400,-63,63,-608,13,20,0.50,48127.488281,0,27,2.1,0.0,0.0,0.0,0.0,0.0,0.0,1.0
314242,0,1,3400,-63,63,-600,8.1,20,0.50,15712.000000,0,27,1.5,0.0,14592.000000,0,0.0,0.0,0.0,1.0
314491,0,1,3400,-63,63,-597,14,20,0.50,10517.928711,0,27,0.048,0.0,0.0,0.0,0.0,0.0,0.0,1.0
314740,0,1,3400,-63,63,-594,15,20,0.50,5386.454102,0,27,0.0,0.0,0.0,0.0,0.0,0.0,0.0,1.0
314989,0,1,3400,-63,63,-598,10,20,0.50,10624.000000,0,27,0.096,0.0,0.0,0.0,0.0,0.0,0.0,1.0
315238,0,1,3400,-63,63,-602,8.2,20,0.50,16000.000000,0,27,0.82,0.0,8446.214844,24,0.0,0.0,0.0,1.0
315487,0,1,3400,-63,63,-601,6.5,20,0.50,22080.000000,0,27,0.096,0.0,0.0,0.0,0.0,0.0,0.0,1.0
315736,0,1,3400,-63,63,-600,9.7,20,0.50,5131.474121,0,27,0.0,0.0,0.0,0.0,0.0,0.0,0.0,1.0
315985,0,1,3400,-63,63,-608,12,20,0.50,5131.474121,0,27,0.14,0.0,0.0,0.0,0.0,0.0,0.0,1.0
316234,0,1,3400,-63,63,-608,12,21,0.50,10816.000000,0,27,0.13,0.0,13440.000000,0,0.0,0.0,0.0,1.0
316483,0,1,3400,-63,63,-606,7.1,21,0.50,27296.000000,0,27,0.0,0.0,0.0,0.0,0.0,0.0,0.0,1.0
316732,0,1,3400,-63,63,-612,9.8,20,0.50,10816.000000,0,27,0.0,0.0,0.0,0.0,0.0,0.0,0.0,1.0
316981,0,1,3400,-63,63,-616,9.8,21,0.50,10613.545898,0,27,0.0,0.0,0.0,0.0,0.0,0.0,0.0,1.0
317230,0,1,3400,-63,63,-617,6.3,21,0.50,5248.000000,0,27,0.13,0.0,11136.000000,0,0.0,0.0,0.0,1.0
317479,0,1,3400,-63,63,-619,13,21,1.1,5131.474121,50,27,0.0,0.0,0.0,0.0,0.0,0.0,0.0,1.0
317728,0,1,3400,-63,63,-617,18,21,1.9,10262.948242,0,27,0.0,0.0,0.0,0.0,0.0,0.0,0.0,1.0
317977,0,1,3400,-63,63,-614,18,21,0.57,15744.000000,0,27,0.0,0.0,0.0,0.0,0.0,0.0,0.0,1.0
318226,0,1,3400,-63,63,-611,5.3,21,0.50,15808.764648,0,27,0.23,0.0,21067.728516,0,0.0,0.0,0.0,1.0
318475,0,1,3400,-63,63,-612,9.9,21,0.50,10304.000000,0,27,0.0,0.0,0.0,0.0,0.0,0.0,0.0,1.0
318724,0,1,3400,-63,63,-611,11,21,0.83,21195.218750,0,27,0.0,0.0,0.0,0.0,0.0,0.0,0.0,1.0
318973,0,1,3400,-63,63,-609,12,21,0.55,10454.183594,0,27,0.0,0.0,0.0,0.0,0.0,0.0,0.0,1.0
319222,0,1,3400,-63,63,-611,11,21,0.50,10816.000000,0,27,0.14,0.0,20640.000000,0,0.0,0.0,0.0,1.0
319471,0,1,3400,-63,63,-611,7.1,21,0.50,16924.302734,0,27,0.0,0.0,0.0,0.0,0.0,0.0,0.0,1.0
319720,0,1,3400,-63,63,-607,5.0,21,0.50,10304.000000,0,27,0.0,0.0,0.0,0.0,0.0,0.0,0.0,1.0
319969,0,1,3400,-63,63,-606,18,21,0.50,10262.948242,0,27,0.0,0.0,0.0,0.0,0.0,0.0,0.0,1.0
320218,0,1,3400,-63,63,-611,15,21,0.50,15585.657227,0,27,2.8,0.0,62788.843750,13,0.0,0.0,0.0,1.0
320467,0,1,3400,-63,63,-609,14,21,0.62,15490.040039,0,27,7.0,0.0,0.0,0.0,0.0,0.0,0.0,1.0
320716,0,1,3400,-63,63,-606,8.7,21,0.50,15872.509766,0,27,7.0,0.0,0.0,0.0,0.0,0.0,0.0,1.0
320965,0,1,3400,-63,63,-604,10,21,0.60,10464.000000,0,27,7.0,0.0,0.0,0.0,0.0,0.0,0.0,1.0
321214,0,1,3400,-63,63,-601,15,21,0.74,10262.948242,0,27,7.0,186,0.0,0.0,0.0,0.0,0.0,1.0
321463,0,1,3400,-63,63,-601,18,21,0.50,10304.000000,0,27,0.44,0.0,20128.000000,0,0.0,0.0,0.0,1.0
321712,0,1,3400,-63,63,-606,17,21,0.50,15649.402344,0,27,0.0,0.0,0.0,0.0,0.0,0.0,0.0,1.0
321961,0,1,3400,-63,63,-606,16,21,0.75,10262.948242,0,27,0.0,0.0,0.0,0.0,0.0,0.0,0.0,1.0
322210,0,1,3400,-63,63,-602,17,21,0.50,15840.000000,0,27,0.22,0.0,17280.000000,9,0.0,0.0,0.0,1.0
322459,0,1,3400,-63,63,-600,14,21,0.50,10944.000000,0,27,0.0,0.0,0.0,0.0,0.0,0.0,0.0,1.0
322708,0,1,3400,-63,63,-597,15,21,0.50,20940.238281,0,27,0.0,0.0,892,0,0.0,0.0,0.0,1.0
322957,0,1,3400,-63,63,-598,3.3,21,0.50,24704.000000,0,27,0.0,0.0,0.0,0.0,0.0,0.0,0.0,1.0
323206,0,1,3400,-63,63,-606,5.2,21,0.50,11250.996094,0,27,0.20,0.0,20302.789062,0,0.0,0.0,0.0,1.0
323455,0,1,3400,-63,63,-606,14,21,0.50,5408.000000,0,27,0.0,0.0,0.0,0.0,0.0,0.0,0.0,1.0
323704,0,1,3400,-63,63,-605,14,21,0.50,5386.454102,0,27,0.0,0.0,0.0,0.0,0.0,0.0,0.0,1.0
323953,0,1,3400,-63,63,-604,12,21,0.50,21152.000000,0,27,0.0,0.0,0.0,0.0,0.0,0.0,0.0,1.0
324202,0,1,3400,-63,63,-607,12,21,0.50,0.0,0.0,27,0.0,0.0,0.0,0.0,0.0,0.0,0.0,1.0
324451,0,1,3400,-63,63,-608,13,21,0.50,20608.000000,0,27,1.5,0.0,21216.000000,0,0.0,0.0,0.0,1.0
324700,0,1,3400,-63,63,-600,14,21,0.74,11123.505859,0,27,2.0,0.0,0.0,0.0,0.0,0.0,0.0,1.0
324949,0,1,3400,-63,63,-600,14,21,1.0,10262.948242,0,27,2.0,0.0,0.0,0.0,0.0,0.0,0.0,1.0
325198,0,1,3400,-63,63,-601,18,21,0.72,10304.000000,0,27,3.5,0.0,42688.000000,0,0.0,0.0,0.0,1.0
325447,0,1,3400,-63,63,-601,18,21,0.50,0.0,0.0,27,9.0,0.0,0.0,0.0,0.0,0.0,0.0,1.0
325696,0,1,3400,-63,63,-602,14,21,0.60,10976.000000,0,27,8.9,0.0,0.0,0.0,0.0,0.0,0.0,1.0
325945,0,1,3400,-63,63,-605,14,21,0.50,15904.382812,0,27,9.0,0.0,0.0,0.0,0.0,0.0,0.0,1.0
326194,0,1,3400,-63,63,-608,16,21,0.62,10262.948242,0,27,2.1,0.0,12972.111328,0,0.0,0.0,0.0,1.0
326443,0,1,3400,-63,63,-610,16,21,0.50,10560.000000,0,27,0.0,0.0,0.0,0.0,0.0,0.0,0.0,1.0
326692,0,1,3400,-63,63,-611,18,21,0.50,5131.474121,0,27,0.0,0.0,0.0,0.0,0.0,0.0,0.0,1.0
326941,0,1,3400,-63,63,-609,18,21,0.50,10262.948242,0,27,0.0,0.0,0.0,0.0,0.0,0.0,0.0,1.0
327190,0,1,3400,-63,63,-607,17,21,0.50,10549.800781,0,27,1.4,0.0,46406.375000,0,0.0,0.0,0.0,1.0
327439,0,1,3400,-63,63,-605,11,21,0.50,16224.000000,0,27,3.5,0.0,0.0,0.0,0.0,0.0,0.0,1.0
327688,0,1,3400,-63,63,-599,7.1,21,0.50,10709.163086,0,27,3.5,0.0,0.0,0.0,0.0,0.0,0.0,1.0
327937,0,1,3400,-63,63,-602,15,21,0.50,10262.948242,0,27,3.5,0.0,0.0,0.0,0.0,0.0,0.0,1.0
328186,0,1,3400,-63,63,-599,18,21,0.50,5152.000000,0,27,5.9,0.0,13888.000000,0,0.0,0.0,0.0,1.0
328435,0,1,3400,-63,63,-602,17,21,0.53,15617.530273,0,27,7.5,0.0,0.0,0.0,0.0,0.0,0.0,1.0
328684,0,1,3400,-63,63,-610,16,21,0.50,15456.000000,0,27,7.5,0.0,0.0,0.0,0.0,0.0,0.0,1.0
328933,0,1,3400,-63,63,-608,13,21,0.50,16159.362305,0,27,7.5,0.0,0.0,0.0,0.0,0.0,0.0,1.0
329182,0,1,3400,-63,63,-605,12,21,0.50,5227.091797,0,27,6.6,0.0,11569.720703,0,0.0,0.0,0.0,1.0
329431,0,1,3400,-63,63,-606,17,21,0.50,31036.144531,0,27,0.0,0.0,0.0,0.0,0.0,0.0,0.0,1.0
329680,0,1,3400,-63,63,-600,9.1,21,0.50,33657.371094,0,27,0.0,0.0,0.0,0.0,0.0,0.0,0.0,1.0
329929,0,1,3400,-63,63,-597,11,21,0.50,5408.000000,0,27,0.0,0.0,0.0,0.0,0.0,0.0,0.0,1.0
330178,0,1,3400,-63,63,-602,12,21,0.50,26932.271484,0,27,1.2,0.0,27792.828125,0,0.0,0.0,0.0,1.0
330427,0,1,3400,-63,63,-598,14,21,0.50,10560.000000,0,27,2.0,0.0,0.0,0.0,0.0,0.0,0.0,1.0
330676,0,1,3400,-63,63,-592,16,21,0.50,0.0,0.0,27,2.0,0.0,0.0,0.0,0.0,0.0,0.0,1.0
330925,0,1,3400,-63,63,-599,11,21,0.60,23043.824219,0,27,2.0,0.0,0.0,0.0,0.0,0.0,0.0,1.0
331174,0,1,3400,-63,63,-601,15,21,0.68,31360.000000,0,27,1.0,0.0,21280.000000,9,0.0,0.0,0.0,1.0
331423,0,1,3400,-63,63,-605,18,21,0.58,10262.948242,0,27,0.0,0.0,0.0,0.0,0.0,0.0,0.0,1.0
331672,0,1,3400,-63,63,-605,16,21,0.50,21120.000000,0,27,0.0,0.0,0.0,0.0,0.0,0.0,0.0,1.0
331921,0,1,3400,-63,63,-602,12,21,1.2,10677.291016,0,27,0.0,0.0,0.0,0.0,0.0,0.0,0.0,1.0
332170,0,1,3400,-63,63,-602,7.6,21,0.51,10752.000000,0,27,0.0,0.0,8960.000000,0,0.0,0.0,0.0,1.0
332419,0,1,3400,-63,63,-600,16,22,0.50,10262.948242,0,27,0.0,0.0,0.0,0.0,0.0,0.0,0.0,1.0
332668,0,1,3400,-63,63,-602,18,21,0.50,5131.474121,0,27,0.0,0.0,0.0,0.0,0.0,0.0,0.0,1.0
332917,0,1,3400,-63,63,-601,12,22,0.50,10528.000000,0,27,0.0,0.0,0.0,0.0,0.0,0.0,0.0,1.0
333166,0,1,3400,-63,63,-597,13,21,0.50,15394.421875,0,27,0.0,0.0,14533.864258,0,0.0,0.0,0.0,1.0
333415,0,1,3400,-63,63,-602,12,22,0.50,15553.785156,0,27,0.0,0.0,0.0,0.0,0.0,0.0,0.0,1.0
333664,0,1,3400,-63,63,-604,18,22,0.50,5131.474121,0,27,0.0,0.0,0.0,0.0,0.0,0.0,0.0,1.0
333913,0,1,3400,-63,63,-604,17,22,0.50,5513.944336,0,27,0.0,0.0,0.0,0.0,0.0,0.0,0.0,1.0
334162,0,1,3400,-63,63,-604,6.9,22,0.50,26592.000000,0,27,1.5,0.0,23808.000000,0,0.0,0.0,0.0,1.0
334411,0,1,3400,-63,63,-607,18,22,0.64,26231.076172,0,27,2.0,0.0,0.0,0.0,0.0,0.0,0.0,1.0
334660,0,1,3400,-63,63,-610,17,22,0.52,20704.000000,0,27,2.0,0.0,0.0,0.0,0.0,0.0,0.0,1.0
334909,0,1,3400,-63,63,-612,18,22,0.50,25657.371094,0,27,2.0,0.0,0.0,0.0,0.0,0.0,0.0,1.0
335158,0,1,3400,-63,63,-609,17,22,0.50,5376.000000,0,27,2.0,186,0.0,0.0,0.0,0.0,0.0,1.0
335407,0,1,3400,-63,63,-604,5.4,22,0.50,10592.000000,0,27,10,0.0,22720.000000,0,0.0,0.0,0.0,1.0
335656,0,1,3400,-63,63,-605,16,22,0.50,15394.421875,0,27,10,0.0,5641.434082,0,0.0,0.0,0.0,1.0
335905,0,1,3400,-63,63,-610,6.1,22,0.50,16704.000000,0,27,8.0,0.0,0.0,0.0,0.0,0.0,0.0,1.0
336154,0,1,3400,-63,63,-607,1.3,22,0.50,5768.924316,0,27,9.0,0.0,113529.882812,29,0.0,0.0,0.0,1.0
336403,0,1,3400,-63,63,-604,8.6,22,0.50,15456.000000,0,27,14,0.0,0.0,0.0,0.0,0.0,0.0,1.0
336652,0,1,3400,-63,63,-603,18,22,0.50,5131.474121,0,27,14,0.0,0.0,0.0,0.0,0.0,0.0,1.0
336901,0,1,3400,-63,63,-606,18,22,0.50,0.0,0.0,27,14,0.0,0.0,0.0,0.0,0.0,0.0,1.0
337150,0,1,3400,-63,63,-607,17,22,0.50,20768.000000,0,27,11,0.0,19136.000000,0,0.0,0.0,0.0,1.0
337399,0,1,3400,-63,63,-611,16,22,0.50,15394.421875,0,27,9.5,0.0,0.0,0.0,0.0,0.0,0.0,1.0
337648,0,1,3400,-63,63,-610,18,22,0.50,0.0,0.0,27,9.5,0.0,0.0,0.0,0.0,0.0,0.0,1.0
337897,0,1,3400,-63,63,-608,17,22,0.50,5418.326660,0,27,9.5,0.0,0.0,0.0,0.0,0.0,0.0,1.0
338146,0,1,3400,-63,63,-613,4.3,22,0.50,10549.800781,0,27,9.0,0.0,89083.664062,9,0.0,0.0,0.0,1.0
338395,0,1,3400,-63,63,-611,13,22,0.51,15456.000000,0,27,9.0,0.0,0.0,0.0,0.0,0.0,0.0,1.0
338644,0,1,3400,-63,63,-614,18,22,0.50,10262.948242,0,27,9.0,0.0,0.0,0.0,0.0,0.0,0.0,1.0
338893,0,1,3400,-63,63,-616,17,22,0.50,5408.000000,0,27,9.0,0.0,0.0,0.0,0.0,0.0,0.0,1.0
339142,0,1,3400,-63,63,-615,16,22,0.50,0.0,0.0,27,9.0,0.0,0.0,0.0,0.0,0.0,0.0,1.0
339391,0,1,3400,-63,63,-613,15,22,0.69,15616.000000,0,27,3.2,0.0,14592.000000,0,0.0,0.0,0.0,1.0
339640,0,1,3400,-63,63,-608,12,22,0.67,31681.275391,0,27,0.036,0.0,0.0,0.0,0.0,0.0,0.0,1.0
339889,0,1,3400,-63,63,-609,11,22,0.50,5227.091797,0,27,0.072,0.0,0.0,0.0,0.0,0.0,0.0,1.0
340138,0,1,3400,-63,63,-611,7.7,22,0.50,10358.565430,0,27,0.81,0.0,70151.390625,10,0.0,0.0,0.0,1.0
340387,0,1,3400,-63,63,-603,11,22,0.50,5227.091797,0,27,9.0,0.0,18677.291016,33,0.0,0.0,0.0,1.0
340636,0,1,3400,-63,63,-603,14,22,0.50,10304.000000,0,27,9.0,0.0,0.0,0.0,0.0,0.0,0.0,1.0
340885,0,1,3400,-63,63,-601,15,22,0.50,15394.421875,0,27,9.0,0.0,0.0,0.0,0.0,0.0,0.0,1.0
341134,0,1,3400,-63,63,-602,15,22,0.50,5131.474121,0,27,3.7,0.0,20557.769531,0,0.0,0.0,0.0,1.0
341383,0,1,3400,-63,63,-603,17,22,0.50,15456.000000,0,27,0.0,0.0,0.0,0.0,0.0,0.0,0.0,1.0
341632,0,1,3400,-63,63,-603,18,22,0.50,15394.421875,0,27,0.036,0.0,0.0,0.0,0.0,0.0,0.0,1.0
341881,0,1,3400,-63,63,-602,18,22,0.50,25920.000000,0,27,0.0,0.0,896,0,0.0,0.0,0.0,1.0
342130,0,1,3400,-63,63,-602,18,22,0.50,20608.000000,0,27,5.1,0.0,71072.000000,12,0.0,0.0,0.0,1.0
342379,0,1,3400,-63,63,-598,17,22,0.60,26528.000000,0,27,7.0,0.0,0.0,0.0,0.0,0.0,0.0,1.0
342628,0,1,3400,-63,63,-598,12,22,0.50,10262.948242,0,27,7.0,0.0,0.0,0.0,0.0,0.0,0.0,1.0
342877,0,1,3400,-63,63,-595,18,22,0.50,5131.474121,0,27,7.0,0.0,0.0,0.0,0.0,0.0,0.0,1.0
343126,0,1,3400,-63,63,-595,16,22,0.50,15712.000000,0,27,1.9,0.0,20384.000000,0,0.0,0.0,0.0,1.0
343375,0,1,3400,-63,63,-603,6.4,23,0.50,16828.685547,0,27,0.0,0.0,0.0,0.0,0.0,0.0,0.0,1.0
343624,0,1,3400,-63,63,-604,8.9,23,0.60,15456.000000,0,27,0.072,0.0,1568.000000,0,0.0,0.0,0.0,1.0
343873,0,1,3400,-63,63,-602,18,22,0.51,26071.712891,0,27,0.036,186,0.0,0.0,0.0,0.0,0.0,1.0
344122,0,1,3400,-63,63,-604,18,22,0.50,10517.928711,0,27,0.20,0.0,20302.789062,0,0.0,0.0,0.0,1.0
344371,0,1,3400,-63,63,-608,14,23,0.50,5312.000000,0,27,0.0,0.0,0.0,0.0,0.0,0.0,0.0,1.0
344620,0,1,3400,-63,63,-614,14,22,0.50,20525.896484,0,27,0.0,0.0,1561.752930,0,0.0,0.0,0.0,1.0
344869,0,1,3400,-63,63,-616,18,22,0.50,5152.000000,0,27,0.0,0.0,0.0,0.0,0.0,0.0,0.0,1.0
345118,0,1,3400,-63,63,-613,3.5,22,0.50,28876.494141,0,27,6.5,0.0,16000.000000,0,0.0,0.0,0.0,1.0
345367,0,1,3400,-63,63,-605,14,22,0.50,10304.000000,0,27,8.5,0.0,0.0,0.0,0.0,0.0,0.0,1.0
345616,0,1,3400,-63,63,-604,16,22,0.61,36175.296875,0,27,8.5,0.0,0.0,0.0,0.0,0.0,0.0,1.0
345865,0,1,3400,-63,63,-609,14,22,0.92,10677.291016,0,27,8.5,0.0,0.0,0.0,0.0,0.0,0.0,1.0
346114,0,1,3400,-63,63,-606,16,22,0.55,5152.000000,0,27,4.9,0.0,18464.000000,0,0.0,0.0,0.0,1.0
346363,0,1,3400,-63,63,-608,16,22,0.50,20525.896484,0,27,3.5,0.0,0.0,0.0,0.0,0.0,0.0,1.0
346612,0,1,3400,-63,63,-612,16,22,0.50,0.0,0.0,27,3.5,0.0,0.0,0.0,0.0,0.0,0.0,1.0
346861,0,1,3400,-63,63,-609,16,23,0.50,5131.474121,0,27,3.5,0.0,0.0,0.0,0.0,0.0,0.0,1.0
347110,0,1,3400,-63,63,-607,17,22,0.50,10262.948242,0,27,1.7,0.0,20302.789062,0,0.0,0.0,0.0,1.0
347359,0,1,3400,-63,63,-611,13,22,0.50,10560.000000,0,27,0.072,0.0,0.0,0.0,0.0,0.0,0.0,1.0
347608,0,1,3400,-63,63,-606,12,23,0.68,10262.948242,0,27,0.0,0.0,0.0,0.0,0.0,0.0,0.0,1.0
347857,0,1,3400,-63,63,-599,12,23,0.50,5152.000000,0,27,0.0,0.0,0.0,0.0,0.0,0.0,0.0,1.0
348106,0,1,3400,-63,63,-597,14,22,0.61,15617.530273,0,27,0.14,0.0,20557.769531,0,0.0,0.0,0.0,1.0
348355,0,1,3400,-63,63,-600,18,22,0.50,10304.000000,0,27,0.036,0.0,0.0,0.0,0.0,0.0,0.0,1.0
348604,0,1,3400,-63,63,-597,18,23,0.50,5152.000000,0,27,0.0,0.0,0.0,0.0,0.0,0.0,0.0,1.0
348853,0,1,3400,-63,63,-599,16,22,0.50,5545.816895,0,27,0.0,0.0,0.0,0.0,0.0,0.0,0.0,1.0
349102,0,1,3400,-63,63,-604,6.2,23,0.50,11328.000000,0,27,0.20,0.0,20384.000000,0,0.0,0.0,0.0,1.0
349351,0,1,3400,-63,63,-601,0.0,23,0.50,12302.789062,0,27,0.0,0.0,0.0,0.0,0.0,0.0,0.0,1.0
349600,0,1,3400,-63,63,-597,12,23,0.65,10304.000000,0,27,0.0,0.0,0.0,0.0,0.0,0.0,0.0,1.0
349849,0,1,3400,-63,63,-599,16,23,0.61,15713.147461,0,27,0.0,0.0,0.0,0.0,0.0,0.0,0.0,1.0
350098,0,1,3400,-63,63,-601,18,22,0.75,20525.896484,0,27,0.16,0.0,18486.056641,0,0.0,0.0,0.0,1.0
350347,0,1,3400,-63,63,-599,18,23,0.72,20608.000000,0,27,0.0,0.0,0.0,0.0,0.0,0.0,0.0,1.0
350596,0,1,3400,-63,63,-600,14,23,0.50,10422.310547,0,27,0.0,0.0,0.0,0.0,0.0,0.0,0.0,1.0
350845,0,1,3400,-63,63,-601,13,23,0.50,10400.000000,0,27,0.0,0.0,0.0,0.0,0.0,0.0,0.0,1.0
351094,0,1,3400,-63,63,-602,8.7,23,0.50,5705.179199,0,27,0.0,0.0,14533.864258,0,0.0,0.0,0.0,1.0
351343,0,1,3400,-63,63,-605,10,23,0.50,5152.000000,0,27,0.0,0.0,0.0,0.0,0.0,0.0,0.0,1.0
351592,0,1,3400,-63,63,-608,11,23,0.50,5131.474121,0,27,0.0,0.0,0.0,0.0,0.0,0.0,0.0,1.0
351841,0,1,3400,-63,63,-602,13,22,0.57,26231.076172,0,27,0.0,0.0,0.0,0.0,0.0,0.0,0.0,1.0
352090,0,1,3400,-63,63,-602,13,23,0.50,10304.000000,0,27,0.0,186,0.0,0.0,0.0,0.0,0.0,1.0
352339,0,1,3400,-63,63,-614,18,23,0.50,0.0,0.0,27,0.0,0.0,14533.864258,0,0.0,0.0,0.0,1.0
352588,0,1,3400,-63,63,-612,9.2,23,1.0,11328.000000,10,27,0.0,0.0,1568.000000,0,0.0,0.0,0.0,1.0
352837,0,1,3400,-63,63,-605,14,23,0.65,25816.732422,0,27,0.0,0.0,0.0,0.0,0.0,0.0,0.0,1.0
353086,0,1,3400,-63,63,-607,18,23,0.50,5131.474121,0,27,2.4,0.0,14087.649414,0,0.0,0.0,0.0,1.0
353335,0,1,3400,-63,63,-610,18,23,0.50,5131.474121,0,27,8.5,0.0,0.0,0.0,0.0,0.0,0.0,1.0
353584,0,1,3400,-63,63,-602,18,23,0.50,10262.948242,0,27,8.5,0.0,0.0,0.0,0.0,0.0,0.0,1.0
353833,0,1,3400,-63,63,-608,17,23,0.50,10400.000000,0,27,8.5,0.0,0.0,0.0,0.0,0.0,0.0,1.0
354082,0,1,3400,-63,63,-613,9.9,23,0.50,12302.789062,0,27,9.1,0.0,22629.482422,0,0.0,0.0,0.0,1.0
354331,0,1,3400,-63,63,-606,1.2,23,0.50,15456.000000,0,27,10,0.0,0.0,0.0,0.0,0.0,0.0,1.0
354580,0,1,3400,-63,63,-608,16,23,0.50,15394.421875,0,27,10,0.0,0.0,0.0,0.0,0.0,0.0,1.0
354829,0,1,3400,-63,63,-611,18,23,0.50,5131.474121,0,27,10,0.0,0.0,0.0,0.0,0.0,0.0,1.0
355078,0,1,3400,-63,63,-610,18,23,0.50,10345.381836,0,27,9.6,0.0,22907.630859,0,0.0,0.0,0.0,1.0
355327,0,1,3400,-63,63,-612,15,22,0.50,15681.274414,0,27,0.0,0.0,0.0,0.0,0.0,0.0,0.0,1.0
355576,0,1,3400,-63,63,-616,13,23,0.50,5152.000000,0,27,0.0,0.0,0.0,0.0,0.0,0.0,0.0,1.0
355825,0,1,3400,-63,63,-624,18,23,0.63,15394.421875,0,27,0.0,0.0,0.0,0.0,0.0,0.0,0.0,1.0
356074,0,1,3400,-63,63,-621,12,23,0.50,16509.960938,0,27,2.2,0.0,69896.414062,17,0.0,0.0,0.0,1.0
356323,0,1,3400,-63,63,-614,7.4,23,0.59,10528.000000,0,27,9.0,0.0,0.0,0.0,0.0,0.0,0.0,1.0
356572,0,1,3400,-63,63,-616,13,23,0.51,20940.238281,0,27,9.0,0.0,0.0,0.0,0.0,0.0,0.0,1.0
356821,0,1,3400,-63,63,-617,17,23,0.52,25920.000000,0,27,8.9,0.0,0.0,0.0,0.0,0.0,0.0,1.0
357070,0,1,3400,-63,63,-615,18,23,0.50,5131.474121,0,27,0.92,0.0,20302.789062,0,0.0,0.0,0.0,1.0
357319,0,1,3400,-63,63,-610,18,23,0.50,10262.948242,0,27,0.0,0.0,0.0,0.0,0.0,0.0,0.0,1.0
357568,0,1,3400,-63,63,-608,17,23,0.50,36352.000000,0,27,0.0,0.0,0.0,0.0,0.0,0.0,0.0,1.0
357817,0,1,3400,-63,63,-611,8.6,23,0.50,5131.474121,0,27,0.0,0.0,0.0,0.0,0.0,0.0,0.0,1.0
358066,0,1,3400,-63,63,-607,17,23,0.50,5152.000000,0,27,0.16,0.0,20128.000000,0,0.0,0.0,0.0,1.0
358315,0,1,3400,-63,63,-603,18,23,0.50,15490.040039,0,27,0.0,0.0,0.0,0.0,0.0,0.0,0.0,1.0
358564,0,1,3400,-63,63,-604,18,22,0.50,20525.896484,0,27,0.0,0.0,0.0,0.0,0.0,0.0,0.0,1.0
358813,0,1,3400,-63,63,-615,18,23,0.50,10304.000000,0,27,0.0,0.0,0.0,0.0,0.0,0.0,0.0,1.0
359062,0,1,3400,-63,63,-616,18,22,0.54,36015.937500,0,27,0.20,0.0,20302.789062,0,0.0,0.0,0.0,1.0
359311,0,1,3400,-63,63,-612,18,23,0.60,30912.000000,0,27,0.0,0.0,0.0,0.0,0.0,0.0,0.0,1.0
359560,0,1,3400,-63,63,-611,18,23,0.50,0.0,0.0,27,0.0,0.0,0.0,0.0,0.0,0.0,0.0,1.0
359809,0,1,3400,-63,63,-605,7.6,23,0.50,15872.509766,0,27,0.0,0.0,0.0,0.0,0.0,0.0,0.0,1.0
360058,0,1,3400,-63,63,-602,7.4,23,0.54,10486.055664,0,27,0.54,0.0,8733.067383,14,0.0,0.0,0.0,1.0
360307,0,1,3400,-63,63,-601,17,23,0.72,10262.948242,0,27,9.0,0.0,66677.289062,43,0.0,0.0,0.0,1.0
360556,0,1,3400,-63,63,-602,18,23,0.89,31008.000000,0,27,8.9,0.0,0.0,0.0,0.0,0.0,0.0,1.0
360805,0,1,3400,-63,63,-602,18,23,0.52,15394.421875,0,27,9.0,0.0,0.0,0.0,0.0,0.0,0.0,1.0
361054,0,1,3400,-63,63,-601,18,23,0.50,10400.000000,0,27,9.0,186,0.0,0.0,0.0,0.0,0.0,1.0
361303,0,1,3400,-63,63,-607,18,23,0.50,0.0,0.0,27,7.1,0.0,14342.629883,0,0.0,0.0,0.0,1.0
361552,0,1,3400,-63,63,-611,12,23,0.50,21984.000000,0,27,7.0,0.0,0.0,0.0,0.0,0.0,0.0,1.0
361801,0,1,3400,-63,63,-611,13,23,0.50,21728.000000,0,27,7.0,0.0,0.0,0.0,0.0,0.0,0.0,1.0
362050,0,1,3400,-63,63,-605,14,23,0.50,10358.565430,0,27,4.8,0.0,21131.474609,0,0.0,0.0,0.0,1.0
362299,0,1,3400,-63,63,-602,5.5,23,0.50,5248.000000,0,27,2.0,0.0,0.0,0.0,0.0,0.0,0.0,1.0
362548,0,1,3400,-63,63,-603,16,23,0.56,36207.171875,0,27,2.0,0.0,0.0,0.0,0.0,0.0,0.0,1.0
362797,0,1,3400,-63,63,-601,9.5,23,0.50,5408.000000,0,27,2.0,0.0,0.0,0.0,0.0,0.0,0.0,1.0
363046,0,1,3400,-63,63,-601,5.5,23,0.50,16350.597656,0,27,0.62,0.0,13386.454102,0,0.0,0.0,0.0,1.0
363295,0,1,3400,-63,63,-600,13,23,0.50,20621.513672,0,27,0.0,0.0,0.0,0.0,0.0,0.0,0.0,1.0
363544,0,1,3400,-63,63,-599,13,23,0.50,10720.000000,0,27,0.0080,0.0,0.0,0.0,0.0,0.0,0.0,1.0
363793,0,1,3400,-63,63,-603,13,23,0.50,5131.474121,0,27,0.0,0.0,0.0,0.0,0.0,0.0,0.0,1.0
364042,0,1,3400,-63,63,-606,16,23,0.50,5152.000000,0,27,0.14,0.0,16576.000000,0,0.0,0.0,0.0,1.0
364291,0,1,3400,-63,63,-601,18,23,0.50,5131.474121,0,27,0.0,0.0,0.0,0.0,0.0,0.0,0.0,1.0
364540,0,1,3400,-63,63,-603,18,23,0.50,5131.474121,0,27,0.0,0.0,0.0,0.0,0.0,0.0,0.0,1.0
364789,0,1,3400,-63,63,-605,16,23,0.50,20704.000000,0,27,0.0080,0.0,0.0,0.0,0.0,0.0,0.0,1.0
365038,0,1,3400,-63,63,-603,14,23,0.50,0.0,0.0,27,0.0,0.0,0.0,0.0,0.0,0.0,0.0,1.0
365287,0,1,3400,-63,63,-597,15,23,0.51,15616.000000,0,27,0.16,0.0,20128.000000,0,0.0,0.0,0.0,1.0
365536,0,1,3400,-63,63,-602,11,23,0.62,17434.263672,0,27,0.0,0.0,0.0,0.0,0.0,0.0,0.0,1.0
365785,0,1,3400,-63,63,-604,6.4,23,0.58,16576.000000,0,27,0.0080,0.0,0.0,0.0,0.0,0.0,0.0,1.0
366034,0,1,3400,-63,63,-605,17,23,0.50,5131.474121,0,27,0.12,0.0,19665.337891,0,0.0,0.0,0.0,1.0
366283,0,1,3400,-63,63,-606,16,23,0.50,5386.454102,0,27,0.0,0.0,0.0,0.0,0.0,0.0,0.0,1.0
366532,0,1,3400,-63,63,-604,15,23,0.50,5131.474121,0,27,0.0080,0.0,0.0,0.0,0.0,0.0,0.0,1.0
366781,0,1,3400,-63,63,-604,16,23,0.50,5131.474121,0,27,0.0,0.0,0.0,0.0,0.0,0.0,0.0,1.0
367030,0,1,3400,-63,63,-608,18,23,0.50,15456.000000,0,27,1.5,0.0,29536.000000,0,0.0,0.0,0.0,1.0
367279,0,1,3400,-63,63,-610,18,23,0.50,0.0,0.0,27,3.0,0.0,0.0,0.0,0.0,0.0,0.0,1.0
367528,0,1,3400,-63,63,-609,18,23,0.50,20525.896484,0,27,3.0,0.0,0.0,0.0,0.0,0.0,0.0,1.0
367777,0,1,3400,-63,63,-608,18,23,0.50,10304.000000,0,27,3.0,0.0,0.0,0.0,0.0,0.0,0.0,1.0
368026,0,1,3400,-63,63,-613,18,23,0.62,5152.000000,0,27,2.8,0.0,28160.000000,0,0.0,0.0,0.0,1.0
368275,0,1,3400,-63,63,-613,18,23,0.74,15456.000000,0,27,2.0,0.0,0.0,0.0,0.0,0.0,0.0,1.0
368524,0,1,3400,-63,63,-614,16,23,0.61,10358.565430,0,27,2.0,0.0,0.0,0.0,0.0,0.0,0.0,1.0
368773,0,1,3400,-63,63,-611,8.6,23,0.50,5376.000000,0,27,2.0,0.0,0.0,0.0,0.0,0.0,0.0,1.0
369022,0,1,3400,-63,63,-605,14,23,0.50,10358.565430,0,27,0.61,0.0,13386.454102,0,0.0,0.0,0.0,1.0
369271,0,1,3400,-63,63,-603,16,23,0.50,15553.785156,0,27,0.0,0.0,0.0,0.0,0.0,0.0,0.0,1.0
369520,0,1,3400,-63,63,-605,13,23,0.91,21184.000000,0,27,0.016,0.0,0.0,0.0,0.0,0.0,0.0,1.0
369769,0,1,3400,-63,63,-607,11,23,1.1,10262.948242,0,27,0.0,0.0,0.0,0.0,0.0,0.0,0.0,1.0
370018,0,1,3400,-63,63,-601,14,23,0.50,6176.000000,0,27,0.0,186,0.0,0.0,0.0,0.0,0.0,1.0
370267,0,1,3400,-63,63,-595,0.96,23,0.50,5227.091797,0,27,11,0.0,79553.781250,32,0.0,0.0,0.0,1.0
370516,0,1,3400,-63,63,-600,2.5,23,0.50,0.0,0.0,27,12,0.0,0.0,0.0,0.0,0.0,0.0,1.0
370765,0,1,3400,-63,63,-603,6.9,23,0.50,5152.000000,0,27,12,0.0,0.0,0.0,0.0,0.0,0.0,1.0
371014,0,1,3400,-63,63,-604,14,23,0.67,10517.928711,0,27,5.2,0.0,18996.015625,0,0.0,0.0,0.0,1.0
371263,0,1,3400,-63,63,-605,18,23,0.60,15456.000000,0,27,0.0080,0.0,0.0,0.0,0.0,0.0,0.0,1.0
371512,0,1,3400,-63,63,-606,18,23,0.56,5131.474121,0,27,0.0,0.0,0.0,0.0,0.0,0.0,0.0,1.0
371761,0,1,3400,-63,63,-599,18,23,0.68,10304.000000,0,27,0.0,0.0,0.0,0.0,0.0,0.0,0.0,1.0
372010,0,1,3400,-63,63,-600,16,23,0.50,15394.421875,0,27,0.016,0.0,11569.720703,0,0.0,0.0,0.0,1.0
372259,0,1,3400,-63,63,-599,16,23,0.51,20525.896484,0,27,0.0,0.0,0.0,0.0,0.0,0.0,0.0,1.0
372508,0,1,3400,-63,63,-597,12,23,0.51,20768.000000,0,27,0.0,0.0,0.0,0.0,0.0,0.0,0.0,1.0
372757,0,1,3400,-63,63,-596,14,23,0.50,5131.474121,0,27,0.0,0.0,0.0,0.0,0.0,0.0,0.0,1.0
373006,0,1,3400,-63,63,-601,5.7,23,0.50,5354.581543,0,27,5.0,0.0,69960.156250,9,0.0,0.0,0.0,1.0
373255,0,1,3400,-63,63,-602,8.2,23,0.50,15394.421875,0,27,7.0,0.0,0.0,0.0,0.0,0.0,0.0,1.0
373504,0,1,3400,-63,63,-605,18,22,0.50,15649.402344,0,27,7.0,0.0,0.0,0.0,0.0,0.0,0.0,1.0
373753,0,1,3400,-63,63,-613,17,23,0.50,10304.000000,0,27,6.9,0.0,0.0,0.0,0.0,0.0,0.0,1.0
374002,0,1,3400,-63,63,-607,18,23,0.58,10262.948242,0,27,6.3,0.0,14055.777344,0,0.0,0.0,0.0,1.0
374251,0,1,3400,-63,63,-598,11,23,0.67,17440.000000,0,27,0.0,0.0,0.0,0.0,0.0,0.0,0.0,1.0
374500,0,1,3400,-63,63,-597,12,23,0.50,21376.000000,0,27,0.0,0.0,1568.000000,0,0.0,0.0,0.0,1.0
374749,0,1,3400,-63,63,-598,9.3,23,0.50,5280.000000,0,27,0.0,0.0,0.0,0.0,0.0,0.0,0.0,1.0
374998,0,1,3400,-63,63,-597,13,23,0.64,15394.421875,0,27,4.8,0.0,16509.960938,20,0.0,0.0,0.0,1.0
375247,0,1,3400,-63,63,-602,16,23,0.53,20685.259766,0,27,8.0,0.0,0.0,0.0,0.0,0.0,0.0,1.0
375496,0,1,3400,-63,63,-612,18,23,0.50,15456.000000,0,27,8.0,0.0,0.0,0.0,0.0,0.0,0.0,1.0
375745,0,1,3400,-63,63,-608,5.0,23,0.50,22725.099609,0,27,8.0,0.0,0.0,0.0,0.0,0.0,0.0,1.0
375994,0,1,3400,-63,63,-605,5.7,23,0.50,5312.000000,0,27,7.2,0.0,20640.000000,0,0.0,0.0,0.0,1.0
376243,0,1,3400,-63,63,-608,10,23,0.50,16000.000000,0,27,0.0,0.0,0.0,0.0,0.0,0.0,0.0,1.0
376492,0,1,3400,-63,63,-602,13,23,0.50,15394.421875,0,27,0.0,0.0,1561.752930,0,0.0,0.0,0.0,1.0
376741,0,1,3400,-63,63,-599,18,23,0.50,20608.000000,0,27,0.0,0.0,0.0,0.0,0.0,0.0,0.0,1.0
376990,0,1,3400,-63,63,-602,17,23,0.50,15649.402344,0,27,0.18,0.0,16223.107422,0,0.0,0.0,0.0,1.0
377239,0,1,3400,-63,63,-600,9.3,23,0.50,18176.000000,0,27,0.0,0.0,0.0,0.0,0.0,0.0,0.0,1.0
377488,0,1,3400,-63,63,-600,8.2,23,0.50,20621.513672,0,27,0.0,0.0,0.0,0.0,0.0,0.0,0.0,1.0
377737,0,1,3400,-63,63,-605,7.1,23,0.50,11008.000000,0,27,0.0,0.0,0.0,0.0,0.0,0.0,0.0,1.0
377986,0,1,3400,-63,63,-603,11,23,0.50,20844.621094,0,27,7.2,0.0,16254.980469,0,0.0,0.0,0.0,1.0
378235,0,1,3400,-63,63,-600,15,23,0.50,5131.474121,0,27,9.5,0.0,0.0,0.0,0.0,0.0,0.0,1.0
378484,0,1,3400,-63,63,-596,16,23,0.50,0.0,0.0,27,9.5,0.0,0.0,0.0,0.0,0.0,0.0,1.0
378733,0,1,3400,-63,63,-601,16,23,0.50,5131.474121,0,27,9.5,0.0,0.0,0.0,0.0,0.0,0.0,1.0
378982,0,1,3400,-63,63,-603,13,23,0.50,10688.000000,0,27,6.5,0.0,50208.000000,0,0.0,0.0,0.0,1.0
379231,0,1,3400,-63,63,-602,6.9,23,0.50,5513.944336,0,27,6.0,0.0,0.0,0.0,0.0,0.0,0.0,1.0
379480,0,1,3400,-63,63,-599,15,23,0.50,20608.000000,0,27,6.0,0.0,0.0,0.0,0.0,0.0,0.0,1.0
379729,0,1,3400,-63,63,-600,18,23,0.50,10222.222656,0,27,6.0,0.0,0.0,0.0,0.0,0.0,0.0,1.0
379978,0,1,3400,-63,63,-600,17,23,0.50,25816.732422,0,27,8.7,0.0,16254.980469,0,0.0,0.0,0.0,1.0
380227,0,1,3400,-63,63,-599,18,23,0.70,10304.000000,0,27,9.5,0.0,0.0,0.0,0.0,0.0,0.0,1.0
380476,0,1,3400,-63,63,-604,18,23,0.52,10262.948242,0,27,9.5,0.0,0.0,0.0,0.0,0.0,0.0,1.0
380725,0,1,3400,-63,63,-603,18,23,0.65,20608.000000,0,27,9.5,0.0,0.0,0.0,0.0,0.0,0.0,1.0
380974,0,1,3400,-63,63,-610,18,23,0.75,0.0,0.0,27,9.5,0.0,0.0,0.0,0.0,0.0,0.0,1.0
381223,0,1,3400,-63,63,-618,17,23,0.72,10496.000000,0,27,9.5,186,0.0,0.0,0.0,0.0,0.0,1.0
381472,0,1,3400,-63,63,-613,6.3,23,0.50,15648.000000,0,27,0.14,0.0,19712.000000,4,0.0,0.0,0.0,1.0
381721,0,1,3400,-63,63,-606,14,23,0.50,20685.259766,0,27,0.0,0.0,0.0,0.0,0.0,0.0,0.0,1.0
381970,0,1,3400,-63,63,-604,18,22,0.50,20608.000000,0,27,9.3,0.0,51136.000000,56,0.0,0.0,0.0,1.0
382219,0,1,3400,-63,63,-603,17,23,0.50,15649.402344,0,27,10,0.0,0.0,0.0,0.0,0.0,0.0,1.0
382468,0,1,3400,-63,63,-603,8.1,23,0.50,20992.000000,0,27,10,0.0,0.0,0.0,0.0,0.0,0.0,1.0
382717,0,1,3400,-63,63,-602,12,23,0.50,10517.928711,0,27,10,0.0,0.0,0.0,0.0,0.0,0.0,1.0
382966,0,1,3400,-63,63,-601,5.3,23,0.50,10836.653320,0,27,9.0,0.0,79490.039062,9,0.0,0.0,0.0,1.0
383215,0,1,3400,-63,63,-600,2.0,23,0.50,0.0,0.0,27,9.0,0.0,0.0,0.0,0.0,0.0,0.0,1.0
383464,0,1,3400,-63,63,-598,6.3,23,0.50,15776.892578,0,27,9.0,0.0,0.0,0.0,0.0,0.0,0.0,1.0
383713,0,1,3400,-63,63,-603,15,23,0.50,25984.000000,0,27,9.0,0.0,0.0,0.0,0.0,0.0,0.0,1.0
383962,0,1,3400,-63,63,-601,18,23,0.50,10262.948242,0,27,8.3,0.0,16509.960938,0,0.0,0.0,0.0,1.0
384211,0,1,3400,-63,63,-605,16,23,0.50,26677.291016,0,27,8.0,0.0,0.0,0.0,0.0,0.0,0.0,1.0
384460,0,1,3400,-63,63,-614,18,23,0.55,20608.000000,0,27,7.8,0.0,1568.000000,0,0.0,0.0,0.0,1.0
384709,0,1,3400,-63,63,-615,18,23,0.50,5131.474121,0,27,4.5,0.0,0.0,0.0,0.0,0.0,0.0,1.0
384958,0,1,3400,-63,63,-607,18,23,0.51,5152.000000,0,27,4.5,186,0.0,0.0,0.0,0.0,0.0,1.0
385207,0,1,3400,-63,63,-609,18,23,0.75,0.0,0.0,27,8.4,0.0,14087.649414,20,0.0,0.0,0.0,1.0
385456,0,1,3400,-63,63,-609,9.2,23,0.55,26144.000000,0,27,8.5,0.0,0.0,0.0,0.0,0.0,0.0,1.0
385705,0,1,3400,-63,63,-607,13,23,0.50,5227.091797,0,27,8.5,0.0,0.0,0.0,0.0,0.0,0.0,1.0
385954,0,1,3400,-63,63,-609,14,23,0.50,10262.948242,0,27,2.4,0.0,19474.103516,0,0.0,0.0,0.0,1.0
386203,0,1,3400,-63,63,-612,14,23,0.50,10262.948242,0,27,0.0,0.0,0.0,0.0,0.0,0.0,0.0,1.0
386452,0,1,3400,-63,63,-609,14,23,0.50,10262.948242,0,27,0.0,0.0,0.0,0.0,0.0,0.0,0.0,1.0
386701,0,1,3400,-63,63,-613,15,23,0.50,10304.000000,0,27,0.0,0.0,0.0,0.0,0.0,0.0,0.0,1.0
386950,0,1,3400,-63,63,-610,18,23,0.67,10262.948242,0,27,4.8,0.0,16509.960938,0,0.0,0.0,0.0,1.0
387199,0,1,3400,-63,63,-604,18,23,0.57,10304.000000,0,27,8.0,0.0,0.0,0.0,0.0,0.0,0.0,1.0
387448,0,1,3400,-63,63,-608,16,23,0.59,10464.000000,0,27,7.9,0.0,0.0,0.0,0.0,0.0,0.0,1.0
387697,0,1,3400,-63,63,-610,7.2,23,0.50,5227.091797,0,27,8.0,0.0,0.0,0.0,0.0,0.0,0.0,1.0
387946,0,1,3400,-63,63,-608,10,23,0.50,5152.000000,0,27,7.7,0.0,13888.000000,0,0.0,0.0,0.0,1.0
388195,0,1,3400,-63,63,-606,11,23,0.50,5258.964355,0,27,7.5,0.0,0.0,0.0,0.0,0.0,0.0,1.0
388444,0,1,3400,-63,63,-609,6.5,23,0.50,15936.254883,0,27,7.4,0.0,0.0,0.0,0.0,0.0,0.0,1.0
388693,0,1,3400,-63,63,-607,12,23,0.70,10304.000000,0,27,7.5,0.0,0.0,0.0,0.0,0.0,0.0,1.0
388942,0,1,3400,-63,63,-599,18,23,0.65,10262.948242,0,27,4.3,0.0,28047.808594,0,0.0,0.0,0.0,1.0
389191,0,1,3400,-63,63,-598,18,23,0.51,15456.000000,0,27,2.0,0.0,0.0,0.0,0.0,0.0,0.0,1.0
389440,0,1,3400,-63,63,-606,18,23,0.59,5131.474121,0,27,2.0,0.0,0.0,0.0,0.0,0.0,0.0,1.0
389689,0,1,3400,-63,63,-599,18,23,0.75,0.0,0.0,27,2.0,0.0,0.0,0.0,0.0,0.0,0.0,1.0
389938,0,1,3400,-63,63,-598,9.9,23,0.62,10900.398438,0,27,6.2,0.0,70119.523438,17,0.0,0.0,0.0,1.0
390187,0,1,3400,-63,63,-602,4.1,23,0.50,32063.744141,0,27,9.5,0.0,0.0,0.0,0.0,0.0,0.0,1.0
390436,0,1,3400,-63,63,-600,6.7,23,0.50,24704.000000,0,27,9.5,0.0,0.0,0.0,0.0,0.0,0.0,1.0
390685,0,1,3400,-63,63,-600,0.0,23,0.50,18709.164062,0,27,9.5,0.0,0.0,0.0,0.0,0.0,0.0,1.0
390934,0,1,3400,-63,63,-603,7.6,23,0.50,5152.000000,0,27,3.0,0.0,22208.000000,9,0.0,0.0,0.0,1.0
391183,0,1,3400,-63,63,-597,5.5,23,0.50,15776.892578,0,27,0.0,0.0,0.0,0.0,0.0,0.0,0.0,1.0
391432,0,1,3400,-63,63,-596,11,23,0.50,15394.421875,0,27,0.0,0.0,1561.752930,0,0.0,0.0,0.0,1.0
391681,0,1,3400,-63,63,-595,18,23,0.50,0.0,0.0,27,0.0,0.0,0.0,0.0,0.0,0.0,0.0,1.0
391930,0,1,3400,-63,63,-600,15,23,0.50,5354.581543,0,27,3.1,0.0,14342.629883,0,0.0,0.0,0.0,1.0
392179,0,1,3400,-63,63,-604,14,23,0.50,10304.000000,0,27,7.0,0.0,0.0,0.0,0.0,0.0,0.0,1.0
392428,0,1,3400,-63,63,-602,12,23,0.50,10517.928711,0,27,7.0,0.0,0.0,0.0,0.0,0.0,0.0,1.0
392677,0,1,3400,-63,63,-600,8.0,23,0.50,0.0,0.0,27,7.0,0.0,0.0,0.0,0.0,0.0,0.0,1.0
392926,0,1,3400,-63,63,-599,15,23,0.50,15492.063477,0,27,7.8,0.0,0.0,80,0.0,0.0,0.0,1.0
393175,0,1,3400,-63,63,-603,13,23,0.50,10613.545898,0,27,8.0,0.0,0.0,0.0,0.0,0.0,0.0,1.0
393424,0,1,3400,-63,63,-606,11,23,0.50,0.0,0.0,27,8.0,0.0,0.0,0.0,0.0,0.0,0.0,1.0
393673,0,1,3400,-63,63,-604,13,23,0.50,26752.000000,0,27,8.0,0.0,0.0,0.0,0.0,0.0,0.0,1.0
393922,0,1,3400,-63,63,-608,12,23,0.50,15616.000000,0,27,11,0.0,35776.000000,57,0.0,0.0,0.0,1.0
394171,0,1,3400,-63,63,-611,11,23,0.50,10262.948242,0,27,12,0.0,0.0,0.0,0.0,0.0,0.0,1.0
394420,0,1,3400,-63,63,-609,16,23,0.50,10304.000000,0,27,12,0.0,0.0,0.0,0.0,0.0,0.0,1.0
394669,0,1,3400,-63,63,-607,18,23,0.50,0.0,0.0,27,12,0.0,0.0,0.0,0.0,0.0,0.0,1.0
394918,0,1,3400,-63,63,-604,15,23,0.50,10517.928711,0,27,7.6,0.0,23713.146484,0,0.0,0.0,0.0,1.0
395167,0,1,3400,-63,63,-606,12,23,0.50,5248.000000,0,27,2.0,0.0,0.0,0.0,0.0,0.0,0.0,1.0
395416,0,1,3400,-63,63,-599,8.3,23,0.50,5131.474121,0,27,2.0,0.0,0.0,0.0,0.0,0.0,0.0,1.0
395665,0,1,3400,-63,63,-595,12,23,0.50,10304.000000,0,27,2.0,0.0,0.0,0.0,0.0,0.0,0.0,1.0
395914,0,1,3400,-63,63,-599,18,23,0.50,10262.948242,0,27,1.4,0.0,14533.864258,0,0.0,0.0,0.0,1.0
396163,0,1,3400,-63,63,-600,18,23,0.50,15490.040039,0,27,0.0,0.0,0.0,0.0,0.0,0.0,0.0,1.0
396412,0,1,3400,-63,63,-601,17,23,0.58,31072.000000,0,27,0.0,0.0,0.0,0.0,0.0,0.0,0.0,1.0
396661,0,1,3400,-63,63,-601,18,23,0.50,0.0,0.0,27,0.0,0.0,0.0,0.0,0.0,0.0,0.0,1.0
396910,0,1,3400,-63,63,-591,9.6,23,0.50,21792.000000,0,27,6.5,0.0,79552.000000,0,0.0,0.0,0.0,1.0
397159,0,1,3400,-63,63,-594,14,22,0.50,22087.648438,0,27,9.9,0.0,0.0,80,0.0,0.0,0.0,1.0
397408,0,1,3400,-63,63,-604,16,23,0.50,36320.000000,0,27,10,0.0,0.0,0.0,0.0,0.0,0.0,1.0
397657,0,1,3400,-63,63,-605,17,23,0.50,25657.371094,0,27,10,0.0,0.0,0.0,0.0,0.0,0.0,1.0
397906,0,1,3400,-63,63,-602,18,23,0.50,5131.474121,0,27,10,186,0.0,0.0,0.0,0.0,0.0,1.0
398155,0,1,3400,-63,63,-604,18,23,0.62,10304.000000,0,27,0.54,0.0,20640.000000,0,0.0,0.0,0.0,1.0
398404,0,1,3400,-63,63,-606,17,23,0.63,26167.330078,0,27,0.0,0.0,0.0,0.0,0.0,0.0,0.0,1.0
398653,0,1,3400,-63,63,-605,18,23,0.50,20608.000000,0,27,0.0,0.0,0.0,0.0,0.0,0.0,0.0,1.0
398902,0,1,3400,-63,63,-604,17,23,0.51,15617.530273,0,27,0.11,0.0,8414.342773,0,0.0,0.0,0.0,1.0
399151,0,1,3400,-63,63,-607,13,23,0.50,10262.948242,0,27,0.0,0.0,0.0,0.0,0.0,0.0,0.0,1.0
399400,0,1,3400,-63,63,-612,18,23,0.50,10262.948242,0,27,0.0,0.0,0.0,0.0,0.0,0.0,0.0,1.0
399649,0,1,3400,-63,63,-611,18,23,0.50,30884.462891,0,27,0.0,0.0,0.0,0.0,0.0,0.0,0.0,1.0
399898,0,1,3400,-63,63,-606,18,23,0.50,10345.381836,0,27,0.21,0.0,21751.003906,0,0.0,0.0,0.0,1.0
400147,0,1,3400,-63,63,-601,18,23,0.50,5131.474121,0,27,0.0,0.0,0.0,0.0,0.0,0.0,0.0,1.0
400396,0,1,3400,-63,63,-598,15,23,0.50,10400.000000,0,27,0.0,0.0,0.0,0.0,0.0,0.0,0.0,1.0
400645,0,1,3400,-63,63,-607,18,23,0.50,10262.948242,0,27,0.0,0.0,0.0,0.0,0.0,0.0,0.0,1.0
400894,0,1,3400,-63,63,-609,18,23,0.50,0.0,0.0,27,0.0,0.0,0.0,0.0,0.0,0.0,0.0,1.0
401143,0,1,3400,-63,63,-607,15,23,0.50,15616.000000,0,27,1.1,0.0,25920.000000,0,0.0,0.0,0.0,1.0
401392,0,1,3400,-63,63,-604,18,23,0.50,10262.948242,0,27,4.5,0.0,0.0,0.0,0.0,0.0,0.0,1.0
401641,0,1,3400,-63,63,-605,5.8,23,0.50,6176.000000,0,27,4.5,0.0,0.0,0.0,0.0,0.0,0.0,1.0
401890,0,1,3400,-63,63,-605,11,23,0.50,25657.371094,0,27,1.7,0.0,16924.302734,0,0.0,0.0,0.0,1.0
402139,0,1,3400,-63,63,-606,18,23,0.50,0.0,0.0,27,0.0,0.0,0.0,0.0,0.0,0.0,0.0,1.0
402388,0,1,3400,-63,63,-607,9.8,23,0.50,5312.000000,0,27,0.0,0.0,0.0,0.0,0.0,0.0,0.0,1.0
402637,0,1,3400,-63,63,-603,8.4,23,0.50,15649.402344,0,27,0.0,0.0,0.0,0.0,0.0,0.0,0.0,1.0
402886,0,1,3400,-63,63,-601,15,23,0.50,25760.000000,0,27,0.0,0.0,19904.000000,8,0.0,0.0,0.0,1.0
403135,0,1,3400,-63,63,-599,18,23,0.50,15553.785156,0,27,0.0,0.0,0.0,0.0,0.0,0.0,0.0,1.0
403384,0,1,3400,-63,63,-604,15,23,0.50,10464.000000,0,27,0.0,0.0,0.0,0.0,0.0,0.0,0.0,1.0
403633,0,1,3400,-63,63,-606,6.4,23,0.50,10262.948242,0,27,0.0,0.0,0.0,0.0,0.0,0.0,0.0,1.0
403882,0,1,3400,-63,63,-605,9.2,23,0.50,32605.578125,0,27,0.99,0.0,16159.362305,0,0.0,0.0,0.0,1.0
404131,0,1,3400,-63,63,-604,0.0,23,0.50,6176.000000,0,27,2.0,0.0,0.0,0.0,0.0,0.0,0.0,1.0
404380,0,1,3400,-63,63,-604,4.7,23,0.50,5131.474121,0,27,2.0,0.0,0.0,0.0,0.0,0.0,0.0,1.0
404629,0,1,3400,-63,63,-598,7.1,23,0.60,10880.000000,0,27,2.0,0.0,0.0,0.0,0.0,0.0,0.0,1.0
404878,0,1,3400,-63,63,-602,6.7,23,0.50,10358.565430,0,27,4.4,0.0,43633.464844,0,0.0,0.0,0.0,1.0
405127,0,1,3400,-63,63,-610,12,23,0.65,16286.852539,0,27,5.4,0.0,0.0,0.0,0.0,0.0,0.0,1.0
405376,0,1,3400,-63,63,-610,16,23,0.51,20608.000000,0,27,5.5,0.0,0.0,0.0,0.0,0.0,0.0,1.0
405625,0,1,3400,-63,63,-611,18,23,0.50,5131.474121,0,27,5.5,0.0,0.0,0.0,0.0,0.0,0.0,1.0
405874,0,1,3400,-63,63,-611,2.8,23,0.50,17152.000000,0,27,7.3,0.0,13888.000000,0,0.0,0.0,0.0,1.0
406123,0,1,3400,-63,63,-611,3.4,23,0.50,5365.079590,0,27,7.5,0.0,0.0,0.0,0.0,0.0,0.0,1.0
406372,0,1,3400,-63,63,-612,6.5,23,0.50,0.0,0.0,27,7.5,0.0,0.0,0.0,0.0,0.0,0.0,1.0
406621,0,1,3400,-63,63,-610,10,23,0.50,15333.333008,0,27,7.5,0.0,0.0,0.0,0.0,0.0,0.0,1.0
406870,0,1,3400,-63,63,-606,18,23,0.50,15552.000000,0,27,4.4,0.0,16448.000000,0,0.0,0.0,0.0,1.0
407119,0,1,3400,-63,63,-604,18,23,0.60,5152.000000,0,27,0.0,0.0,0.0,0.0,0.0,0.0,0.0,1.0
407368,0,1,3400,-63,63,-607,18,23,0.62,10262.948242,0,27,0.0,0.0,0.0,0.0,0.0,0.0,0.0,1.0
407617,0,1,3400,-63,63,-603,18,23,0.50,10304.000000,0,27,0.0,0.0,0.0,0.0,0.0,0.0,0.0,1.0
407866,0,1,3400,-63,63,-602,18,23,0.50,20525.896484,0,27,0.16,0.0,20047.808594,0,0.0,0.0,0.0,1.0
408115,0,1,3400,-63,63,-608,18,22,0.50,10262.948242,0,27,0.0,0.0,0.0,0.0,0.0,0.0,0.0,1.0
408364,0,1,3400,-63,63,-605,18,23,0.56,15456.000000,0,27,0.0,0.0,0.0,0.0,0.0,0.0,0.0,1.0
408613,0,1,3400,-63,63,-599,18,23,0.58,15394.421875,0,27,0.0,0.0,0.0,0.0,0.0,0.0,0.0,1.0
408862,0,1,3400,-63,63,-599,17,22,0.65,20768.000000,0,27,0.13,0.0,15008.000000,0,0.0,0.0,0.0,1.0
409111,0,1,3400,-63,63,-598,18,22,0.50,20525.896484,0,27,0.0,0.0,0.0,0.0,0.0,0.0,0.0,1.0
409360,0,1,3400,-63,63,-596,18,23,0.50,20608.000000,0,27,0.0,0.0,0.0,0.0,0.0,0.0,0.0,1.0
409609,0,1,3400,-63,63,-598,18,22,0.58,10517.928711,0,27,0.0,0.0,0.0,0.0,0.0,0.0,0.0,1.0
409858,0,1,3400,-63,63,-598,18,23,0.50,10262.948242,0,27,2.0,0.0,8223.107422,31,0.0,0.0,0.0,1.0
410107,0,1,3400,-63,63,-592,17,23,0.50,10464.000000,0,27,2.0,0.0,0.0,0.0,0.0,0.0,0.0,1.0
410356,0,1,3400,-63,63,-589,10,23,0.50,5418.326660,0,27,2.0,0.0,0.0,0.0,0.0,0.0,0.0,1.0
410605,0,1,3400,-63,63,-592,15,23,0.50,10304.000000,0,27,2.0,0.0,0.0,0.0,0.0,0.0,0.0,1.0
410854,0,1,3400,-63,63,-599,18,22,0.50,20525.896484,0,27,0.81,0.0,13131.473633,0,0.0,0.0,0.0,1.0
411103,0,1,3400,-63,63,-599,5.9,23,0.50,22144.000000,0,27,0.0,0.0,0.0,0.0,0.0,0.0,0.0,1.0
411352,0,1,3400,-63,63,-603,14,23,0.50,10262.948242,0,27,0.0,0.0,0.0,0.0,0.0,0.0,0.0,1.0
411601,0,1,3400,-63,63,-607,18,23,0.50,5131.474121,0,27,0.0,0.0,0.0,0.0,0.0,0.0,0.0,1.0
411850,0,1,3400,-63,63,-607,18,23,0.50,5152.000000,0,27,0.16,0.0,20128.000000,0,0.0,0.0,0.0,1.0
412099,0,1,3400,-63,63,-607,18,22,0.51,30884.462891,0,27,0.0,0.0,0.0,0.0,0.0,0.0,0.0,1.0
412348,0,1,3400,-63,63,-610,18,23,0.50,0.0,0.0,27,0.0,0.0,0.0,0.0,0.0,0.0,0.0,1.0
412597,0,1,3400,-63,63,-607,14,23,0.50,15650.793945,0,27,0.0,0.0,0.0,0.0,0.0,0.0,0.0,1.0
412846,0,1,3400,-63,63,-605,17,23,0.67,30788.843750,0,27,0.0,0.0,16924.302734,0,0.0,0.0,0.0,1.0
413095,0,1,3400,-63,63,-603,18,23,0.98,5172.690918,0,27,0.0,0.0,0.0,0.0,0.0,0.0,0.0,1.0
413344,0,1,3400,-63,63,-600,18,22,0.75,0.0,0.0,27,0.0,0.0,0.0,0.0,0.0,0.0,0.0,1.0
413593,0,1,3400,-63,63,-600,18,23,0.75,15456.000000,0,27,0.0,0.0,0.0,0.0,0.0,0.0,0.0,1.0
413842,0,1,3400,-63,63,-600,18,23,0.75,5131.474121,0,27,2.1,0.0,13832.668945,0,0.0,0.0,0.0,1.0
414091,0,1,3400,-63,63,-608,18,23,0.75,0.0,0.0,27,7.5,0.0,0.0,0.0,0.0,0.0,0.0,1.0
414340,0,1,3400,-63,63,-612,18,23,0.72,5131.474121,0,27,7.5,0.0,0.0,0.0,0.0,0.0,0.0,1.0
414589,0,1,3400,-63,63,-615,18,22,0.50,20525.896484,0,27,7.4,0.0,0.0,0.0,0.0,0.0,0.0,1.0
414838,0,1,3400,-63,63,-616,18,23,0.50,10304.000000,0,27,2.3,0.0,21280.000000,9,0.0,0.0,0.0,1.0
415087,0,1,3400,-63,63,-615,18,23,0.50,10262.948242,0,27,0.0,0.0,0.0,0.0,0.0,0.0,0.0,1.0
415336,0,1,3400,-63,63,-613,18,23,0.50,10304.000000,0,27,0.0,0.0,0.0,0.0,0.0,0.0,0.0,1.0
415585,0,1,3400,-63,63,-610,18,22,0.50,10262.948242,0,27,0.0,0.0,0.0,0.0,0.0,0.0,0.0,1.0
415834,0,1,3400,-63,63,-607,18,23,0.50,15394.421875,0,27,0.20,0.0,15968.127930,0,0.0,0.0,0.0,1.0
416083,0,1,3400,-63,63,-603,18,23,0.50,15456.000000,0,27,0.0,0.0,0.0,0.0,0.0,0.0,0.0,1.0
416332,0,1,3400,-63,63,-605,18,23,0.50,5131.474121,0,27,0.0,0.0,0.0,0.0,0.0,0.0,0.0,1.0
416581,0,1,3400,-63,63,-609,11,23,0.50,26752.000000,0,27,0.0,0.0,0.0,0.0,0.0,0.0,0.0,1.0
416830,0,1,3400,-63,63,-604,17,23,0.51,20525.896484,0,27,0.16,0.0,18486.056641,0,0.0,0.0,0.0,1.0
417079,0,1,3400,-63,63,-602,18,23,0.50,5131.474121,0,27,0.0,0.0,0.0,0.0,0.0,0.0,0.0,1.0
417328,0,1,3400,-63,63,-605,16,23,0.65,15616.000000,0,27,0.0,0.0,0.0,0.0,0.0,0.0,0.0,1.0
417577,0,1,3400,-63,63,-603,18,23,0.52,15394.421875,0,27,0.0,0.0,0.0,0.0,0.0,0.0,0.0,1.0
417826,0,1,3400,-63,63,-604,18,23,0.50,5152.000000,0,27,0.17,0.0,19072.000000,0,0.0,0.0,0.0,1.0
418075,0,1,3400,-63,63,-609,17,23,0.50,15490.040039,0,27,0.0,0.0,0.0,0.0,0.0,0.0,0.0,1.0
418324,0,1,3400,-63,63,-608,18,23,0.50,5152.000000,0,27,0.0,0.0,0.0,0.0,0.0,0.0,0.0,1.0
418573,0,1,3400,-63,63,-597,18,23,0.50,5131.474121,0,27,0.0,0.0,0.0,0.0,0.0,0.0,0.0,1.0
418822,0,1,3400,-63,63,-595,18,23,0.60,5131.474121,0,27,0.61,0.0,27792.828125,0,0.0,0.0,0.0,1.0
419071,0,1,3400,-63,63,-599,18,23,0.75,5152.000000,0,27,2.0,0.0,0.0,0.0,0.0,0.0,0.0,1.0
419320,0,1,3400,-63,63,-600,19,23,1.3,21523.808594,8,27,2.0,0.0,0.0,0.0,0.0,0.0,0.0,1.0
419569,0,1,3400,-63,63,-604,16,23,0.50,5152.000000,0,27,2.0,0.0,0.0,0.0,0.0,0.0,0.0,1.0
419818,0,1,3400,-63,63,-606,18,23,0.50,10464.000000,0,27,2.0,0.0,27904.000000,0,0.0,0.0,0.0,1.0
420067,0,1,3400,-63,63,-602,18,23,0.50,0.0,0.0,27,2.0,0.0,0.0,0.0,0.0,0.0,0.0,1.0
420316,0,1,3400,-63,63,-598,18,23,0.50,5152.000000,0,27,2.0,0.0,0.0,0.0,0.0,0.0,0.0,1.0
420565,0,1,3400,-63,63,-598,13,23,0.50,5418.326660,0,27,2.0,0.0,0.0,0.0,0.0,0.0,0.0,1.0
420814,0,1,3400,-63,63,-594,5.5,23,0.51,31616.000000,7,27,9.5,0.0,54176.000000,17,0.0,0.0,0.0,1.0
421063,0,1,3400,-63,63,-594,8.2,23,0.50,10262.948242,0,27,11,0.0,0.0,0.0,0.0,0.0,0.0,1.0
421312,0,1,3400,-63,63,-597,13,22,0.57,20768.000000,17,27,11,0.0,0.0,0.0,0.0,0.0,0.0,1.0
421561,0,1,3400,-63,63,-596,18,23,0.50,15394.421875,0,27,11,0.0,0.0,0.0,0.0,0.0,0.0,1.0
421810,0,1,3400,-63,63,-598,17,23,0.50,5227.091797,0,27,7.9,0.0,11410.358398,0,0.0,0.0,0.0,1.0
422059,0,1,3400,-63,63,-603,15,23,0.50,5152.000000,0,27,0.0,0.0,0.0,0.0,0.0,0.0,0.0,1.0
422308,0,1,3400,-63,63,-605,18,23,0.50,10262.948242,0,27,0.0,0.0,0.0,0.0,0.0,0.0,0.0,1.0
422557,0,1,3400,-63,63,-606,18,23,0.50,10304.000000,0,27,0.0,0.0,0.0,0.0,0.0,0.0,0.0,1.0
422806,0,1,3400,-63,63,-605,12,23,0.76,16541.832031,0,27,0.11,0.0,14948.207031,0,0.0,0.0,0.0,1.0
423055,0,1,3400,-63,63,-604,18,23,0.98,5152.000000,0,27,0.0,0.0,0.0,0.0,0.0,0.0,0.0,1.0
423304,0,1,3400,-63,63,-605,16,23,0.59,20780.876953,0,27,0.0,0.0,0.0,0.0,0.0,0.0,0.0,1.0
423553,0,1,3400,-63,63,-598,13,23,0.64,21737.052734,0,27,0.0,0.0,0.0,0.0,0.0,0.0,0.0,1.0
423802,0,1,3400,-63,63,-599,7.7,23,0.52,16192.000000,0,27,4.9,0.0,44768.000000,24,0.0,0.0,0.0,1.0
424051,0,1,3400,-63,63,-606,11,23,0.50,10517.928711,0,27,7.0,0.0,0.0,0.0,0.0,0.0,0.0,1.0
424300,0,1,3400,-63,63,-605,11,23,0.50,21056.000000,0,27,7.0,0.0,0.0,0.0,0.0,0.0,0.0,1.0
424549,0,1,3400,-63,63,-608,18,22,0.50,20525.896484,0,27,6.9,0.0,0.0,0.0,0.0,0.0,0.0,1.0
424798,0,1,3400,-63,63,-609,16,22,0.50,21035.857422,0,27,1.8,0.0,16733.068359,0,0.0,0.0,0.0,1.0
425047,0,1,3400,-63,63,-609,17,23,0.50,15552.000000,0,27,0.0,0.0,0.0,0.0,0.0,0.0,0.0,1.0
425296,0,1,3400,-63,63,-606,6.2,23,0.50,5705.179199,0,27,0.0,0.0,0.0,0.0,0.0,0.0,0.0,1.0
425545,0,1,3400,-63,63,-604,3.4,22,0.50,22144.000000,0,27,0.0,0.0,0.0,0.0,0.0,0.0,0.0,1.0
425794,0,1,3400,-63,63,-608,9.5,23,0.50,5131.474121,0,27,5.2,0.0,59952.191406,0,0.0,0.0,0.0,1.0
426043,0,1,3400,-63,63,-610,14,23,1.2,10677.291016,17,27,7.0,0.0,0.0,0.0,0.0,0.0,0.0,1.0
426292,0,1,3400,-63,63,-608,5.6,23,0.50,10304.000000,0,27,7.0,0.0,0.0,0.0,0.0,0.0,0.0,1.0
426541,0,1,3400,-63,63,-607,17,22,0.50,5354.581543,0,27,7.0,0.0,0.0,0.0,0.0,0.0,0.0,1.0
426790,0,1,3400,-63,63,-608,17,22,0.50,15616.000000,0,27,1.7,0.0,14592.000000,0,0.0,0.0,0.0,1.0
427039,0,1,3400,-63,63,-607,18,23,0.50,5131.474121,0,27,0.0,0.0,0.0,0.0,0.0,0.0,0.0,1.0
427288,0,1,3400,-63,63,-614,18,23,0.50,5152.000000,0,27,0.0,0.0,0.0,0.0,0.0,0.0,0.0,1.0
427537,0,1,3400,-63,63,-612,18,22,0.50,10262.948242,0,27,0.0,0.0,0.0,0.0,0.0,0.0,0.0,1.0
427786,0,1,3400,-63,63,-608,15,23,0.50,20685.259766,0,27,4.7,0.0,0.0,80,0.0,0.0,0.0,1.0
428035,0,1,3400,-63,63,-608,15,23,0.59,21632.000000,0,27,6.0,0.0,0.0,0.0,0.0,0.0,0.0,1.0
428284,0,1,3400,-63,63,-608,18,23,0.50,0.0,0.0,27,6.0,0.0,0.0,0.0,0.0,0.0,0.0,1.0
428533,0,1,3400,-63,63,-609,18,23,0.50,5152.000000,0,27,6.0,0.0,0.0,0.0,0.0,0.0,0.0,1.0
428782,0,1,3400,-63,63,-606,15,22,0.79,20940.238281,0,27,1.6,0.0,14948.207031,0,0.0,0.0,0.0,1.0
429031,0,1,3400,-63,63,-604,16,22,0.50,20525.896484,0,27,0.0,0.0,0.0,0.0,0.0,0.0,0.0,1.0
429280,0,1,3400,-63,63,-603,11,22,0.50,21408.000000,0,27,0.0,0.0,1568.000000,0,0.0,0.0,0.0,1.0
429529,0,1,3400,-63,63,-600,3.9,22,0.50,11123.505859,0,27,0.0,0.0,0.0,0.0,0.0,0.0,0.0,1.0
429778,0,1,3400,-63,63,-601,5.2,23,0.50,5312.000000,0,27,3.7,0.0,16064.000000,0,0.0,0.0,0.0,1.0
430027,0,1,3400,-63,63,-598,8.0,22,0.50,20525.896484,0,27,8.5,0.0,0.0,0.0,0.0,0.0,0.0,1.0
430276,0,1,3400,-63,63,-602,5.1,23,0.50,16672.000000,0,27,8.5,0.0,0.0,0.0,0.0,0.0,0.0,1.0
430525,0,1,3400,-63,63,-609,8.4,22,0.50,20525.896484,0,27,8.5,0.0,0.0,0.0,0.0,0.0,0.0,1.0
430774,0,1,3400,-63,63,-611,18,23,0.50,5227.091797,0,27,8.5,186,0.0,0.0,0.0,0.0,0.0,1.0
431023,0,1,3400,-63,63,-615,6.4,23,0.50,5152.000000,0,27,0.36,0.0,11616.000000,0,0.0,0.0,0.0,1.0
431272,0,1,3400,-63,63,-619,17,23,0.50,15394.421875,0,27,0.0,0.0,0.0,0.0,0.0,0.0,0.0,1.0
431521,0,1,3400,-63,63,-611,18,22,0.50,15456.000000,0,27,0.0,0.0,0.0,0.0,0.0,0.0,0.0,1.0
431770,0,1,3400,-63,63,-609,18,23,0.50,10262.948242,0,27,0.13,0.0,13386.454102,0,0.0,0.0,0.0,1.0
432019,0,1,3400,-63,63,-603,18,22,0.50,5227.091797,0,27,0.0,0.0,0.0,0.0,0.0,0.0,0.0,1.0
432268,0,1,3400,-63,63,-604,9.8,22,0.50,27155.378906,0,27,0.0,0.0,0.0,0.0,0.0,0.0,0.0,1.0
432518,0,1,3400,-63,63,-603,9.2,22,0.50,10528.000000,0,27,0.0,0.0,0.0,0.0,0.0,0.0,0.0,1.0
432767,0,1,3400,-63,63,-603,13,23,0.50,0.0,0.0,27,0.0,0.0,0.0,0.0,0.0,0.0,0.0,1.0
433016,0,1,3400,-63,63,-607,15,23,0.50,15649.402344,0,27,0.20,0.0,20302.789062,0,0.0,0.0,0.0,1.0
433265,0,1,3400,-63,63,-607,15,22,0.50,10304.000000,0,27,0.0,0.0,0.0,0.0,0.0,0.0,0.0,1.0
433514,0,1,3400,-63,63,-607,15,22,0.50,0.0,0.0,27,0.0,0.0,0.0,0.0,0.0,0.0,0.0,1.0
433763,0,1,3400,-63,63,-607,16,23,0.50,5131.474121,0,27,0.33,0.0,23713.146484,0,0.0,0.0,0.0,1.0
434012,0,1,3400,-63,63,-601,18,23,0.50,5152.000000,0,27,2.0,0.0,0.0,0.0,0.0,0.0,0.0,1.0
434261,0,1,3400,-63,63,-599,14,22,0.50,10549.800781,0,27,2.0,0.0,0.0,0.0,0.0,0.0,0.0,1.0
434510,0,1,3400,-63,63,-605,10.0,22,0.51,26880.000000,0,27,2.0,0.0,0.0,0.0,0.0,0.0,0.0,1.0
434759,0,1,3400,-63,63,-607,11,22,0.50,5131.474121,0,27,2.0,186,0.0,0.0,0.0,0.0,0.0,1.0
435008,0,1,3400,-63,63,-601,18,22,0.50,15394.421875,0,27,0.33,0.0,20557.769531,9,0.0,0.0,0.0,1.0
435257,0,1,3400,-63,63,-599,18,22,0.62,15456.000000,0,27,0.0,0.0,0.0,0.0,0.0,0.0,0.0,1.0
435506,0,1,3400,-63,63,-600,18,22,0.50,25657.371094,0,27,0.0,0.0,0.0,0.0,0.0,0.0,0.0,1.0
435755,0,1,3400,-63,63,-603,18,22,0.50,5152.000000,0,27,1.2,0.0,25312.000000,0,0.0,0.0,0.0,1.0
436004,0,1,3400,-63,63,-606,13,22,0.57,15776.892578,0,27,2.0,0.0,0.0,0.0,0.0,0.0,0.0,1.0
436253,0,1,3400,-63,63,-604,18,22,0.75,15616.000000,0,27,2.0,0.0,0.0,0.0,0.0,0.0,0.0,1.0
436502,0,1,3400,-63,63,-602,16,22,0.75,0.0,0.0,27,2.0,0.0,0.0,0.0,0.0,0.0,0.0,1.0
436751,0,1,3400,-63,63,-598,13,22,0.55,15808.764648,0,27,6.6,0.0,51187.250000,25,0.0,0.0,0.0,1.0
437000,0,1,3400,-63,63,-602,12,22,0.50,0.0,0.0,27,10,0.0,0.0,0.0,0.0,0.0,0.0,1.0
437249,0,1,3400,-63,63,-604,11,22,0.50,15394.421875,0,27,10,0.0,0.0,0.0,0.0,0.0,0.0,1.0
437498,0,1,3400,-63,63,-596,3.8,22,0.50,23360.000000,0,27,10,0.0,0.0,0.0,0.0,0.0,0.0,1.0
437747,0,1,3400,-63,63,-596,4.0,22,0.50,0.0,0.0,27,10,0.0,0.0,0.0,0.0,0.0,0.0,1.0
437996,0,1,3400,-63,63,-591,8.2,22,0.50,21450.199219,0,27,4.9,0.0,28334.662109,9,0.0,0.0,0.0,1.0
438245,0,1,3400,-63,63,-593,8.1,22,0.50,10592.000000,0,27,1.0,0.0,0.0,0.0,0.0,0.0,0.0,1.0
438494,0,1,3400,-63,63,-598,11,22,0.50,0.0,0.0,27,0.99,0.0,0.0,0.0,0.0,0.0,0.0,1.0
438743,0,1,3400,-63,63,-600,14,23,0.60,10304.000000,0,27,1.4,0.0,28928.000000,0,0.0,0.0,0.0,1.0
438992,0,1,3400,-63,63,-597,10,22,0.53,15681.274414,0,27,2.0,0.0,0.0,0.0,0.0,0.0,0.0,1.0
439241,0,1,3400,-63,63,-597,11,22,0.50,5312.000000,0,27,2.0,0.0,0.0,0.0,0.0,0.0,0.0,1.0
439490,0,1,3400,-63,63,-595,14,22,0.50,5131.474121,0,27,2.0,0.0,0.0,0.0,0.0,0.0,0.0,1.0
439739,0,1,3400,-63,63,-603,8.3,22,0.50,10549.800781,0,27,0.16,0.0,14533.864258,0,0.0,0.0,0.0,1.0
439988,0,1,3400,-63,63,-603,17,23,0.50,5152.000000,0,27,0.0,0.0,0.0,0.0,0.0,0.0,0.0,1.0
440237,0,1,3400,-63,63,-604,16,22,0.50,20780.876953,0,27,0.0,0.0,0.0,0.0,0.0,0.0,0.0,1.0
440486,0,1,3400,-63,63,-607,15,22,0.50,10304.000000,0,27,0.0,0.0,0.0,0.0,0.0,0.0,0.0,1.0
440735,0,1,3400,-63,63,-605,15,22,0.50,26231.076172,0,27,0.14,0.0,20557.769531,0,0.0,0.0,0.0,1.0
440984,0,1,3400,-63,63,-602,14,22,0.50,0.0,0.0,27,0.0,0.0,0.0,0.0,0.0,0.0,0.0,1.0
441233,0,1,3400,-63,63,-601,16,22,0.50,10358.565430,0,27,0.0,0.0,0.0,0.0,0.0,0.0,0.0,1.0
441482,0,1,3400,-63,63,-602,16,22,0.50,10422.310547,0,27,0.0,0.0,0.0,0.0,0.0,0.0,0.0,1.0
441731,0,1,3400,-63,63,-603,18,22,0.50,20608.000000,0,27,0.0,0.0,12288.000000,0,0.0,0.0,0.0,1.0
441980,0,1,3400,-63,63,-604,13,22,0.50,5418.326660,0,27,0.0,0.0,0.0,0.0,0.0,0.0,0.0,1.0
442229,0,1,3400,-63,63,-604,11,22,0.50,5152.000000,0,27,0.0,0.0,0.0,0.0,0.0,0.0,0.0,1.0
442478,0,1,3400,-63,63,-606,17,22,0.50,10262.948242,0,27,0.0,0.0,0.0,0.0,0.0,0.0,0.0,1.0
442727,0,1,3400,-63,63,-608,15,22,0.50,20621.513672,0,27,5.0,0.0,51824.703125,23,0.0,0.0,0.0,1.0
442976,0,1,3400,-63,63,-612,12,22,0.50,15808.000000,0,27,7.0,0.0,0.0,0.0,0.0,0.0,0.0,1.0
443225,0,1,3400,-63,63,-605,10,22,0.50,46183.265625,0,27,7.0,0.0,0.0,0.0,0.0,0.0,0.0,1.0
443474,0,1,3400,-63,63,-604,16,22,0.66,21056.000000,0,27,7.0,0.0,0.0,0.0,0.0,0.0,0.0,1.0
443723,0,1,3400,-63,63,-608,13,22,0.56,5131.474121,0,27,4.0,0.0,28047.808594,0,0.0,0.0,0.0,1.0
443972,0,1,3400,-63,63,-604,16,22,0.50,25760.000000,0,27,2.0,0.0,0.0,0.0,0.0,0.0,0.0,1.0
444221,0,1,3400,-63,63,-607,18,22,0.50,5131.474121,0,27,2.0,0.0,0.0,0.0,0.0,0.0,0.0,1.0
444470,0,1,3400,-63,63,-608,16,22,0.62,15585.657227,0,27,2.0,0.0,0.0,0.0,0.0,0.0,0.0,1.0
444719,0,1,3400,-63,63,-613,15,22,0.58,15616.000000,0,27,0.61,0.0,18560.000000,0,0.0,0.0,0.0,1.0
444968,0,1,3400,-63,63,-612,18,22,0.50,15394.421875,0,27,0.0,0.0,0.0,0.0,0.0,0.0,0.0,1.0
445217,0,1,3400,-63,63,-607,15,22,0.50,15552.000000,0,27,0.0,0.0,0.0,0.0,0.0,0.0,0.0,1.0
445466,0,1,3400,-63,63,-606,16,22,0.58,20525.896484,0,27,0.0,0.0,0.0,0.0,0.0,0.0,0.0,1.0
445715,0,1,3400,-63,63,-602,18,22,0.58,36015.937500,0,27,0.0,0.0,7266.932129,0,0.0,0.0,0.0,1.0
445964,0,1,3400,-63,63,-600,6.9,22,0.50,10592.000000,0,27,0.0,0.0,0.0,0.0,0.0,0.0,0.0,1.0
446213,0,1,3400,-63,63,-596,6.3,22,0.50,5418.326660,0,27,1.2,0.0,11888.446289,0,0.0,0.0,0.0,1.0
446462,0,1,3400,-63,63,-599,9.4,22,0.50,21856.000000,0,27,6.0,0.0,0.0,0.0,0.0,0.0,0.0,1.0
446711,0,1,3400,-63,63,-601,15,22,0.50,15649.402344,0,27,12,0.0,0.0,80,0.0,0.0,0.0,1.0
446960,0,1,3400,-63,63,-608,17,22,0.50,15456.000000,0,27,12,0.0,0.0,0.0,0.0,0.0,0.0,1.0
447209,0,1,3400,-63,63,-608,18,22,0.50,10262.948242,0,27,12,0.0,1561.752930,0,0.0,0.0,0.0,1.0
447458,0,1,3400,-63,63,-604,18,22,0.50,10262.948242,0,27,6.0,0.0,0.0,0.0,0.0,0.0,0.0,1.0
447707,0,1,3400,-63,63,-605,18,22,0.50,5152.000000,0,27,7.2,0.0,16064.000000,0,0.0,0.0,0.0,1.0
447956,0,1,3400,-63,63,-602,18,22,0.50,0.0,0.0,27,8.5,0.0,0.0,0.0,0.0,0.0,0.0,1.0
448205,0,1,3400,-63,63,-602,18,23,0.50,0.0,0.0,27,8.5,0.0,0.0,0.0,0.0,0.0,0.0,1.0
448454,0,1,3400,-63,63,-603,18,22,0.50,0.0,0.0,27,8.5,0.0,0.0,0.0,0.0,0.0,0.0,1.0
448703,0,1,3400,-63,63,-603,18,22,0.50,0.0,0.0,27,8.5,0.0,0.0,0.0,0.0,0.0,0.0,1.0
448952,0,1,3400,-63,63,-600,18,23,0.50,0.0,0.0,27,8.5,0.0,0.0,0.0,0.0,0.0,0.0,1.0
449201,0,1,3400,-63,63,-593,18,22,0.50,0.0,0.0,27,8.5,0.0,0.0,0.0,0.0,0.0,0.0,1.0
449450,0,1,3400,-63,63,-598,18,23,0.50,0.0,0.0,27,8.5,0.0,0.0,0.0,0.0,0.0,0.0,1.0
449699,0,1,3400,-63,63,-596,18,22,0.50,0.0,0.0,27,8.5,0.0,0.0,0.0,0.0,0.0,0.0,1.0
449948,0,1,3400,-63,63,-599,18,22,0.50,0.0,0.0,27,8.5,0.0,0.0,0.0,0.0,0.0,0.0,1.0
450197,0,1,3400,-63,63,-609,18,22,0.50,0.0,0.0,27,8.5,0.0,0.0,0.0,0.0,0.0,0.0,1.0
450446,0,1,3400,-63,63,-614,18,23,0.50,0.0,0.0,27,8.5,0.0,0.0,0.0,0.0,0.0,0.0,1.0
450695,0,1,3400,-63,63,-610,18,23,0.50,0.0,0.0,27,8.5,0.0,0.0,0.0,0.0,0.0,0.0,1.0
450944,0,1,3400,-63,63,-608,18,23,0.50,0.0,0.0,27,8.5,0.0,0.0,0.0,0.0,0.0,0.0,1.0
451193,0,1,3400,-63,63,-607,18,23,0.50,0.0,0.0,27,8.5,0.0,0.0,0.0,0.0,0.0,0.0,1.0
451442,0,1,3400,-63,63,-603,18,23,0.50,0.0,0.0,27,8.5,0.0,0.0,0.0,0.0,0.0,0.0,1.0
451691,0,1,3400,-63,63,-601,18,23,0.50,0.0,0.0,27,8.5,0.0,0.0,0.0,0.0,0.0,0.0,1.0
451940,0,1,3400,-63,63,-600,18,23,0.50,0.0,0.0,27,8.5,0.0,0.0,0.0,0.0,0.0,0.0,1.0
452189,0,1,3400,-63,63,-597,18,23,0.50,0.0,0.0,27,8.5,0.0,0.0,0.0,0.0,0.0,0.0,1.0
452438,0,1,3400,-63,63,-596,18,23,0.50,0.0,0.0,