time,cc,pci,earfcn,rsrp,pl,cfo,dl_mcs,dl_snr,dl_turbo,dl_brate,dl_bler,ul_ta,ul_mcs,ul_buff,ul_brate,ul_bler,rf_o,rf_u,rf_l,is_attached
0,0,0,4294967295,0.0,0.0,0.0,0.0,0.0,0.0,0.0,0.0,0.0,0.0,0.0,0.0,0.0,0.0,0.0,0.0,0.0
249,0,0,3400,0.0,0.0,0.0,0.0,0.0,0.0,0.0,0.0,0.0,0.0,0.0,0.0,0.0,0.0,0.0,0.0,0.0
498,0,0,3400,0.0,0.0,0.0,0.0,0.0,0.0,0.0,0.0,0.0,0.0,0.0,0.0,0.0,0.0,0.0,0.0,0.0
747,0,1,3400,0.0,0.0,0.0,0.0,0.0,0.0,0.0,0.0,0.0,0.0,0.0,0.0,0.0,0.0,0.0,0.0,0.0
996,0,1,3400,-64,64,-135,0.0,21,0.0,0.0,0.0,0.0,0.0,0.0,0.0,0.0,0.0,0.0,0.0,0.0
1245,0,1,3400,-64,64,-32,2.1,25,0.31,1888.000000,0,0.0,0.0,0.0,224,0,0.0,0.0,0.0,0.0
1494,0,1,3400,-64,64,-32,2.4,25,0.49,1024.000000,0,27,0.0,33,224,0,0.0,0.0,0.0,1.0
1743,0,1,3400,-64,64,-30,2.5,25,0.50,224,0,27,6.2,0.0,19520.000000,0,0.0,0.0,0.0,1.0
1992,0,1,3400,-63,63,-34,3.8,25,0.50,4000.000000,0,27,11,34,37376.000000,0,0.0,0.0,0.0,1.0
2241,0,1,3400,-63,63,-30,8.2,25,0.50,5333.333496,0,27,10,0.0,63582.328125,0,0.0,0.0,0.0,1.0
2490,0,1,3400,-63,63,-31,20,25,0.50,169024.000000,0,27,12,0.0,161888.000000,0,0.0,0.0,0.0,1.0
2739,0,1,3400,-63,63,-31,26,25,0.50,0.0,0.0,27,16,0.0,0.0,0.0,0.0,0.0,0.0,1.0
2988,0,1,3400,-63,63,-30,26,25,0.50,0.0,0.0,27,16,0.0,0.0,0.0,0.0,0.0,0.0,1.0
3237,0,1,3400,-63,63,-27,26,25,0.50,0.0,0.0,27,16,0.0,0.0,0.0,0.0,0.0,0.0,1.0
3486,0,1,3400,-63,63,-34,26,25,0.49,0.0,0.0,27,16,0.0,0.0,0.0,0.0,0.0,0.0,1.0
3735,0,1,3400,-63,63,-26,26,25,0.50,0.0,0.0,27,16,0.0,0.0,0.0,0.0,0.0,0.0,1.0
3984,0,1,3400,-63,63,-25,26,25,0.50,0.0,0.0,27,16,0.0,0.0,0.0,0.0,0.0,0.0,1.0
4233,0,1,3400,-64,64,-27,26,25,0.50,0.0,0.0,27,16,0.0,0.0,0.0,0.0,0.0,0.0,1.0
4482,0,1,3400,-64,64,-26,26,24,0.50,0.0,0.0,27,16,0.0,0.0,0.0,0.0,0.0,0.0,1.0
4731,0,1,3400,-64,64,-29,26,25,0.50,0.0,0.0,27,16,0.0,0.0,0.0,0.0,0.0,0.0,1.0
4980,0,1,3400,-63,63,-37,26,25,0.50,0.0,0.0,27,16,0.0,0.0,0.0,0.0,0.0,0.0,1.0
5229,0,1,3400,-63,63,-26,26,25,0.49,0.0,0.0,27,16,0.0,0.0,0.0,0.0,0.0,0.0,1.0
5478,0,1,3400,-63,63,-25,26,25,0.50,0.0,0.0,27,16,0.0,0.0,0.0,0.0,0.0,0.0,1.0
5727,0,1,3400,-63,63,-23,26,25,0.50,0.0,0.0,27,16,0.0,0.0,0.0,0.0,0.0,0.0,1.0
5976,0,1,3400,-63,63,-20,26,25,0.50,0.0,0.0,27,16,0.0,0.0,0.0,0.0,0.0,0.0,1.0
6225,0,1,3400,-63,63,-25,26,25,0.50,0.0,0.0,27,16,0.0,0.0,0.0,0.0,0.0,0.0,1.0
6474,0,1,3400,-63,63,-29,26,25,0.50,0.0,0.0,27,16,0.0,0.0,0.0,0.0,0.0,0.0,1.0
6723,0,1,3400,-63,63,-33,26,25,0.50,0.0,0.0,27,16,0.0,0.0,0.0,0.0,0.0,0.0,1.0
6972,0,1,3400,-63,63,-29,26,25,0.50,0.0,0.0,27,16,0.0,0.0,0.0,0.0,0.0,0.0,1.0
7221,0,1,3400,-64,64,-21,26,25,0.50,0.0,0.0,27,16,0.0,0.0,0.0,0.0,0.0,0.0,1.0
7470,0,1,3400,-64,64,-27,26,24,0.50,0.0,0.0,27,16,0.0,0.0,0.0,0.0,0.0,0.0,1.0
7719,0,1,3400,-64,64,-27,26,25,0.50,0.0,0.0,27,16,0.0,0.0,0.0,0.0,0.0,0.0,1.0
7968,0,1,3400,-63,63,-25,26,25,0.50,0.0,0.0,27,16,0.0,0.0,0.0,0.0,0.0,0.0,1.0
8217,0,1,3400,-63,63,-23,26,25,0.50,0.0,0.0,27,16,0.0,0.0,0.0,0.0,0.0,0.0,1.0
8466,0,1,3400,-63,63,-26,26,25,0.50,0.0,0.0,27,16,0.0,0.0,0.0,0.0,0.0,0.0,1.0
8715,0,1,3400,-63,63,-25,26,25,0.49,0.0,0.0,27,16,0.0,0.0,50,0.0,0.0,0.0,1.0
8964,0,1,3400,-62,62,-24,26,26,0.50,0.0,0.0,27,15,0.0,17056.000000,0,0.0,0.0,0.0,1.0
9213,0,1,3400,-62,62,-25,26,26,0.50,0.0,0.0,27,15,0.0,0.0,0.0,0.0,0.0,0.0,1.0
9462,0,1,3400,-62,62,-27,26,26,0.50,0.0,0.0,27,13,0.0,5024.000000,0,0.0,0.0,0.0,1.0
9711,0,1,3400,-62,62,-28,26,26,0.50,0.0,0.0,27,12,0.0,0.0,0.0,0.0,0.0,0.0,1.0
9960,0,1,3400,-62,62,-26,26,26,0.50,0.0,0.0,27,12,0.0,0.0,0.0,0.0,0.0,0.0,1.0
10209,0,1,3400,-62,62,-25,26,26,0.50,0.0,0.0,27,12,0.0,0.0,0.0,0.0,0.0,0.0,1.0
10458,0,1,3400,-62,62,-27,26,26,0.50,0.0,0.0,27,12,0.0,0.0,0.0,0.0,0.0,0.0,1.0
10707,0,1,3400,-62,62,-28,26,26,0.49,0.0,0.0,27,12,0.0,0.0,0.0,0.0,0.0,0.0,1.0
10956,0,1,3400,-62,62,-23,26,26,0.50,0.0,0.0,27,12,0.0,0.0,0.0,0.0,0.0,0.0,1.0
11205,0,1,3400,-62,62,-22,26,26,0.50,0.0,0.0,27,12,0.0,0.0,0.0,0.0,0.0,0.0,1.0
11454,0,1,3400,-62,62,-27,26,27,0.50,0.0,0.0,27,12,0.0,0.0,0.0,0.0,0.0,0.0,1.0
11703,0,1,3400,-62,62,-31,26,27,0.50,0.0,0.0,27,12,0.0,0.0,0.0,0.0,0.0,0.0,1.0
11952,0,1,3400,-61,61,-30,26,27,0.50,0.0,0.0,27,12,0.0,0.0,0.0,0.0,0.0,0.0,1.0
12201,0,1,3400,-61,61,-27,26,27,0.50,0.0,0.0,27,12,0.0,0.0,0.0,0.0,0.0,0.0,1.0
12450,0,1,3400,-61,61,-22,26,27,0.49,0.0,0.0,27,12,0.0,0.0,0.0,0.0,0.0,0.0,1.0
12699,0,1,3400,-61,61,-24,26,27,0.49,0.0,0.0,27,12,0.0,0.0,0.0,0.0,0.0,0.0,1.0
12948,0,1,3400,-61,61,-26,26,27,0.50,0.0,0.0,27,12,0.0,0.0,0.0,0.0,0.0,0.0,1.0
13197,0,1,3400,-62,62,-27,26,27,0.50,0.0,0.0,27,12,0.0,0.0,0.0,0.0,0.0,0.0,1.0
13446,0,1,3400,-62,62,-29,26,26,0.50,0.0,0.0,27,12,0.0,0.0,0.0,0.0,0.0,0.0,1.0
13695,0,1,3400,-62,62,-29,26,26,0.50,0.0,0.0,27,12,0.0,0.0,0.0,0.0,0.0,0.0,1.0
13944,0,1,3400,-61,61,-27,26,27,0.50,0.0,0.0,27,11,0.0,0.0,80,0.0,0.0,0.0,1.0
14193,0,1,3400,-61,61,-28,26,27,0.50,0.0,0.0,27,8.0,0.0,0.0,0.0,0.0,0.0,0.0,1.0
14442,0,1,3400,-61,61,-31,26,27,0.50,0.0,0.0,27,8.0,0.0,0.0,0.0,0.0,0.0,0.0,1.0
14691,0,1,3400,-61,61,-27,26,27,0.50,0.0,0.0,27,8.0,0.0,0.0,0.0,0.0,0.0,0.0,1.0
14940,0,1,3400,-61,61,-19,26,27,0.50,0.0,0.0,27,8.0,0.0,0.0,0.0,0.0,0.0,0.0,1.0
15189,0,1,3400,-61,61,-17,26,27,0.50,0.0,0.0,27,8.0,0.0,0.0,0.0,0.0,0.0,0.0,1.0
15438,0,1,3400,-61,61,-20,26,27,0.50,0.0,0.0,27,8.0,0.0,0.0,0.0,0.0,0.0,0.0,1.0
15687,0,1,3400,-61,61,-24,26,27,0.50,0.0,0.0,27,8.0,0.0,0.0,0.0,0.0,0.0,0.0,1.0
15936,0,1,3400,-60,60,-28,26,27,0.50,0.0,0.0,27,8.0,0.0,0.0,0.0,0.0,0.0,0.0,1.0
16185,0,1,3400,-60,60,-21,26,27,0.50,0.0,0.0,27,8.0,0.0,0.0,0.0,0.0,0.0,0.0,1.0
16434,0,1,3400,-60,60,-21,26,28,0.50,0.0,0.0,27,8.0,0.0,0.0,0.0,0.0,0.0,0.0,1.0
16683,0,1,3400,-60,60,-23,26,28,0.50,0.0,0.0,27,8.0,0.0,0.0,0.0,0.0,0.0,0.0,1.0
16932,0,1,3400,-60,60,-26,26,28,0.50,0.0,0.0,27,8.0,0.0,0.0,0.0,0.0,0.0,0.0,1.0
17181,0,1,3400,-60,60,-22,26,28,0.50,0.0,0.0,27,8.0,0.0,0.0,0.0,0.0,0.0,0.0,1.0
17430,0,1,3400,-60,60,-23,26,28,0.50,0.0,0.0,27,8.0,0.0,0.0,0.0,0.0,0.0,0.0,1.0
17679,0,1,3400,-60,60,-21,26,28,0.50,0.0,0.0,27,8.0,0.0,0.0,0.0,0.0,0.0,0.0,1.0
17928,0,1,3400,-60,60,-15,26,28,0.50,0.0,0.0,27,8.0,0.0,0.0,0.0,0.0,0.0,0.0,1.0
18177,0,1,3400,-60,60,-15,26,28,0.50,0.0,0.0,27,8.0,0.0,0.0,0.0,0.0,0.0,0.0,1.0
18426,0,1,3400,-60,60,-17,26,28,0.50,0.0,0.0,27,8.0,0.0,0.0,0.0,0.0,0.0,0.0,1.0
18675,0,1,3400,-60,60,-21,26,28,0.50,0.0,0.0,27,8.0,0.0,0.0,0.0,0.0,0.0,0.0,1.0
18924,0,1,3400,-60,60,-21,26,28,0.50,0.0,0.0,27,8.0,0.0,0.0,0.0,0.0,0.0,0.0,1.0
19173,0,1,3400,-60,60,-21,26,28,0.50,0.0,0.0,27,8.0,0.0,0.0,0.0,0.0,0.0,0.0,1.0
19422,0,1,3400,-60,60,-19,26,28,0.50,0.0,0.0,27,8.0,0.0,0.0,0.0,0.0,0.0,0.0,1.0
19671,0,1,3400,-60,60,-17,26,28,0.50,0.0,0.0,27,8.0,0.0,0.0,0.0,0.0,0.0,0.0,1.0
19920,0,1,3400,-60,60,-21,26,28,0.50,0.0,0.0,27,8.0,0.0,0.0,0.0,0.0,0.0,0.0,1.0
20169,0,1,3400,-60,60,-27,26,28,0.50,0.0,0.0,27,8.0,0.0,0.0,0.0,0.0,0.0,0.0,1.0
20418,0,1,3400,-60,60,-21,26,28,0.50,0.0,0.0,27,8.0,0.0,0.0,0.0,0.0,0.0,0.0,1.0
20667,0,1,3400,-60,60,-13,26,28,0.50,0.0,0.0,27,8.0,0.0,0.0,0.0,0.0,0.0,0.0,1.0
20916,0,1,3400,-60,60,-17,26,28,0.50,0.0,0.0,27,8.0,0.0,0.0,0.0,0.0,0.0,0.0,1.0
21165,0,1,3400,-60,60,-23,26,28,0.50,0.0,0.0,27,8.0,0.0,0.0,0.0,0.0,0.0,0.0,1.0
21414,0,1,3400,-60,60,-20,26,28,0.50,0.0,0.0,27,8.0,0.0,0.0,0.0,0.0,0.0,0.0,1.0
21663,0,1,3400,-60,60,-19,26,28,0.50,0.0,0.0,27,8.0,0.0,0.0,0.0,0.0,0.0,0.0,1.0
21912,0,1,3400,-60,60,-19,26,28,0.50,0.0,0.0,27,8.0,0.0,0.0,0.0,0.0,0.0,0.0,1.0
22161,0,1,3400,-61,61,-20,26,27,0.50,0.0,0.0,27,8.0,0.0,0.0,0.0,0.0,0.0,0.0,1.0
22410,0,1,3400,-61,61,-14,26,27,0.50,0.0,0.0,27,8.0,0.0,0.0,0.0,0.0,0.0,0.0,1.0
22659,0,1,3400,-61,61,-16,26,28,0.50,0.0,0.0,27,8.0,0.0,0.0,0.0,0.0,0.0,0.0,1.0
22908,0,1,3400,-60,60,-16,26,28,0.50,0.0,0.0,27,8.0,0.0,0.0,0.0,0.0,0.0,0.0,1.0
23157,0,1,3400,-60,60,-17,26,28,0.50,0.0,0.0,27,8.0,0.0,0.0,0.0,0.0,0.0,0.0,1.0
23406,0,1,3400,-60,60,-21,26,28,0.50,0.0,0.0,27,8.0,0.0,0.0,0.0,0.0,0.0,0.0,1.0
23655,0,1,3400,-60,60,-21,26,28,0.50,0.0,0.0,27,8.0,0.0,0.0,0.0,0.0,0.0,0.0,1.0
23904,0,1,3400,-60,60,-15,26,28,0.50,0.0,0.0,27,8.0,0.0,0.0,0.0,0.0,0.0,0.0,1.0
24153,0,1,3400,-60,60,-18,26,28,0.50,0.0,0.0,27,8.0,0.0,0.0,0.0,0.0,0.0,0.0,1.0
24402,0,1,3400,-60,60,-18,26,28,0.50,0.0,0.0,27,8.0,0.0,0.0,0.0,0.0,0.0,0.0,1.0
24651,0,1,3400,-60,60,-22,26,28,0.50,0.0,0.0,27,8.0,0.0,0.0,0.0,0.0,0.0,0.0,1.0
24900,0,1,3400,-60,60,-23,26,28,0.49,0.0,0.0,27,8.0,0.0,0.0,0.0,0.0,0.0,0.0,1.0
25149,0,1,3400,-60,60,-21,26,28,0.50,0.0,0.0,27,8.0,0.0,0.0,0.0,0.0,0.0,0.0,1.0
25398,0,1,3400,-60,60,-16,26,28,0.50,0.0,0.0,27,8.0,0.0,0.0,0.0,0.0,0.0,0.0,1.0
25647,0,1,3400,-60,60,-18,26,28,0.49,0.0,0.0,27,8.0,0.0,0.0,0.0,0.0,0.0,0.0,1.0
25896,0,1,3400,-60,60,-21,26,28,0.50,0.0,0.0,27,8.0,0.0,0.0,0.0,0.0,0.0,0.0,1.0
26145,0,1,3400,-60,60,-18,26,28,0.50,0.0,0.0,27,8.0,0.0,0.0,0.0,0.0,0.0,0.0,1.0
26394,0,1,3400,-60,60,-14,26,28,0.50,0.0,0.0,27,8.0,0.0,0.0,0.0,0.0,0.0,0.0,1.0
26643,0,1,3400,-60,60,-13,26,28,0.50,0.0,0.0,27,8.0,0.0,0.0,0.0,0.0,0.0,0.0,1.0
26892,0,1,3400,-60,60,-21,26,28,0.50,92270.914062,0,27,8.0,1161.000000,0.0,0.0,0.0,0.0,0.0,1.0
27141,0,1,3400,-60,60,-23,21,28,0.51,279328.000000,0,27,7.7,0.0,91232.000000,39,0.0,0.0,0.0,1.0
27390,0,1,3400,-60,60,-23,26,28,0.50,387520.000000,0,27,5.0,0.0,0.0,0.0,0.0,0.0,0.0,1.0
27639,0,1,3400,-60,60,-20,25,28,0.51,470720.000000,0,27,5.0,0.0,0.0,0.0,0.0,0.0,0.0,1.0
27888,0,1,3400,-60,60,-16,22,28,0.51,410120.468750,0,27,5.0,581,0.0,0.0,0.0,0.0,0.0,1.0
28137,0,1,3400,-60,60,-18,27,27,0.50,170964.140625,0,27,12,0.0,79266.929688,8,0.0,0.0,0.0,1.0
28386,0,1,3400,-60,60,-20,27,27,0.50,341600.000000,0,27,12,0.0,0.0,0.0,0.0,0.0,0.0,1.0
28635,0,1,3400,-60,60,-18,26,27,0.50,370528.000000,0,27,12,0.0,0.0,0.0,0.0,0.0,0.0,1.0
28884,0,1,3400,-60,60,-18,23,27,0.50,484384.000000,0,27,12,581,0.0,0.0,0.0,0.0,0.0,1.0
29133,0,1,3400,-61,61,-17,24,26,0.50,446944.000000,0,27,8.1,0.0,35872.000000,25,0.0,0.0,0.0,1.0
29382,0,1,3400,-61,61,-15,18,26,0.50,345472.000000,0,27,7.5,0.0,0.0,0.0,0.0,0.0,0.0,1.0
29631,0,1,3400,-61,61,-17,20,26,0.50,244576.000000,0,27,7.5,0.0,0.0,0.0,0.0,0.0,0.0,1.0
29880,0,1,3400,-61,61,-20,26,26,0.50,457376.000000,0,27,7.5,581,0.0,0.0,0.0,0.0,0.0,1.0
30129,0,1,3400,-62,62,-19,21,26,0.50,343808.000000,0,27,1.8,0.0,22464.000000,0,0.0,0.0,0.0,1.0
30378,0,1,3400,-62,62,-18,26,26,0.50,466912.000000,0,27,1.1,0.0,0.0,0.0,0.0,0.0,0.0,1.0
30627,0,1,3400,-62,62,-22,26,26,0.50,519712.000000,0,27,1.0,0.0,0.0,0.0,0.0,0.0,0.0,1.0
30876,0,1,3400,-62,62,-26,26,26,0.50,430816.000000,0,27,1.0,581,0.0,0.0,0.0,0.0,0.0,1.0
31125,0,1,3400,-62,62,-26,26,26,0.50,534016.000000,0,27,8.2,0.0,25120.000000,21,0.0,0.0,0.0,1.0
31374,0,1,3400,-62,62,-15,25,26,0.50,506656.000000,0,27,9.0,0.0,0.0,0.0,0.0,0.0,0.0,1.0
31623,0,1,3400,-62,62,-14,26,26,0.50,453632.000000,0,27,9.0,0.0,0.0,0.0,0.0,0.0,0.0,1.0
31872,0,1,3400,-62,62,-19,25,26,0.50,478176.000000,0,27,9.0,581,0.0,0.0,0.0,0.0,0.0,1.0
32121,0,1,3400,-63,63,-17,23,26,0.50,335776.000000,0,27,5.5,0.0,30336.000000,20,0.0,0.0,0.0,1.0
32370,0,1,3400,-63,63,-14,24,25,0.51,306784.000000,0,27,6.1,0.0,0.0,0.0,0.0,0.0,0.0,1.0
32619,0,1,3400,-63,63,-14,24,25,0.51,421728.000000,0,27,6.0,0.0,0.0,0.0,0.0,0.0,0.0,1.0
32868,0,1,3400,-63,63,-19,24,25,0.50,419360.000000,0,27,6.0,581,0.0,0.0,0.0,0.0,0.0,1.0
33117,0,1,3400,-63,63,-17,25,25,0.58,472864.000000,0,27,11,0.0,39424.000000,40,0.0,0.0,0.0,1.0
33366,0,1,3400,-63,63,-14,25,25,0.50,303968.125000,0,27,12,0.0,0.0,0.0,0.0,0.0,0.0,1.0
33615,0,1,3400,-63,63,-14,23,25,0.50,374144.000000,0,27,12,0.0,0.0,0.0,0.0,0.0,0.0,1.0
33864,0,1,3400,-63,63,-17,25,25,0.51,533152.000000,0,27,12,581,0.0,0.0,0.0,0.0,0.0,1.0
34113,0,1,3400,-63,63,-17,24,25,0.50,359807.218750,0,27,13,0.0,81574.296875,44,0.0,0.0,0.0,1.0
34362,0,1,3400,-63,63,-18,23,25,0.50,282176.000000,0,27,14,0.0,0.0,0.0,0.0,0.0,0.0,1.0
34611,0,1,3400,-63,63,-17,24,25,0.50,475072.000000,0,27,14,0.0,0.0,0.0,0.0,0.0,0.0,1.0
34860,0,1,3400,-63,63,-18,22,25,0.50,272896.000000,0,27,14,581,0.0,0.0,0.0,0.0,0.0,1.0
35109,0,1,3400,-63,63,-11,24,25,0.50,435616.000000,0,27,7.6,0.0,35648.000000,14,0.0,0.0,0.0,1.0
35358,0,1,3400,-63,63,-17,20,25,0.50,279552.000000,0,27,8.0,0.0,0.0,0.0,0.0,0.0,0.0,1.0
35607,0,1,3400,-63,63,-19,23,25,0.50,355552.000000,0,27,8.0,0.0,0.0,0.0,0.0,0.0,0.0,1.0
35856,0,1,3400,-63,63,-9.8,25,25,0.50,246368.000000,0,27,8.1,0.0,0.0,0.0,0.0,0.0,0.0,1.0
36105,0,1,3400,-63,63,-12,23,25,0.50,314432.000000,0,27,3.6,0.0,29056.000000,0,0.0,0.0,0.0,1.0
36354,0,1,3400,-63,63,-13,22,25,0.50,464416.000000,0,27,2.1,0.0,0.0,0.0,0.0,0.0,0.0,1.0
36603,0,1,3400,-63,63,-17,20,25,0.50,316672.000000,0,27,2.0,0.0,0.0,0.0,0.0,0.0,0.0,1.0
36852,0,1,3400,-63,63,-13,23,25,0.50,454752.000000,0,27,2.0,581,0.0,0.0,0.0,0.0,0.0,1.0
37101,0,1,3400,-63,63,-14,23,25,0.50,359168.000000,0,27,12,0.0,25824.000000,33,0.0,0.0,0.0,1.0
37350,0,1,3400,-63,63,-18,24,25,0.52,357312.000000,0,27,14,0.0,0.0,0.0,0.0,0.0,0.0,1.0
37599,0,1,3400,-63,63,-15,25,26,0.64,509376.000000,0,27,14,0.0,0.0,0.0,0.0,0.0,0.0,1.0
37848,0,1,3400,-62,62,-14,25,26,0.50,452640.000000,0,27,14,581,0.0,0.0,0.0,0.0,0.0,1.0
38097,0,1,3400,-62,62,-12,26,26,0.50,589280.000000,0,27,7.5,0.0,11872.000000,20,0.0,0.0,0.0,1.0
38346,0,1,3400,-62,62,-15,26,26,0.50,452960.000000,0,27,7.0,0.0,0.0,0.0,0.0,0.0,0.0,1.0
38595,0,1,3400,-62,62,-11,26,26,0.51,567392.000000,0,27,7.0,0.0,0.0,0.0,0.0,0.0,0.0,1.0
38844,0,1,3400,-62,62,-16,26,26,0.50,527552.000000,0,27,7.0,581,0.0,0.0,0.0,0.0,0.0,1.0
39093,0,1,3400,-63,63,-10,21,26,0.50,412064.000000,0,27,5.9,0.0,58432.000000,11,0.0,0.0,0.0,1.0
39342,0,1,3400,-63,63,-11,22,25,0.54,365024.000000,0,27,7.0,0.0,0.0,0.0,0.0,0.0,0.0,1.0
39591,0,1,3400,-63,63,-9.2,23,26,0.50,424736.000000,0,27,7.0,0.0,0.0,0.0,0.0,0.0,0.0,1.0
39840,0,1,3400,-62,62,-12,15,26,0.50,88832.000000,0,27,7.0,581,0.0,0.0,0.0,0.0,0.0,1.0
40089,0,1,3400,-62,62,-15,20,26,0.50,386592.000000,0,27,5.0,0.0,19360.000000,33,0.0,0.0,0.0,1.0
40338,0,1,3400,-62,62,-13,23,26,0.51,437280.000000,0,27,4.5,0.0,0.0,0.0,0.0,0.0,0.0,1.0
40587,0,1,3400,-62,62,-11,25,26,0.50,485984.000000,0,27,4.5,0.0,0.0,0.0,0.0,0.0,0.0,1.0
40836,0,1,3400,-62,62,-5.5,26,26,0.53,454496.000000,0,27,4.5,581,0.0,0.0,0.0,0.0,0.0,1.0
41085,0,1,3400,-62,62,-14,24,26,0.50,422560.000000,0,27,12,0.0,39520.000000,14,0.0,0.0,0.0,1.0
41334,0,1,3400,-62,62,-18,15,26,0.50,299328.000000,0,27,16,0.0,0.0,0.0,0.0,0.0,0.0,1.0
41583,0,1,3400,-62,62,-15,23,26,0.50,190176.000000,0,27,16,0.0,0.0,0.0,0.0,0.0,0.0,1.0
41832,0,1,3400,-61,61,-14,26,26,0.50,391136.000000,0,27,16,581,0.0,0.0,0.0,0.0,0.0,1.0
42081,0,1,3400,-61,61,-15,26,27,0.50,449888.000000,0,27,5.3,295,0.0,80,0.0,0.0,0.0,1.0
42330,0,1,3400,-61,61,-6.7,26,27,0.50,441888.000000,0,27,3.4,0.0,12544.000000,20,0.0,0.0,0.0,1.0
42579,0,1,3400,-61,61,-4.5,27,27,0.50,518144.000000,0,27,0.064,0.0,0.0,0.0,0.0,0.0,0.0,1.0
42828,0,1,3400,-61,61,-6.9,26,27,0.50,569600.000000,0,27,0.0,581,0.0,0.0,0.0,0.0,0.0,1.0
43077,0,1,3400,-62,62,-11,18,26,0.50,369728.000000,0,27,5.6,215,0.0,80,0.0,0.0,0.0,1.0
43326,0,1,3400,-62,62,-13,25,26,0.51,322368.000000,0,27,5.4,0.0,16000.000000,0,0.0,0.0,0.0,1.0
43575,0,1,3400,-62,62,-11,26,26,0.50,554368.000000,0,27,5.0,0.0,0.0,0.0,0.0,0.0,0.0,1.0
43824,0,1,3400,-62,62,-13,19,26,0.50,369600.000000,0,27,5.0,581,0.0,0.0,0.0,0.0,0.0,1.0
44073,0,1,3400,-63,63,-17,27,25,0.50,325184.000000,0,27,11,0.0,38272.000000,70,0.0,0.0,0.0,1.0
44322,0,1,3400,-63,63,-15,19,25,0.50,321248.000000,0,27,11,0.0,0.0,0.0,0.0,0.0,0.0,1.0
44571,0,1,3400,-63,63,-9.0,21,25,0.50,309312.000000,0,27,12,0.0,0.0,0.0,0.0,0.0,0.0,1.0
44820,0,1,3400,-63,63,-10,23,25,0.50,426848.000000,0,27,12,581,0.0,0.0,0.0,0.0,0.0,1.0
45069,0,1,3400,-63,63,-16,19,25,0.50,319104.000000,0,27,9.0,0.0,75968.000000,34,0.0,0.0,0.0,1.0
45318,0,1,3400,-63,63,-16,23,25,0.50,441920.000000,0,27,9.0,0.0,0.0,0.0,0.0,0.0,0.0,1.0
45567,0,1,3400,-63,63,-18,22,25,0.50,369753.000000,0,27,9.0,0.0,0.0,0.0,0.0,0.0,0.0,1.0
45816,0,1,3400,-63,63,-9.6,23,25,0.50,90464.000000,0,27,9.0,0.0,0.0,0.0,0.0,0.0,0.0,1.0
46065,0,1,3400,-63,63,-11,22,25,0.50,15392.000000,0,27,9.0,581,0.0,0.0,0.0,0.0,0.0,1.0
46314,0,1,3400,-63,63,-7.9,23,25,0.50,428352.000000,0,27,6.0,0.0,13440.000000,18,0.0,0.0,0.0,1.0
46563,0,1,3400,-63,63,-8.0,24,25,0.51,431075.687500,0,27,6.0,0.0,0.0,0.0,0.0,0.0,0.0,1.0
46812,0,1,3400,-63,63,-15,20,25,0.50,240576.000000,0,27,6.0,581,0.0,0.0,0.0,0.0,0.0,1.0
47061,0,1,3400,-63,63,-9.1,22,25,0.50,358016.000000,0,27,9.2,0.0,70464.000000,4,0.0,0.0,0.0,1.0
47310,0,1,3400,-63,63,-7.3,22,25,0.50,375903.625000,0,27,10,0.0,0.0,0.0,0.0,0.0,0.0,1.0
47559,0,1,3400,-63,63,-4.9,22,25,0.50,298176.000000,0,27,10,0.0,0.0,0.0,0.0,0.0,0.0,1.0
47808,0,1,3400,-63,63,-9.9,21,24,0.51,349920.000000,0,27,10,581,0.0,0.0,0.0,0.0,0.0,1.0
48057,0,1,3400,-64,64,-12,22,24,0.51,401536.000000,0,27,5.1,0.0,40224.000000,0,0.0,0.0,0.0,1.0
48306,0,1,3400,-64,64,-16,25,24,0.65,392640.000000,0,27,4.5,0.0,0.0,0.0,0.0,0.0,0.0,1.0
48555,0,1,3400,-64,64,-8.6,17,24,0.52,166336.000000,0,27,4.5,0.0,0.0,0.0,0.0,0.0,0.0,1.0
48804,0,1,3400,-64,64,-6.1,21,24,0.50,436800.000000,0,27,4.5,581,0.0,0.0,0.0,0.0,0.0,1.0
49053,0,1,3400,-65,65,-5.0,20,24,0.52,319136.000000,0,27,12,0.0,87552.000000,53,0.0,0.0,0.0,1.0
49302,0,1,3400,-65,65,-4.2,15,23,0.52,213664.000000,0,27,13,0.0,0.0,0.0,0.0,0.0,0.0,1.0
49551,0,1,3400,-65,65,-2.2,20,23,0.50,156480.000000,0,27,13,0.0,0.0,0.0,0.0,0.0,0.0,1.0
49800,0,1,3400,-65,65,-6.5,6.1,23,0.50,19712.000000,0,27,13,0.0,0.0,0.0,0.0,0.0,0.0,1.0
50049,0,1,3400,-65,65,-9.6,17,23,0.50,122560.000000,0,27,6.2,0.0,60928.000000,12,0.0,0.0,0.0,1.0
50298,0,1,3400,-65,65,-9.4,24,23,0.60,325760.000000,0,27,0.0,0.0,0.0,0.0,0.0,0.0,0.0,1.0
50547,0,1,3400,-65,65,-10,20,24,0.51,283840.000000,0,27,0.0,0.0,0.0,0.0,0.0,0.0,0.0,1.0
50796,0,1,3400,-64,64,-12,19,24,0.50,207968.000000,0,27,0.0,581,0.0,0.0,0.0,0.0,0.0,1.0
51045,0,1,3400,-64,64,-9.1,19,24,0.54,306464.000000,1.0,27,9.9,0.0,38240.000000,31,0.0,0.0,0.0,1.0
51294,0,1,3400,-64,64,-3.3,17,24,0.50,196352.000000,0,27,12,0.0,0.0,0.0,0.0,0.0,0.0,1.0
51543,0,1,3400,-64,64,-2.8,21,24,0.50,312480.000000,0,27,12,0.0,0.0,0.0,0.0,0.0,0.0,1.0
51792,0,1,3400,-64,64,-5.9,21,24,0.50,339904.000000,0,27,12,581,0.0,0.0,0.0,0.0,0.0,1.0
52041,0,1,3400,-64,64,-5.1,21,24,0.50,320032.000000,0,27,6.9,0.0,55712.000000,10,0.0,0.0,0.0,1.0
52290,0,1,3400,-64,64,-7.3,19,24,0.50,198368.000000,0,27,7.0,0.0,0.0,0.0,0.0,0.0,0.0,1.0
52539,0,1,3400,-64,64,-12,21,24,0.50,198240.000000,0,27,7.0,0.0,0.0,0.0,0.0,0.0,0.0,1.0
52788,0,1,3400,-64,64,-11,16,24,0.51,179488.000000,0,27,7.0,581,0.0,0.0,0.0,0.0,0.0,1.0
53037,0,1,3400,-65,65,-11,19,24,0.50,351171.312500,0,27,0.69,0.0,22183.267578,0,0.0,0.0,0.0,1.0
53286,0,1,3400,-65,65,-5.6,12,24,0.50,156448.000000,0,27,0.096,0.0,0.0,0.0,0.0,0.0,0.0,1.0
53535,0,1,3400,-65,65,-4.3,21,24,0.50,132947.796875,0,27,0.0,0.0,0.0,0.0,0.0,0.0,0.0,1.0
53784,0,1,3400,-64,64,-9.2,20,24,0.50,184864.000000,0,27,0.13,581,0.0,0.0,0.0,0.0,0.0,1.0
54033,0,1,3400,-64,64,-12,20,24,0.50,340064.000000,0,27,7.6,0.0,22688.000000,0,0.0,0.0,0.0,1.0
54282,0,1,3400,-64,64,-2.5,21,24,0.50,377824.000000,0,27,8.5,0.0,0.0,0.0,0.0,0.0,0.0,1.0
54531,0,1,3400,-64,64,-1.8,6.8,24,0.50,41440.000000,0,27,8.5,0.0,0.0,0.0,0.0,0.0,0.0,1.0
54780,0,1,3400,-64,64,-3.7,15,24,0.50,182176.000000,0,27,8.5,0.0,0.0,0.0,0.0,0.0,0.0,1.0
55029,0,1,3400,-64,64,-1.6,20,24,0.50,236800.000000,0,27,12,0.0,15936.000000,50,0.0,0.0,0.0,1.0
55278,0,1,3400,-64,64,-1.7,21,24,0.50,339936.000000,0,27,13,0.0,0.0,0.0,0.0,0.0,0.0,1.0
55527,0,1,3400,-64,64,-3.2,20,24,0.50,340608.000000,0,27,13,0.0,0.0,0.0,0.0,0.0,0.0,1.0
55776,0,1,3400,-64,64,-6.5,21,24,0.50,278880.000000,0,27,13,0.0,0.0,0.0,0.0,0.0,0.0,1.0
56025,0,1,3400,-65,65,-8.7,20,24,0.50,261792.000000,0,27,9.3,0.0,22464.000000,0,0.0,0.0,0.0,1.0
56274,0,1,3400,-65,65,-6.1,22,23,0.56,365920.000000,0,27,4.5,0.0,0.0,0.0,0.0,0.0,0.0,1.0
56523,0,1,3400,-65,65,-1.3,19,24,0.50,311264.000000,0,27,4.5,0.0,0.0,0.0,0.0,0.0,0.0,1.0
56772,0,1,3400,-65,65,0.84,17,24,0.50,196768.000000,0,27,4.6,0.0,0.0,0.0,0.0,0.0,0.0,1.0
57021,0,1,3400,-65,65,-7.1,14,23,0.50,155744.000000,0,27,4.6,295,0.0,80,0.0,0.0,0.0,1.0
57270,0,1,3400,-65,65,-7.1,19,24,0.50,282432.000000,0,27,4.5,253,0.0,0,0.0,0.0,0.0,1.0
57519,0,1,3400,-65,65,-1.4,21,24,0.50,394944.000000,0,27,12,0.0,66784.000000,52,0.0,0.0,0.0,1.0
57768,0,1,3400,-64,64,-2.9,21,24,0.50,234176.000000,0,27,12,0.0,0.0,0.0,0.0,0.0,0.0,1.0
58017,0,1,3400,-64,64,-6.1,21,24,0.50,389696.000000,0,27,9.9,0.0,11520.000000,36,0.0,0.0,0.0,1.0
58266,0,1,3400,-64,64,-4.6,20,25,0.50,352256.000000,0,27,9.0,0.0,0.0,0.0,0.0,0.0,0.0,1.0
58515,0,1,3400,-64,64,-0.055,14,25,0.50,250496.000000,0,27,9.0,0.0,0.0,0.0,0.0,0.0,0.0,1.0
58764,0,1,3400,-63,63,3.4,21,25,0.50,383360.000000,0,27,9.0,0.0,0.0,0.0,0.0,0.0,0.0,1.0
59013,0,1,3400,-63,63,1.6,19,25,0.51,374272.000000,0.8,27,12,0.0,85248.000000,55,0.0,0.0,0.0,1.0
59262,0,1,3400,-63,63,-6.5,18,25,0.50,271776.000000,0,27,14,0.0,0.0,0.0,0.0,0.0,0.0,1.0
59511,0,1,3400,-63,63,-8.8,23,25,0.51,406342.625000,1.0,27,14,0.0,0.0,0.0,0.0,0.0,0.0,1.0
59760,0,1,3400,-63,63,-6.9,24,25,0.50,321574.312500,0,27,14,0.0,0.0,0.0,0.0,0.0,0.0,1.0
60009,0,1,3400,-63,63,-4.2,19,25,0.66,277386.468750,0,27,8.9,0.0,72541.835938,14,0.0,0.0,0.0,1.0
60258,0,1,3400,-63,63,0.78,19,25,0.50,265542.156250,0,27,8.0,0.0,0.0,0.0,0.0,0.0,0.0,1.0
60507,0,1,3400,-63,63,-2.4,25,26,0.50,560416.000000,0,27,8.0,0.0,0.0,0.0,0.0,0.0,0.0,1.0
60756,0,1,3400,-62,62,-5.3,25,26,0.50,494144.000000,0,27,8.0,581,0.0,0.0,0.0,0.0,0.0,1.0
61005,0,1,3400,-62,62,-7.8,26,26,0.50,555808.000000,0,27,7.7,0.0,21216.000000,18,0.0,0.0,0.0,1.0
61254,0,1,3400,-62,62,-4.4,25,26,0.50,363872.000000,0,27,8.1,0.0,0.0,0.0,0.0,0.0,0.0,1.0
61503,0,1,3400,-62,62,0.98,26,26,0.50,503360.000000,0,27,8.0,0.0,0.0,0.0,0.0,0.0,0.0,1.0
61752,0,1,3400,-62,62,3.5,26,26,0.50,554592.000000,0,27,8.0,581,0.0,0.0,0.0,0.0,0.0,1.0
62001,0,1,3400,-62,62,3.6,26,26,0.51,661376.000000,0,27,1.9,0.0,33280.000000,4,0.0,0.0,0.0,1.0
62250,0,1,3400,-62,62,4.8,23,26,0.50,470208.000000,0,27,1.0,0.0,0.0,0.0,0.0,0.0,0.0,1.0
62499,0,1,3400,-62,62,1.9,23,26,0.50,530432.000000,0,27,1.0,0.0,0.0,0.0,0.0,0.0,0.0,1.0
62748,0,1,3400,-62,62,-5.7,25,26,0.50,392736.000000,0,27,1.0,581,0.0,0.0,0.0,0.0,0.0,1.0
62997,0,1,3400,-62,62,-1.5,24,26,0.50,533536.000000,0,27,5.0,0.0,43168.000000,28,0.0,0.0,0.0,1.0
63246,0,1,3400,-62,62,0.92,26,26,0.50,605696.000000,0,27,6.0,0.0,0.0,0.0,0.0,0.0,0.0,1.0
63495,0,1,3400,-62,62,5.4,21,26,0.50,318400.000000,0,27,6.0,0.0,0.0,0.0,0.0,0.0,0.0,1.0
63744,0,1,3400,-62,62,0.39,22,26,0.66,455840.000000,0,27,6.0,581,0.0,0.0,0.0,0.0,0.0,1.0
63993,0,1,3400,-62,62,2.3,26,26,0.50,644704.000000,0,27,8.4,0.0,94496.000000,32,0.0,0.0,0.0,1.0
64242,0,1,3400,-62,62,0.86,26,26,0.50,655424.000000,0,27,9.0,0.0,0.0,0.0,0.0,0.0,0.0,1.0
64491,0,1,3400,-62,62,2.3,26,27,0.50,586720.000000,0,27,9.0,0.0,0.0,0.0,0.0,0.0,0.0,1.0
64740,0,1,3400,-61,61,4.1,23,27,0.50,517184.000000,0,27,9.0,581,0.0,0.0,0.0,0.0,0.0,1.0
64989,0,1,3400,-61,61,-0.98,26,27,0.50,552160.000000,0,27,6.0,0.0,35936.000000,35,0.0,0.0,0.0,1.0
65238,0,1,3400,-61,61,3.5,23,27,0.50,380096.000000,0,27,6.0,0.0,0.0,0.0,0.0,0.0,0.0,1.0
65487,0,1,3400,-61,61,7.5,26,27,0.50,587648.000000,0,27,6.0,0.0,0.0,0.0,0.0,0.0,0.0,1.0
65736,0,1,3400,-61,61,1.00,19,27,0.50,372192.000000,0,27,6.0,581,0.0,0.0,0.0,0.0,0.0,1.0
65985,0,1,3400,-62,62,-4.6,27,27,0.75,544384.000000,0,27,6.9,0.0,21216.000000,18,0.0,0.0,0.0,1.0
66234,0,1,3400,-62,62,-2.2,18,26,0.50,371808.000000,0,27,7.0,0.0,0.0,0.0,0.0,0.0,0.0,1.0
66483,0,1,3400,-62,62,2.0,26,26,0.50,493472.000000,0,27,6.9,0.0,0.0,0.0,0.0,0.0,0.0,1.0
66732,0,1,3400,-62,62,2.9,14,26,0.50,96192.000000,0,27,7.0,581,0.0,0.0,0.0,0.0,0.0,1.0
66981,0,1,3400,-62,62,-0.78,24,26,0.51,494912.000000,0,27,9.8,0.0,84480.000000,31,0.0,0.0,0.0,1.0
67230,0,1,3400,-62,62,0.29,25,26,0.50,120896.000000,0,27,12,0.0,0.0,0.0,0.0,0.0,0.0,1.0
67479,0,1,3400,-62,62,0.88,25,26,0.50,38144.000000,0,27,12,0.0,0.0,0.0,0.0,0.0,0.0,1.0
67728,0,1,3400,-62,62,0.0068,24,26,0.50,553120.000000,0,27,12,0.0,0.0,0.0,0.0,0.0,0.0,1.0
67977,0,1,3400,-63,63,1.9,25,26,0.50,616768.000000,0,27,12,0.0,53376.000000,55,0.0,0.0,0.0,1.0
68226,0,1,3400,-63,63,-2.8,24,25,0.51,565056.000000,0,27,13,0.0,0.0,0.0,0.0,0.0,0.0,1.0
68475,0,1,3400,-63,63,-0.66,24,25,0.50,422336.000000,0,27,13,0.0,0.0,0.0,0.0,0.0,0.0,1.0
68724,0,1,3400,-63,63,1.9,22,25,0.50,458624.000000,0,27,13,581,0.0,0.0,0.0,0.0,0.0,1.0
68973,0,1,3400,-63,63,5.3,22,25,0.55,537120.000000,0,27,4.9,0.0,40672.000000,0,0.0,0.0,0.0,1.0
69222,0,1,3400,-63,63,10,21,25,0.50,427616.000000,0,27,4.5,0.0,0.0,0.0,0.0,0.0,0.0,1.0
69471,0,1,3400,-63,63,3.8,21,26,0.50,311840.000000,0,27,4.5,0.0,0.0,0.0,0.0,0.0,0.0,1.0
69720,0,1,3400,-62,62,2.4,23,26,0.50,592320.000000,0,27,4.5,581,0.0,0.0,0.0,0.0,0.0,1.0
69969,0,1,3400,-62,62,2.6,25,26,0.50,352736.000000,0,27,12,0.0,20928.000000,31,0.0,0.0,0.0,1.0
70218,0,1,3400,-62,62,8.2,26,26,0.50,551712.000000,0,27,13,0.0,0.0,0.0,0.0,0.0,0.0,1.0
70467,0,1,3400,-62,62,3.0,25,26,0.51,701856.000000,0,27,13,0.0,0.0,0.0,0.0,0.0,0.0,1.0
70716,0,1,3400,-62,62,5.1,24,26,0.50,632608.000000,0,27,13,0.0,0.0,0.0,0.0,0.0,0.0,1.0
70965,0,1,3400,-62,62,6.2,20,26,0.50,387168.000000,0,27,14,0.0,98528.000000,56,0.0,0.0,0.0,1.0
71214,0,1,3400,-62,62,5.4,25,26,0.50,502784.000000,0,27,15,0.0,0.0,0.0,0.0,0.0,0.0,1.0
71463,0,1,3400,-62,62,0.96,23,26,0.50,401024.000000,0,27,14,0.0,0.0,0.0,0.0,0.0,0.0,1.0
71712,0,1,3400,-62,62,3.3,25,26,0.51,389056.000000,0,27,15,581,0.0,0.0,0.0,0.0,0.0,1.0
71961,0,1,3400,-63,63,2.7,19,25,0.50,324640.000000,0,27,15,0.0,58144.000000,52,0.0,0.0,0.0,1.0
72210,0,1,3400,-63,63,3.3,23,25,0.51,398624.000000,0,27,16,0.0,0.0,0.0,0.0,0.0,0.0,1.0
72459,0,1,3400,-63,63,6.9,25,26,0.50,553632.000000,0,27,16,0.0,0.0,0.0,0.0,0.0,0.0,1.0
72708,0,1,3400,-62,62,5.2,24,26,0.50,611520.000000,0,27,16,581,0.0,0.0,0.0,0.0,0.0,1.0
72957,0,1,3400,-62,62,6.6,25,26,0.50,581386.437500,0,27,13,0.0,15872.509766,44,0.0,0.0,0.0,1.0
73206,0,1,3400,-62,62,9.0,25,26,0.50,654522.062500,0,27,13,0.0,0.0,0.0,0.0,0.0,0.0,1.0
73455,0,1,3400,-62,62,3.7,26,26,0.51,707872.000000,0,27,13,0.0,0.0,0.0,0.0,0.0,0.0,1.0
73704,0,1,3400,-62,62,2.5,25,26,0.50,668480.000000,0,27,13,581,0.0,0.0,0.0,0.0,0.0,1.0
73953,0,1,3400,-63,63,7.2,24,25,0.50,562784.000000,0,27,7.8,0.0,60608.000000,8,0.0,0.0,0.0,1.0
74202,0,1,3400,-63,63,8.9,23,25,0.50,558880.000000,0,27,8.0,0.0,0.0,0.0,0.0,0.0,0.0,1.0
74451,0,1,3400,-63,63,6.5,23,25,0.50,573568.000000,0,27,7.9,0.0,0.0,0.0,0.0,0.0,0.0,1.0
74700,0,1,3400,-63,63,4.6,23,25,0.50,594624.000000,0,27,8.0,581,0.0,0.0,0.0,0.0,0.0,1.0
74949,0,1,3400,-63,63,1.1,24,25,0.50,572512.000000,0,27,15,0.0,136768.000000,31,0.0,0.0,0.0,1.0
75198,0,1,3400,-63,63,-1.5,24,25,0.50,496896.000000,0,27,16,0.0,0.0,0.0,0.0,0.0,0.0,1.0
75447,0,1,3400,-63,63,6.7,24,25,0.50,485216.000000,0,27,16,0.0,0.0,0.0,0.0,0.0,0.0,1.0
75696,0,1,3400,-62,62,3.2,24,26,0.50,529600.000000,0,27,16,581,0.0,0.0,0.0,0.0,0.0,1.0
75945,0,1,3400,-62,62,4.1,26,26,0.50,607552.000000,0,27,9.9,0.0,26720.000000,0,0.0,0.0,0.0,1.0
76194,0,1,3400,-62,62,3.0,25,26,0.51,615008.000000,0,27,9.4,0.0,0.0,0.0,0.0,0.0,0.0,1.0
76443,0,1,3400,-62,62,7.5,25,26,0.50,628640.000000,0,27,9.5,0.0,0.0,0.0,0.0,0.0,0.0,1.0
76692,0,1,3400,-62,62,8.6,25,26,0.50,699488.000000,0,27,9.5,581,0.0,0.0,0.0,0.0,0.0,1.0
76941,0,1,3400,-62,62,10,26,26,0.50,483072.000000,0,27,8.0,0.0,55200.000000,14,0.0,0.0,0.0,1.0
77190,0,1,3400,-62,62,3.9,25,26,0.50,596000.000000,0,27,7.0,0.0,0.0,0.0,0.0,0.0,0.0,1.0
77439,0,1,3400,-62,62,1.8,25,26,0.50,661824.000000,0,27,7.0,0.0,0.0,0.0,0.0,0.0,0.0,1.0
77688,0,1,3400,-62,62,1.0,24,26,0.50,444640.000000,0,27,7.0,581,0.0,0.0,0.0,0.0,0.0,1.0
77937,0,1,3400,-62,62,8.2,26,26,0.50,646880.000000,0,27,14,0.0,41376.000000,26,0.0,0.0,0.0,1.0
78186,0,1,3400,-62,62,8.8,26,26,0.52,448352.000000,0,27,16,0.0,0.0,0.0,0.0,0.0,0.0,1.0
78435,0,1,3400,-62,62,5.7,25,26,0.50,645312.000000,0,27,16,0.0,0.0,0.0,0.0,0.0,0.0,1.0
78684,0,1,3400,-62,62,7.2,25,26,0.51,516160.000000,0,27,16,581,0.0,0.0,0.0,0.0,0.0,1.0
78933,0,1,3400,-62,62,6.9,24,26,0.50,402624.000000,0,27,15,0.0,47392.000000,15,0.0,0.0,0.0,1.0
79182,0,1,3400,-62,62,5.2,24,26,0.50,376768.000000,0,27,16,0.0,0.0,0.0,0.0,0.0,0.0,1.0
79431,0,1,3400,-62,62,9.3,24,26,0.51,466912.000000,0,27,16,0.0,0.0,0.0,0.0,0.0,0.0,1.0
79680,0,1,3400,-61,61,11,25,26,0.50,428576.000000,0,27,16,581,0.0,0.0,0.0,0.0,0.0,1.0
79929,0,1,3400,-61,61,12,25,26,0.50,494176.000000,0,27,12,0.0,2592.000000,44,0.0,0.0,0.0,1.0
80178,0,1,3400,-61,61,11,25,26,0.50,592576.000000,0,27,12,0.0,0.0,0.0,0.0,0.0,0.0,1.0
80427,0,1,3400,-61,61,4.7,25,26,0.50,539744.000000,0,27,12,0.0,0.0,0.0,0.0,0.0,0.0,1.0
80676,0,1,3400,-61,61,1.2,25,26,0.52,422752.000000,0,27,12,581,0.0,0.0,0.0,0.0,0.0,1.0
80925,0,1,3400,-62,62,6.5,24,26,0.50,559264.000000,0,27,4.2,0.0,32320.000000,0,0.0,0.0,0.0,1.0
81174,0,1,3400,-62,62,11,25,26,0.50,577920.000000,0,27,2.9,0.0,0.0,0.0,0.0,0.0,0.0,1.0
81423,0,1,3400,-62,62,13,24,26,0.50,491136.000000,0,27,2.9,0.0,0.0,0.0,0.0,0.0,0.0,1.0
81672,0,1,3400,-62,62,13,24,26,0.51,290528.000000,0,27,3.0,0.0,0.0,0.0,0.0,0.0,0.0,1.0
81921,0,1,3400,-62,62,10.0,21,25,0.50,109792.000000,0,27,3.7,0.0,36352.000000,0,0.0,0.0,0.0,1.0
82170,0,1,3400,-62,62,11,23,25,0.50,326560.000000,0,27,4.0,0.0,0.0,0.0,0.0,0.0,0.0,1.0
82419,0,1,3400,-62,62,9.6,23,25,0.50,383360.000000,0,27,4.0,0.0,0.0,0.0,0.0,0.0,0.0,1.0
82668,0,1,3400,-62,62,3.8,23,25,0.50,541920.000000,0,27,4.0,581,0.0,0.0,0.0,0.0,0.0,1.0
82917,0,1,3400,-62,62,4.2,23,25,0.50,528576.000000,0,27,7.2,0.0,46848.000000,17,0.0,0.0,0.0,1.0
83166,0,1,3400,-62,62,5.9,23,25,0.54,555840.000000,0.7,27,8.0,0.0,0.0,0.0,0.0,0.0,0.0,1.0
83415,0,1,3400,-62,62,13,23,25,0.51,481760.000000,0,27,8.0,0.0,0.0,0.0,0.0,0.0,0.0,1.0
83664,0,1,3400,-62,62,4.7,22,25,0.50,486976.000000,0,27,8.0,581,0.0,0.0,0.0,0.0,0.0,1.0
83913,0,1,3400,-63,63,4.3,22,25,0.50,469131.468750,0,27,7.5,0.0,33434.261719,21,0.0,0.0,0.0,1.0
84162,0,1,3400,-63,63,10,22,25,0.50,263456.000000,0,27,7.8,0.0,0.0,0.0,0.0,0.0,0.0,1.0
84411,0,1,3400,-63,63,12,22,25,0.50,347456.000000,0,27,7.9,0.0,0.0,0.0,0.0,0.0,0.0,1.0
84660,0,1,3400,-63,63,7.4,22,25,0.51,363968.000000,0,27,7.9,581,0.0,0.0,0.0,0.0,0.0,1.0
84909,0,1,3400,-63,63,15,22,25,0.50,414784.000000,0,27,4.7,0.0,45184.000000,8,0.0,0.0,0.0,1.0
85158,0,1,3400,-63,63,13,22,25,0.50,504768.000000,0,27,4.0,0.0,0.0,0.0,0.0,0.0,0.0,1.0
85407,0,1,3400,-63,63,18,23,25,0.50,522240.000000,0,27,4.0,0.0,0.0,0.0,0.0,0.0,0.0,1.0
85656,0,1,3400,-62,62,12,23,26,0.51,588960.000000,0,27,4.0,581,0.0,0.0,0.0,0.0,0.0,1.0
85905,0,1,3400,-62,62,5.7,24,26,0.50,444672.000000,0,27,4.1,0.0,36352.000000,14,0.0,0.0,0.0,1.0
86154,0,1,3400,-62,62,6.6,24,26,0.50,627360.000000,0,27,3.5,0.0,0.0,0.0,0.0,0.0,0.0,1.0
86403,0,1,3400,-62,62,7.2,25,26,0.50,593184.000000,0,27,3.5,0.0,0.0,0.0,0.0,0.0,0.0,1.0
86652,0,1,3400,-62,62,7.5,24,26,0.50,515104.000000,0,27,3.5,581,0.0,0.0,0.0,0.0,0.0,1.0
86901,0,1,3400,-62,62,11,24,26,0.50,587968.000000,0,27,2.2,0.0,40288.000000,0,0.0,0.0,0.0,1.0
87150,0,1,3400,-62,62,13,24,26,0.51,650816.000000,0,27,2.0,0.0,0.0,0.0,0.0,0.0,0.0,1.0
87399,0,1,3400,-62,62,13,23,26,0.50,626816.000000,0,27,2.1,0.0,0.0,0.0,0.0,0.0,0.0,1.0
87648,0,1,3400,-62,62,14,23,26,0.51,521280.000000,0,27,2.1,581,0.0,0.0,0.0,0.0,0.0,1.0
87897,0,1,3400,-62,62,11,24,26,0.50,606560.000000,0,27,2.2,0.0,29632.000000,0,0.0,0.0,0.0,1.0
88146,0,1,3400,-62,62,16,24,26,0.50,589376.000000,0,27,2.1,0.0,0.0,0.0,0.0,0.0,0.0,1.0
88395,0,1,3400,-62,62,19,23,26,0.51,609792.000000,0,27,2.1,0.0,0.0,0.0,0.0,0.0,0.0,1.0
88644,0,1,3400,-62,62,13,24,26,0.50,616448.000000,0,27,2.0,581,0.0,0.0,0.0,0.0,0.0,1.0
88893,0,1,3400,-62,62,11,24,26,0.50,620608.000000,0,27,2.1,0.0,22752.000000,0,0.0,0.0,0.0,1.0
89142,0,1,3400,-62,62,17,24,26,0.50,573568.000000,0,27,2.1,0.0,0.0,0.0,0.0,0.0,0.0,1.0
89391,0,1,3400,-62,62,15,24,26,0.50,564160.000000,0,27,2.1,0.0,0.0,0.0,0.0,0.0,0.0,1.0
89640,0,1,3400,-62,62,16,24,26,0.50,665568.000000,0,27,2.1,581,0.0,0.0,0.0,0.0,0.0,1.0
89889,0,1,3400,-62,62,14,24,26,0.51,562848.000000,0,27,2.8,0.0,25984.000000,0,0.0,0.0,0.0,1.0
90138,0,1,3400,-62,62,8.8,24,26,0.51,664224.000000,0,27,3.0,0.0,0.0,0.0,0.0,0.0,0.0,1.0
90387,0,1,3400,-62,62,8.2,24,26,0.50,645184.000000,0,27,3.1,0.0,0.0,0.0,0.0,0.0,0.0,1.0
90636,0,1,3400,-62,62,6.6,23,26,0.50,613824.000000,0,27,3.0,581,0.0,0.0,0.0,0.0,0.0,1.0
90885,0,1,3400,-62,62,13,24,26,0.50,598816.000000,0,27,3.2,0.0,31616.000000,0,0.0,0.0,0.0,1.0
91134,0,1,3400,-62,62,15,23,26,0.50,640800.000000,0,27,4.0,0.0,0.0,0.0,0.0,0.0,0.0,1.0
91383,0,1,3400,-62,62,16,24,26,0.50,636992.000000,0,27,4.0,0.0,0.0,0.0,0.0,0.0,0.0,1.0
91632,0,1,3400,-62,62,14,23,25,0.51,548736.000000,0,27,4.0,581,0.0,0.0,0.0,0.0,0.0,1.0
91881,0,1,3400,-63,63,18,22,25,0.51,517888.000000,0,27,1.5,0.0,21536.000000,0,0.0,0.0,0.0,1.0
92130,0,1,3400,-63,63,17,22,25,0.52,474656.000000,0,27,1.1,0.0,0.0,0.0,0.0,0.0,0.0,1.0
92379,0,1,3400,-63,63,9.7,21,25,0.51,821280.000000,0,27,1.1,0.0,0.0,0.0,0.0,0.0,0.0,1.0
92628,0,1,3400,-63,63,8.3,20,25,0.50,651936.000000,0,27,1.1,581,0.0,0.0,0.0,0.0,0.0,1.0
92877,0,1,3400,-64,64,13,20,24,0.50,730240.000000,0,27,0.64,0.0,24928.000000,0,0.0,0.0,0.0,1.0
93126,0,1,3400,-64,64,15,20,24,0.50,893824.000000,0,27,0.056,0.0,0.0,0.0,0.0,0.0,0.0,1.0
93375,0,1,3400,-64,64,12,20,24,0.50,914144.000000,0,27,0.11,0.0,0.0,0.0,0.0,0.0,0.0,1.0
93624,0,1,3400,-63,63,13,20,25,0.50,724864.000000,0,27,0.11,581,0.0,0.0,0.0,0.0,0.0,1.0
93873,0,1,3400,-63,63,7.4,21,25,0.51,832864.000000,0,27,0.080,0.0,22688.000000,0,0.0,0.0,0.0,1.0
94122,0,1,3400,-63,63,9.7,22,25,0.52,890752.000000,0,27,0.14,0.0,0.0,0.0,0.0,0.0,0.0,1.0
94371,0,1,3400,-63,63,11,21,25,0.51,848800.000000,0,27,0.11,0.0,0.0,0.0,0.0,0.0,0.0,1.0
94620,0,1,3400,-63,63,15,20,25,0.50,623264.000000,0,27,0.028,581,0.0,0.0,0.0,0.0,0.0,1.0
94869,0,1,3400,-64,64,14,20,24,0.51,775072.000000,0,27,7.0,55,0.0,80,0.0,0.0,0.0,1.0
95118,0,1,3400,-64,64,14,19,24,0.50,611872.000000,0,27,4.2,0.0,2336.000000,0,0.0,0.0,0.0,1.0
95367,0,1,3400,-64,64,20,20,24,0.50,910496.000000,0,27,0.50,0.0,0.0,0.0,0.0,0.0,0.0,1.0
95616,0,1,3400,-64,64,15,20,24,0.50,631072.000000,0,27,0.58,0.0,0.0,0.0,0.0,0.0,0.0,1.0
95865,0,1,3400,-64,64,16,20,24,0.50,696192.000000,0,27,1.2,0.0,31616.000000,0,0.0,0.0,0.0,1.0
96114,0,1,3400,-64,64,22,20,24,0.50,824736.000000,0,27,1.1,0.0,0.0,0.0,0.0,0.0,0.0,1.0
96363,0,1,3400,-64,64,17,20,24,0.50,882400.000000,0,27,1.1,0.0,0.0,0.0,0.0,0.0,0.0,1.0
96612,0,1,3400,-64,64,17,20,24,0.50,1114624.000000,0,27,1.1,581,0.0,0.0,0.0,0.0,0.0,1.0
96861,0,1,3400,-65,65,14,20,23,0.50,603104.000000,0,27,13,0.0,33792.000000,21,0.0,0.0,0.0,1.0
97110,0,1,3400,-65,65,15,20,23,0.50,610880.000000,0,27,16,0.0,0.0,0.0,0.0,0.0,0.0,1.0
97359,0,1,3400,-65,65,12,20,23,0.50,467136.000000,0,27,16,0.0,0.0,0.0,0.0,0.0,0.0,1.0
97608,0,1,3400,-64,64,17,20,24,0.50,465440.000000,0,27,16,581,0.0,0.0,0.0,0.0,0.0,1.0
97857,0,1,3400,-64,64,13,20,24,0.50,497920.000000,0,27,1.9,0.0,31584.000000,0,0.0,0.0,0.0,1.0
98106,0,1,3400,-64,64,11,20,24,0.51,612128.000000,0,27,0.22,0.0,0.0,0.0,0.0,0.0,0.0,1.0
98355,0,1,3400,-64,64,15,18,24,0.50,506784.000000,0,27,0.11,0.0,0.0,0.0,0.0,0.0,0.0,1.0
98604,0,1,3400,-64,64,18,20,24,0.50,530816.000000,0,27,0.17,581,0.0,0.0,0.0,0.0,0.0,1.0
98853,0,1,3400,-64,64,20,19,24,0.50,531155.375000,0,27,0.85,0.0,26836.654297,0,0.0,0.0,0.0,1.0
99102,0,1,3400,-64,64,18,20,24,0.50,520931.718750,0,27,1.1,0.0,0.0,0.0,0.0,0.0,0.0,1.0
99351,0,1,3400,-64,64,13,20,24,0.51,525472.000000,0,27,1.1,0.0,0.0,0.0,0.0,0.0,0.0,1.0
99600,0,1,3400,-64,64,22,19,23,0.50,660800.000000,0,27,1.0,581,0.0,0.0,0.0,0.0,0.0,1.0
99849,0,1,3400,-65,65,22,20,23,0.50,791136.000000,0,27,1.0,0.0,28096.000000,0,0.0,0.0,0.0,1.0
100098,0,1,3400,-65,65,20,20,23,0.50,971232.000000,0,27,1.1,0.0,0.0,0.0,0.0,0.0,0.0,1.0
100347,0,1,3400,-65,65,21,20,23,0.51,958592.000000,0,27,1.0,0.0,0.0,0.0,0.0,0.0,0.0,1.0
100596,0,1,3400,-65,65,15,19,23,0.51,755200.000000,0,27,1.1,581,0.0,0.0,0.0,0.0,0.0,1.0
100845,0,1,3400,-65,65,16,20,23,0.50,527840.000000,0,27,1.7,0.0,35584.000000,0,0.0,0.0,0.0,1.0
101094,0,1,3400,-65,65,16,19,23,0.50,786208.000000,0,27,2.1,0.0,0.0,0.0,0.0,0.0,0.0,1.0
101343,0,1,3400,-65,65,9.8,20,23,0.50,638176.000000,0,27,5.3,0.0,5152.000000,33,0.0,0.0,0.0,1.0
101592,0,1,3400,-65,65,16,18,22,0.50,493728.000000,0,27,11,581,0.0,0.0,0.0,0.0,0.0,1.0
101841,0,1,3400,-66,66,18,18,22,0.50,437280.000000,0,27,1.3,0.0,27136.000000,0,0.0,0.0,0.0,1.0
102090,0,1,3400,-66,66,24,18,22,0.51,572544.000000,0,27,0.17,0.0,0.0,0.0,0.0,0.0,0.0,1.0
102339,0,1,3400,-66,66,29,18,22,0.50,727904.000000,0,27,0.056,0.0,0.0,0.0,0.0,0.0,0.0,1.0
102588,0,1,3400,-66,66,22,18,22,0.51,414560.000000,0,27,0.028,581,0.0,0.0,0.0,0.0,0.0,1.0
102837,0,1,3400,-67,67,14,18,22,0.50,668768.000000,0,27,1.6,0.0,28800.000000,0,0.0,0.0,0.0,1.0
103086,0,1,3400,-67,67,17,18,21,0.51,537824.000000,0,27,2.0,0.0,0.0,0.0,0.0,0.0,0.0,1.0
103335,0,1,3400,-67,67,21,18,21,0.50,743680.000000,0,27,2.1,0.0,0.0,0.0,0.0,0.0,0.0,1.0
103584,0,1,3400,-67,67,21,17,21,0.50,587968.000000,0,27,2.0,581,0.0,0.0,0.0,0.0,0.0,1.0
103833,0,1,3400,-67,67,12,18,21,0.51,578176.000000,0,27,14,0.0,2592.000000,44,0.0,0.0,0.0,1.0
104082,0,1,3400,-67,67,13,18,21,0.51,691328.000000,0,27,16,0.0,0.0,0.0,0.0,0.0,0.0,1.0
104331,0,1,3400,-67,67,14,18,21,0.51,761376.000000,0,27,16,0.0,0.0,0.0,0.0,0.0,0.0,1.0
104580,0,1,3400,-67,67,16,18,21,0.50,677568.000000,0,27,16,581,0.0,0.0,0.0,0.0,0.0,1.0
104829,0,1,3400,-67,67,19,18,21,0.50,577920.000000,0,27,2.2,0.0,25024.000000,0,0.0,0.0,0.0,1.0
105078,0,1,3400,-67,67,23,18,21,0.50,634240.000000,0,27,0.14,0.0,0.0,0.0,0.0,0.0,0.0,1.0
105327,0,1,3400,-67,67,21,17,21,0.50,725888.000000,0,27,0.084,0.0,0.0,0.0,0.0,0.0,0.0,1.0
105576,0,1,3400,-67,67,18,18,21,0.51,832736.000000,0,27,0.056,581,0.0,0.0,0.0,0.0,0.0,1.0
105825,0,1,3400,-67,67,23,18,21,0.50,650528.000000,0,27,8.2,0.0,39360.000000,44,0.0,0.0,0.0,1.0
106074,0,1,3400,-67,67,21,17,21,0.51,601984.000000,0,27,9.0,0.0,0.0,0.0,0.0,0.0,0.0,1.0
106323,0,1,3400,-67,67,15,17,21,0.51,376032.000000,0.6,27,9.0,0.0,0.0,0.0,0.0,0.0,0.0,1.0
106572,0,1,3400,-67,67,17,18,21,0.50,592160.000000,0,27,9.0,581,0.0,0.0,0.0,0.0,0.0,1.0
106821,0,1,3400,-67,67,18,17,21,0.50,538976.000000,0,27,1.1,0.0,23872.000000,0,0.0,0.0,0.0,1.0
107070,0,1,3400,-67,67,22,18,21,0.50,515392.000000,0,27,0.0,0.0,0.0,0.0,0.0,0.0,0.0,1.0
107319,0,1,3400,-67,67,22,18,21,0.51,838912.000000,0,27,0.0,0.0,0.0,0.0,0.0,0.0,0.0,1.0
107568,0,1,3400,-67,67,20,18,21,0.50,625504.000000,0,27,0.0,581,0.0,0.0,0.0,0.0,0.0,1.0
107817,0,1,3400,-67,67,18,18,21,0.52,626208.000000,0.6,27,0.10,0.0,25216.000000,0,0.0,0.0,0.0,1.0
108066,0,1,3400,-67,67,22,18,21,0.51,520160.000000,0,27,0.0,0.0,0.0,0.0,0.0,0.0,0.0,1.0
108315,0,1,3400,-67,67,18,18,21,0.51,715808.000000,0,27,0.0,0.0,0.0,0.0,0.0,0.0,0.0,1.0
108564,0,1,3400,-67,67,15,18,21,0.50,659968.000000,0,27,0.0,581,0.0,0.0,0.0,0.0,0.0,1.0
108813,0,1,3400,-67,67,13,18,21,0.50,593408.000000,0,27,0.86,0.0,26528.000000,0,0.0,0.0,0.0,1.0
109062,0,1,3400,-67,67,23,18,21,0.50,769984.000000,0,27,1.0,0.0,0.0,0.0,0.0,0.0,0.0,1.0
109311,0,1,3400,-67,67,18,18,21,0.50,733792.000000,0,27,1.0,0.0,0.0,0.0,0.0,0.0,0.0,1.0
109560,0,1,3400,-67,67,12,18,21,0.50,585440.000000,0,27,1.0,581,0.0,0.0,0.0,0.0,0.0,1.0
109809,0,1,3400,-67,67,21,17,21,0.51,512608.000000,0,27,6.9,0.0,2592.000000,44,0.0,0.0,0.0,1.0
110058,0,1,3400,-67,67,17,18,21,0.51,687392.000000,0,27,7.8,0.0,0.0,0.0,0.0,0.0,0.0,1.0
110307,0,1,3400,-67,67,23,17,21,0.51,706304.000000,0,27,7.8,0.0,0.0,0.0,0.0,0.0,0.0,1.0
110556,0,1,3400,-67,67,17,17,21,0.50,601408.000000,0,27,7.8,581,0.0,0.0,0.0,0.0,0.0,1.0
110805,0,1,3400,-68,68,16,15,20,0.50,452960.000000,0,27,0.50,0.0,27616.000000,0,0.0,0.0,0.0,1.0
111054,0,1,3400,-68,68,23,15,20,0.50,437216.000000,0,27,0.032,0.0,0.0,0.0,0.0,0.0,0.0,1.0
111303,0,1,3400,-68,68,20,15,20,0.50,523328.000000,0,27,0.040,0.0,0.0,0.0,0.0,0.0,0.0,1.0
111552,0,1,3400,-68,68,17,17,20,0.51,778016.000000,0,27,0.024,581,0.0,0.0,0.0,0.0,0.0,1.0
111801,0,1,3400,-68,68,19,15,20,0.50,487776.000000,0,27,0.044,0.0,28640.000000,0,0.0,0.0,0.0,1.0
112050,0,1,3400,-68,68,21,16,20,0.50,584224.000000,0,27,0.024,0.0,0.0,0.0,0.0,0.0,0.0,1.0
112299,0,1,3400,-68,68,26,16,20,0.50,730784.000000,0,27,0.016,0.0,0.0,0.0,0.0,0.0,0.0,1.0
112548,0,1,3400,-67,67,21,15,21,0.50,484512.000000,0,27,0.040,581,0.0,0.0,0.0,0.0,0.0,1.0
112797,0,1,3400,-67,67,21,17,21,0.50,712000.000000,0,27,0.096,0.0,17664.000000,0,0.0,0.0,0.0,1.0
113046,0,1,3400,-67,67,21,18,21,0.51,705984.000000,0,27,0.016,0.0,0.0,0.0,0.0,0.0,0.0,1.0
113295,0,1,3400,-67,67,21,18,21,0.51,702400.000000,0,27,0.0,0.0,0.0,0.0,0.0,0.0,0.0,1.0
113544,0,1,3400,-67,67,19,17,21,0.50,613056.000000,0,27,0.0,581,0.0,0.0,0.0,0.0,0.0,1.0
113793,0,1,3400,-67,67,20,17,21,0.51,581248.000000,0,27,10,0.0,2592.000000,44,0.0,0.0,0.0,1.0
114042,0,1,3400,-67,67,17,17,21,0.51,630816.000000,0,27,12,0.0,0.0,0.0,0.0,0.0,0.0,1.0
114291,0,1,3400,-67,67,17,17,21,0.51,707968.000000,0,27,12,0.0,0.0,0.0,0.0,0.0,0.0,1.0
114540,0,1,3400,-67,67,17,16,21,0.51,514016.000000,0,27,12,581,0.0,0.0,0.0,0.0,0.0,1.0
114789,0,1,3400,-67,67,20,17,21,0.51,652320.000000,0,27,4.4,0.0,37632.000000,0,0.0,0.0,0.0,1.0
115038,0,1,3400,-67,67,20,18,21,0.51,790304.000000,0,27,2.0,0.0,0.0,0.0,0.0,0.0,0.0,1.0
115287,0,1,3400,-67,67,22,17,21,0.50,723744.000000,0,27,2.0,0.0,0.0,0.0,0.0,0.0,0.0,1.0
115536,0,1,3400,-67,67,19,17,21,0.50,672128.000000,0,27,2.0,581,0.0,0.0,0.0,0.0,0.0,1.0
115785,0,1,3400,-67,67,18,17,21,0.50,666400.000000,0,27,6.8,0.0,34560.000000,19,0.0,0.0,0.0,1.0
116034,0,1,3400,-67,67,17,18,21,0.51,883840.000000,0,27,8.0,0.0,0.0,0.0,0.0,0.0,0.0,1.0
116283,0,1,3400,-67,67,21,18,21,0.50,733984.000000,0,27,8.0,0.0,0.0,0.0,0.0,0.0,0.0,1.0
116532,0,1,3400,-67,67,17,18,21,0.50,815040.000000,0,27,8.0,581,0.0,0.0,0.0,0.0,0.0,1.0
116781,0,1,3400,-67,67,11,18,21,0.50,828128.000000,0,27,1.7,0.0,28096.000000,0,0.0,0.0,0.0,1.0
117030,0,1,3400,-67,67,21,18,21,0.50,917760.000000,0,27,1.0,0.0,0.0,0.0,0.0,0.0,0.0,1.0
117279,0,1,3400,-67,67,29,18,21,0.50,866176.000000,0,27,1.0,0.0,0.0,0.0,0.0,0.0,0.0,1.0
117528,0,1,3400,-67,67,22,18,21,0.50,906912.000000,0,27,1.0,581,0.0,0.0,0.0,0.0,0.0,1.0
117777,0,1,3400,-67,67,20,18,22,0.50,901984.000000,0,27,0.30,0.0,17824.000000,0,0.0,0.0,0.0,1.0
118026,0,1,3400,-67,67,25,18,22,0.50,991968.000000,0,27,0.0080,0.0,0.0,0.0,0.0,0.0,0.0,1.0
118275,0,1,3400,-67,67,24,18,22,0.50,961376.000000,0,27,0.0080,0.0,0.0,0.0,0.0,0.0,0.0,1.0
118524,0,1,3400,-67,67,22,18,22,0.50,978208.000000,0,27,0.016,581,0.0,0.0,0.0,0.0,0.0,1.0
118773,0,1,3400,-67,67,18,18,22,0.50,923456.000000,0,27,6.9,0.0,2592.000000,44,0.0,0.0,0.0,1.0
119022,0,1,3400,-67,67,23,18,22,0.50,895072.000000,0,27,7.9,0.0,0.0,0.0,0.0,0.0,0.0,1.0
119271,0,1,3400,-67,67,24,18,22,0.50,912768.000000,0,27,7.9,0.0,0.0,0.0,0.0,0.0,0.0,1.0
119520,0,1,3400,-66,66,17,18,22,0.50,964864.000000,0,27,7.9,581,0.0,0.0,0.0,0.0,0.0,1.0
119769,0,1,3400,-66,66,23,19,22,0.50,944224.000000,0,27,0.68,0.0,38528.000000,0,0.0,0.0,0.0,1.0
120018,0,1,3400,-66,66,22,19,23,0.50,1069664.000000,0,27,0.0,0.0,0.0,0.0,0.0,0.0,0.0,1.0
120267,0,1,3400,-66,66,13,20,23,0.50,1128608.000000,0,27,0.032,0.0,0.0,0.0,0.0,0.0,0.0,1.0
120516,0,1,3400,-65,65,11,20,23,0.50,1148128.000000,0,27,0.016,581,0.0,0.0,0.0,0.0,0.0,1.0
120765,0,1,3400,-65,65,18,21,24,0.50,1645728.000000,0,27,0.072,0.0,24224.000000,0,0.0,0.0,0.0,1.0
121014,0,1,3400,-65,65,19,21,24,0.50,1889600.000000,0,27,0.0080,0.0,0.0,0.0,0.0,0.0,0.0,1.0
121263,0,1,3400,-65,65,18,21,24,0.50,1831232.000000,0,27,0.0,0.0,0.0,0.0,0.0,0.0,0.0,1.0
121512,0,1,3400,-65,65,21,21,24,0.51,1974944.000000,0,27,0.0,581,0.0,0.0,0.0,0.0,0.0,1.0
121761,0,1,3400,-65,65,20,20,24,0.50,1535456.000000,0,27,14,0.0,112608.000000,44,0.0,0.0,0.0,1.0
122010,0,1,3400,-65,65,17,21,24,0.50,1744896.000000,0,27,16,0.0,0.0,0.0,0.0,0.0,0.0,1.0
122259,0,1,3400,-65,65,22,21,24,0.50,1783552.000000,0,27,16,0.0,0.0,0.0,0.0,0.0,0.0,1.0
122508,0,1,3400,-65,65,19,19,24,0.50,991424.000000,0,27,16,581,0.0,0.0,0.0,0.0,0.0,1.0
122757,0,1,3400,-65,65,22,19,24,0.50,990624.000000,0,27,14,0.0,47360.000000,38,0.0,0.0,0.0,1.0
123006,0,1,3400,-65,65,28,19,24,0.53,970560.000000,0.6,27,15,0.0,0.0,0.0,0.0,0.0,0.0,1.0
123255,0,1,3400,-65,65,25,19,23,0.50,993248.000000,0,27,15,0.0,0.0,0.0,0.0,0.0,0.0,1.0
123504,0,1,3400,-65,65,24,20,23,0.50,993024.000000,0,27,15,581,0.0,0.0,0.0,0.0,0.0,1.0
123753,0,1,3400,-66,66,24,19,23,0.50,981760.000000,0,27,7.6,0.0,63200.000000,8,0.0,0.0,0.0,1.0
124002,0,1,3400,-66,66,24,19,23,0.50,981504.000000,0,27,8.0,0.0,0.0,0.0,0.0,0.0,0.0,1.0
124251,0,1,3400,-66,66,19,19,23,0.50,991520.000000,0,27,8.0,0.0,0.0,0.0,0.0,0.0,0.0,1.0
124500,0,1,3400,-66,66,18,20,23,0.50,985376.000000,0,27,7.9,581,0.0,0.0,0.0,0.0,0.0,1.0
124749,0,1,3400,-66,66,24,19,23,0.50,983616.000000,0,27,7.5,55,0.0,80,0.0,0.0,0.0,1.0
124998,0,1,3400,-66,66,25,19,23,0.50,987840.000000,0,27,5.8,0.0,3392.000000,0,0.0,0.0,0.0,1.0
125247,0,1,3400,-66,66,24,19,23,0.50,975552.000000,0,27,4.5,0.0,0.0,0.0,0.0,0.0,0.0,1.0
125496,0,1,3400,-65,65,23,20,23,0.50,998208.000000,0,27,4.5,581,0.0,0.0,0.0,0.0,0.0,1.0
125745,0,1,3400,-65,65,21,20,23,0.50,767904.000000,0,27,7.3,0.0,26176.000000,31,0.0,0.0,0.0,1.0
125994,0,1,3400,-65,65,21,20,24,0.50,1206752.000000,0,27,7.9,0.0,0.0,0.0,0.0,0.0,0.0,1.0
126243,0,1,3400,-65,65,26,19,23,0.50,995904.000000,0,27,7.9,0.0,0.0,0.0,0.0,0.0,0.0,1.0
126492,0,1,3400,-65,65,24,19,23,0.50,976992.000000,0,27,7.9,581,0.0,0.0,0.0,0.0,0.0,1.0
126741,0,1,3400,-66,66,27,20,23,0.53,987104.000000,0.5,27,12,0.0,51456.000000,21,0.0,0.0,0.0,1.0
126990,0,1,3400,-66,66,20,19,23,0.55,975136.000000,0.6,27,14,0.0,0.0,0.0,0.0,0.0,0.0,1.0
127239,0,1,3400,-66,66,22,19,22,0.50,991904.000000,0,27,14,0.0,0.0,0.0,0.0,0.0,0.0,1.0
127488,0,1,3400,-66,66,23,19,23,0.50,989056.000000,0,27,14,581,0.0,0.0,0.0,0.0,0.0,1.0
127737,0,1,3400,-66,66,24,18,23,0.50,982624.000000,0,27,14,0.0,105600.000000,14,0.0,0.0,0.0,1.0
127986,0,1,3400,-66,66,24,19,22,0.50,992256.000000,0,27,15,0.0,0.0,0.0,0.0,0.0,0.0,1.0
128235,0,1,3400,-66,66,24,19,23,0.50,991360.000000,0,27,15,0.0,0.0,0.0,0.0,0.0,0.0,1.0
128484,0,1,3400,-65,65,22,19,23,0.50,936896.000000,0,27,15,581,0.0,0.0,0.0,0.0,0.0,1.0
128733,0,1,3400,-65,65,22,19,24,0.50,1042048.000000,0,27,12,0.0,18080.000000,55,0.0,0.0,0.0,1.0
128982,0,1,3400,-65,65,22,20,24,0.50,868992.000000,0,27,12,0.0,0.0,0.0,0.0,0.0,0.0,1.0
129231,0,1,3400,-65,65,23,20,24,0.50,1088192.000000,0,27,12,0.0,0.0,0.0,0.0,0.0,0.0,1.0
129480,0,1,3400,-65,65,25,20,23,0.51,950528.000000,0,27,12,581,0.0,0.0,0.0,0.0,0.0,1.0
129729,0,1,3400,-66,66,23,20,23,0.50,1031648.000000,0,27,14,0.0,75936.000000,60,0.0,0.0,0.0,1.0
129978,0,1,3400,-66,66,22,19,23,0.50,983104.000000,0,27,16,0.0,0.0,0.0,0.0,0.0,0.0,1.0
130227,0,1,3400,-66,66,24,19,23,0.50,988160.000000,0,27,16,0.0,0.0,0.0,0.0,0.0,0.0,1.0
130476,0,1,3400,-66,66,21,20,23,0.50,959552.000000,0,27,16,581,0.0,0.0,0.0,0.0,0.0,1.0
130725,0,1,3400,-66,66,22,19,23,0.50,1008896.000000,0,27,9.4,0.0,3616.000000,44,0.0,0.0,0.0,1.0
130974,0,1,3400,-66,66,21,19,23,0.50,986112.000000,0,27,9.0,0.0,0.0,0.0,0.0,0.0,0.0,1.0
131223,0,1,3400,-66,66,26,19,23,0.53,986720.000000,0.6,27,8.9,0.0,0.0,0.0,0.0,0.0,0.0,1.0
131472,0,1,3400,-66,66,20,19,23,0.50,974368.000000,0,27,8.9,581,0.0,0.0,0.0,0.0,0.0,1.0
131721,0,1,3400,-66,66,19,19,23,0.53,996128.000000,0.6,27,13,0.0,61696.000000,16,0.0,0.0,0.0,1.0
131970,0,1,3400,-66,66,26,19,23,0.50,859744.000000,0,27,15,0.0,0.0,0.0,0.0,0.0,0.0,1.0
132219,0,1,3400,-66,66,30,20,23,0.50,1117216.000000,0,27,15,0.0,0.0,0.0,0.0,0.0,0.0,1.0
132468,0,1,3400,-66,66,27,20,23,0.50,985024.000000,0,27,15,581,0.0,0.0,0.0,0.0,0.0,1.0
132717,0,1,3400,-66,66,20,19,23,0.50,981984.000000,0,27,9.1,0.0,3616.000000,44,0.0,0.0,0.0,1.0
132966,0,1,3400,-66,66,19,19,23,0.50,990080.000000,0,27,9.0,0.0,0.0,0.0,0.0,0.0,0.0,1.0
133215,0,1,3400,-66,66,19,20,23,0.53,980448.000000,0.6,27,9.1,0.0,0.0,0.0,0.0,0.0,0.0,1.0
133464,0,1,3400,-66,66,21,19,23,0.50,979168.000000,0,27,9.1,581,0.0,0.0,0.0,0.0,0.0,1.0
133713,0,1,3400,-67,67,25,18,22,0.50,856192.000000,0,27,7.8,0.0,46752.000000,6,0.0,0.0,0.0,1.0
133962,0,1,3400,-67,67,26,19,22,0.59,1102816.000000,0.5,27,8.1,0.0,0.0,0.0,0.0,0.0,0.0,1.0
134211,0,1,3400,-67,67,25,19,22,0.50,1009120.000000,0,27,8.0,0.0,0.0,0.0,0.0,0.0,0.0,1.0
134460,0,1,3400,-66,66,26,19,22,0.50,992480.000000,0,27,8.0,581,0.0,0.0,0.0,0.0,0.0,1.0
134709,0,1,3400,-66,66,26,19,23,0.51,984640.000000,0,27,8.4,0.0,80992.000000,16,0.0,0.0,0.0,1.0
134958,0,1,3400,-66,66,23,19,23,0.50,987680.000000,0,27,8.5,0.0,0.0,0.0,0.0,0.0,0.0,1.0
135207,0,1,3400,-66,66,17,19,23,0.51,991232.000000,0,27,8.5,0.0,0.0,0.0,0.0,0.0,0.0,1.0
135456,0,1,3400,-66,66,18,19,23,0.50,985600.000000,0,27,8.5,581,0.0,0.0,0.0,0.0,0.0,1.0
135705,0,1,3400,-66,66,21,20,23,0.50,979840.000000,0,27,15,0.0,18080.000000,44,0.0,0.0,0.0,1.0
135954,0,1,3400,-66,66,24,20,23,0.52,978752.000000,0.6,27,15,0.0,0.0,0.0,0.0,0.0,0.0,1.0
136203,0,1,3400,-66,66,26,19,23,0.50,984640.000000,0,27,15,0.0,0.0,0.0,0.0,0.0,0.0,1.0
136452,0,1,3400,-66,66,15,18,22,0.50,989920.000000,0,27,15,581,0.0,0.0,0.0,0.0,0.0,1.0
136701,0,1,3400,-67,67,18,18,22,0.50,990720.000000,0,27,8.1,0.0,48672.000000,8,0.0,0.0,0.0,1.0
136950,0,1,3400,-67,67,24,18,22,0.50,990656.000000,0,27,8.0,0.0,0.0,0.0,0.0,0.0,0.0,1.0
137199,0,1,3400,-67,67,30,18,22,0.50,997728.000000,0,27,8.0,0.0,0.0,0.0,0.0,0.0,0.0,1.0
137448,0,1,3400,-67,67,29,18,22,0.50,985344.000000,0,27,8.1,581,0.0,0.0,0.0,0.0,0.0,1.0
137697,0,1,3400,-67,67,22,18,22,0.50,848064.000000,0,27,8.6,0.0,116160.000000,22,0.0,0.0,0.0,1.0
137946,0,1,3400,-67,67,22,18,22,0.50,1120640.000000,0,27,8.0,0.0,0.0,0.0,0.0,0.0,0.0,1.0
138195,0,1,3400,-67,67,26,18,21,0.51,1002400.000000,0,27,8.0,0.0,0.0,0.0,0.0,0.0,0.0,1.0
138444,0,1,3400,-67,67,27,18,21,0.50,981216.000000,0,27,8.0,581,0.0,0.0,0.0,0.0,0.0,1.0
138693,0,1,3400,-68,68,29,17,21,0.50,985280.000000,0,27,12,0.0,36416.000000,0,0.0,0.0,0.0,1.0
138942,0,1,3400,-68,68,28,17,21,0.51,995072.000000,0,27,12,0.0,0.0,0.0,0.0,0.0,0.0,1.0
139191,0,1,3400,-68,68,27,16,21,0.50,995040.000000,0,27,12,0.0,0.0,0.0,0.0,0.0,0.0,1.0
139440,0,1,3400,-68,68,22,16,21,0.50,978912.000000,0,27,12,581,0.0,0.0,0.0,0.0,0.0,1.0
139689,0,1,3400,-69,69,24,17,20,0.50,1000192.000000,0,27,2.2,0.0,37984.000000,15,0.0,0.0,0.0,1.0
139938,0,1,3400,-69,69,27,17,20,0.50,980448.000000,0,27,0.0,0.0,0.0,0.0,0.0,0.0,0.0,1.0
140187,0,1,3400,-69,69,24,17,20,0.51,986048.000000,0,27,0.0,0.0,0.0,0.0,0.0,0.0,0.0,1.0
140436,0,1,3400,-68,68,24,17,21,0.50,1003520.000000,0,27,0.0,581,0.0,0.0,0.0,0.0,0.0,1.0
140685,0,1,3400,-68,68,28,17,21,0.51,995136.000000,0,27,6.8,0.0,64416.000000,14,0.0,0.0,0.0,1.0
140934,0,1,3400,-68,68,23,18,21,0.50,996448.000000,0,27,8.0,0.0,0.0,0.0,0.0,0.0,0.0,1.0
141183,0,1,3400,-68,68,23,18,21,0.50,985600.000000,0,27,8.0,0.0,0.0,0.0,0.0,0.0,0.0,1.0
141432,0,1,3400,-67,67,28,18,22,0.50,986304.000000,0,27,7.9,581,0.0,0.0,0.0,0.0,0.0,1.0
141681,0,1,3400,-67,67,28,18,22,0.50,992384.000000,0,27,15,0.0,18048.000000,36,0.0,0.0,0.0,1.0
141930,0,1,3400,-67,67,24,17,22,0.50,931072.000000,0,27,16,0.0,0.0,0.0,0.0,0.0,0.0,1.0
142179,0,1,3400,-67,67,21,18,22,0.50,1043616.000000,0,27,16,0.0,0.0,0.0,0.0,0.0,0.0,1.0
142428,0,1,3400,-66,66,25,19,22,0.51,987456.000000,0,27,16,581,0.0,0.0,0.0,0.0,0.0,1.0
142677,0,1,3400,-66,66,23,19,23,0.50,989184.000000,0,27,6.2,0.0,132416.000000,14,0.0,0.0,0.0,1.0
142926,0,1,3400,-66,66,23,19,23,0.50,991104.000000,0,27,4.5,0.0,0.0,0.0,0.0,0.0,0.0,1.0
143175,0,1,3400,-66,66,17,20,23,0.50,990880.000000,0,27,4.5,0.0,0.0,0.0,0.0,0.0,0.0,1.0
143424,0,1,3400,-65,65,23,19,23,0.50,983040.000000,0,27,4.5,581,0.0,0.0,0.0,0.0,0.0,1.0
143673,0,1,3400,-65,65,22,20,24,0.50,990272.000000,0,27,4.0,0.0,20928.000000,0,0.0,0.0,0.0,1.0
143922,0,1,3400,-65,65,24,19,24,0.50,986944.000000,0,27,4.0,0.0,0.0,0.0,0.0,0.0,0.0,1.0
144171,0,1,3400,-65,65,27,20,24,0.50,991968.000000,0,27,4.0,0.0,0.0,0.0,0.0,0.0,0.0,1.0
144420,0,1,3400,-64,64,25,20,24,0.50,957728.000000,0,27,4.0,581,0.0,0.0,0.0,0.0,0.0,1.0
144669,0,1,3400,-64,64,24,20,25,0.50,1008512.000000,0,27,11,0.0,18080.000000,44,0.0,0.0,0.0,1.0
144918,0,1,3400,-64,64,24,20,25,0.50,935840.000000,0,27,12,0.0,0.0,0.0,0.0,0.0,0.0,1.0
145167,0,1,3400,-64,64,24,21,25,0.50,1034272.000000,0,27,12,0.0,0.0,0.0,0.0,0.0,0.0,1.0
145416,0,1,3400,-64,64,18,20,25,0.51,981856.000000,0,27,12,581,0.0,0.0,0.0,0.0,0.0,1.0
145665,0,1,3400,-64,64,20,20,25,0.50,988512.000000,0,27,14,0.0,58336.000000,19,0.0,0.0,0.0,1.0
145914,0,1,3400,-64,64,22,20,25,0.50,989280.000000,0,27,16,0.0,0.0,0.0,0.0,0.0,0.0,1.0
146163,0,1,3400,-64,64,22,20,25,0.50,990112.000000,0,27,16,0.0,0.0,0.0,0.0,0.0,0.0,1.0
146412,0,1,3400,-64,64,23,20,24,0.54,896352.000000,0.6,27,16,0.0,0.0,0.0,0.0,0.0,0.0,1.0
146661,0,1,3400,-65,65,21,20,24,0.50,326848.000000,0,27,14,0.0,79552.000000,27,0.0,0.0,0.0,1.0
146910,0,1,3400,-65,65,23,20,24,0.50,425472.000000,0,27,14,0.0,0.0,0.0,0.0,0.0,0.0,1.0
147159,0,1,3400,-65,65,33,20,24,0.50,400928.000000,0,27,14,0.0,0.0,0.0,0.0,0.0,0.0,1.0
147408,0,1,3400,-64,64,33,20,24,0.50,355648.000000,0,27,14,0.0,0.0,0.0,0.0,0.0,0.0,1.0
147657,0,1,3400,-64,64,29,20,24,0.50,360576.000000,0,27,5.0,0.0,53184.000000,0,0.0,0.0,0.0,1.0
147906,0,1,3400,-64,64,30,20,24,0.50,372192.000000,0,27,2.0,0.0,0.0,0.0,0.0,0.0,0.0,1.0
148155,0,1,3400,-64,64,25,20,24,0.50,396000.000000,0,27,2.0,0.0,0.0,0.0,0.0,0.0,0.0,1.0
148404,0,1,3400,-64,64,18,20,24,0.50,298752.000000,0,27,2.0,581,0.0,0.0,0.0,0.0,0.0,1.0
148653,0,1,3400,-64,64,22,20,24,0.50,371840.000000,0,27,2.8,0.0,43008.000000,0,0.0,0.0,0.0,1.0
148902,0,1,3400,-64,64,27,21,24,0.51,468416.000000,0,27,3.0,0.0,0.0,0.0,0.0,0.0,0.0,1.0
149151,0,1,3400,-64,64,33,21,24,0.51,451808.000000,0,27,3.0,0.0,0.0,0.0,0.0,0.0,0.0,1.0
149400,0,1,3400,-64,64,28,21,24,0.50,421152.000000,0,27,3.0,581,0.0,0.0,0.0,0.0,0.0,1.0
149649,0,1,3400,-64,64,27,21,25,0.50,410592.000000,0,27,2.3,0.0,20320.000000,0,0.0,0.0,0.0,1.0
149898,0,1,3400,-64,64,17,21,25,0.50,485504.000000,0,27,2.0,0.0,0.0,0.0,0.0,0.0,0.0,1.0
150147,0,1,3400,-64,64,17,22,25,0.50,499840.000000,0,27,2.0,0.0,0.0,0.0,0.0,0.0,0.0,1.0
150396,0,1,3400,-64,64,25,22,25,0.51,506016.000000,0,27,2.0,581,0.0,0.0,0.0,0.0,0.0,1.0
150645,0,1,3400,-64,64,23,21,25,0.50,440896.000000,0,27,9.0,0.0,5280.000000,44,0.0,0.0,0.0,1.0
150894,0,1,3400,-64,64,28,22,25,0.50,481472.000000,0,27,10.0,0.0,0.0,0.0,0.0,0.0,0.0,1.0
151143,0,1,3400,-64,64,30,22,25,0.50,468192.000000,0,27,9.9,0.0,0.0,0.0,0.0,0.0,0.0,1.0
151392,0,1,3400,-64,64,28,21,24,0.50,461504.000000,0,27,10,581,0.0,0.0,0.0,0.0,0.0,1.0
151641,0,1,3400,-65,65,23,21,24,0.50,345376.000000,0,27,4.3,0.0,20928.000000,0,0.0,0.0,0.0,1.0
151890,0,1,3400,-65,65,27,21,24,0.50,494048.000000,0,27,4.0,0.0,0.0,0.0,0.0,0.0,0.0,1.0
152139,0,1,3400,-65,65,29,21,24,0.50,357568.000000,0,27,3.9,0.0,0.0,0.0,0.0,0.0,0.0,1.0
152388,0,1,3400,-65,65,24,21,24,0.50,474080.000000,0,27,4.0,581,0.0,0.0,0.0,0.0,0.0,1.0
152637,0,1,3400,-65,65,21,21,24,0.50,376160.000000,0,27,11,0.0,36416.000000,0,0.0,0.0,0.0,1.0
152886,0,1,3400,-65,65,24,21,24,0.50,392704.000000,0,27,12,0.0,0.0,0.0,0.0,0.0,0.0,1.0
153135,0,1,3400,-65,65,25,21,24,0.50,361632.000000,0,27,12,0.0,0.0,0.0,0.0,0.0,0.0,1.0
153384,0,1,3400,-64,64,26,21,24,0.50,446432.000000,0,27,12,581,0.0,0.0,0.0,0.0,0.0,1.0
153633,0,1,3400,-64,64,27,21,25,0.50,448544.000000,0,27,12,55,0.0,80,0.0,0.0,0.0,1.0
153882,0,1,3400,-64,64,21,21,25,0.50,430112.000000,0,27,8.6,0.0,4416.000000,0,0.0,0.0,0.0,1.0
154131,0,1,3400,-64,64,24,21,25,0.50,463008.000000,0,27,5.5,0.0,0.0,0.0,0.0,0.0,0.0,1.0
154380,0,1,3400,-64,64,25,22,25,0.50,546688.000000,0,27,5.5,581,0.0,0.0,0.0,0.0,0.0,1.0
154629,0,1,3400,-64,64,26,21,25,0.50,339296.000000,0,27,10.0,0.0,36224.000000,48,0.0,0.0,0.0,1.0
154878,0,1,3400,-64,64,29,21,25,0.50,291616.000000,0,27,10,0.0,0.0,0.0,0.0,0.0,0.0,1.0
155127,0,1,3400,-64,64,27,20,25,0.50,394592.000000,0,27,10,0.0,0.0,0.0,0.0,0.0,0.0,1.0
155376,0,1,3400,-64,64,18,20,24,0.50,399520.000000,0,27,10,581,0.0,0.0,0.0,0.0,0.0,1.0
155625,0,1,3400,-65,65,19,20,24,0.50,378656.000000,0,27,13,0.0,97568.000000,24,0.0,0.0,0.0,1.0
155874,0,1,3400,-65,65,23,21,24,0.50,466656.000000,0,27,15,0.0,0.0,0.0,0.0,0.0,0.0,1.0
156123,0,1,3400,-65,65,31,21,24,0.50,413152.000000,0,27,15,0.0,0.0,0.0,0.0,0.0,0.0,1.0
156372,0,1,3400,-64,64,31,21,24,0.50,503872.000000,0,27,15,581,0.0,0.0,0.0,0.0,0.0,1.0
156621,0,1,3400,-64,64,30,21,25,0.50,438496.000000,0,27,12,0.0,39296.000000,0,0.0,0.0,0.0,1.0
156870,0,1,3400,-64,64,27,21,25,0.50,411104.000000,0,27,12,0.0,0.0,0.0,0.0,0.0,0.0,1.0
157119,0,1,3400,-64,64,23,21,25,0.51,493952.000000,0,27,12,0.0,0.0,0.0,0.0,0.0,0.0,1.0
157368,0,1,3400,-64,64,25,20,24,0.50,368832.000000,0,27,12,581,0.0,0.0,0.0,0.0,0.0,1.0
157617,0,1,3400,-65,65,22,20,24,0.50,370848.000000,0,27,12,0.0,117184.000000,0,0.0,0.0,0.0,1.0
157866,0,1,3400,-65,65,27,20,24,0.50,393600.000000,0,27,13,0.0,0.0,0.0,0.0,0.0,0.0,1.0
158115,0,1,3400,-65,65,28,20,23,0.50,421312.000000,0,27,13,0.0,0.0,0.0,0.0,0.0,0.0,1.0
158364,0,1,3400,-65,65,28,20,23,0.50,334624.000000,0,27,13,581,0.0,0.0,0.0,0.0,0.0,1.0
158613,0,1,3400,-66,66,25,20,23,0.50,411264.000000,0,27,7.2,0.0,37632.000000,0,0.0,0.0,0.0,1.0
158862,0,1,3400,-66,66,33,20,23,0.51,428768.000000,0,27,6.4,0.0,0.0,0.0,0.0,0.0,0.0,1.0
159111,0,1,3400,-66,66,30,20,23,0.51,376256.000000,0,27,6.4,0.0,0.0,0.0,0.0,0.0,0.0,1.0
159360,0,1,3400,-65,65,29,20,23,0.50,363008.000000,0,27,6.4,0.0,0.0,0.0,0.0,0.0,0.0,1.0
159609,0,1,3400,-65,65,32,20,23,0.50,406528.000000,0,27,7.0,0.0,22688.000000,10,0.0,0.0,0.0,1.0
159858,0,1,3400,-65,65,33,20,24,0.50,483296.000000,0,27,7.0,0.0,0.0,0.0,0.0,0.0,0.0,1.0
160107,0,1,3400,-65,65,32,20,24,0.50,428512.000000,0,27,6.9,0.0,0.0,0.0,0.0,0.0,0.0,1.0
160356,0,1,3400,-65,65,16,20,24,0.50,433184.000000,0,27,6.9,581,0.0,0.0,0.0,0.0,0.0,1.0
160605,0,1,3400,-65,65,21,20,24,0.50,447328.000000,0,27,7.4,0.0,37568.000000,0,0.0,0.0,0.0,1.0
160854,0,1,3400,-65,65,31,21,24,0.50,416960.000000,0,27,7.5,0.0,0.0,0.0,0.0,0.0,0.0,1.0
161103,0,1,3400,-65,65,28,20,24,0.50,260736.000000,0,27,7.5,0.0,0.0,0.0,0.0,0.0,0.0,1.0
161352,0,1,3400,-65,65,32,20,24,0.50,418720.000000,0,27,7.5,581,0.0,0.0,0.0,0.0,0.0,1.0
161601,0,1,3400,-65,65,32,20,24,0.50,279296.000000,0,27,7.6,0.0,38432.000000,0,0.0,0.0,0.0,1.0
161850,0,1,3400,-65,65,29,21,24,0.50,470720.000000,0,27,7.5,0.0,0.0,0.0,0.0,0.0,0.0,1.0
162099,0,1,3400,-65,65,26,21,24,0.50,461152.000000,0,27,7.5,0.0,0.0,0.0,0.0,0.0,0.0,1.0
162348,0,1,3400,-65,65,29,21,24,0.50,479808.000000,0,27,7.5,581,0.0,0.0,0.0,0.0,0.0,1.0
162597,0,1,3400,-65,65,29,21,24,0.50,400928.000000,0,27,12,0.0,8224.000000,44,0.0,0.0,0.0,1.0
162846,0,1,3400,-65,65,24,21,24,0.50,375424.000000,0,27,12,0.0,0.0,0.0,0.0,0.0,0.0,1.0
163095,0,1,3400,-65,65,27,20,24,0.50,333056.000000,0,27,12,0.0,0.0,0.0,0.0,0.0,0.0,1.0
163344,0,1,3400,-65,65,31,20,24,0.50,429312.000000,0,27,12,581,0.0,0.0,0.0,0.0,0.0,1.0
163593,0,1,3400,-65,65,25,20,24,0.50,384032.000000,0,27,6.1,0.0,35808.000000,0,0.0,0.0,0.0,1.0
163842,0,1,3400,-65,65,15,20,24,0.50,370848.000000,0,27,5.5,0.0,0.0,0.0,0.0,0.0,0.0,1.0
164091,0,1,3400,-65,65,27,20,24,0.50,383296.000000,0,27,5.5,0.0,0.0,0.0,0.0,0.0,0.0,1.0
164340,0,1,3400,-65,65,34,20,24,0.50,386400.000000,0,27,5.5,581,0.0,0.0,0.0,0.0,0.0,1.0
164589,0,1,3400,-65,65,28,20,24,0.50,385088.000000,0,27,10,0.0,67936.000000,31,0.0,0.0,0.0,1.0
164838,0,1,3400,-65,65,29,20,24,0.50,456512.000000,0,27,11,0.0,0.0,0.0,0.0,0.0,0.0,1.0
165087,0,1,3400,-65,65,28,20,24,0.50,311840.000000,0,27,11,0.0,0.0,0.0,0.0,0.0,0.0,1.0
165336,0,1,3400,-65,65,28,20,24,0.50,450176.000000,0,27,12,581,0.0,0.0,0.0,0.0,0.0,1.0
165585,0,1,3400,-65,65,24,20,24,0.50,384320.000000,0,27,4.1,0.0,22784.000000,0,0.0,0.0,0.0,1.0
165834,0,1,3400,-65,65,31,21,24,0.50,445952.000000,0,27,3.0,0.0,0.0,0.0,0.0,0.0,0.0,1.0
166083,0,1,3400,-65,65,32,20,24,0.50,406560.000000,0,27,3.1,0.0,0.0,0.0,0.0,0.0,0.0,1.0
166332,0,1,3400,-65,65,32,20,24,0.50,374432.000000,0,27,3.0,0.0,0.0,0.0,0.0,0.0,0.0,1.0
166581,0,1,3400,-65,65,30,20,24,0.50,409056.000000,0,27,11,0.0,65504.000000,26,0.0,0.0,0.0,1.0
166830,0,1,3400,-65,65,28,20,24,0.50,313216.000000,0,27,16,0.0,0.0,0.0,0.0,0.0,0.0,1.0
167079,0,1,3400,-65,65,24,20,24,0.50,381216.000000,0,27,16,0.0,0.0,0.0,0.0,0.0,0.0,1.0
167328,0,1,3400,-65,65,28,20,24,0.50,422528.000000,0,27,16,581,0.0,0.0,0.0,0.0,0.0,1.0
167577,0,1,3400,-65,65,30,20,24,0.51,367968.000000,0,27,15,0.0,87008.000000,33,0.0,0.0,0.0,1.0
167826,0,1,3400,-65,65,29,20,24,0.50,455648.000000,0,27,16,0.0,0.0,0.0,0.0,0.0,0.0,1.0
168075,0,1,3400,-65,65,24,20,23,0.50,377536.000000,0,27,16,0.0,0.0,0.0,0.0,0.0,0.0,1.0
168324,0,1,3400,-65,65,24,20,23,0.50,410976.000000,0,27,16,581,0.0,0.0,0.0,0.0,0.0,1.0
168573,0,1,3400,-65,65,33,20,23,0.50,361952.000000,0,27,15,0.0,140000.000000,15,0.0,0.0,0.0,1.0
168822,0,1,3400,-65,65,35,20,24,0.50,288640.000000,0,27,16,0.0,0.0,0.0,0.0,0.0,0.0,1.0
169071,0,1,3400,-65,65,31,20,24,0.50,348416.000000,0,27,16,0.0,0.0,0.0,0.0,0.0,0.0,1.0
169320,0,1,3400,-65,65,33,20,24,0.50,375552.000000,0,27,16,581,0.0,0.0,0.0,0.0,0.0,1.0
169569,0,1,3400,-65,65,35,20,24,0.50,416640.000000,0,27,7.7,0.0,108064.000000,9,0.0,0.0,0.0,1.0
169818,0,1,3400,-65,65,30,20,24,0.50,396224.000000,0,27,7.0,0.0,0.0,0.0,0.0,0.0,0.0,1.0
170067,0,1,3400,-65,65,27,20,24,0.50,341376.000000,0,27,7.0,0.0,0.0,0.0,0.0,0.0,0.0,1.0
170316,0,1,3400,-65,65,30,20,23,0.50,250112.000000,0,27,7.0,581,0.0,0.0,0.0,0.0,0.0,1.0
170565,0,1,3400,-66,66,30,20,23,0.50,318112.000000,0,27,8.5,0.0,67904.000000,0,0.0,0.0,0.0,1.0
170814,0,1,3400,-66,66,28,21,23,0.50,444832.000000,0,27,9.0,0.0,0.0,0.0,0.0,0.0,0.0,1.0
171063,0,1,3400,-66,66,22,21,23,0.50,486176.000000,0,27,9.0,0.0,0.0,0.0,0.0,0.0,0.0,1.0
171312,0,1,3400,-65,65,25,20,24,0.50,335456.000000,0,27,9.0,0.0,0.0,0.0,0.0,0.0,0.0,1.0
171561,0,1,3400,-65,65,30,20,24,0.50,226304.000000,0,27,14,0.0,126112.000000,16,0.0,0.0,0.0,1.0
171810,0,1,3400,-65,65,25,20,24,0.50,317888.000000,0,27,16,0.0,0.0,0.0,0.0,0.0,0.0,1.0
172059,0,1,3400,-65,65,24,20,24,0.50,410208.000000,0,27,16,0.0,0.0,0.0,0.0,0.0,0.0,1.0
172308,0,1,3400,-65,65,27,20,24,0.50,393920.000000,0,27,16,581,0.0,0.0,0.0,0.0,0.0,1.0
172557,0,1,3400,-65,65,23,20,24,0.50,410752.000000,0,27,8.0,0.0,45632.000000,0,0.0,0.0,0.0,1.0
172806,0,1,3400,-65,65,22,20,24,0.50,405824.000000,0,27,7.2,0.0,0.0,0.0,0.0,0.0,0.0,1.0
173055,0,1,3400,-65,65,30,20,24,0.50,370816.000000,0,27,7.1,0.0,0.0,0.0,0.0,0.0,0.0,1.0
173304,0,1,3400,-65,65,28,20,24,0.50,423680.000000,0,27,7.1,0.0,0.0,0.0,0.0,0.0,0.0,1.0
173553,0,1,3400,-65,65,31,20,24,0.50,365952.000000,0,27,10,0.0,68096.000000,0,0.0,0.0,0.0,1.0
173802,0,1,3400,-65,65,26,20,24,0.50,343968.000000,0,27,11,0.0,0.0,0.0,0.0,0.0,0.0,1.0
174051,0,1,3400,-65,65,23,20,24,0.50,409632.000000,0,27,11,0.0,0.0,0.0,0.0,0.0,0.0,1.0
174300,0,1,3400,-65,65,29,20,24,0.50,362048.000000,0,27,11,581,0.0,0.0,0.0,0.0,0.0,1.0
174549,0,1,3400,-65,65,29,20,24,0.50,347616.000000,0,27,7.1,0.0,26496.000000,0,0.0,0.0,0.0,1.0
174798,0,1,3400,-65,65,29,20,24,0.50,415072.000000,0,27,6.5,0.0,0.0,0.0,0.0,0.0,0.0,1.0
175047,0,1,3400,-65,65,30,20,24,0.50,394848.000000,0,27,6.5,0.0,0.0,0.0,0.0,0.0,0.0,1.0
175296,0,1,3400,-65,65,31,20,24,0.51,407488.000000,0,27,6.6,581,0.0,0.0,0.0,0.0,0.0,1.0
175545,0,1,3400,-65,65,29,21,24,0.50,410272.000000,0,27,13,0.0,12960.000000,44,0.0,0.0,0.0,1.0
175794,0,1,3400,-65,65,26,20,24,0.50,359456.000000,0,27,14,0.0,0.0,0.0,0.0,0.0,0.0,1.0
176043,0,1,3400,-65,65,26,20,24,0.50,308288.000000,0,27,14,0.0,0.0,0.0,0.0,0.0,0.0,1.0
176292,0,1,3400,-65,65,29,20,24,0.51,421856.000000,0,27,14,0.0,0.0,0.0,0.0,0.0,0.0,1.0
176541,0,1,3400,-65,65,29,20,24,0.50,388192.000000,0,27,12,0.0,79680.000000,0,0.0,0.0,0.0,1.0
176790,0,1,3400,-65,65,25,21,24,0.50,494496.000000,0,27,12,0.0,0.0,0.0,0.0,0.0,0.0,1.0
177039,0,1,3400,-65,65,23,20,23,0.50,387168.000000,0,27,12,0.0,0.0,0.0,0.0,0.0,0.0,1.0
177288,0,1,3400,-65,65,26,20,23,0.50,443200.000000,0,27,12,581,0.0,0.0,0.0,0.0,0.0,1.0
177537,0,1,3400,-65,65,25,20,23,0.50,438880.000000,0,27,7.5,0.0,21728.000000,0,0.0,0.0,0.0,1.0
177786,0,1,3400,-65,65,27,20,23,0.50,334336.000000,0,27,7.0,0.0,0.0,0.0,0.0,0.0,0.0,1.0
178035,0,1,3400,-65,65,26,21,23,0.50,455296.000000,0,27,7.0,0.0,0.0,0.0,0.0,0.0,0.0,1.0
178284,0,1,3400,-65,65,26,20,24,0.50,387200.000000,0,27,7.0,581,0.0,0.0,0.0,0.0,0.0,1.0
178533,0,1,3400,-65,65,30,21,24,0.56,422624.000000,0.8,27,13,0.0,78368.000000,51,0.0,0.0,0.0,1.0
178782,0,1,3400,-65,65,29,20,24,0.50,282688.000000,0,27,16,0.0,0.0,0.0,0.0,0.0,0.0,1.0
179031,0,1,3400,-65,65,25,20,24,0.50,412256.000000,0,27,16,0.0,0.0,0.0,0.0,0.0,0.0,1.0
179280,0,1,3400,-64,64,25,20,24,0.50,393280.000000,0,27,16,581,0.0,0.0,0.0,0.0,0.0,1.0
179529,0,1,3400,-64,64,32,20,24,0.50,428832.000000,0,27,14,0.0,36448.000000,0,0.0,0.0,0.0,1.0
179778,0,1,3400,-64,64,29,22,25,0.50,483680.000000,0,27,14,0.0,0.0,0.0,0.0,0.0,0.0,1.0
180027,0,1,3400,-64,64,28,22,25,0.50,516608.000000,0,27,14,0.0,0.0,0.0,0.0,0.0,0.0,1.0
180276,0,1,3400,-63,63,29,23,25,0.50,475168.000000,0,27,14,581,0.0,0.0,0.0,0.0,0.0,1.0
180525,0,1,3400,-63,63,30,24,25,0.50,483680.000000,0,27,9.2,0.0,36864.000000,0,0.0,0.0,0.0,1.0
180774,0,1,3400,-63,63,25,23,26,0.50,516064.000000,0,27,8.6,0.0,0.0,0.0,0.0,0.0,0.0,1.0
181023,0,1,3400,-63,63,24,24,26,0.50,500000.000000,0,27,8.6,0.0,0.0,0.0,0.0,0.0,0.0,1.0
181272,0,1,3400,-63,63,28,24,26,0.50,565856.000000,0,27,8.5,0.0,0.0,0.0,0.0,0.0,0.0,1.0
181521,0,1,3400,-63,63,31,24,26,0.50,573056.000000,0,27,12,0.0,58144.000000,11,0.0,0.0,0.0,1.0
181770,0,1,3400,-63,63,29,25,26,0.50,659136.000000,0,27,13,0.0,0.0,0.0,0.0,0.0,0.0,1.0
182019,0,1,3400,-63,63,32,25,26,0.51,565280.000000,0,27,13,0.0,0.0,0.0,0.0,0.0,0.0,1.0
182268,0,1,3400,-63,63,31,25,26,0.50,561216.000000,0,27,13,581,0.0,0.0,0.0,0.0,0.0,1.0
182517,0,1,3400,-63,63,28,24,26,0.50,408576.000000,0,27,15,0.0,46976.000000,22,0.0,0.0,0.0,1.0
182766,0,1,3400,-63,63,28,24,26,0.50,591680.000000,0,27,15,0.0,0.0,0.0,0.0,0.0,0.0,1.0
183015,0,1,3400,-63,63,28,23,26,0.50,506496.000000,0,27,15,0.0,0.0,0.0,0.0,0.0,0.0,1.0
183264,0,1,3400,-63,63,32,24,26,0.50,564000.000000,0,27,15,581,0.0,0.0,0.0,0.0,0.0,1.0
183513,0,1,3400,-63,63,31,25,26,0.50,623104.000000,0,27,5.1,0.0,23808.000000,0,0.0,0.0,0.0,1.0
183762,0,1,3400,-63,63,25,25,26,0.50,566176.000000,0,27,4.0,0.0,0.0,0.0,0.0,0.0,0.0,1.0
184011,0,1,3400,-63,63,25,24,25,0.50,586496.000000,0,27,4.1,0.0,0.0,0.0,0.0,0.0,0.0,1.0
184260,0,1,3400,-63,63,24,22,25,0.50,504224.000000,0,27,4.1,581,0.0,0.0,0.0,0.0,0.0,1.0
184509,0,1,3400,-64,64,30,22,25,0.50,528160.000000,0,27,5.1,0.0,87008.000000,4,0.0,0.0,0.0,1.0
184758,0,1,3400,-64,64,28,22,25,0.50,501952.000000,0,27,4.6,0.0,0.0,0.0,0.0,0.0,0.0,1.0
185007,0,1,3400,-64,64,29,21,25,0.50,450336.000000,0,27,4.5,0.0,0.0,0.0,0.0,0.0,0.0,1.0
185256,0,1,3400,-64,64,31,21,25,0.50,392800.000000,0,27,4.5,581,0.0,0.0,0.0,0.0,0.0,1.0
185505,0,1,3400,-64,64,32,20,24,0.50,420768.000000,0,27,7.1,0.0,36352.000000,0,0.0,0.0,0.0,1.0
185754,0,1,3400,-64,64,29,20,24,0.50,367008.000000,0,27,7.1,0.0,0.0,0.0,0.0,0.0,0.0,1.0
186003,0,1,3400,-64,64,27,21,24,0.50,414272.000000,0,27,7.0,0.0,0.0,0.0,0.0,0.0,0.0,1.0
186252,0,1,3400,-64,64,28,21,24,0.50,477856.000000,0,27,7.1,581,0.0,0.0,0.0,0.0,0.0,1.0
186501,0,1,3400,-64,64,29,20,24,0.50,415744.000000,0,27,11,0.0,8224.000000,44,0.0,0.0,0.0,1.0
186750,0,1,3400,-64,64,31,21,24,0.50,463296.000000,0,27,12,0.0,0.0,0.0,0.0,0.0,0.0,1.0
186999,0,1,3400,-64,64,30,21,24,0.50,437024.000000,0,27,12,0.0,0.0,0.0,0.0,0.0,0.0,1.0
187248,0,1,3400,-63,63,29,22,25,0.50,504192.000000,0,27,12,581,0.0,0.0,0.0,0.0,0.0,1.0
187497,0,1,3400,-63,63,28,22,25,0.50,504352.000000,0,27,4.7,0.0,20928.000000,0,0.0,0.0,0.0,1.0
187746,0,1,3400,-63,63,30,24,26,0.51,561568.000000,0,27,4.2,0.0,0.0,0.0,0.0,0.0,0.0,1.0
187995,0,1,3400,-63,63,31,23,25,0.50,419328.000000,0,27,4.2,0.0,0.0,0.0,0.0,0.0,0.0,1.0
188244,0,1,3400,-63,63,31,22,25,0.50,402912.000000,0,27,4.3,581,0.0,0.0,0.0,0.0,0.0,1.0
188493,0,1,3400,-64,64,29,22,25,0.51,380064.000000,0,27,13,0.0,112416.000000,11,0.0,0.0,0.0,1.0
188742,0,1,3400,-64,64,28,22,25,0.50,395744.000000,0,27,14,0.0,0.0,0.0,0.0,0.0,0.0,1.0
188991,0,1,3400,-64,64,25,21,25,0.50,404224.000000,0,27,14,0.0,0.0,0.0,0.0,0.0,0.0,1.0
189240,0,1,3400,-64,64,28,22,25,0.50,480832.000000,0,27,14,581,0.0,0.0,0.0,0.0,0.0,1.0
189489,0,1,3400,-64,64,24,22,25,0.50,504000.000000,0,27,13,0.0,10400.000000,44,0.0,0.0,0.0,1.0
189738,0,1,3400,-64,64,26,21,25,0.50,455072.000000,0,27,13,0.0,0.0,0.0,0.0,0.0,0.0,1.0
189987,0,1,3400,-64,64,35,22,25,0.50,510656.000000,0,27,12,0.0,0.0,0.0,0.0,0.0,0.0,1.0
190236,0,1,3400,-64,64,31,22,25,0.50,336320.000000,0,27,12,581,0.0,0.0,0.0,0.0,0.0,1.0
190485,0,1,3400,-64,64,30,21,25,0.50,340960.000000,0,27,3.3,0.0,25920.000000,0,0.0,0.0,0.0,1.0
190734,0,1,3400,-64,64,27,21,25,0.50,362496.000000,0,27,2.4,0.0,0.0,0.0,0.0,0.0,0.0,1.0
190983,0,1,3400,-64,64,32,22,25,0.50,377824.000000,0,27,2.3,0.0,0.0,0.0,0.0,0.0,0.0,1.0
191232,0,1,3400,-63,63,33,22,25,0.50,418048.000000,0,27,2.1,581,0.0,0.0,0.0,0.0,0.0,1.0
191481,0,1,3400,-63,63,28,23,26,0.50,433920.000000,0,27,6.3,0.0,82976.000000,0,0.0,0.0,0.0,1.0
191730,0,1,3400,-63,63,25,24,26,0.50,496576.000000,0,27,7.1,0.0,0.0,0.0,0.0,0.0,0.0,1.0
191979,0,1,3400,-63,63,23,24,26,0.50,486048.000000,0,27,7.2,0.0,0.0,0.0,0.0,0.0,0.0,1.0
192228,0,1,3400,-63,63,26,24,26,0.50,505280.000000,0,27,7.1,581,0.0,0.0,0.0,0.0,0.0,1.0
192477,0,1,3400,-62,62,30,24,26,0.50,451648.000000,0,27,10,0.0,51840.000000,0,0.0,0.0,0.0,1.0
192726,0,1,3400,-62,62,32,24,27,0.50,473792.000000,0,27,11,0.0,0.0,0.0,0.0,0.0,0.0,1.0
192975,0,1,3400,-62,62,36,24,27,0.50,475328.000000,0,27,11,0.0,0.0,0.0,0.0,0.0,0.0,1.0
193224,0,1,3400,-62,62,31,25,27,0.50,477568.000000,0,27,11,581,0.0,0.0,0.0,0.0,0.0,1.0
193473,0,1,3400,-61,61,30,24,27,0.50,576000.000000,0,27,12,0.0,26560.000000,0,0.0,0.0,0.0,1.0
193722,0,1,3400,-61,61,32,25,27,0.50,611360.000000,0,27,12,0.0,0.0,0.0,0.0,0.0,0.0,1.0
193971,0,1,3400,-61,61,28,23,27,0.50,558464.000000,0,27,12,0.0,0.0,0.0,0.0,0.0,0.0,1.0
194220,0,1,3400,-62,62,28,22,27,0.50,507776.000000,0,27,12,581,0.0,0.0,0.0,0.0,0.0,1.0
194469,0,1,3400,-62,62,25,25,26,0.50,601408.000000,0,27,6.4,0.0,48608.000000,0,0.0,0.0,0.0,1.0
194718,0,1,3400,-62,62,29,26,26,0.50,552544.000000,0,27,6.0,0.0,0.0,0.0,0.0,0.0,0.0,1.0
194967,0,1,3400,-62,62,31,26,26,0.50,516448.000000,0,27,6.0,0.0,0.0,0.0,0.0,0.0,0.0,1.0
195216,0,1,3400,-62,62,34,24,26,0.50,619456.000000,0,27,6.0,581,0.0,0.0,0.0,0.0,0.0,1.0
195465,0,1,3400,-61,61,34,26,26,0.50,685728.000000,0,27,11,0.0,12960.000000,50,0.0,0.0,0.0,1.0
195714,0,1,3400,-61,61,33,23,26,0.50,477984.000000,0,27,12,0.0,0.0,0.0,0.0,0.0,0.0,1.0
195963,0,1,3400,-61,61,26,26,27,0.51,644768.000000,0,27,12,0.0,0.0,0.0,0.0,0.0,0.0,1.0
196212,0,1,3400,-60,60,24,26,27,0.50,717504.000000,0,27,12,581,0.0,0.0,0.0,0.0,0.0,1.0
196461,0,1,3400,-60,60,32,27,28,0.50,643072.000000,0,27,7.9,0.0,59584.000000,31,0.0,0.0,0.0,1.0
196710,0,1,3400,-60,60,30,24,28,0.50,528544.000000,0,27,8.0,0.0,0.0,0.0,0.0,0.0,0.0,1.0
196959,0,1,3400,-60,60,33,21,28,0.50,311104.000000,0,27,8.0,0.0,0.0,0.0,0.0,0.0,0.0,1.0
197208,0,1,3400,-60,60,31,24,28,0.50,650720.000000,0,27,8.0,581,0.0,0.0,0.0,0.0,0.0,1.0
197457,0,1,3400,-60,60,27,27,28,0.50,597856.000000,0,27,4.7,0.0,31840.000000,0,0.0,0.0,0.0,1.0
197706,0,1,3400,-60,60,26,27,28,0.50,512448.000000,0,27,4.5,0.0,0.0,0.0,0.0,0.0,0.0,1.0
197955,0,1,3400,-60,60,28,27,28,0.50,708384.000000,0,27,4.5,0.0,0.0,0.0,0.0,0.0,0.0,1.0
198204,0,1,3400,-60,60,23,27,29,0.50,693312.000000,0,27,4.5,581,0.0,0.0,0.0,0.0,0.0,1.0
198453,0,1,3400,-59,59,33,27,29,0.62,714464.000000,0,27,7.3,0.0,2560.000000,36,0.0,0.0,0.0,1.0
198702,0,1,3400,-59,59,34,27,29,0.94,758016.000000,0,27,8.1,0.0,0.0,0.0,0.0,0.0,0.0,1.0
198951,0,1,3400,-59,59,25,28,29,1.1,780416.000000,0,27,8.0,0.0,0.0,0.0,0.0,0.0,0.0,1.0
199200,0,1,3400,-59,59,28,27,29,0.50,356704.000000,0,27,8.1,581,0.0,0.0,0.0,0.0,0.0,1.0
199449,0,1,3400,-59,59,25,27,29,0.52,417888.000000,0,27,12,0.0,56704.000000,9,0.0,0.0,0.0,1.0
199698,0,1,3400,-59,59,26,27,29,0.51,679136.000000,0,27,13,0.0,0.0,0.0,0.0,0.0,0.0,1.0
199947,0,1,3400,-59,59,28,28,29,1.1,852352.000000,0,27,13,0.0,0.0,0.0,0.0,0.0,0.0,1.0
200196,0,1,3400,-59,59,32,24,29,0.51,171264.000000,0,27,13,581,0.0,0.0,0.0,0.0,0.0,1.0
200445,0,1,3400,-60,60,32,17,28,0.53,378496.000000,0,27,11,0.0,56320.000000,0,0.0,0.0,0.0,1.0
200694,0,1,3400,-60,60,30,22,28,0.50,575264.000000,0,27,11,0.0,0.0,0.0,0.0,0.0,0.0,1.0
200943,0,1,3400,-60,60,29,27,28,0.50,683264.000000,0,27,11,0.0,0.0,0.0,0.0,0.0,0.0,1.0
201192,0,1,3400,-61,61,27,27,28,0.57,705504.000000,0,27,11,581,0.0,0.0,0.0,0.0,0.0,1.0
201441,0,1,3400,-61,61,32,15,28,0.50,278080.000000,0,27,8.3,0.0,34816.000000,0,0.0,0.0,0.0,1.0
201690,0,1,3400,-61,61,32,22,27,0.50,478944.000000,0,27,8.0,0.0,0.0,0.0,0.0,0.0,0.0,1.0
201939,0,1,3400,-61,61,30,13,27,0.50,296064.000000,0,27,8.0,0.0,0.0,0.0,0.0,0.0,0.0,1.0
202188,0,1,3400,-61,61,34,22,27,0.50,422304.000000,0,27,8.0,581,0.0,0.0,0.0,0.0,0.0,1.0
202437,0,1,3400,-61,61,33,18,27,0.50,282656.000000,0,27,12,0.0,58560.000000,0,0.0,0.0,0.0,1.0
202686,0,1,3400,-61,61,34,20,27,0.50,418592.000000,0,27,12,0.0,0.0,0.0,0.0,0.0,0.0,1.0
202935,0,1,3400,-61,61,29,5.5,27,0.50,85632.000000,0,27,12,0.0,0.0,0.0,0.0,0.0,0.0,1.0
203184,0,1,3400,-62,62,27,21,26,0.50,474112.000000,0,27,12,581,0.0,0.0,0.0,0.0,0.0,1.0
203433,0,1,3400,-62,62,27,17,26,0.50,318720.000000,0,27,12,0.0,99264.000000,27,0.0,0.0,0.0,1.0
203682,0,1,3400,-62,62,31,17,26,0.50,348992.000000,0,27,12,0.0,0.0,0.0,0.0,0.0,0.0,1.0
203931,0,1,3400,-62,62,34,25,26,0.50,296416.000000,0,27,12,0.0,0.0,0.0,0.0,0.0,0.0,1.0
204180,0,1,3400,-62,62,35,25,26,0.50,209664.000000,0,27,12,581,0.0,0.0,0.0,0.0,0.0,1.0
204429,0,1,3400,-62,62,29,26,26,0.50,281632.000000,0,27,12,0.0,73504.000000,0,0.0,0.0,0.0,1.0
204678,0,1,3400,-62,62,33,13,27,0.50,259616.000000,0,27,12,0.0,0.0,0.0,0.0,0.0,0.0,1.0
204927,0,1,3400,-62,62,36,17,27,0.50,10976.000000,0,27,12,0.0,0.0,0.0,0.0,0.0,0.0,1.0
205176,0,1,3400,-62,62,31,12,27,0.50,267616.000000,0,27,12,581,0.0,0.0,0.0,0.0,0.0,1.0
205425,0,1,3400,-61,61,31,24,27,0.50,401408.000000,0,27,9.2,0.0,28768.000000,0,0.0,0.0,0.0,1.0
205674,0,1,3400,-61,61,28,25,27,0.50,92480.000000,0,27,9.0,0.0,0.0,0.0,0.0,0.0,0.0,1.0
205923,0,1,3400,-61,61,29,1.2,28,0.50,5152.000000,0,27,9.0,0.0,0.0,0.0,0.0,0.0,0.0,1.0
206172,0,1,3400,-61,61,30,16,28,0.50,388672.000000,0,27,9.0,581,0.0,0.0,0.0,0.0,0.0,1.0
206421,0,1,3400,-60,60,27,19,28,0.50,495616.000000,0,27,1.1,0.0,21568.000000,0,0.0,0.0,0.0,1.0
206670,0,1,3400,-60,60,28,22,28,0.51,528768.000000,0,27,0.016,0.0,0.0,0.0,0.0,0.0,0.0,1.0
206919,0,1,3400,-60,60,36,27,29,0.50,0.0,0.0,27,0.0080,0.0,0.0,0.0,0.0,0.0,0.0,1.0
207168,0,1,3400,-60,60,35,23,29,0.50,566368.000000,0,27,0.016,581,0.0,0.0,0.0,0.0,0.0,1.0
207417,0,1,3400,-59,59,37,27,29,0.56,891200.000000,0,27,0.048,0.0,26528.000000,24,0.0,0.0,0.0,1.0
207666,0,1,3400,-59,59,34,27,29,0.53,808768.000000,0,27,0.016,0.0,0.0,0.0,0.0,0.0,0.0,1.0
207915,0,1,3400,-59,59,27,27,29,0.66,1008032.000000,0,27,0.032,0.0,0.0,0.0,0.0,0.0,0.0,1.0
208164,0,1,3400,-59,59,27,27,29,0.50,905568.000000,0,27,0.0080,0.0,0.0,0.0,0.0,0.0,0.0,1.0
208413,0,1,3400,-59,59,34,15,29,0.50,16800.000000,0,27,0.040,581,0.0,0.0,0.0,0.0,0.0,1.0
208662,0,1,3400,-59,59,33,5.5,29,0.54,175136.000000,0,27,7.2,0.0,56576.000000,0,0.0,0.0,0.0,1.0
208911,0,1,3400,-59,59,33,27,29,0.92,1198560.000000,0,27,8.0,0.0,0.0,0.0,0.0,0.0,0.0,1.0
209160,0,1,3400,-59,59,32,23,29,0.54,830976.000000,0,27,7.9,581,0.0,0.0,0.0,0.0,0.0,1.0
209409,0,1,3400,-59,59,31,23,29,0.74,783200.000000,0,27,7.1,0.0,58656.000000,0,0.0,0.0,0.0,1.0
209658,0,1,3400,-59,59,38,19,29,0.58,516512.000000,0,27,6.7,0.0,0.0,0.0,0.0,0.0,0.0,1.0
209907,0,1,3400,-59,59,31,27,29,0.74,965568.000000,0,27,6.9,0.0,0.0,0.0,0.0,0.0,0.0,1.0
210156,0,1,3400,-59,59,30,14,29,0.57,541856.000000,0,27,6.9,581,0.0,0.0,0.0,0.0,0.0,1.0
210405,0,1,3400,-58,58,32,15,29,0.62,583232.000000,0,27,5.5,0.0,37728.000000,63,0.0,0.0,0.0,1.0
210654,0,1,3400,-58,58,29,26,29,0.65,553312.000000,0,27,0.17,0.0,0.0,0.0,0.0,0.0,0.0,1.0
210903,0,1,3400,-58,58,29,27,29,0.50,0.0,0.0,27,0.11,0.0,0.0,0.0,0.0,0.0,0.0,1.0
211152,0,1,3400,-58,58,30,27,29,0.74,867200.000000,0,27,0.0,581,0.0,0.0,0.0,0.0,0.0,1.0
211401,0,1,3400,-58,58,30,27,29,0.55,909600.000000,0,27,4.5,0.0,25056.000000,33,0.0,0.0,0.0,1.0
211650,0,1,3400,-58,58,29,23,29,0.50,480672.000000,0,27,5.6,0.0,0.0,0.0,0.0,0.0,0.0,1.0
211899,0,1,3400,-58,58,24,25,29,0.50,316288.000000,0,27,5.6,0.0,0.0,0.0,0.0,0.0,0.0,1.0
212148,0,1,3400,-58,58,26,21,29,0.50,58976.000000,0,27,5.5,581,0.0,0.0,0.0,0.0,0.0,1.0
212397,0,1,3400,-57,57,25,19,29,0.89,805920.000000,0,27,11,0.0,119392.000000,0,0.0,0.0,0.0,1.0
212646,0,1,3400,-57,57,33,23,28,0.50,151904.000000,0,27,12,0.0,0.0,0.0,0.0,0.0,0.0,1.0
212895,0,1,3400,-57,57,36,27,30,0.84,886752.000000,0,27,12,0.0,0.0,0.0,0.0,0.0,0.0,1.0
213144,0,1,3400,-57,57,30,24,30,1.2,867616.000000,0,27,12,581,0.0,0.0,0.0,0.0,0.0,1.0
213393,0,1,3400,-57,57,29,27,30,1.1,1175456.000000,0,27,3.9,0.0,14464.000000,50,0.0,0.0,0.0,1.0
213642,0,1,3400,-57,57,28,23,30,0.58,665696.000000,0,27,2.3,0.0,0.0,0.0,0.0,0.0,0.0,1.0
213891,0,1,3400,-57,57,35,23,30,0.63,730304.000000,0,27,2.1,0.0,0.0,0.0,0.0,0.0,0.0,1.0
214140,0,1,3400,-57,57,36,15,30,0.71,489280.000000,0,27,2.3,581,0.0,0.0,0.0,0.0,0.0,1.0
214389,0,1,3400,-57,57,30,24,30,0.50,54272.000000,0,27,7.3,0.0,47648.000000,0,0.0,0.0,0.0,1.0
214638,0,1,3400,-57,57,22,18,30,0.56,446112.000000,0,27,8.0,0.0,0.0,0.0,0.0,0.0,0.0,1.0
214887,0,1,3400,-57,57,35,27,30,0.67,397600.000000,0,27,8.0,0.0,0.0,0.0,0.0,0.0,0.0,1.0
215136,0,1,3400,-57,57,38,8.1,30,0.50,2688.000000,0,27,8.0,0.0,0.0,0.0,0.0,0.0,0.0,1.0
215385,0,1,3400,-57,57,36,4.5,30,0.54,172672.000000,0,27,8.0,581,0.0,0.0,0.0,0.0,0.0,1.0
215634,0,1,3400,-57,57,31,28,30,1.2,1118432.000000,0,27,12,0.0,80320.000000,39,0.0,0.0,0.0,1.0
215883,0,1,3400,-57,57,28,28,30,1.2,1163200.000000,0,27,12,0.0,0.0,0.0,0.0,0.0,0.0,1.0
216132,0,1,3400,-58,58,34,27,30,0.95,1018752.000000,0,27,12,581,0.0,0.0,0.0,0.0,0.0,1.0
216381,0,1,3400,-58,58,30,27,30,1.1,1092768.000000,0,27,9.2,295,0.0,80,0.0,0.0,0.0,1.0
216630,0,1,3400,-58,58,31,28,30,1.3,1283424.000000,0,27,4.8,0.0,16896.000000,32,0.0,0.0,0.0,1.0
216879,0,1,3400,-58,58,27,27,30,1.1,1032320.000000,0,27,0.14,0.0,0.0,0.0,0.0,0.0,0.0,1.0
217128,0,1,3400,-58,58,34,24,30,1.2,607808.000000,0,27,0.11,581,0.0,0.0,0.0,0.0,0.0,1.0
217377,0,1,3400,-57,57,33,28,30,1.5,89216.000000,0,27,3.4,0.0,44128.000000,8,0.0,0.0,0.0,1.0
217626,0,1,3400,-57,57,31,24,31,1.2,129216.000000,0,27,4.5,0.0,0.0,0.0,0.0,0.0,0.0,1.0
217875,0,1,3400,-57,57,32,26,30,1.0,1093216.000000,0,27,4.5,0.0,0.0,0.0,0.0,0.0,0.0,1.0
218124,0,1,3400,-58,58,33,25,30,1.3,1102496.000000,0,27,4.5,581,0.0,0.0,0.0,0.0,0.0,1.0
218373,0,1,3400,-58,58,27,24,30,0.89,941760.000000,0,27,5.5,0.0,2144.000000,57,0.0,0.0,0.0,1.0
218622,0,1,3400,-58,58,26,27,29,0.89,1044640.000000,0,27,5.4,0.0,0.0,0.0,0.0,0.0,0.0,1.0
218871,0,1,3400,-58,58,35,19,29,0.78,499712.000000,0,27,5.4,0.0,0.0,0.0,0.0,0.0,0.0,1.0
219120,0,1,3400,-58,58,33,24,29,1.2,1016480.000000,0,27,5.5,581,0.0,0.0,0.0,0.0,0.0,1.0
219369,0,1,3400,-57,57,32,27,29,1.1,1051008.000000,0,27,4.5,0.0,38016.000000,5,0.0,0.0,0.0,1.0
219618,0,1,3400,-57,57,30,28,29,1.3,804800.000000,0,27,4.4,0.0,0.0,0.0,0.0,0.0,0.0,1.0
219867,0,1,3400,-57,57,34,27,29,0.65,765888.000000,0,27,4.4,0.0,0.0,0.0,0.0,0.0,0.0,1.0
220116,0,1,3400,-58,58,32,24,28,0.50,868640.000000,0,27,4.4,0.0,0.0,0.0,0.0,0.0,0.0,1.0
220365,0,1,3400,-58,58,30,12,28,0.50,331456.000000,0,27,6.6,0.0,13376.000000,44,0.0,0.0,0.0,1.0
220614,0,1,3400,-58,58,30,19,28,0.50,486656.000000,0,27,13,0.0,0.0,0.0,0.0,0.0,0.0,1.0
220863,0,1,3400,-58,58,32,26,29,0.53,811840.000000,0,27,13,0.0,0.0,0.0,0.0,0.0,0.0,1.0
221112,0,1,3400,-58,58,26,21,29,0.52,224800.000000,0,27,13,0.0,0.0,0.0,0.0,0.0,0.0,1.0
221361,0,1,3400,-58,58,28,18,29,0.70,324928.000000,0,27,13,581,0.0,0.0,0.0,0.0,0.0,1.0
221610,0,1,3400,-58,58,30,27,29,1.1,852800.000000,0,27,2.7,0.0,26880.000000,16,0.0,0.0,0.0,1.0
221859,0,1,3400,-58,58,37,27,29,0.71,721760.000000,0,27,0.0,0.0,0.0,0.0,0.0,0.0,0.0,1.0
222108,0,1,3400,-59,59,35,23,29,0.60,497536.000000,0,27,0.0,581,0.0,0.0,0.0,0.0,0.0,1.0
222357,0,1,3400,-59,59,36,27,29,0.50,109760.000000,0,27,7.4,0.0,32928.000000,9,0.0,0.0,0.0,1.0
222606,0,1,3400,-59,59,31,27,29,0.50,0.0,0.0,27,8.0,0.0,0.0,0.0,0.0,0.0,0.0,1.0
222855,0,1,3400,-59,59,26,27,29,0.50,0.0,0.0,27,8.0,0.0,0.0,0.0,0.0,0.0,0.0,1.0
223104,0,1,3400,-59,59,28,19,29,0.61,466176.000000,0,27,8.0,581,0.0,0.0,0.0,0.0,0.0,1.0
223353,0,1,3400,-59,59,30,19,29,0.56,259584.000000,0,27,4.8,0.0,29408.000000,18,0.0,0.0,0.0,1.0
223602,0,1,3400,-59,59,34,24,29,0.66,670240.000000,0,27,4.0,0.0,0.0,0.0,0.0,0.0,0.0,1.0
223851,0,1,3400,-59,59,33,19,29,0.55,767968.000000,0,27,4.0,0.0,0.0,0.0,0.0,0.0,0.0,1.0
224100,0,1,3400,-60,60,25,27,29,0.91,903040.000000,0,27,4.0,581,0.0,0.0,0.0,0.0,0.0,1.0
224349,0,1,3400,-60,60,27,28,28,1.5,0.0,0.0,27,5.8,0.0,63072.000000,0,0.0,0.0,0.0,1.0
224598,0,1,3400,-60,60,28,28,28,1.5,0.0,0.0,27,6.5,0.0,0.0,0.0,0.0,0.0,0.0,1.0
224847,0,1,3400,-60,60,30,28,28,1.5,0.0,0.0,27,6.5,0.0,0.0,0.0,0.0,0.0,0.0,1.0
225096,0,1,3400,-61,61,31,28,28,1.2,223392.000000,0,27,6.5,581,0.0,0.0,0.0,0.0,0.0,1.0
225345,0,1,3400,-61,61,28,27,28,0.50,1065152.000000,0,27,2.6,0.0,8096.000000,67,0.0,0.0,0.0,1.0
225594,0,1,3400,-61,61,34,21,27,0.50,647968.000000,0,27,2.0,0.0,0.0,0.0,0.0,0.0,0.0,1.0
225843,0,1,3400,-61,61,33,24,27,0.50,341536.000000,0,27,2.0,0.0,0.0,0.0,0.0,0.0,0.0,1.0
226092,0,1,3400,-62,62,33,24,27,0.50,466528.000000,0,27,1.9,581,0.0,0.0,0.0,0.0,0.0,1.0
226341,0,1,3400,-62,62,35,20,27,0.52,368992.000000,0,27,3.8,0.0,45088.000000,31,0.0,0.0,0.0,1.0
226590,0,1,3400,-62,62,32,8.8,26,0.50,172096.000000,0,27,3.9,0.0,0.0,0.0,0.0,0.0,0.0,1.0
226839,0,1,3400,-62,62,31,21,26,0.50,318752.000000,0,27,4.0,0.0,0.0,0.0,0.0,0.0,0.0,1.0
227088,0,1,3400,-62,62,30,24,26,0.50,0.0,0.0,27,4.0,0.0,0.0,0.0,0.0,0.0,0.0,1.0
227337,0,1,3400,-62,62,31,24,26,0.50,0.0,0.0,27,4.0,0.0,0.0,0.0,0.0,0.0,0.0,1.0
227586,0,1,3400,-62,62,29,24,26,0.50,0.0,0.0,27,3.9,0.0,0.0,0.0,0.0,0.0,0.0,1.0
227835,0,1,3400,-62,62,33,24,26,0.50,173856.000000,0,27,4.1,0.0,38112.000000,22,0.0,0.0,0.0,1.0
228084,0,1,3400,-62,62,28,20,26,0.50,450624.000000,0,27,8.9,0.0,0.0,100.000000,0.0,0.0,0.0,1.0
228333,0,1,3400,-62,62,21,12,26,0.50,283072.000000,0,27,5.2,0.0,19168.000000,33,0.0,0.0,0.0,1.0
228582,0,1,3400,-62,62,33,9.8,26,0.50,242304.000000,0,27,2.9,0.0,0.0,0.0,0.0,0.0,0.0,1.0
228831,0,1,3400,-62,62,36,16,26,0.50,383168.000000,0,27,3.0,0.0,0.0,0.0,0.0,0.0,0.0,1.0
229080,0,1,3400,-62,62,30,16,26,0.50,326208.000000,0,27,2.9,581,0.0,0.0,0.0,0.0,0.0,1.0
229329,0,1,3400,-62,62,29,25,26,0.50,792576.000000,0,27,2.2,0.0,51040.000000,9,0.0,0.0,0.0,1.0
229578,0,1,3400,-62,62,37,24,26,0.50,602368.000000,0,27,2.0,0.0,0.0,0.0,0.0,0.0,0.0,1.0
229827,0,1,3400,-62,62,38,24,26,0.50,450624.000000,0,27,2.0,0.0,0.0,0.0,0.0,0.0,0.0,1.0
230076,0,1,3400,-62,62,31,24,26,0.51,487488.000000,0,27,2.0,581,0.0,0.0,0.0,0.0,0.0,1.0
230325,0,1,3400,-62,62,31,24,27,0.50,0.0,0.0,27,3.3,0.0,28608.000000,0,0.0,0.0,0.0,1.0
230574,0,1,3400,-62,62,29,22,27,0.50,46400.000000,0,27,3.4,0.0,0.0,0.0,0.0,0.0,0.0,1.0
230823,0,1,3400,-62,62,37,11,27,0.50,0.0,0.0,27,3.4,0.0,0.0,0.0,0.0,0.0,0.0,1.0
231072,0,1,3400,-62,62,35,11,27,0.50,0.0,0.0,27,3.4,0.0,0.0,0.0,0.0,0.0,0.0,1.0
231321,0,1,3400,-62,62,34,6.6,27,0.50,9856.000000,0,27,3.4,0.0,0.0,0.0,0.0,0.0,0.0,1.0
231570,0,1,3400,-62,62,34,23,27,0.50,101888.000000,0,27,5.7,0.0,33728.000000,0,0.0,0.0,0.0,1.0
231819,0,1,3400,-62,62,36,23,27,0.50,10208.000000,0,27,6.9,0.0,0.0,0.0,0.0,0.0,0.0,1.0
232068,0,1,3400,-62,62,35,13,27,0.50,487488.000000,0,27,6.9,0.0,0.0,0.0,0.0,0.0,0.0,1.0
232317,0,1,3400,-62,62,30,1.0,27,0.50,0.0,0.0,27,7.0,0.0,0.0,0.0,0.0,0.0,0.0,1.0
232566,0,1,3400,-62,62,29,1.0,27,0.50,0.0,0.0,27,7.0,0.0,0.0,0.0,0.0,0.0,0.0,1.0
232815,0,1,3400,-62,62,37,1.0,27,0.50,0.0,0.0,27,7.0,0.0,0.0,0.0,0.0,0.0,0.0,1.0
233064,0,1,3400,-62,62,35,1.0,27,0.50,0.0,0.0,27,7.0,0.0,0.0,0.0,0.0,0.0,0.0,1.0
233313,0,1,3400,-62,62,30,1.0,27,0.50,0.0,0.0,27,6.9,0.0,0.0,0.0,0.0,0.0,0.0,1.0
233562,0,1,3400,-62,62,28,1.0,27,0.50,0.0,0.0,27,7.0,0.0,0.0,0.0,0.0,0.0,0.0,1.0
233811,0,1,3400,-62,62,28,13,27,0.59,431936.000000,0,27,5.8,0.0,43136.000000,46,0.0,0.0,0.0,1.0
234060,0,1,3400,-62,62,32,11,27,0.50,130784.000000,0,27,3.0,0.0,0.0,0.0,0.0,0.0,0.0,1.0
234309,0,1,3400,-62,62,34,24,27,0.50,0.0,0.0,27,3.0,0.0,0.0,0.0,0.0,0.0,0.0,1.0
234558,0,1,3400,-62,62,28,24,26,0.50,0.0,0.0,27,2.9,0.0,0.0,0.0,0.0,0.0,0.0,1.0
234807,0,1,3400,-62,62,31,13,27,0.50,302144.000000,0,27,4.9,0.0,37792.000000,31,0.0,0.0,0.0,1.0
235056,0,1,3400,-62,62,30,15,26,0.50,556608.000000,0,27,9.9,0.0,0.0,0.0,0.0,0.0,0.0,1.0
235305,0,1,3400,-62,62,31,18,26,0.50,547168.000000,0,27,6.7,0.0,16704.000000,0,0.0,0.0,0.0,1.0
235554,0,1,3400,-62,62,36,11,26,0.50,152544.000000,0,27,5.3,0.0,0.0,0.0,0.0,0.0,0.0,1.0
235803,0,1,3400,-62,62,33,24,26,0.50,0.0,0.0,27,5.5,0.0,0.0,0.0,0.0,0.0,0.0,1.0
236052,0,1,3400,-62,62,34,20,26,0.50,506272.000000,0,27,5.4,581,0.0,0.0,0.0,0.0,0.0,1.0
236301,0,1,3400,-62,62,37,24,26,0.50,688128.000000,0,27,4.4,0.0,29536.000000,20,0.0,0.0,0.0,1.0
236550,0,1,3400,-62,62,34,23,26,0.50,585696.000000,0,27,4.0,0.0,0.0,0.0,0.0,0.0,0.0,1.0
236799,0,1,3400,-62,62,31,25,26,0.50,298400.000000,0,27,4.0,0.0,0.0,0.0,0.0,0.0,0.0,1.0
237048,0,1,3400,-62,62,29,26,27,0.50,0.0,0.0,27,4.0,0.0,0.0,0.0,0.0,0.0,0.0,1.0
237297,0,1,3400,-61,61,29,26,27,0.50,0.0,0.0,27,4.0,0.0,0.0,0.0,0.0,0.0,0.0,1.0
237546,0,1,3400,-61,61,31,26,27,0.50,0.0,0.0,27,4.0,0.0,0.0,0.0,0.0,0.0,0.0,1.0
237795,0,1,3400,-61,61,36,12,27,0.50,106624.000000,0,27,3.6,507,0.0,80,0.0,0.0,0.0,1.0
238044,0,1,3400,-61,61,33,21,28,0.50,788448.000000,0,27,2.9,1087.000000,0.0,0.0,0.0,0.0,0.0,1.0
238293,0,1,3400,-60,60,34,18,28,0.64,587328.000000,0,27,1.1,0.0,38528.000000,48,0.0,0.0,0.0,1.0
238542,0,1,3400,-60,60,31,16,28,0.50,614144.000000,0,27,1.0,0.0,0.0,0.0,0.0,0.0,0.0,1.0
238791,0,1,3400,-60,60,33,20,28,0.50,598496.000000,0,27,0.99,0.0,0.0,0.0,0.0,0.0,0.0,1.0
239040,0,1,3400,-60,60,35,10,28,0.50,275328.000000,0,27,1.00,581,0.0,0.0,0.0,0.0,0.0,1.0
239289,0,1,3400,-60,60,38,15,28,0.50,406848.000000,0,27,2.5,0.0,30592.000000,61,0.0,0.0,0.0,1.0
239538,0,1,3400,-60,60,37,9.2,28,0.50,237952.000000,0,27,3.5,0.0,0.0,0.0,0.0,0.0,0.0,1.0
239787,0,1,3400,-60,60,32,23,28,0.50,745280.000000,0,27,3.5,0.0,0.0,0.0,0.0,0.0,0.0,1.0
240036,0,1,3400,-60,60,35,18,28,0.50,682624.000000,0,27,3.5,581,0.0,0.0,0.0,0.0,0.0,1.0
240285,0,1,3400,-60,60,34,18,28,0.57,509568.000000,0,27,2.5,0.0,37600.000000,44,0.0,0.0,0.0,1.0
240534,0,1,3400,-60,60,32,27,28,0.63,598336.000000,0,27,2.0,0.0,0.0,0.0,0.0,0.0,0.0,1.0
240783,0,1,3400,-60,60,33,27,28,0.64,596384.000000,0,27,2.0,0.0,0.0,0.0,0.0,0.0,0.0,1.0
241032,0,1,3400,-60,60,31,27,28,0.57,650912.000000,0,27,2.0,581,0.0,0.0,0.0,0.0,0.0,1.0
241281,0,1,3400,-60,60,32,24,28,0.50,494272.000000,0,27,1.7,0.0,27168.000000,50,0.0,0.0,0.0,1.0
241530,0,1,3400,-60,60,30,27,28,0.53,683584.000000,0,27,1.00,0.0,0.0,0.0,0.0,0.0,0.0,1.0
241779,0,1,3400,-60,60,31,27,28,0.50,807680.000000,0,27,0.99,0.0,0.0,0.0,0.0,0.0,0.0,1.0
242028,0,1,3400,-60,60,32,27,29,0.50,659200.000000,0,27,0.99,581,0.0,0.0,0.0,0.0,0.0,1.0
242277,0,1,3400,-59,59,32,22,29,0.52,496000.000000,0,27,1.6,0.0,32736.000000,12,0.0,0.0,0.0,1.0
242526,0,1,3400,-59,59,32,16,29,0.50,401376.000000,0,27,2.0,0.0,0.0,0.0,0.0,0.0,0.0,1.0
242775,0,1,3400,-59,59,33,13,29,0.50,367936.000000,0,27,2.0,0.0,0.0,0.0,0.0,0.0,0.0,1.0
243024,0,1,3400,-59,59,31,15,28,0.50,566528.000000,0,27,2.0,0.0,0.0,0.0,0.0,0.0,0.0,1.0
243273,0,1,3400,-59,59,33,9.3,28,0.50,267072.000000,0,27,4.6,0.0,27168.000000,29,0.0,0.0,0.0,1.0
243522,0,1,3400,-59,59,34,26,28,0.50,146976.000000,0,27,6.4,0.0,0.0,0.0,0.0,0.0,0.0,1.0
243771,0,1,3400,-59,59,33,27,28,0.50,0.0,0.0,27,6.5,0.0,0.0,0.0,0.0,0.0,0.0,1.0
244020,0,1,3400,-59,59,31,27,28,0.50,0.0,0.0,27,6.5,0.0,0.0,0.0,0.0,0.0,0.0,1.0
244269,0,1,3400,-59,59,27,27,28,0.50,0.0,0.0,27,6.5,0.0,0.0,0.0,0.0,0.0,0.0,1.0
244518,0,1,3400,-59,59,25,27,28,0.50,0.0,0.0,27,6.5,0.0,0.0,0.0,0.0,0.0,0.0,1.0
244767,0,1,3400,-59,59,25,27,28,0.50,0.0,0.0,27,6.5,0.0,0.0,0.0,0.0,0.0,0.0,1.0
245016,0,1,3400,-59,59,26,27,29,0.50,0.0,0.0,27,6.5,0.0,0.0,0.0,0.0,0.0,0.0,1.0
245265,0,1,3400,-59,59,31,20,29,0.50,12320.000000,0,27,6.5,0.0,0.0,0.0,0.0,0.0,0.0,1.0
245514,0,1,3400,-59,59,37,20,29,0.72,709696.000000,0,27,2.6,0.0,27424.000000,60,0.0,0.0,0.0,1.0
245763,0,1,3400,-59,59,36,27,29,0.59,788192.000000,0,27,0.0,0.0,0.0,0.0,0.0,0.0,0.0,1.0
246012,0,1,3400,-59,59,29,22,29,0.50,774560.000000,0,27,0.0,581,0.0,0.0,0.0,0.0,0.0,1.0
246261,0,1,3400,-59,59,35,17,29,0.50,538944.000000,0,27,0.0,539,0.0,80,0.0,0.0,0.0,1.0
246510,0,1,3400,-59,59,36,26,29,0.50,1078944.000000,0,27,0.87,0.0,1568.000000,69,0.0,0.0,0.0,1.0
246759,0,1,3400,-59,59,30,23,29,0.56,769024.000000,0,27,0.0,0.0,4032.000000,68,0.0,0.0,0.0,1.0
247008,0,1,3400,-59,59,27,27,29,1.1,1101472.000000,0,27,0.0,581,0.0,0.0,0.0,0.0,0.0,1.0
247257,0,1,3400,-59,59,29,23,29,0.62,641120.000000,0,27,0.19,0.0,33888.000000,45,0.0,0.0,0.0,1.0
247506,0,1,3400,-59,59,33,24,29,0.67,811904.000000,0.5,27,0.012,0.0,0.0,0.0,0.0,0.0,0.0,1.0
247755,0,1,3400,-59,59,28,27,29,0.99,1190560.000000,0,27,0.016,0.0,0.0,0.0,0.0,0.0,0.0,1.0
248004,0,1,3400,-60,60,30,22,29,0.92,908064.000000,0,27,0.0,581,0.0,0.0,0.0,0.0,0.0,1.0
248253,0,1,3400,-60,60,34,2.1,29,0.50,66048.000000,0,27,2.4,0.0,56512.000000,0,0.0,0.0,0.0,1.0
248502,0,1,3400,-60,60,35,7.8,28,0.50,289664.000000,0,27,4.5,0.0,0.0,0.0,0.0,0.0,0.0,1.0
248751,0,1,3400,-60,60,31,5.9,28,0.50,145056.000000,0,27,4.5,0.0,0.0,0.0,0.0,0.0,0.0,1.0
249000,0,1,3400,-61,61,32,7.7,28,0.50,205312.000000,0,27,4.5,581,0.0,0.0,0.0,0.0,0.0,1.0
249249,0,1,3400,-61,61,32,22,28,0.50,873920.000000,0,27,4.0,455,0.0,80,0.0,0.0,0.0,1.0
249498,0,1,3400,-61,61,37,14,27,0.50,466784.000000,0,27,4.0,455,0.0,0.0,0.0,0.0,0.0,1.0
249747,0,1,3400,-61,61,33,25,27,0.50,839680.000000,0,27,0.67,413,0.0,80,0.0,0.0,0.0,1.0
249996,0,1,3400,-61,61,36,24,27,0.50,1012864.000000,0,27,0.012,993,0.0,0.0,0.0,0.0,0.0,1.0
250245,0,1,3400,-61,61,31,24,27,0.50,873920.000000,0,27,1.1,0.0,27616.000000,67,0.0,0.0,0.0,1.0
250494,0,1,3400,-61,61,32,17,27,0.50,537824.000000,0,27,5.4,0.0,0.0,0.0,0.0,0.0,0.0,1.0
250743,0,1,3400,-61,61,31,13,27,0.50,327424.000000,0,27,5.4,0.0,0.0,0.0,0.0,0.0,0.0,1.0
250992,0,1,3400,-61,61,33,21,27,0.50,411936.000000,0,27,5.4,581,0.0,0.0,0.0,0.0,0.0,1.0
251241,0,1,3400,-61,61,33,22,27,0.50,521696.000000,0,27,2.6,0.0,29376.000000,30,0.0,0.0,0.0,1.0
251490,0,1,3400,-61,61,35,20,27,0.50,355200.000000,0,27,0.0040,0.0,0.0,0.0,0.0,0.0,0.0,1.0
251739,0,1,3400,-61,61,37,19,27,0.50,364704.000000,0,27,0.0080,0.0,0.0,0.0,0.0,0.0,0.0,1.0
251988,0,1,3400,-62,62,38,14,26,0.50,261600.000000,0,27,0.0080,581,0.0,0.0,0.0,0.0,0.0,1.0
252237,0,1,3400,-62,62,38,21,26,0.50,448064.000000,0,27,10,0.0,35648.000000,40,0.0,0.0,0.0,1.0
252486,0,1,3400,-62,62,33,20,25,0.51,696320.000000,0,27,16,0.0,0.0,0.0,0.0,0.0,0.0,1.0
252735,0,1,3400,-62,62,33,17,26,0.50,635424.000000,0,27,16,0.0,0.0,0.0,0.0,0.0,0.0,1.0
252984,0,1,3400,-62,62,28,25,26,0.50,864224.000000,0,27,16,581,0.0,0.0,0.0,0.0,0.0,1.0
253233,0,1,3400,-62,62,36,25,26,0.50,1021280.000000,0,27,16,581,0.0,0.0,0.0,0.0,0.0,1.0
253482,0,1,3400,-62,62,33,25,26,0.52,827552.000000,0,27,1.6,0.0,29120.000000,31,0.0,0.0,0.0,1.0
253731,0,1,3400,-62,62,32,24,26,0.51,753312.000000,0,27,0.0080,0.0,0.0,0.0,0.0,0.0,0.0,1.0
253980,0,1,3400,-62,62,34,21,27,0.53,615936.000000,0,27,0.0040,581,0.0,0.0,0.0,0.0,0.0,1.0
254229,0,1,3400,-62,62,33,24,26,0.50,715776.000000,0,27,0.29,0.0,30080.000000,46,0.0,0.0,0.0,1.0
254478,0,1,3400,-62,62,32,25,27,0.50,1018912.000000,0,27,0.50,0.0,0.0,0.0,0.0,0.0,0.0,1.0
254727,0,1,3400,-62,62,32,24,26,0.50,879840.000000,0,27,0.50,0.0,0.0,0.0,0.0,0.0,0.0,1.0
254976,0,1,3400,-62,62,31,22,27,0.50,703232.000000,0,27,0.50,581,0.0,0.0,0.0,0.0,0.0,1.0
255225,0,1,3400,-62,62,32,22,27,0.50,889952.000000,0,27,0.20,539,0.0,80,0.0,0.0,0.0,1.0
255474,0,1,3400,-62,62,31,26,27,0.50,1106048.000000,0,27,0.0,539,0.0,0.0,0.0,0.0,0.0,1.0
255723,0,1,3400,-62,62,32,25,27,0.53,918208.000000,0,27,5.1,0.0,43840.000000,32,0.0,0.0,0.0,1.0
255972,0,1,3400,-62,62,30,7.6,27,0.50,326464.000000,0,27,7.9,0.0,0.0,0.0,0.0,0.0,0.0,1.0
256221,0,1,3400,-61,61,28,1.0,27,0.50,36512.000000,0,27,8.0,0.0,0.0,0.0,0.0,0.0,0.0,1.0
256470,0,1,3400,-61,61,36,1.0,27,0.50,36064.000000,0,27,7.8,0.0,0.0,0.0,0.0,0.0,0.0,1.0
256719,0,1,3400,-61,61,35,1.5,28,0.50,45472.000000,0,27,6.4,0.0,43296.000000,11,0.0,0.0,0.0,1.0
256968,0,1,3400,-61,61,34,14,28,0.50,417536.000000,0,27,1.0,581,2592.000000,0,0.0,0.0,0.0,1.0
257217,0,1,3400,-60,60,38,6.8,28,0.50,241280.000000,0,27,0.83,0.0,31968.000000,54,0.0,0.0,0.0,1.0
257466,0,1,3400,-60,60,35,9.4,28,0.50,327520.000000,0,27,0.99,0.0,0.0,0.0,0.0,0.0,0.0,1.0
257715,0,1,3400,-60,60,38,27,28,0.50,1031008.000000,0,27,1.0,0.0,0.0,0.0,0.0,0.0,0.0,1.0
257964,0,1,3400,-61,61,37,24,28,0.50,857984.000000,0,27,0.99,581,0.0,0.0,0.0,0.0,0.0,1.0
258213,0,1,3400,-61,61,33,23,27,0.50,795328.000000,0,27,6.3,103,0.0,80,0.0,0.0,0.0,1.0
258462,0,1,3400,-61,61,34,25,27,0.50,951360.000000,0,27,7.9,61,0.0,0,0.0,0.0,0.0,1.0
258711,0,1,3400,-61,61,29,25,27,0.50,724672.000000,0,27,6.9,61,0.0,100.000000,0.0,0.0,0.0,1.0
258960,0,1,3400,-61,61,33,16,27,0.50,550944.000000,0,27,5.5,581,7456.000000,0,0.0,0.0,0.0,1.0
259209,0,1,3400,-61,61,35,14,27,0.50,522240.000000,0,27,6.9,0.0,28288.000000,22,0.0,0.0,0.0,1.0
259458,0,1,3400,-61,61,34,16,27,0.50,467104.000000,0,27,6.9,0.0,0.0,0.0,0.0,0.0,0.0,1.0
259707,0,1,3400,-61,61,35,25,27,0.50,1004192.000000,0,27,7.0,0.0,0.0,0.0,0.0,0.0,0.0,1.0
259956,0,1,3400,-61,61,33,25,27,0.50,783680.000000,0,27,6.9,581,0.0,0.0,0.0,0.0,0.0,1.0
260205,0,1,3400,-60,60,34,25,27,0.50,975904.000000,0,27,6.4,0.0,1568.000000,60,0.0,0.0,0.0,1.0
260454,0,1,3400,-60,60,31,25,28,0.50,26112.000000,0,27,0.18,0.0,10976.000000,65,0.0,0.0,0.0,1.0
260703,0,1,3400,-60,60,29,24,28,0.50,2688.000000,0,27,0.0,0.0,0.0,0.0,0.0,0.0,0.0,1.0
260952,0,1,3400,-61,61,40,3.8,28,0.50,99936.000000,0,27,0.0,0.0,0.0,0.0,0.0,0.0,0.0,1.0
261201,0,1,3400,-61,61,39,10,27,0.50,265664.000000,0,27,4.6,0.0,19680.000000,55,0.0,0.0,0.0,1.0
261450,0,1,3400,-61,61,31,16,27,0.50,537888.000000,0,27,7.0,0.0,0.0,0.0,0.0,0.0,0.0,1.0
261699,0,1,3400,-61,61,33,6.9,28,0.50,216288.000000,0,27,7.0,0.0,0.0,0.0,0.0,0.0,0.0,1.0
261948,0,1,3400,-61,61,34,16,28,0.50,640256.000000,0,27,6.9,581,0.0,0.0,0.0,0.0,0.0,1.0
262197,0,1,3400,-60,60,37,23,28,0.50,843808.000000,0,27,4.6,0.0,27904.000000,51,0.0,0.0,0.0,1.0
262446,0,1,3400,-60,60,35,16,28,0.50,501696.000000,0,27,0.0,0.0,0.0,0.0,0.0,0.0,0.0,1.0
262695,0,1,3400,-60,60,31,16,28,0.50,578176.000000,0,27,0.0,0.0,0.0,0.0,0.0,0.0,0.0,1.0
262944,0,1,3400,-60,60,33,8.3,28,0.50,144224.000000,0,27,0.0,0.0,0.0,0.0,0.0,0.0,0.0,1.0
263193,0,1,3400,-60,60,34,8.1,28,0.50,0.0,0.0,27,0.0,0.0,0.0,0.0,0.0,0.0,0.0,1.0
263442,0,1,3400,-60,60,33,8.0,28,0.50,0.0,0.0,27,0.0,0.0,0.0,0.0,0.0,0.0,0.0,1.0
263691,0,1,3400,-60,60,33,8.0,28,0.50,0.0,0.0,27,0.0,0.0,0.0,0.0,0.0,0.0,0.0,1.0
263940,0,1,3400,-60,60,31,8.0,28,0.50,0.0,0.0,27,0.0,0.0,0.0,0.0,0.0,0.0,0.0,1.0
264189,0,1,3400,-60,60,31,8.0,28,0.50,0.0,0.0,27,0.0,0.0,0.0,0.0,0.0,0.0,0.0,1.0
264438,0,1,3400,-60,60,33,8.0,29,0.50,0.0,0.0,27,0.0,0.0,0.0,0.0,0.0,0.0,0.0,1.0
264687,0,1,3400,-60,60,35,8.1,28,0.50,0.0,0.0,27,0.0,0.0,0.0,0.0,0.0,0.0,0.0,1.0
264936,0,1,3400,-60,60,39,8.3,28,0.50,0.0,0.0,27,0.0,0.0,0.0,0.0,0.0,0.0,0.0,1.0
265185,0,1,3400,-60,60,31,8.1,28,0.50,0.0,0.0,27,0.0,0.0,0.0,0.0,0.0,0.0,0.0,1.0
265434,0,1,3400,-60,60,35,8.4,28,0.50,0.0,0.0,27,0.0,0.0,0.0,0.0,0.0,0.0,0.0,1.0
265683,0,1,3400,-60,60,36,8.0,28,0.50,0.0,0.0,27,0.0,0.0,0.0,0.0,0.0,0.0,0.0,1.0
265932,0,1,3400,-60,60,36,8.2,28,0.50,0.0,0.0,27,0.0,0.0,0.0,0.0,0.0,0.0,0.0,1.0
266181,0,1,3400,-60,60,32,8.1,28,0.50,0.0,0.0,27,0.0,0.0,0.0,0.0,0.0,0.0,0.0,1.0
266430,0,1,3400,-60,60,35,8.2,28,0.50,0.0,0.0,27,0.0,0.0,0.0,0.0,0.0,0.0,0.0,1.0
266679,0,1,3400,-60,60,37,16,28,0.54,426432.000000,0,27,0.22,797,22624.000000,72,0.0,0.0,0.0,1.0
266928,0,1,3400,-60,60,32,13,27,0.68,459520.000000,0,27,1.3,0.0,12288.000000,86,0.0,0.0,0.0,1.0
267177,0,1,3400,-60,60,31,17,27,0.50,741824.000000,0,27,2.0,539,0.0,80,0.0,0.0,0.0,1.0
267426,0,1,3400,-60,60,29,5.7,27,0.50,169408.000000,0,27,2.0,539,0.0,0.0,0.0,0.0,0.0,1.0
267675,0,1,3400,-60,60,29,6.3,27,0.54,195200.000000,0,27,1.7,0.0,34016.000000,18,0.0,0.0,0.0,1.0
267924,0,1,3400,-60,60,35,28,27,1.5,371200.000000,0,27,3.7,0.0,1312.000000,83,0.0,0.0,0.0,1.0
268173,0,1,3400,-60,60,36,28,28,1.5,0.0,0.0,27,3.5,0.0,0.0,0.0,0.0,0.0,0.0,1.0
268422,0,1,3400,-60,60,37,28,28,1.5,0.0,0.0,27,3.5,0.0,0.0,0.0,0.0,0.0,0.0,1.0
268671,0,1,3400,-60,60,33,28,28,1.5,0.0,0.0,27,3.5,0.0,0.0,0.0,0.0,0.0,0.0,1.0
268920,0,1,3400,-61,61,27,28,28,1.5,0.0,0.0,27,3.5,0.0,0.0,0.0,0.0,0.0,0.0,1.0
269169,0,1,3400,-61,61,32,28,28,1.5,0.0,0.0,27,3.5,0.0,0.0,0.0,0.0,0.0,0.0,1.0
269418,0,1,3400,-61,61,33,28,28,1.5,0.0,0.0,27,3.5,0.0,0.0,0.0,0.0,0.0,0.0,1.0
269667,0,1,3400,-61,61,32,28,27,1.5,0.0,0.0,27,3.5,0.0,0.0,0.0,0.0,0.0,0.0,1.0
269916,0,1,3400,-61,61,32,28,28,1.5,0.0,0.0,27,3.5,0.0,0.0,0.0,0.0,0.0,0.0,1.0
270165,0,1,3400,-61,61,34,28,27,1.5,0.0,0.0,27,3.5,0.0,0.0,0.0,0.0,0.0,0.0,1.0
270414,0,1,3400,-61,61,32,28,27,1.5,0.0,0.0,27,3.5,0.0,0.0,0.0,0.0,0.0,0.0,1.0
270663,0,1,3400,-61,61,29,28,27,1.5,0.0,0.0,27,3.5,0.0,0.0,0.0,0.0,0.0,0.0,1.0
270912,0,1,3400,-62,62,32,28,27,1.5,0.0,0.0,27,3.5,0.0,0.0,0.0,0.0,0.0,0.0,1.0
271161,0,1,3400,-62,62,32,28,27,1.5,0.0,0.0,27,3.5,0.0,0.0,0.0,0.0,0.0,0.0,1.0
271410,0,1,3400,-62,62,34,28,27,1.5,0.0,0.0,27,3.5,0.0,0.0,0.0,0.0,0.0,0.0,1.0
271659,0,1,3400,-62,62,31,28,27,1.5,0.0,0.0,27,3.5,0.0,0.0,0.0,0.0,0.0,0.0,1.0
271908,0,1,3400,-62,62,33,28,27,1.5,0.0,0.0,27,3.5,0.0,0.0,0.0,0.0,0.0,0.0,1.0
272157,0,1,3400,-62,62,34,28,27,1.5,0.0,0.0,27,3.5,0.0,0.0,0.0,0.0,0.0,0.0,1.0
272406,0,1,3400,-62,62,36,26,27,2.0,0.0,100.000000,27,3.5,0.0,0.0,0.0,0.0,0.0,0.0,1.0
272655,0,1,3400,-62,62,34,24,27,2.8,0.0,0.0,27,3.5,0.0,0.0,0.0,0.0,0.0,0.0,1.0
272904,0,1,3400,-62,62,28,24,27,2.7,0.0,0.0,27,3.5,0.0,0.0,0.0,0.0,0.0,0.0,1.0
273153,0,1,3400,-62,62,33,24,27,2.7,0.0,0.0,27,3.5,0.0,0.0,0.0,0.0,0.0,0.0,1.0
273402,0,1,3400,-62,62,38,24,27,2.7,0.0,0.0,27,3.4,0.0,0.0,0.0,0.0,0.0,0.0,1.0
273651,0,1,3400,-62,62,36,24,27,2.7,0.0,0.0,27,3.5,0.0,0.0,0.0,0.0,0.0,0.0,1.0
273900,0,1,3400,-62,62,36,24,27,2.7,0.0,0.0,27,3.5,0.0,0.0,0.0,0.0,0.0,0.0,1.0
274149,0,1,3400,-61,61,34,25,27,2.7,0.0,0.0,27,3.5,0.0,0.0,0.0,0.0,0.0,0.0,1.0
274398,0,1,3400,-61,61,32,24,27,2.8,0.0,0.0,27,3.5,0.0,0.0,0.0,0.0,0.0,0.0,1.0
274647,0,1,3400,-61,61,30,24,27,2.7,0.0,0.0,27,3.5,0.0,0.0,0.0,0.0,0.0,0.0,1.0
274896,0,1,3400,-61,61,27,24,27,2.8,0.0,0.0,27,3.5,0.0,0.0,0.0,0.0,0.0,0.0,1.0
275145,0,1,3400,-61,61,36,24,27,2.8,0.0,0.0,27,3.5,0.0,0.0,0.0,0.0,0.0,0.0,1.0
275394,0,1,3400,-61,61,35,24,26,2.7,0.0,0.0,27,3.5,0.0,0.0,0.0,0.0,0.0,0.0,1.0
275643,0,1,3400,-61,61,32,24,27,2.7,0.0,0.0,27,3.5,0.0,0.0,0.0,0.0,0.0,0.0,1.0
275892,0,1,3400,-61,61,36,24,27,2.7,0.0,0.0,27,3.5,0.0,0.0,0.0,0.0,0.0,0.0,1.0
276141,0,1,3400,-61,61,27,24,27,2.7,0.0,0.0,27,3.5,0.0,0.0,0.0,0.0,0.0,0.0,1.0
276390,0,1,3400,-61,61,30,24,27,2.7,0.0,0.0,27,3.5,0.0,0.0,0.0,0.0,0.0,0.0,1.0
276639,0,1,3400,-61,61,35,24,27,2.8,0.0,0.0,27,3.5,0.0,0.0,0.0,0.0,0.0,0.0,1.0
276888,0,1,3400,-62,62,37,24,27,2.7,0.0,0.0,27,3.5,0.0,0.0,0.0,0.0,0.0,0.0,1.0
277137,0,1,3400,-62,62,37,24,27,2.8,0.0,0.0,27,3.5,0.0,0.0,0.0,0.0,0.0,0.0,1.0
277386,0,1,3400,-62,62,35,24,27,2.7,0.0,0.0,27,3.5,0.0,0.0,0.0,0.0,0.0,0.0,1.0
277635,0,1,3400,-62,62,34,24,27,2.7,0.0,0.0,27,3.4,0.0,0.0,0.0,0.0,0.0,0.0,1.0
277884,0,1,3400,-62,62,27,24,27,2.7,0.0,0.0,27,3.5,0.0,0.0,0.0,0.0,0.0,0.0,1.0
278133,0,1,3400,-62,62,30,24,27,2.7,0.0,0.0,27,3.5,0.0,0.0,0.0,0.0,0.0,0.0,1.0
278382,0,1,3400,-62,62,36,24,27,2.8,0.0,100.000000,27,3.5,0.0,0.0,0.0,0.0,0.0,0.0,1.0
278631,0,1,3400,-62,62,37,24,27,2.7,0.0,0.0,27,3.5,0.0,0.0,0.0,0.0,0.0,0.0,1.0
278880,0,1,3400,-62,62,32,24,27,2.7,0.0,0.0,27,3.5,0.0,0.0,0.0,0.0,0.0,0.0,1.0
279129,0,1,3400,-62,62,36,24,27,2.8,0.0,0.0,27,3.5,0.0,0.0,0.0,0.0,0.0,0.0,1.0
279378,0,1,3400,-62,62,33,24,27,2.8,0.0,0.0,27,3.5,0.0,0.0,0.0,0.0,0.0,0.0,1.0
279627,0,1,3400,-62,62,32,25,27,2.7,0.0,0.0,27,3.5,0.0,0.0,0.0,0.0,0.0,0.0,1.0
279876,0,1,3400,-62,62,33,24,27,2.7,0.0,0.0,27,3.5,0.0,0.0,0.0,0.0,0.0,0.0,1.0
280125,0,1,3400,-61,61,26,24,27,2.8,0.0,0.0,27,3.5,0.0,0.0,0.0,0.0,0.0,0.0,1.0
280374,0,1,3400,-61,61,34,24,27,2.7,0.0,0.0,27,3.5,0.0,0.0,0.0,0.0,0.0,0.0,1.0
280623,0,1,3400,-61,61,42,24,27,2.7,0.0,0.0,27,3.5,0.0,0.0,0.0,0.0,0.0,0.0,1.0
280872,0,1,3400,-61,61,40,25,27,2.7,0.0,0.0,27,3.5,0.0,0.0,0.0,0.0,0.0,0.0,1.0
281121,0,1,3400,-61,61,39,24,27,2.8,0.0,0.0,27,3.5,0.0,0.0,0.0,0.0,0.0,0.0,1.0
281370,0,1,3400,-61,61,36,24,27,2.7,0.0,100.000000,27,3.5,0.0,0.0,0.0,0.0,0.0,0.0,1.0
281619,0,1,3400,-61,61,35,24,27,2.7,0.0,0.0,27,3.5,0.0,0.0,0.0,0.0,0.0,0.0,1.0
281868,0,1,3400,-61,61,34,24,27,2.7,0.0,0.0,27,3.4,0.0,0.0,0.0,0.0,0.0,0.0,1.0
282117,0,1,3400,-60,60,35,24,27,2.7,0.0,0.0,27,3.4,0.0,0.0,0.0,0.0,0.0,0.0,1.0
282366,0,1,3400,-60,60,33,24,27,2.7,0.0,0.0,27,3.5,0.0,0.0,0.0,0.0,0.0,0.0,1.0
282615,0,1,3400,-60,60,36,24,27,2.7,0.0,0.0,27,3.4,0.0,0.0,0.0,0.0,0.0,0.0,1.0
282864,0,1,3400,-60,60,33,24,27,2.8,0.0,0.0,27,15,0.0,1568.000000,50,0.0,0.0,0.0,1.0
283113,0,1,3400,-60,60,34,24,28,2.7,0.0,0.0,27,15,0.0,0.0,0.0,0.0,0.0,0.0,1.0
283362,0,1,3400,-60,60,33,24,28,2.7,0.0,0.0,27,15,0.0,0.0,0.0,0.0,0.0,0.0,1.0
283611,0,1,3400,-60,60,32,24,28,2.7,0.0,0.0,27,15,0.0,0.0,0.0,0.0,0.0,0.0,1.0
283860,0,1,3400,-60,60,30,24,29,2.7,0.0,0.0,27,15,0.0,0.0,0.0,0.0,0.0,0.0,1.0
284109,0,1,3400,-59,59,35,24,29,2.7,0.0,0.0,27,15,0.0,0.0,0.0,0.0,0.0,0.0,1.0
284358,0,1,3400,-59,59,34,24,29,2.7,0.0,0.0,27,15,0.0,0.0,0.0,0.0,0.0,0.0,1.0
284607,0,1,3400,-59,59,35,24,29,2.7,0.0,0.0,27,15,0.0,0.0,0.0,0.0,0.0,0.0,1.0
284856,0,1,3400,-59,59,33,24,29,2.7,0.0,0.0,27,15,0.0,0.0,0.0,0.0,0.0,0.0,1.0
285105,0,1,3400,-59,59,35,23,29,3.2,0.0,100.000000,27,15,0.0,0.0,0.0,0.0,0.0,0.0,1.0
285354,0,1,3400,-59,59,38,21,29,4.0,0.0,0.0,27,15,0.0,0.0,0.0,0.0,0.0,0.0,1.0
285603,0,1,3400,-59,59,30,21,29,4.0,0.0,0.0,27,15,0.0,0.0,0.0,0.0,0.0,0.0,1.0
285852,0,1,3400,-60,60,36,21,29,3.9,0.0,0.0,27,15,0.0,0.0,0.0,0.0,0.0,0.0,1.0
286101,0,1,3400,-60,60,26,21,29,4.0,0.0,0.0,27,15,0.0,0.0,0.0,0.0,0.0,0.0,1.0
286350,0,1,3400,-60,60,34,21,28,3.9,0.0,0.0,27,15,0.0,0.0,0.0,0.0,0.0,0.0,1.0
286599,0,1,3400,-60,60,38,21,28,4.0,0.0,0.0,27,15,0.0,0.0,0.0,0.0,0.0,0.0,1.0
286848,0,1,3400,-60,60,38,21,28,4.0,0.0,0.0,27,15,0.0,0.0,0.0,0.0,0.0,0.0,1.0
287097,0,1,3400,-60,60,37,21,28,4.0,0.0,0.0,27,15,0.0,0.0,0.0,0.0,0.0,0.0,1.0
287346,0,1,3400,-60,60,33,21,28,4.0,0.0,0.0,27,15,0.0,0.0,0.0,0.0,0.0,0.0,1.0
287595,0,1,3400,-60,60,30,21,28,4.0,0.0,0.0,27,15,0.0,0.0,0.0,0.0,0.0,0.0,1.0
287844,0,1,3400,-60,60,35,21,28,4.0,0.0,0.0,27,15,0.0,0.0,0.0,0.0,0.0,0.0,1.0
288093,0,1,3400,-60,60,37,21,28,4.0,0.0,0.0,27,15,0.0,0.0,0.0,0.0,0.0,0.0,1.0
288342,0,1,3400,-60,60,36,21,28,4.0,0.0,0.0,27,15,0.0,0.0,0.0,0.0,0.0,0.0,1.0
288591,0,1,3400,-60,60,38,21,28,4.0,0.0,0.0,27,15,0.0,0.0,0.0,0.0,0.0,0.0,1.0
288840,0,1,3400,-61,61,31,21,27,4.0,0.0,0.0,27,15,0.0,0.0,0.0,0.0,0.0,0.0,1.0
289089,0,1,3400,-61,61,28,21,27,4.0,0.0,0.0,27,15,0.0,0.0,0.0,0.0,0.0,0.0,1.0
289338,0,1,3400,-61,61,34,21,27,4.0,0.0,0.0,27,15,0.0,0.0,0.0,0.0,0.0,0.0,1.0
289587,0,1,3400,-61,61,38,21,27,3.9,0.0,0.0,27,15,0.0,0.0,0.0,0.0,0.0,0.0,1.0
289836,0,1,3400,-61,61,37,21,27,4.0,0.0,0.0,27,15,0.0,0.0,0.0,0.0,0.0,0.0,1.0
290085,0,1,3400,-61,61,35,21,27,3.9,0.0,0.0,27,15,0.0,0.0,0.0,0.0,0.0,0.0,1.0
290334,0,1,3400,-61,61,32,21,27,4.0,0.0,0.0,27,15,0.0,0.0,0.0,0.0,0.0,0.0,1.0
290583,0,1,3400,-61,61,30,21,27,3.9,0.0,0.0,27,15,0.0,0.0,0.0,0.0,0.0,0.0,1.0
290832,0,1,3400,-62,62,35,21,27,4.0,0.0,0.0,27,15,0.0,0.0,0.0,0.0,0.0,0.0,1.0
291081,0,1,3400,-62,62,36,21,27,4.0,0.0,0.0,27,15,0.0,0.0,0.0,0.0,0.0,0.0,1.0
291330,0,1,3400,-62,62,33,21,26,3.9,0.0,0.0,27,15,0.0,0.0,0.0,0.0,0.0,0.0,1.0
291579,0,1,3400,-62,62,36,21,26,3.9,0.0,0.0,27,15,0.0,0.0,0.0,0.0,0.0,0.0,1.0
291828,0,1,3400,-62,62,37,21,27,4.0,0.0,0.0,27,15,0.0,0.0,0.0,0.0,0.0,0.0,1.0
292077,0,1,3400,-62,62,32,21,27,4.0,0.0,0.0,27,15,0.0,0.0,0.0,0.0,0.0,0.0,1.0
292326,0,1,3400,-62,62,33,21,27,4.0,0.0,0.0,27,15,0.0,0.0,0.0,0.0,0.0,0.0,1.0
292575,0,1,3400,-62,62,28,21,27,4.0,0.0,0.0,27,15,0.0,0.0,0.0,0.0,0.0,0.0,1.0
292824,0,1,3400,-62,62,27,21,27,4.0,0.0,0.0,27,15,0.0,0.0,0.0,0.0,0.0,0.0,1.0
293073,0,1,3400,-61,61,35,21,27,4.0,0.0,0.0,27,15,0.0,0.0,0.0,0.0,0.0,0.0,1.0
293322,0,1,3400,-61,61,35,21,27,4.0,0.0,0.0,27,15,0.0,0.0,0.0,0.0,0.0,0.0,1.0
293571,0,1,3400,-61,61,31,21,28,4.0,0.0,0.0,27,15,0.0,0.0,0.0,0.0,0.0,0.0,1.0
293820,0,1,3400,-61,61,29,21,28,4.0,0.0,0.0,27,15,0.0,0.0,0.0,0.0,0.0,0.0,1.0
294069,0,1,3400,-61,61,38,21,28,4.0,0.0,0.0,27,15,0.0,0.0,0.0,0.0,0.0,0.0,1.0
294318,0,1,3400,-61,61,38,21,28,4.0,0.0,0.0,27,15,0.0,0.0,0.0,0.0,0.0,0.0,1.0
294567,0,1,3400,-61,61,38,21,28,4.0,0.0,0.0,27,15,0.0,0.0,0.0,0.0,0.0,0.0,1.0
294816,0,1,3400,-61,61,35,21,28,4.0,0.0,0.0,27,15,0.0,0.0,0.0,0.0,0.0,0.0,1.0
295065,0,1,3400,-61,61,35,21,27,4.0,0.0,0.0,27,15,0.0,0.0,0.0,0.0,0.0,0.0,1.0
295314,0,1,3400,-61,61,34,21,27,4.0,0.0,0.0,27,15,0.0,0.0,0.0,0.0,0.0,0.0,1.0
295563,0,1,3400,-61,61,37,20,27,4.0,0.0,100.000000,27,15,0.0,0.0,0.0,0.0,0.0,0.0,1.0
295812,0,1,3400,-62,62,38,14,27,3.9,0.0,100.000000,27,15,0.0,0.0,0.0,0.0,0.0,0.0,1.0
296061,0,1,3400,-62,62,37,13,27,4.0,0.0,0.0,27,15,0.0,0.0,0.0,0.0,0.0,0.0,1.0
296310,0,1,3400,-62,62,33,13,26,4.0,0.0,0.0,27,15,0.0,0.0,0.0,0.0,0.0,0.0,1.0
296559,0,1,3400,-62,62,33,13,26,4.0,0.0,0.0,27,15,0.0,0.0,0.0,0.0,0.0,0.0,1.0
296808,0,1,3400,-62,62,36,13,26,4.0,0.0,0.0,27,15,0.0,0.0,0.0,0.0,0.0,0.0,1.0
297057,0,1,3400,-62,62,36,13,26,4.0,0.0,0.0,27,15,0.0,0.0,0.0,0.0,0.0,0.0,1.0
297306,0,1,3400,-62,62,38,13,26,4.0,0.0,0.0,27,15,0.0,0.0,0.0,0.0,0.0,0.0,1.0
297555,0,1,3400,-62,62,36,13,26,4.0,0.0,0.0,27,15,0.0,0.0,0.0,0.0,0.0,0.0,1.0
297804,0,1,3400,-62,62,35,13,26,4.0,0.0,0.0,27,15,0.0,0.0,0.0,0.0,0.0,0.0,1.0
298053,0,1,3400,-62,62,29,13,26,4.0,0.0,0.0,27,15,0.0,0.0,0.0,0.0,0.0,0.0,1.0
298302,0,1,3400,-62,62,35,13,26,4.0,0.0,0.0,27,15,0.0,0.0,0.0,0.0,0.0,0.0,1.0
298551,0,1,3400,-62,62,33,13,26,4.0,0.0,0.0,27,15,0.0,0.0,0.0,0.0,0.0,0.0,1.0
298800,0,1,3400,-63,63,35,13,26,4.0,0.0,0.0,27,15,0.0,0.0,0.0,0.0,0.0,0.0,1.0
299049,0,1,3400,-63,63,30,13,26,4.0,0.0,0.0,27,15,0.0,0.0,0.0,0.0,0.0,0.0,1.0
299298,0,1,3400,-63,63,32,13,26,4.0,0.0,0.0,27,15,0.0,0.0,0.0,0.0,0.0,0.0,1.0
299547,0,1,3400,-63,63,38,13,26,4.0,0.0,0.0,27,15,0.0,0.0,0.0,0.0,0.0,0.0,1.0
299796,0,1,3400,-63,63,36,13,26,4.0,0.0,0.0,27,15,0.0,0.0,0.0,0.0,0.0,0.0,1.0
300045,0,1,3400,-63,63,29,13,26,4.0,0.0,0.0,27,15,0.0,0.0,0.0,0.0,0.0,0.0,1.0
300294,0,1,3400,-63,63,29,13,26,4.0,0.0,0.0,27,15,0.0,0.0,0.0,0.0,0.0,0.0,1.0
300543,0,1,3400,-63,63,28,13,26,4.0,0.0,0.0,27,15,0.0,0.0,0.0,0.0,0.0,0.0,1.0
300792,0,1,3400,-63,63,40,13,26,4.0,0.0,0.0,27,15,0.0,0.0,0.0,0.0,0.0,0.0,1.0
301041,0,1,3400,-63,63,39,13,26,4.0,0.0,0.0,27,15,0.0,0.0,0.0,0.0,0.0,0.0,1.0
301290,0,1,3400,-63,63,31,13,26,4.0,0.0,0.0,27,15,0.0,0.0,0.0,0.0,0.0,0.0,1.0
301539,0,1,3400,-63,63,27,13,26,4.0,0.0,0.0,27,15,0.0,0.0,0.0,0.0,0.0,0.0,1.0
301788,0,1,3400,-63,63,42,13,26,4.0,0.0,0.0,27,15,0.0,0.0,0.0,0.0,0.0,0.0,1.0
302037,0,1,3400,-62,62,40,13,26,4.0,0.0,0.0,27,15,0.0,0.0,0.0,0.0,0.0,0.0,1.0
302286,0,1,3400,-62,62,38,13,27,4.0,0.0,0.0,27,15,0.0,0.0,0.0,0.0,0.0,0.0,1.0
302535,0,1,3400,-62,62,33,13,27,4.0,0.0,0.0,27,15,0.0,0.0,0.0,0.0,0.0,0.0,1.0
302784,0,1,3400,-62,62,34,13,27,4.0,0.0,0.0,27,15,0.0,0.0,0.0,0.0,0.0,0.0,1.0
303033,0,1,3400,-61,61,38,13,27,4.0,0.0,0.0,27,15,0.0,0.0,0.0,0.0,0.0,0.0,1.0
303282,0,1,3400,-61,61,39,13,27,4.0,0.0,0.0,27,15,0.0,0.0,0.0,0.0,0.0,0.0,1.0
303531,0,1,3400,-61,61,37,13,27,4.0,0.0,0.0,27,15,0.0,0.0,0.0,0.0,0.0,0.0,1.0
303780,0,1,3400,-61,61,37,13,27,4.0,0.0,0.0,27,15,0.0,0.0,0.0,0.0,0.0,0.0,1.0
304029,0,1,3400,-61,61,33,13,27,4.0,0.0,0.0,27,15,0.0,0.0,0.0,0.0,0.0,0.0,1.0
304278,0,1,3400,-61,61,24,13,27,4.0,0.0,0.0,27,15,0.0,0.0,0.0,0.0,0.0,0.0,1.0
304527,0,1,3400,-61,61,31,13,27,4.0,0.0,0.0,27,15,0.0,0.0,0.0,0.0,0.0,0.0,1.0
304776,0,1,3400,-61,61,31,13,27,4.0,0.0,0.0,27,15,0.0,0.0,0.0,0.0,0.0,0.0,1.0
305025,0,1,3400,-60,60,37,13,27,4.0,0.0,0.0,27,15,0.0,0.0,0.0,0.0,0.0,0.0,1.0
305274,0,1,3400,-60,60,33,13,27,4.0,0.0,0.0,27,15,0.0,0.0,0.0,0.0,0.0,0.0,1.0
305523,0,1,3400,-60,60,28,13,28,4.0,0.0,0.0,27,15,0.0,0.0,0.0,0.0,0.0,0.0,1.0
305772,0,1,3400,-60,60,29,13,28,4.0,0.0,0.0,27,15,0.0,0.0,0.0,0.0,0.0,0.0,1.0
306021,0,1,3400,-59,59,40,13,29,4.0,0.0,0.0,27,15,0.0,0.0,0.0,0.0,0.0,0.0,1.0
306270,0,1,3400,-59,59,39,13,29,4.0,0.0,0.0,27,15,0.0,0.0,0.0,0.0,0.0,0.0,1.0
306519,0,1,3400,-59,59,37,13,29,4.0,0.0,0.0,27,15,0.0,0.0,0.0,0.0,0.0,0.0,1.0
306768,0,1,3400,-60,60,37,13,29,4.0,0.0,0.0,27,15,0.0,0.0,0.0,0.0,0.0,0.0,1.0
307017,0,1,3400,-60,60,32,13,29,4.0,0.0,0.0,27,15,0.0,0.0,0.0,0.0,0.0,0.0,1.0
307266,0,1,3400,-60,60,33,13,28,4.0,0.0,0.0,27,15,0.0,0.0,0.0,0.0,0.0,0.0,1.0
307515,0,1,3400,-60,60,36,13,28,4.0,0.0,0.0,27,15,0.0,0.0,0.0,0.0,0.0,0.0,1.0
307764,0,1,3400,-60,60,36,13,28,4.0,0.0,0.0,27,15,0.0,0.0,0.0,0.0,0.0,0.0,1.0
308013,0,1,3400,-60,60,33,13,28,4.0,0.0,0.0,27,15,0.0,0.0,0.0,0.0,0.0,0.0,1.0
308262,0,1,3400,-60,60,34,13,28,4.0,0.0,0.0,27,15,0.0,0.0,0.0,0.0,0.0,0.0,1.0
308511,0,1,3400,-60,60,39,13,28,4.0,0.0,0.0,27,15,0.0,0.0,0.0,0.0,0.0,0.0,1.0
308760,0,1,3400,-61,61,31,13,28,4.0,0.0,0.0,27,15,0.0,0.0,0.0,0.0,0.0,0.0,1.0
309009,0,1,3400,-61,61,37,13,28,4.0,0.0,0.0,27,15,0.0,0.0,0.0,0.0,0.0,0.0,1.0
309258,0,1,3400,-61,61,37,13,28,4.0,0.0,0.0,27,15,0.0,0.0,0.0,0.0,0.0,0.0,1.0
309507,0,1,3400,-61,61,35,13,28,4.0,0.0,0.0,27,15,0.0,0.0,0.0,0.0,0.0,0.0,1.0
309756,0,1,3400,-61,61,27,13,28,4.0,0.0,0.0,27,15,0.0,0.0,0.0,0.0,0.0,0.0,1.0
310005,0,1,3400,-60,60,30,13,28,3.9,0.0,0.0,27,15,0.0,0.0,0.0,0.0,0.0,0.0,1.0
310254,0,1,3400,-60,60,30,13,28,4.0,0.0,0.0,27,15,0.0,0.0,0.0,0.0,0.0,0.0,1.0
310503,0,1,3400,-60,60,31,13,28,3.9,0.0,0.0,27,15,0.0,0.0,0.0,0.0,0.0,0.0,1.0
310752,0,1,3400,-60,60,33,13,29,4.0,0.0,0.0,27,15,0.0,0.0,0.0,0.0,0.0,0.0,1.0
311001,0,1,3400,-59,59,33,13,29,4.0,0.0,0.0,27,15,0.0,0.0,0.0,0.0,0.0,0.0,1.0
311250,0,1,3400,-59,59,35,13,29,4.0,0.0,0.0,27,15,0.0,0.0,0.0,0.0,0.0,0.0,1.0
311499,0,1,3400,-59,59,45,13,29,4.0,0.0,0.0,27,15,0.0,0.0,0.0,0.0,0.0,0.0,1.0
311748,0,1,3400,-59,59,44,13,29,4.0,0.0,0.0,27,15,0.0,0.0,0.0,0.0,0.0,0.0,1.0
311997,0,1,3400,-59,59,32,13,28,4.0,0.0,0.0,27,15,0.0,0.0,0.0,0.0,0.0,0.0,1.0
312246,0,1,3400,-59,59,33,13,28,4.0,0.0,0.0,27,15,0.0,0.0,0.0,0.0,0.0,0.0,1.0
312495,0,1,3400,-59,59,37,13,28,4.0,0.0,0.0,27,15,0.0,0.0,0.0,0.0,0.0,0.0,1.0
312744,0,1,3400,-59,59,36,13,28,4.0,0.0,0.0,27,15,0.0,0.0,0.0,0.0,0.0,0.0,1.0
312993,0,1,3400,-58,58,30,13,29,4.0,0.0,0.0,27,15,0.0,0.0,0.0,0.0,0.0,0.0,1.0
313242,0,1,3400,-58,58,35,13,29,4.0,0.0,0.0,27,15,0.0,0.0,0.0,0.0,0.0,0.0,1.0
313491,0,1,3400,-58,58,36,13,30,4.0,0.0,0.0,27,15,0.0,0.0,0.0,0.0,0.0,0.0,1.0
313740,0,1,3400,-58,58,36,13,30,4.0,0.0,0.0,27,15,0.0,0.0,0.0,0.0,0.0,0.0,1.0
313989,0,1,3400,-58,58,36,13,30,4.0,0.0,0.0,27,15,0.0,0.0,0.0,0.0,0.0,0.0,1.0
314238,0,1,3400,-58,58,42,13,30,4.0,0.0,0.0,27,15,0.0,0.0,0.0,0.0,0.0,0.0,1.0
314487,0,1,3400,-58,58,42,13,30,4.0,0.0,0.0,27,15,0.0,0.0,0.0,0.0,0.0,0.0,1.0
314736,0,1,3400,-58,58,34,13,30,4.0,0.0,0.0,27,15,0.0,0.0,0.0,0.0,0.0,0.0,1.0
314985,0,1,3400,-58,58,36,13,30,4.0,0.0,0.0,27,15,0.0,0.0,0.0,0.0,0.0,0.0,1.0
315234,0,1,3400,-58,58,35,13,30,4.0,0.0,0.0,27,15,0.0,0.0,0.0,0.0,0.0,0.0,1.0
315483,0,1,3400,-58,58,35,13,30,4.0,0.0,0.0,27,15,0.0,0.0,0.0,0.0,0.0,0.0,1.0
315732,0,1,3400,-58,58,32,13,30,4.0,0.0,0.0,27,15,0.0,0.0,0.0,0.0,0.0,0.0,1.0
315981,0,1,3400,-58,58,30,13,30,4.0,0.0,0.0,27,15,0.0,0.0,0.0,0.0,0.0,0.0,1.0
316230,0,1,3400,-58,58,37,13,30,4.0,0.0,0.0,27,15,0.0,0.0,0.0,0.0,0.0,0.0,1.0
316479,0,1,3400,-58,58,37,13,30,4.0,0.0,0.0,27,15,0.0,0.0,0.0,0.0,0.0,0.0,1.0
316728,0,1,3400,-58,58,38,13,30,4.0,0.0,0.0,27,15,0.0,0.0,0.0,0.0,0.0,0.0,1.0
316977,0,1,3400,-58,58,40,13,30,4.0,0.0,0.0,27,15,0.0,0.0,0.0,0.0,0.0,0.0,1.0
317226,0,1,3400,-58,58,39,13,30,4.0,0.0,0.0,27,15,0.0,0.0,0.0,0.0,0.0,0.0,1.0
317475,0,1,3400,-58,58,32,13,30,4.0,0.0,0.0,27,15,0.0,0.0,0.0,0.0,0.0,0.0,1.0
317724,0,1,3400,-58,58,36,13,30,4.0,0.0,0.0,27,15,0.0,0.0,0.0,0.0,0.0,0.0,1.0
317973,0,1,3400,-58,58,41,13,30,4.0,0.0,0.0,27,15,0.0,0.0,0.0,0.0,0.0,0.0,1.0
318222,0,1,3400,-58,58,40,13,30,4.0,0.0,0.0,27,15,0.0,0.0,0.0,0.0,0.0,0.0,1.0
318471,0,1,3400,-58,58,40,13,29,3.9,0.0,0.0,27,15,0.0,0.0,0.0,0.0,0.0,0.0,1.0
318720,0,1,3400,-58,58,40,13,29,4.0,0.0,0.0,27,15,0.0,0.0,0.0,0.0,0.0,0.0,1.0
318969,0,1,3400,-58,58,35,13,29,4.0,0.0,0.0,27,15,0.0,0.0,0.0,0.0,0.0,0.0,1.0
319218,0,1,3400,-58,58,31,13,29,3.9,0.0,0.0,27,15,0.0,0.0,0.0,0.0,0.0,0.0,1.0
319467,0,1,3400,-58,58,29,13,29,4.0,0.0,0.0,27,15,0.0,0.0,0.0,0.0,0.0,0.0,1.0
319716,0,1,3400,-59,59,35,13,28,4.0,0.0,0.0,27,15,0.0,0.0,0.0,0.0,0.0,0.0,1.0
319965,0,1,3400,-59,59,34,13,29,4.0,0.0,0.0,27,15,0.0,0.0,0.0,0.0,0.0,0.0,1.0
320214,0,1,3400,-59,59,34,13,29,4.0,0.0,0.0,27,15,0.0,0.0,0.0,0.0,0.0,0.0,1.0
320463,0,1,3400,-59,59,30,13,29,4.0,0.0,0.0,27,15,0.0,0.0,0.0,0.0,0.0,0.0,1.0
320712,0,1,3400,-60,60,34,13,28,4.0,0.0,0.0,27,15,0.0,0.0,0.0,0.0,0.0,0.0,1.0
320961,0,1,3400,-60,60,38,13,28,4.0,0.0,0.0,27,15,0.0,0.0,0.0,0.0,0.0,0.0,1.0
321210,0,1,3400,-60,60,37,13,28,4.0,0.0,0.0,27,15,0.0,0.0,0.0,0.0,0.0,0.0,1.0
321459,0,1,3400,-60,60,36,13,28,4.0,0.0,0.0,27,15,0.0,0.0,0.0,0.0,0.0,0.0,1.0
321708,0,1,3400,-61,61,36,13,28,4.0,0.0,0.0,27,15,0.0,0.0,0.0,0.0,0.0,0.0,1.0
321957,0,1,3400,-61,61,35,13,28,4.0,0.0,0.0,27,15,0.0,0.0,0.0,0.0,0.0,0.0,1.0
322206,0,1,3400,-61,61,31,13,28,4.0,0.0,0.0,27,15,0.0,0.0,0.0,0.0,0.0,0.0,1.0
322455,0,1,3400,-61,61,30,13,28,4.0,0.0,0.0,27,15,0.0,0.0,0.0,0.0,0.0,0.0,1.0
322704,0,1,3400,-61,61,37,13,28,4.0,0.0,0.0,27,15,0.0,0.0,0.0,0.0,0.0,0.0,1.0
322953,0,1,3400,-61,61,38,13,28,4.0,0.0,0.0,27,15,0.0,0.0,0.0,0.0,0.0,0.0,1.0
323202,0,1,3400,-61,61,38,13,28,4.0,0.0,0.0,27,15,0.0,0.0,0.0,0.0,0.0,0.0,1.0
323451,0,1,3400,-61,61,37,13,28,4.0,0.0,0.0,27,15,0.0,0.0,0.0,0.0,0.0,0.0,1.0
323700,0,1,3400,-61,61,34,13,28,4.0,0.0,0.0,27,15,0.0,0.0,0.0,0.0,0.0,0.0,1.0
323949,0,1,3400,-61,61,32,13,28,4.0,0.0,0.0,27,15,0.0,0.0,0.0,0.0,0.0,0.0,1.0
324198,0,1,3400,-61,61,30,13,27,3.9,0.0,0.0,27,15,0.0,0.0,0.0,0.0,0.0,0.0,1.0
324447,0,1,3400,-61,61,38,13,27,4.0,0.0,0.0,27,15,0.0,0.0,0.0,0.0,0.0,0.0,1.0
324696,0,1,3400,-62,62,38,13,27,4.0,0.0,0.0,27,15,0.0,0.0,0.0,0.0,0.0,0.0,1.0
324945,0,1,3400,-62,62,33,13,27,4.0,0.0,0.0,27,15,0.0,0.0,0.0,0.0,0.0,0.0,1.0
325194,0,1,3400,-62,62,33,13,27,4.0,0.0,0.0,27,15,0.0,0.0,0.0,0.0,0.0,0.0,1.0
325443,0,1,3400,-62,62,33,13,26,4.0,0.0,0.0,27,15,0.0,0.0,0.0,0.0,0.0,0.0,1.0
325692,0,1,3400,-63,63,31,13,26,4.0,0.0,0.0,27,15,0.0,0.0,0.0,0.0,0.0,0.0,1.0
325941,0,1,3400,-63,63,36,13,26,4.0,0.0,0.0,27,15,0.0,0.0,0.0,0.0,0.0,0.0,1.0
326190,0,1,3400,-63,63,33,13,25,4.0,0.0,0.0,27,15,0.0,0.0,0.0,0.0,0.0,0.0,1.0
326439,0,1,3400,-63,63,36,13,25,4.0,0.0,0.0,27,15,0.0,0.0,0.0,0.0,0.0,0.0,1.0
326688,0,1,3400,-63,63,39,13,25,4.0,0.0,0.0,27,15,0.0,0.0,0.0,0.0,0.0,0.0,1.0
326937,0,1,3400,-63,63,36,13,25,4.0,0.0,0.0,27,15,0.0,0.0,0.0,0.0,0.0,0.0,1.0
327186,0,1,3400,-63,63,35,13,25,4.0,0.0,0.0,27,15,0.0,0.0,0.0,0.0,0.0,0.0,1.0
327435,0,1,3400,-63,63,40,13,25,4.0,0.0,0.0,27,15,0.0,0.0,0.0,0.0,0.0,0.0,1.0
327684,0,1,3400,-64,64,36,13,25,4.0,0.0,0.0,27,15,0.0,0.0,0.0,0.0,0.0,0.0,1.0
327933,0,1,3400,-64,64,34,13,25,4.0,0.0,0.0,27,15,0.0,0.0,0.0,0.0,0.0,0.0,1.0
328182,0,1,3400,-64,64,30,13,25,4.0,0.0,0.0,27,15,0.0,0.0,0.0,0.0,0.0,0.0,1.0
328431,0,1,3400,-64,64,33,13,25,4.0,0.0,0.0,27,15,0.0,0.0,0.0,0.0,0.0,0.0,1.0
328680,0,1,3400,-64,64,33,13,25,4.0,0.0,0.0,27,15,0.0,0.0,0.0,0.0,0.0,0.0,1.0
328929,0,1,3400,-64,64,30,13,25,4.0,0.0,0.0,27,15,0.0,0.0,0.0,0.0,0.0,0.0,1.0
329178,0,1,3400,-64,64,35,13,25,4.0,0.0,0.0,27,15,0.0,0.0,0.0,0.0,0.0,0.0,1.0
329427,0,1,3400,-64,64,38,13,25,4.0,0.0,0.0,27,15,0.0,0.0,0.0,0.0,0.0,0.0,1.0
329676,0,1,3400,-64,64,38,13,25,4.0,0.0,0.0,27,15,0.0,0.0,0.0,0.0,0.0,0.0,1.0
329925,0,1,3400,-63,63,34,13,25,4.0,0.0,0.0,27,15,0.0,0.0,0.0,0.0,0.0,0.0,1.0
330174,0,1,3400,-63,63,32,13,26,4.0,0.0,0.0,27,15,0.0,0.0,0.0,0.0,0.0,0.0,1.0
330423,0,1,3400,-63,63,35,13,26,4.0,0.0,0.0,27,15,0.0,0.0,0.0,0.0,0.0,0.0,1.0
330672,0,1,3400,-63,63,32,13,26,4.0,0.0,0.0,27,15,0.0,0.0,0.0,0.0,0.0,0.0,1.0
330921,0,1,3400,-63,63,35,13,26,4.0,0.0,0.0,27,15,0.0,0.0,0.0,0.0,0.0,0.0,1.0
331170,0,1,3400,-63,63,36,13,26,4.0,0.0,0.0,27,15,0.0,0.0,0.0,0.0,0.0,0.0,1.0
331419,0,1,3400,-63,63,34,13,26,4.0,0.0,0.0,27,15,0.0,0.0,0.0,0.0,0.0,0.0,1.0
331668,0,1,3400,-63,63,34,13,26,4.0,0.0,0.0,27,15,0.0,0.0,0.0,0.0,0.0,0.0,1.0
331917,0,1,3400,-62,62,37,13,26,4.0,0.0,0.0,27,15,0.0,0.0,0.0,0.0,0.0,0.0,1.0
332166,0,1,3400,-62,62,37,13,27,4.0,0.0,0.0,27,15,0.0,0.0,0.0,0.0,0.0,0.0,1.0
332415,0,1,3400,-62,62,33,13,27,4.0,0.0,0.0,27,15,0.0,0.0,0.0,0.0,0.0,0.0,1.0
332664,0,1,3400,-62,62,35,13,27,4.0,0.0,0.0,27,15,0.0,0.0,0.0,0.0,0.0,0.0,1.0
332913,0,1,3400,-61,61,33,13,27,4.0,0.0,0.0,27,15,0.0,0.0,0.0,0.0,0.0,0.0,1.0
333162,0,1,3400,-61,61,36,13,27,4.0,0.0,0.0,27,15,0.0,0.0,0.0,0.0,0.0,0.0,1.0
333411,0,1,3400,-61,61,37,13,27,4.0,0.0,0.0,27,15,0.0,0.0,0.0,0.0,0.0,0.0,1.0
333660,0,1,3400,-62,62,39,13,27,4.0,0.0,0.0,27,15,0.0,0.0,0.0,0.0,0.0,0.0,1.0
333909,0,1,3400,-62,62,37,13,26,4.0,0.0,0.0,27,15,0.0,0.0,0.0,0.0,0.0,0.0,1.0
334158,0,1,3400,-62,62,39,13,26,4.0,0.0,0.0,27,15,0.0,0.0,0.0,0.0,0.0,0.0,1.0
334407,0,1,3400,-62,62,36,13,26,4.0,0.0,0.0,27,15,0.0,0.0,0.0,0.0,0.0,0.0,1.0
334656,0,1,3400,-62,62,30,13,26,4.0,0.0,0.0,27,15,0.0,0.0,0.0,0.0,0.0,0.0,1.0
334905,0,1,3400,-62,62,34,13,26,4.0,0.0,0.0,27,15,0.0,0.0,0.0,0.0,0.0,0.0,1.0
335154,0,1,3400,-62,62,37,13,26,4.0,0.0,0.0,27,15,0.0,0.0,0.0,0.0,0.0,0.0,1.0
335403,0,1,3400,-62,62,39,13,26,4.0,0.0,0.0,27,15,0.0,0.0,0.0,0.0,0.0,0.0,1.0
335652,0,1,3400,-63,63,31,13,26,4.0,0.0,0.0,27,15,0.0,0.0,0.0,0.0,0.0,0.0,1.0
335901,0,1,3400,-63,63,30,13,26,4.0,0.0,0.0,27,15,0.0,0.0,0.0,0.0,0.0,0.0,1.0
336150,0,1,3400,-63,63,35,13,25,4.0,0.0,0.0,27,15,0.0,0.0,0.0,0.0,0.0,0.0,1.0
336399,0,1,3400,-63,63,40,13,26,4.0,0.0,0.0,27,15,0.0,0.0,0.0,0.0,0.0,0.0,1.0
336648,0,1,3400,-63,63,37,13,26,4.0,0.0,0.0,27,15,0.0,0.0,0.0,0.0,0.0,0.0,1.0
336897,0,1,3400,-63,63,38,13,26,4.0,0.0,0.0,27,15,0.0,0.0,0.0,0.0,0.0,0.0,1.0
337146,0,1,3400,-63,63,33,13,26,4.0,0.0,0.0,27,15,0.0,0.0,0.0,0.0,0.0,0.0,1.0
337395,0,1,3400,-63,63,29,13,26,4.0,0.0,0.0,27,15,0.0,0.0,0.0,0.0,0.0,0.0,1.0
337644,0,1,3400,-63,63,32,13,26,4.0,0.0,0.0,27,15,0.0,0.0,0.0,0.0,0.0,0.0,1.0
337893,0,1,3400,-63,63,32,13,26,4.0,0.0,0.0,27,15,0.0,0.0,0.0,0.0,0.0,0.0,1.0
338142,0,1,3400,-63,63,38,13,26,4.0,0.0,0.0,27,15,0.0,0.0,0.0,0.0,0.0,0.0,1.0
338391,0,1,3400,-63,63,35,13,26,4.0,0.0,0.0,27,15,0.0,0.0,0.0,0.0,0.0,0.0,1.0
338640,0,1,3400,-63,63,38,13,26,4.0,0.0,0.0,27,15,0.0,0.0,0.0,0.0,0.0,0.0,1.0
338889,0,1,3400,-62,62,36,13,26,4.0,0.0,0.0,27,15,0.0,0.0,0.0,0.0,0.0,0.0,1.0
339138,0,1,3400,-62,62,37,13,26,4.0,0.0,0.0,27,15,0.0,0.0,0.0,0.0,0.0,0.0,1.0
339387,0,1,3400,-62,62,40,13,26,4.0,0.0,0.0,27,15,0.0,0.0,0.0,0.0,0.0,0.0,1.0
339636,0,1,3400,-63,63,39,13,26,4.0,0.0,0.0,27,15,0.0,0.0,0.0,0.0,0.0,0.0,1.0
339885,0,1,3400,-63,63,40,13,26,4.0,0.0,0.0,27,15,0.0,0.0,0.0,0.0,0.0,0.0,1.0
340134,0,1,3400,-63,63,37,13,25,4.0,0.0,0.0,27,15,0.0,0.0,0.0,0.0,0.0,0.0,1.0
340383,0,1,3400,-63,63,37,13,25,4.0,0.0,0.0,27,15,0.0,0.0,0.0,0.0,0.0,0.0,1.0
340632,0,1,3400,-63,63,36,13,25,4.0,0.0,0.0,27,15,0.0,0.0,0.0,0.0,0.0,0.0,1.0
340881,0,1,3400,-63,63,41,13,25,4.0,0.0,0.0,27,15,0.0,0.0,0.0,0.0,0.0,0.0,1.0
341130,0,1,3400,-63,63,44,13,25,4.0,0.0,0.0,27,15,0.0,0.0,0.0,0.0,0.0,0.0,1.0
341379,0,1,3400,-63,63,38,13,25,4.0,0.0,0.0,27,15,0.0,0.0,0.0,0.0,0.0,0.0,1.0
341628,0,1,3400,-64,64,37,13,25,4.0,0.0,0.0,27,15,0.0,0.0,0.0,0.0,0.0,0.0,1.0
341877,0,1,3400,-64,64,34,13,25,4.0,0.0,0.0,27,15,0.0,0.0,0.0,0.0,0.0,0.0,1.0
342126,0,1,3400,-64,64,34,13,25,4.0,0.0,0.0,27,15,0.0,0.0,0.0,0.0,0.0,0.0,1.0
342375,0,1,3400,-64,64,26,13,25,4.0,0.0,0.0,27,15,0.0,0.0,0.0,0.0,0.0,0.0,1.0
342624,0,1,3400,-64,64,32,13,25,4.0,0.0,0.0,27,15,0.0,0.0,0.0,0.0,0.0,0.0,1.0
342873,0,1,3400,-64,64,33,13,25,4.0,0.0,0.0,27,15,0.0,0.0,0.0,0.0,0.0,0.0,1.0
343122,0,1,3400,-64,64,33,13,25,4.0,0.0,0.0,27,15,0.0,0.0,0.0,0.0,0.0,0.0,1.0
343371,0,1,3400,-64,64,32,13,24,4.0,0.0,0.0,27,15,0.0,0.0,0.0,0.0,0.0,0.0,1.0
343620,0,1,3400,-65,65,34,13,24,4.0,0.0,0.0,27,15,0.0,0.0,0.0,0.0,0.0,0.0,1.0
343869,0,1,3400,-65,65,35,13,24,4.0,0.0,0.0,27,15,0.0,0.0,0.0,0.0,0.0,0.0,1.0
344118,0,1,3400,-65,65,36,13,24,4.0,0.0,0.0,27,15,0.0,0.0,0.0,0.0,0.0,0.0,1.0
344367,0,1,3400,-65,65,38,13,23,4.0,0.0,0.0,27,15,0.0,0.0,0.0,0.0,0.0,0.0,1.0
344616,0,1,3400,-66,66,40,13,23,4.0,0.0,0.0,27,15,0.0,0.0,0.0,0.0,0.0,0.0,1.0
344865,0,1,3400,-66,66,33,13,23,4.0,0.0,0.0,27,15,0.0,0.0,0.0,0.0,0.0,0.0,1.0
345114,0,1,3400,-66,66,35,13,23,4.0,0.0,0.0,27,15,0.0,0.0,0.0,0.0,0.0,0.0,1.0
345363,0,1,3400,-66,66,37,13,23,4.0,0.0,0.0,27,15,0.0,0.0,0.0,0.0,0.0,0.0,1.0
345612,0,1,3400,-66,66,28,13,23,4.0,0.0,0.0,27,15,0.0,0.0,0.0,0.0,0.0,0.0,1.0
345861,0,1,3400,-65,65,31,13,23,4.0,0.0,0.0,27,15,0.0,0.0,0.0,0.0,0.0,0.0,1.0
346110,0,1,3400,-65,65,40,13,24,4.0,0.0,0.0,27,15,0.0,0.0,0.0,0.0,0.0,0.0,1.0
346359,0,1,3400,-65,65,33,13,24,4.0,0.0,0.0,27,15,0.0,0.0,0.0,0.0,0.0,0.0,1.0
346608,0,1,3400,-65,65,29,13,24,4.0,0.0,0.0,27,15,0.0,0.0,0.0,0.0,0.0,0.0,1.0
346857,0,1,3400,-64,64,36,13,24,4.0,0.0,0.0,27,15,0.0,0.0,0.0,0.0,0.0,0.0,1.0
347106,0,1,3400,-64,64,38,13,24,4.0,0.0,0.0,27,15,0.0,0.0,0.0,0.0,0.0,0.0,1.0
347355,0,1,3400,-64,64,39,13,25,4.0,0.0,0.0,27,15,0.0,0.0,0.0,0.0,0.0,0.0,1.0
347604,0,1,3400,-64,64,41,13,24,4.0,0.0,0.0,27,15,0.0,0.0,0.0,0.0,0.0,0.0,1.0
347853,0,1,3400,-64,64,33,13,24,4.0,0.0,0.0,27,15,0.0,0.0,0.0,0.0,0.0,0.0,1.0
348102,0,1,3400,-64,64,38,13,24,4.0,0.0,0.0,27,15,0.0,0.0,0.0,0.0,0.0,0.0,1.0
348351,0,1,3400,-64,64,39,13,24,4.0,0.0,0.0,27,15,0.0,0.0,0.0,0.0,0.0,0.0,1.0
348600,0,1,3400,-64,64,41,13,24,4.0,0.0,0.0,27,15,0.0,0.0,0.0,0.0,0.0,0.0,1.0
348849,0,1,3400,-64,64,40,13,24,4.0,0.0,0.0,27,15,0.0,0.0,0.0,0.0,0.0,0.0,1.0
349098,0,1,3400,-64,64,33,13,24,4.0,0.0,0.0,27,15,0.0,0.0,0.0,0.0,0.0,0.0,1.0
349347,0,1,3400,-64,64,34,13,24,4.0,0.0,0.0,27,15,0.0,0.0,0.0,0.0,0.0,0.0,1.0
349596,0,1,3400,-64,64,34,13,25,4.0,0.0,0.0,27,15,0.0,0.0,0.0,0.0,0.0,0.0,1.0
349845,0,1,3400,-64,64,32,13,25,4.0,0.0,0.0,27,15,0.0,0.0,0.0,0.0,0.0,0.0,1.0
350094,0,1,3400,-64,64,37,13,25,4.0,0.0,0.0,27,15,0.0,0.0,0.0,0.0,0.0,0.0,1.0
350343,0,1,3400,-64,64,40,13,25,4.0,0.0,0.0,27,15,0.0,0.0,0.0,0.0,0.0,0.0,1.0
350592,0,1,3400,-64,64,36,13,25,4.0,0.0,0.0,27,15,0.0,0.0,0.0,0.0,0.0,0.0,1.0
350841,0,1,3400,-63,63,35,13,25,4.0,0.0,0.0,27,15,0.0,0.0,0.0,0.0,0.0,0.0,1.0
351090,0,1,3400,-63,63,34,13,25,4.0,0.0,0.0,27,15,0.0,0.0,0.0,0.0,0.0,0.0,1.0
351339,0,1,3400,-63,63,36,13,26,4.0,0.0,0.0,27,15,0.0,0.0,0.0,0.0,0.0,0.0,1.0
351588,0,1,3400,-63,63,39,13,26,4.0,0.0,0.0,27,15,0.0,0.0,0.0,0.0,0.0,0.0,1.0
351837,0,1,3400,-63,63,29,13,26,4.0,0.0,0.0,27,15,0.0,0.0,0.0,0.0,0.0,0.0,1.0
352086,0,1,3400,-63,63,34,13,26,4.0,0.0,0.0,27,15,0.0,0.0,0.0,0.0,0.0,0.0,1.0
352335,0,1,3400,-63,63,34,13,26,4.0,0.0,0.0,27,15,0.0,0.0,0.0,0.0,0.0,0.0,1.0
352584,0,1,3400,-63,63,34,13,26,4.0,0.0,0.0,27,15,0.0,0.0,0.0,0.0,0.0,0.0,1.0
352833,0,1,3400,-63,63,37,13,26,4.0,0.0,0.0,27,15,0.0,0.0,0.0,0.0,0.0,0.0,1.0
353082,0,1,3400,-63,63,38,13,25,4.0,0.0,0.0,27,15,0.0,0.0,0.0,0.0,0.0,0.0,1.0
353331,0,1,3400,-63,63,39,13,26,4.0,0.0,0.0,27,15,0.0,0.0,0.0,0.0,0.0,0.0,1.0
353580,0,1,3400,-63,63,37,13,25,4.0,0.0,0.0,27,15,0.0,0.0,0.0,0.0,0.0,0.0,1.0
353829,0,1,3400,-63,63,36,13,25,4.0,0.0,0.0,27,15,0.0,0.0,0.0,0.0,0.0,0.0,1.0
354078,0,1,3400,-63,63,33,13,25,4.0,0.0,0.0,27,15,0.0,0.0,0.0,0.0,0.0,0.0,1.0
354327,0,1,3400,-63,63,36,13,25,4.0,0.0,0.0,27,15,0.0,0.0,0.0,0.0,0.0,0.0,1.0
354576,0,1,3400,-63,63,39,13,25,4.0,0.0,0.0,27,15,0.0,0.0,0.0,0.0,0.0,0.0,1.0
354825,0,1,3400,-63,63,40,13,25,3.9,0.0,0.0,27,15,0.0,0.0,0.0,0.0,0.0,0.0,1.0
355074,0,1,3400,-63,63,38,13,25,4.0,0.0,0.0,27,15,0.0,0.0,0.0,0.0,0.0,0.0,1.0
355323,0,1,3400,-63,63,35,13,25,4.0,0.0,0.0,27,15,0.0,0.0,0.0,0.0,0.0,0.0,1.0
355572,0,1,3400,-63,63,34,13,25,4.0,0.0,0.0,27,15,0.0,0.0,0.0,0.0,0.0,0.0,1.0
355821,0,1,3400,-62,62,40,13,26,4.0,0.0,0.0,27,15,0.0,0.0,0.0,0.0,0.0,0.0,1.0
356070,0,1,3400,-62,62,41,13,26,4.0,0.0,0.0,27,15,0.0,0.0,0.0,0.0,0.0,0.0,1.0
356319,0,1,3400,-62,62,34,13,26,4.0,0.0,0.0,27,15,0.0,0.0,0.0,0.0,0.0,0.0,1.0
356568,0,1,3400,-63,63,27,13,26,4.0,0.0,0.0,27,15,0.0,0.0,0.0,0.0,0.0,0.0,1.0
356817,0,1,3400,-63,63,36,13,26,4.0,0.0,0.0,27,15,0.0,0.0,0.0,0.0,0.0,0.0,1.0
357066,0,1,3400,-63,63,40,13,25,3.9,0.0,0.0,27,15,0.0,0.0,0.0,0.0,0.0,0.0,1.0
357315,0,1,3400,-63,63,41,13,25,4.0,0.0,0.0,27,15,0.0,0.0,0.0,0.0,0.0,0.0,1.0
357564,0,1,3400,-63,63,30,13,26,4.0,0.0,0.0,27,15,0.0,0.0,0.0,0.0,0.0,0.0,1.0
357813,0,1,3400,-63,63,36,13,26,4.0,0.0,0.0,27,15,0.0,0.0,0.0,0.0,0.0,0.0,1.0
358062,0,1,3400,-63,63,39,13,26,4.0,0.0,0.0,27,15,0.0,0.0,0.0,0.0,0.0,0.0,1.0
358311,0,1,3400,-63,63,37,13,25,4.0,0.0,0.0,27,15,0.0,0.0,0.0,0.0,0.0,0.0,1.0
358560,0,1,3400,-64,64,36,13,25,4.0,0.0,0.0,27,15,0.0,0.0,0.0,0.0,0.0,0.0,1.0
358809,0,1,3400,-64,64,37,13,25,4.0,0.0,0.0,27,15,0.0,0.0,0.0,0.0,0.0,0.0,1.0
359058,0,1,3400,-64,64,33,13,25,4.0,0.0,0.0,27,15,0.0,0.0,0.0,0.0,0.0,0.0,1.0
359307,0,1,3400,-64,64,30,13,25,4.0,0.0,0.0,27,15,0.0,0.0,0.0,0.0,0.0,0.0,1.0
359556,0,1,3400,-64,64,36,13,25,4.0,0.0,0.0,27,15,0.0,0.0,0.0,0.0,0.0,0.0,1.0
359805,0,1,3400,-64,64,42,13,25,4.0,0.0,0.0,27,15,0.0,0.0,0.0,0.0,0.0,0.0,1.0
360054,0,1,3400,-64,64,38,13,25,4.0,0.0,0.0,27,15,0.0,0.0,0.0,0.0,0.0,0.0,1.0
360303,0,1,3400,-64,64,34,13,25,4.0,0.0,0.0,27,15,0.0,0.0,0.0,0.0,0.0,0.0,1.0
360552,0,1,3400,-64,64,25,13,25,4.0,0.0,0.0,27,15,0.0,0.0,0.0,0.0,0.0,0.0,1.0
360801,0,1,3400,-64,64,25,13,24,4.0,0.0,0.0,27,15,0.0,0.0,0.0,0.0,0.0,0.0,1.0
361050,0,1,3400,-64,64,30,13,24,4.0,0.0,0.0,27,15,0.0,0.0,0.0,0.0,0.0,0.0,1.0
361299,0,1,3400,-64,64,42,13,25,4.0,0.0,0.0,27,15,0.0,0.0,0.0,0.0,0.0,0.0,1.0
361548,0,1,3400,-64,64,30,13,24,4.0,0.0,0.0,27,15,0.0,0.0,0.0,0.0,0.0,0.0,1.0
361797,0,1,3400,-64,64,30,13,24,4.0,0.0,0.0,27,15,0.0,0.0,0.0,0.0,0.0,0.0,1.0
362046,0,1,3400,-64,64,41,13,24,4.0,0.0,0.0,27,15,0.0,0.0,0.0,0.0,0.0,0.0,1.0
362295,0,1,3400,-64,64,43,13,24,4.0,0.0,0.0,27,15,0.0,0.0,0.0,0.0,0.0,0.0,1.0
362544,0,1,3400,-64,64,40,13,24,4.0,0.0,0.0,27,15,0.0,0.0,0.0,0.0,0.0,0.0,1.0
362793,0,1,3400,-64,64,40,13,24,4.0,0.0,0.0,27,15,0.0,0.0,0.0,0.0,0.0,0.0,1.0
363042,0,1,3400,-64,64,34,13,24,4.0,0.0,0.0,27,15,0.0,0.0,0.0,0.0,0.0,0.0,1.0
363291,0,1,3400,-64,64,35,13,24,4.0,0.0,0.0,27,15,0.0,0.0,0.0,0.0,0.0,0.0,1.0
363540,0,1,3400,-65,65,35,13,24,4.0,0.0,0.0,27,15,0.0,0.0,0.0,0.0,0.0,0.0,1.0
363789,0,1,3400,-65,65,38,13,24,4.0,0.0,0.0,27,15,0.0,0.0,0.0,0.0,0.0,0.0,1.0
364038,0,1,3400,-65,65,40,13,24,4.0,0.0,0.0,27,15,0.0,0.0,0.0,0.0,0.0,0.0,1.0
364287,0,1,3400,-65,65,35,13,24,4.0,0.0,0.0,27,15,0.0,0.0,0.0,0.0,0.0,0.0,1.0
364536,0,1,3400,-65,65,35,13,24,4.0,0.0,0.0,27,15,0.0,0.0,0.0,0.0,0.0,0.0,1.0
364785,0,1,3400,-65,65,28,13,24,4.0,0.0,0.0,27,15,0.0,0.0,0.0,0.0,0.0,0.0,1.0
365034,0,1,3400,-65,65,31,13,24,4.0,0.0,0.0,27,15,0.0,0.0,0.0,0.0,0.0,0.0,1.0
365283,0,1,3400,-65,65,35,13,24,4.0,0.0,0.0,27,15,0.0,0.0,0.0,0.0,0.0,0.0,1.0
365532,0,1,3400,-65,65,36,13,24,4.0,0.0,0.0,27,15,0.0,0.0,0.0,0.0,0.0,0.0,1.0
365781,0,1,3400,-65,65,36,13,24,4.0,0.0,0.0,27,15,0.0,0.0,0.0,0.0,0.0,0.0,1.0
366030,0,1,3400,-65,65,37,13,24,4.0,0.0,0.0,27,15,0.0,0.0,0.0,0.0,0.0,0.0,1.0
366279,0,1,3400,-65,65,34,13,24,4.0,0.0,0.0,27,15,0.0,0.0,0.0,0.0,0.0,0.0,1.0
366528,0,1,3400,-65,65,37,13,24,4.0,0.0,0.0,27,15,0.0,0.0,0.0,0.0,0.0,0.0,1.0
366777,0,1,3400,-64,64,41,13,24,4.0,0.0,0.0,27,15,0.0,0.0,0.0,0.0,0.0,0.0,1.0
367026,0,1,3400,-64,64,36,13,25,4.0,0.0,0.0,27,15,0.0,0.0,0.0,0.0,0.0,0.0,1.0
367275,0,1,3400,-64,64,36,13,25,4.0,0.0,0.0,27,15,0.0,0.0,0.0,0.0,0.0,0.0,1.0
367524,0,1,3400,-64,64,38,13,25,4.0,0.0,0.0,27,15,0.0,0.0,0.0,0.0,0.0,0.0,1.0
367773,0,1,3400,-63,63,41,13,25,4.0,0.0,0.0,27,15,0.0,0.0,0.0,0.0,0.0,0.0,1.0
368022,0,1,3400,-63,63,33,13,25,4.0,0.0,0.0,27,15,0.0,0.0,0.0,0.0,0.0,0.0,1.0
368271,0,1,3400,-63,63,34,13,25,4.0,0.0,0.0,27,15,0.0,0.0,0.0,0.0,0.0,0.0,1.0
368520,0,1,3400,-63,63,38,13,25,4.0,0.0,0.0,27,15,0.0,0.0,0.0,0.0,0.0,0.0,1.0
368769,0,1,3400,-63,63,33,13,25,4.0,0.0,0.0,27,15,0.0,0.0,0.0,0.0,0.0,0.0,1.0
369018,0,1,3400,-63,63,28,13,25,4.0,0.0,0.0,27,15,0.0,0.0,0.0,0.0,0.0,0.0,1.0
369267,0,1,3400,-63,63,26,13,25,4.0,0.0,0.0,27,15,0.0,0.0,0.0,0.0,0.0,0.0,1.0
369516,0,1,3400,-63,63,29,13,25,4.0,0.0,0.0,27,15,0.0,0.0,0.0,0.0,0.0,0.0,1.0
369765,0,1,3400,-63,63,39,13,25,4.0,0.0,0.0,27,15,0.0,0.0,0.0,0.0,0.0,0.0,1.0
370014,0,1,3400,-63,63,47,13,24,4.0,0.0,0.0,27,15,0.0,0.0,0.0,0.0,0.0,0.0,1.0
370263,0,1,3400,-63,63,39,13,25,4.0,0.0,0.0,27,15,0.0,0.0,0.0,0.0,0.0,0.0,1.0
370512,0,1,3400,-63,63,33,13,25,4.0,0.0,0.0,27,15,0.0,0.0,0.0,0.0,0.0,0.0,1.0
370761,0,1,3400,-63,63,36,13,25,4.0,0.0,0.0,27,15,0.0,0.0,0.0,0.0,0.0,0.0,1.0
371010,0,1,3400,-63,63,37,13,25,4.0,0.0,0.0,27,15,0.0,0.0,0.0,0.0,0.0,0.0,1.0
371259,0,1,3400,-63,63,40,13,25,4.0,0.0,0.0,27,15,0.0,0.0,0.0,0.0,0.0,0.0,1.0
371508,0,1,3400,-63,63,31,13,25,4.0,0.0,0.0,27,15,0.0,0.0,0.0,0.0,0.0,0.0,1.0
371757,0,1,3400,-63,63,33,13,25,4.0,0.0,0.0,27,15,0.0,0.0,0.0,0.0,0.0,0.0,1.0
372006,0,1,3400,-63,63,40,13,25,4.0,0.0,0.0,27,15,0.0,0.0,0.0,0.0,0.0,0.0,1.0
372255,0,1,3400,-63,63,43,13,25,3.9,0.0,0.0,27,15,0.0,0.0,0.0,0.0,0.0,0.0,1.0
372504,0,1,3400,-63,63,37,13,25,4.0,0.0,0.0,27,15,0.0,0.0,0.0,0.0,0.0,0.0,1.0
372753,0,1,3400,-63,63,37,13,25,4.0,0.0,0.0,27,15,0.0,0.0,0.0,0.0,0.0,0.0,1.0
373002,0,1,3400,-63,63,33,13,25,4.0,0.0,0.0,27,15,0.0,0.0,0.0,0.0,0.0,0.0,1.0
373251,0,1,3400,-63,63,37,13,26,4.0,0.0,0.0,27,15,0.0,0.0,0.0,0.0,0.0,0.0,1.0
373500,0,1,3400,-63,63,40,13,25,4.0,0.0,0.0,27,15,0.0,0.0,0.0,0.0,0.0,0.0,1.0
373749,0,1,3400,-63,63,37,13,26,3.9,0.0,0.0,27,15,0.0,0.0,0.0,0.0,0.0,0.0,1.0
373998,0,1,3400,-63,63,38,13,26,4.0,0.0,0.0,27,15,0.0,0.0,0.0,0.0,0.0,0.0,1.0
374247,0,1,3400,-63,63,43,13,25,4.0,0.0,0.0,27,15,0.0,0.0,0.0,0.0,0.0,0.0,1.0
374496,0,1,3400,-63,63,37,13,25,4.0,0.0,0.0,27,15,0.0,0.0,0.0,0.0,0.0,0.0,1.0
374745,0,1,3400,-63,63,33,13,25,4.0,0.0,0.0,27,15,0.0,0.0,0.0,0.0,0.0,0.0,1.0
374994,0,1,3400,-63,63,32,13,25,4.0,0.0,0.0,27,15,0.0,0.0,0.0,0.0,0.0,0.0,1.0
375243,0,1,3400,-63,63,39,13,25,4.0,0.0,0.0,27,15,0.0,0.0,0.0,0.0,0.0,0.0,1.0
375492,0,1,3400,-63,63,36,13,25,4.0,0.0,0.0,27,15,0.0,0.0,0.0,0.0,0.0,0.0,1.0
375741,0,1,3400,-63,63,39,13,25,4.0,0.0,0.0,27,15,0.0,0.0,0.0,0.0,0.0,0.0,1.0
375990,0,1,3400,-63,63,35,13,25,4.0,0.0,0.0,27,15,0.0,0.0,0.0,0.0,0.0,0.0,1.0
376239,0,1,3400,-63,63,40,13,25,4.0,0.0,0.0,27,15,0.0,0.0,0.0,0.0,0.0,0.0,1.0
376488,0,1,3400,-64,64,38,13,25,4.0,0.0,0.0,27,15,0.0,0.0,0.0,0.0,0.0,0.0,1.0
376737,0,1,3400,-64,64,39,13,24,4.0,0.0,0.0,27,15,0.0,0.0,0.0,0.0,0.0,0.0,1.0
376986,0,1,3400,-64,64,38,13,24,4.0,0.0,0.0,27,15,0.0,0.0,0.0,0.0,0.0,0.0,1.0
377235,0,1,3400,-64,64,37,13,24,4.0,0.0,0.0,27,15,0.0,0.0,0.0,0.0,0.0,0.0,1.0
377484,0,1,3400,-64,64,36,13,24,4.0,0.0,0.0,27,15,0.0,0.0,0.0,0.0,0.0,0.0,1.0
377733,0,1,3400,-64,64,35,13,24,4.0,0.0,0.0,27,15,0.0,0.0,0.0,0.0,0.0,0.0,1.0
377982,0,1,3400,-64,64,34,13,24,4.0,0.0,0.0,27,15,0.0,0.0,0.0,0.0,0.0,0.0,1.0
378231,0,1,3400,-64,64,37,13,24,4.0,0.0,0.0,27,15,0.0,0.0,0.0,0.0,0.0,0.0,1.0
378480,0,1,3400,-64,64,34,13,24,4.0,0.0,0.0,27,15,0.0,0.0,0.0,0.0,0.0,0.0,1.0
378729,0,1,3400,-64,64,29,13,25,4.0,0.0,0.0,27,15,0.0,0.0,0.0,0.0,0.0,0.0,1.0
378978,0,1,3400,-64,64,32,13,24,4.0,0.0,0.0,27,15,0.0,0.0,0.0,0.0,0.0,0.0,1.0
379227,0,1,3400,-64,64,39,13,25,4.0,0.0,0.0,27,15,0.0,0.0,0.0,0.0,0.0,0.0,1.0
379476,0,1,3400,-64,64,37,13,25,4.0,0.0,0.0,27,15,0.0,0.0,0.0,0.0,0.0,0.0,1.0
379725,0,1,3400,-63,63,39,13,25,4.0,0.0,0.0,27,15,0.0,0.0,0.0,0.0,0.0,0.0,1.0
379974,0,1,3400,-63,63,42,13,25,4.0,0.0,0.0,27,15,0.0,0.0,0.0,0.0,0.0,0.0,1.0
380223,0,1,3400,-63,63,42,13,26,3.9,0.0,0.0,27,15,0.0,0.0,0.0,0.0,0.0,0.0,1.0
380472,0,1,3400,-63,63,41,13,26,4.0,0.0,0.0,27,15,0.0,0.0,0.0,0.0,0.0,0.0,1.0
380721,0,1,3400,-62,62,31,13,26,4.0,0.0,0.0,27,15,0.0,0.0,0.0,0.0,0.0,0.0,1.0
380970,0,1,3400,-62,62,39,13,26,4.0,0.0,0.0,27,15,0.0,0.0,0.0,0.0,0.0,0.0,1.0
381219,0,1,3400,-62,62,39,13,26,4.0,0.0,0.0,27,15,0.0,0.0,0.0,0.0,0.0,0.0,1.0
381468,0,1,3400,-63,63,37,13,26,4.0,0.0,0.0,27,15,0.0,0.0,0.0,0.0,0.0,0.0,1.0
381717,0,1,3400,-63,63,37,13,26,4.0,0.0,0.0,27,15,0.0,0.0,0.0,0.0,0.0,0.0,1.0
381966,0,1,3400,-63,63,39,13,25,4.0,0.0,0.0,27,15,0.0,0.0,0.0,0.0,0.0,0.0,1.0
382215,0,1,3400,-63,63,38,13,25,4.0,0.0,0.0,27,15,0.0,0.0,0.0,0.0,0.0,0.0,1.0
382464,0,1,3400,-64,64,39,13,25,4.0,0.0,0.0,27,15,0.0,0.0,0.0,0.0,0.0,0.0,1.0
382713,0,1,3400,-64,64,32,13,25,4.0,0.0,0.0,27,15,0.0,0.0,0.0,0.0,0.0,0.0,1.0
382962,0,1,3400,-64,64,37,13,24,4.0,0.0,0.0,27,15,0.0,0.0,0.0,0.0,0.0,0.0,1.0
383211,0,1,3400,-64,64,41,13,24,4.0,0.0,0.0,27,15,0.0,0.0,0.0,0.0,0.0,0.0,1.0
383460,0,1,3400,-65,65,41,13,24,4.0,0.0,0.0,27,15,0.0,0.0,0.0,0.0,0.0,0.0,1.0
383709,0,1,3400,-65,65,42,13,24,4.0,0.0,0.0,27,15,0.0,0.0,0.0,0.0,0.0,0.0,1.0
383958,0,1,3400,-65,65,44,13,23,3.9,0.0,0.0,27,15,0.0,0.0,0.0,0.0,0.0,0.0,1.0
384207,0,1,3400,-65,65,42,13,24,4.0,0.0,0.0,27,15,0.0,0.0,0.0,0.0,0.0,0.0,1.0
384456,0,1,3400,-65,65,39,13,24,4.0,0.0,0.0,27,15,0.0,0.0,0.0,0.0,0.0,0.0,1.0
384705,0,1,3400,-64,64,34,13,24,4.0,0.0,0.0,27,15,0.0,0.0,0.0,0.0,0.0,0.0,1.0
384954,0,1,3400,-64,64,34,13,24,4.0,0.0,0.0,27,15,0.0,0.0,0.0,0.0,0.0,0.0,1.0
385203,0,1,3400,-64,64,35,13,25,4.0,0.0,0.0,27,15,0.0,0.0,0.0,0.0,0.0,0.0,1.0
385452,0,1,3400,-64,64,36,13,25,4.0,0.0,0.0,27,15,0.0,0.0,0.0,0.0,0.0,0.0,1.0
385701,0,1,3400,-64,64,35,13,25,4.0,0.0,0.0,27,15,0.0,0.0,0.0,0.0,0.0,0.0,1.0
385950,0,1,3400,-64,64,30,13,25,4.0,0.0,0.0,27,15,0.0,0.0,0.0,0.0,0.0,0.0,1.0
386199,0,1,3400,-64,64,34,13,25,4.0,0.0,0.0,27,15,0.0,0.0,0.0,0.0,0.0,0.0,1.0
386448,0,1,3400,-64,64,38,13,25,4.0,0.0,0.0,27,15,0.0,0.0,0.0,0.0,0.0,0.0,1.0
386697,0,1,3400,-63,63,37,13,25,4.0,0.0,0.0,27,15,0.0,0.0,0.0,0.0,0.0,0.0,1.0
386946,0,1,3400,-63,63,32,13,26,4.0,0.0,0.0,27,15,0.0,0.0,0.0,0.0,0.0,0.0,1.0
387195,0,1,3400,-63,63,36,13,25,4.0,0.0,0.0,27,15,0.0,0.0,0.0,0.0,0.0,0.0,1.0
387444,0,1,3400,-64,64,35,13,25,4.0,0.0,0.0,27,15,0.0,0.0,0.0,0.0,0.0,0.0,1.0
387693,0,1,3400,-64,64,33,13,25,4.0,0.0,0.0,27,15,0.0,0.0,0.0,0.0,0.0,0.0,1.0
387942,0,1,3400,-64,64,30,13,25,4.0,0.0,0.0,27,15,0.0,0.0,0.0,0.0,0.0,0.0,1.0
388191,0,1,3400,-64,64,28,13,24,4.0,0.0,0.0,27,15,0.0,0.0,0.0,0.0,0.0,0.0,1.0
388440,0,1,3400,-64,64,41,13,25,4.0,0.0,0.0,27,15,0.0,0.0,0.0,0.0,0.0,0.0,1.0
388689,0,1,3400,-64,64,41,13,25,4.0,0.0,0.0,27,15,0.0,0.0,0.0,0.0,0.0,0.0,1.0
388938,0,1,3400,-64,64,31,13,25,4.0,0.0,0.0,27,15,0.0,0.0,0.0,0.0,0.0,0.0,1.0
389187,0,1,3400,-64,64,36,13,24,4.0,0.0,0.0,27,15,0.0,0.0,0.0,0.0,0.0,0.0,1.0
389436,0,1,3400,-64,64,38,13,24,4.0,0.0,0.0,27,15,0.0,0.0,0.0,0.0,0.0,0.0,1.0
389685,0,1,3400,-64,64,34,14,24,3.9,0.0,100.000000,27,15,0.0,0.0,0.0,0.0,0.0,0.0,1.0
389934,0,1,3400,-64,64,39,17,24,4.0,0.0,0.0,27,15,0.0,0.0,0.0,0.0,0.0,0.0,1.0
390183,0,1,3400,-64,64,41,17,24,4.0,0.0,0.0,27,15,0.0,0.0,0.0,0.0,0.0,0.0,1.0
390432,0,1,3400,-64,64,40,17,24,4.0,0.0,0.0,27,15,0.0,0.0,0.0,0.0,0.0,0.0,1.0
390681,0,1,3400,-64,64,35,17,24,4.0,0.0,0.0,27,15,0.0,0.0,0.0,0.0,0.0,0.0,1.0
390930,0,1,3400,-64,64,34,17,24,4.0,0.0,0.0,27,15,0.0,0.0,0.0,0.0,0.0,0.0,1.0
391179,0,1,3400,-64,64,39,19,24,4.0,0.0,100.000000,27,15,0.0,0.0,0.0,0.0,0.0,0.0,1.0
391428,0,1,3400,-64,64,40,21,24,4.0,0.0,0.0,27,15,0.0,0.0,0.0,0.0,0.0,0.0,1.0
391677,0,1,3400,-64,64,43,21,24,4.0,0.0,100.000000,27,15,0.0,0.0,0.0,0.0,0.0,0.0,1.0
391926,0,1,3400,-64,64,42,22,24,4.0,0.0,100.000000,27,15,0.0,0.0,0.0,0.0,0.0,0.0,1.0
392175,0,1,3400,-64,64,39,22,25,4.0,0.0,100.000000,27,15,0.0,0.0,0.0,0.0,0.0,0.0,1.0
392424,0,1,3400,-64,64,37,22,25,4.0,0.0,100.000000,27,15,0.0,0.0,0.0,0.0,0.0,0.0,1.0
392673,0,1,3400,-64,64,35,22,25,3.9,0.0,100.000000,27,15,0.0,0.0,0.0,0.0,0.0,0.0,1.0
392922,0,1,3400,-64,64,33,22,24,4.0,0.0,0.0,27,15,0.0,0.0,0.0,0.0,0.0,0.0,1.0
393171,0,1,3400,-64,64,34,22,25,4.0,0.0,100.000000,27,15,0.0,0.0,0.0,0.0,0.0,0.0,1.0
393420,0,1,3400,-64,64,37,22,25,4.0,0.0,100.000000,27,15,0.0,0.0,0.0,0.0,0.0,0.0,1.0
393669,0,1,3400,-64,64,34,22,25,3.9,0.0,100.000000,27,15,0.0,0.0,0.0,0.0,0.0,0.0,1.0
393918,0,1,3400,-64,64,31,22,25,4.0,0.0,100.000000,27,15,0.0,0.0,0.0,0.0,0.0,0.0,1.0
394167,0,1,3400,-64,64,34,22,24,4.0,0.0,100.000000,27,15,0.0,0.0,0.0,0.0,0.0,0.0,1.0
394416,0,1,3400,-65,65,33,22,24,4.0,0.0,100.000000,27,15,0.0,0.0,0.0,0.0,0.0,0.0,1.0
394665,0,1,3400,-65,65,34,22,24,4.0,0.0,100.000000,27,15,0.0,0.0,0.0,0.0,0.0,0.0,1.0
394914,0,1,3400,-65,65,34,22,24,4.0,0.0,100.000000,27,15,0.0,0.0,0.0,0.0,0.0,0.0,1.0
395163,0,1,3400,-65,65,35,22,24,4.0,0.0,100.000000,27,15,0.0,0.0,0.0,0.0,0.0,0.0,1.0
395412,0,1,3400,-65,65,37,22,24,4.0,0.0,100.000000,27,15,0.0,0.0,0.0,0.0,0.0,0.0,1.0
395661,0,1,3400,-65,65,33,22,24,4.0,0.0,0.0,27,15,0.0,0.0,0.0,0.0,0.0,0.0,1.0
395910,0,1,3400,-65,65,34,22,24,3.9,0.0,0.0,27,15,0.0,0.0,0.0,0.0,0.0,0.0,1.0
396159,0,1,3400,-65,65,30,22,24,3.9,0.0,0.0,27,15,0.0,0.0,0.0,0.0,0.0,0.0,1.0
396408,0,1,3400,-65,65,32,22,24,4.0,0.0,0.0,27,15,0.0,0.0,0.0,0.0,0.0,0.0,1.0
396657,0,1,3400,-65,65,39,22,24,4.0,0.0,0.0,27,15,0.0,0.0,0.0,0.0,0.0,0.0,1.0
396906,0,1,3400,-65,65,32,22,24,4.0,0.0,0.0,27,15,0.0,0.0,0.0,0.0,0.0,0.0,1.0
397155,0,1,3400,-65,65,31,22,23,4.0,0.0,0.0,27,15,0.0,0.0,0.0,0.0,0.0,0.0,1.0
397404,0,1,3400,-66,66,34,22,23,4.0,0.0,0.0,27,15,0.0,0.0,0.0,0.0,0.0,0.0,1.0
397653,0,1,3400,-66,66,34,22,23,3.9,0.0,0.0,27,15,0.0,0.0,0.0,0.0,0.0,0.0,1.0
397902,0,1,3400,-66,66,36,22,23,4.0,0.0,0.0,27,15,0.0,0.0,0.0,0.0,0.0,0.0,1.0
398151,0,1,3400,-66,66,26,22,22,4.0,0.0,0.0,27,15,0.0,0.0,0.0,0.0,0.0,0.0,1.0
398400,0,1,3400,-66,66,28,22,22,4.0,0.0,0.0,27,15,0.0,0.0,0.0,0.0,0.0,0.0,1.0
398649,0,1,3400,-66,66,37,22,23,3.9,0.0,0.0,27,15,0.0,0.0,0.0,0.0,0.0,0.0,1.0
398898,0,1,3400,-66,66,45,22,23,4.0,0.0,0.0,27,15,0.0,0.0,0.0,0.0,0.0,0.0,1.0
399147,0,1,3400,-66,66,42,22,23,4.0,0.0,0.0,27,15,0.0,0.0,0.0,0.0,0.0,0.0,1.0
399396,0,1,3400,-67,67,41,22,22,4.0,0.0,0.0,27,15,0.0,0.0,0.0,0.0,0.0,0.0,1.0
399645,0,1,3400,-67,67,35,22,22,4.0,0.0,0.0,27,15,0.0,0.0,0.0,0.0,0.0,0.0,1.0
399894,0,1,3400,-67,67,34,22,22,3.9,0.0,0.0,27,15,0.0,0.0,0.0,0.0,0.0,0.0,1.0
400143,0,1,3400,-67,67,38,22,22,4.0,0.0,0.0,27,15,0.0,0.0,0.0,0.0,0.0,0.0,1.0
400392,0,1,3400,-67,67,36,22,22,4.0,0.0,0.0,27,15,0.0,0.0,0.0,0.0,0.0,0.0,1.0
400641,0,1,3400,-67,67,30,22,22,4.0,0.0,0.0,27,15,0.0,0.0,0.0,0.0,0.0,0.0,1.0
400890,0,1,3400,-67,67,33,22,22,4.0,0.0,0.0,27,15,0.0,0.0,0.0,0.0,0.0,0.0,1.0
401139,0,1,3400,-67,67,32,22,22,4.0,0.0,0.0,27,15,0.0,0.0,0.0,0.0,0.0,0.0,1.0
401388,0,1,3400,-67,67,36,22,22,4.0,0.0,0.0,27,15,0.0,0.0,0.0,0.0,0.0,0.0,1.0
401637,0,1,3400,-67,67,42,22,22,4.0,0.0,0.0,27,15,0.0,0.0,0.0,0.0,0.0,0.0,1.0
401886,0,1,3400,-67,67,40,22,22,4.0,0.0,0.0,27,15,0.0,0.0,0.0,0.0,0.0,0.0,1.0
402135,0,1,3400,-67,67,40,22,22,4.0,0.0,0.0,27,15,0.0,0.0,0.0,0.0,0.0,0.0,1.0
402384,0,1,3400,-67,67,40,22,22,4.0,0.0,0.0,27,15,0.0,0.0,0.0,0.0,0.0,0.0,1.0
402633,0,1,3400,-67,67,40,22,22,4.0,0.0,0.0,27,15,0.0,0.0,0.0,0.0,0.0,0.0,1.0
402882,0,1,3400,-67,67,40,22,22,4.0,0.0,0.0,27,15,0.0,0.0,0.0,0.0,0.0,0.0,1.0
403131,0,1,3400,-67,67,38,22,22,4.0,0.0,0.0,27,15,0.0,0.0,0.0,0.0,0.0,0.0,1.0
403380,0,1,3400,-67,67,35,22,22,4.0,0.0,0.0,27,15,0.0,0.0,0.0,0.0,0.0,0.0,1.0
403629,0,1,3400,-67,67,35,22,22,4.0,0.0,0.0,27,15,0.0,0.0,0.0,0.0,0.0,0.0,1.0
403878,0,1,3400,-67,67,38,22,22,4.0,0.0,0.0,27,15,0.0,0.0,0.0,0.0,0.0,0.0,1.0
404127,0,1,3400,-67,67,41,22,22,4.0,0.0,0.0,27,15,0.0,0.0,0.0,0.0,0.0,0.0,1.0
404376,0,1,3400,-68,68,34,22,21,4.0,0.0,0.0,27,15,0.0,0.0,0.0,0.0,0.0,0.0,1.0
404625,0,1,3400,-68,68,34,22,21,4.0,0.0,0.0,27,15,0.0,0.0,0.0,0.0,0.0,0.0,1.0
404874,0,1,3400,-68,68,44,22,21,4.0,0.0,0.0,27,15,0.0,0.0,0.0,0.0,0.0,0.0,1.0
405123,0,1,3400,-68,68,40,22,21,4.0,0.0,0.0,27,15,0.0,0.0,0.0,0.0,0.0,0.0,1.0
405372,0,1,3400,-68,68,38,22,20,4.0,0.0,0.0,27,15,0.0,0.0,0.0,0.0,0.0,0.0,1.0
405621,0,1,3400,-69,69,35,22,20,4.0,0.0,0.0,27,15,0.0,0.0,0.0,0.0,0.0,0.0,1.0
405870,0,1,3400,-69,69,34,22,20,4.0,0.0,0.0,27,15,0.0,0.0,0.0,0.0,0.0,0.0,1.0
406119,0,1,3400,-69,69,35,22,20,4.0,0.0,0.0,27,15,0.0,0.0,0.0,0.0,0.0,0.0,1.0
406368,0,1,3400,-68,68,39,22,21,4.0,0.0,0.0,27,15,0.0,0.0,0.0,0.0,0.0,0.0,1.0
406617,0,1,3400,-68,68,42,22,21,4.0,0.0,0.0,27,15,0.0,0.0,0.0,0.0,0.0,0.0,1.0
406866,0,1,3400,-68,68,36,22,21,4.0,0.0,0.0,27,15,0.0,0.0,0.0,0.0,0.0,0.0,1.0
407115,0,1,3400,-68,68,31,22,21,4.0,0.0,0.0,27,15,0.0,0.0,0.0,0.0,0.0,0.0,1.0
407364,0,1,3400,-68,68,40,22,22,4.0,0.0,0.0,27,15,0.0,0.0,0.0,0.0,0.0,0.0,1.0
407613,0,1,3400,-67,67,42,22,22,4.0,0.0,0.0,27,15,0.0,0.0,0.0,0.0,0.0,0.0,1.0
407862,0,1,3400,-67,67,38,22,22,4.0,0.0,0.0,27,15,0.0,0.0,0.0,0.0,0.0,0.0,1.0
408111,0,1,3400,-67,67,37,22,22,4.0,0.0,0.0,27,15,0.0,0.0,0.0,0.0,0.0,0.0,1.0
408360,0,1,3400,-68,68,33,22,22,4.0,0.0,0.0,27,15,0.0,0.0,0.0,0.0,0.0,0.0,1.0
408609,0,1,3400,-68,68,33,22,21,4.0,0.0,0.0,27,15,0.0,0.0,0.0,0.0,0.0,0.0,1.0
408858,0,1,3400,-68,68,37,22,21,4.0,0.0,0.0,27,15,0.0,0.0,0.0,0.0,0.0,0.0,1.0
409107,0,1,3400,-68,68,35,22,21,4.0,0.0,0.0,27,15,0.0,0.0,0.0,0.0,0.0,0.0,1.0
409356,0,1,3400,-68,68,33,22,22,4.0,0.0,0.0,27,15,0.0,0.0,0.0,0.0,0.0,0.0,1.0
409605,0,1,3400,-67,67,33,22,22,4.0,0.0,0.0,27,15,0.0,0.0,0.0,0.0,0.0,0.0,1.0
409854,0,1,3400,-67,67,35,22,22,4.0,0.0,0.0,27,15,0.0,0.0,0.0,0.0,0.0,0.0,1.0
410103,0,1,3400,-67,67,37,22,22,4.0,0.0,0.0,27,15,0.0,0.0,0.0,0.0,0.0,0.0,1.0
410352,0,1,3400,-67,67,38,22,22,4.0,0.0,0.0,27,15,0.0,0.0,0.0,0.0,0.0,0.0,1.0
410601,0,1,3400,-67,67,31,22,22,4.0,0.0,0.0,27,15,0.0,0.0,0.0,0.0,0.0,0.0,1.0
410850,0,1,3400,-67,67,36,22,22,4.0,0.0,0.0,27,15,0.0,0.0,0.0,0.0,0.0,0.0,1.0
411099,0,1,3400,-67,67,40,22,22,4.0,0.0,0.0,27,15,0.0,0.0,0.0,0.0,0.0,0.0,1.0
411348,0,1,3400,-68,68,38,22,21,4.0,0.0,0.0,27,15,0.0,0.0,0.0,0.0,0.0,0.0,1.0
411597,0,1,3400,-68,68,32,22,21,4.0,0.0,0.0,27,15,0.0,0.0,0.0,0.0,0.0,0.0,1.0
411846,0,1,3400,-68,68,40,22,21,4.0,0.0,0.0,27,15,0.0,0.0,0.0,0.0,0.0,0.0,1.0
412095,0,1,3400,-68,68,39,22,21,4.0,0.0,0.0,27,15,0.0,0.0,0.0,0.0,0.0,0.0,1.0
412344,0,1,3400,-68,68,34,22,21,4.0,0.0,0.0,27,15,0.0,0.0,0.0,0.0,0.0,0.0,1.0
412593,0,1,3400,-68,68,32,22,21,4.0,0.0,0.0,27,15,0.0,0.0,0.0,0.0,0.0,0.0,1.0
412842,0,1,3400,-68,68,36,22,21,4.0,0.0,0.0,27,15,0.0,0.0,0.0,0.0,0.0,0.0,1.0
413091,0,1,3400,-68,68,39,22,21,4.0,0.0,0.0,27,15,0.0,0.0,0.0,0.0,0.0,0.0,1.0
413340,0,1,3400,-68,68,38,22,21,4.0,0.0,0.0,27,15,0.0,0.0,0.0,0.0,0.0,0.0,1.0
413589,0,1,3400,-68,68,32,22,21,4.0,0.0,0.0,27,15,0.0,0.0,0.0,0.0,0.0,0.0,1.0
413838,0,1,3400,-68,68,31,22,21,4.0,0.0,0.0,27,15,0.0,0.0,0.0,0.0,0.0,0.0,1.0
414087,0,1,3400,-68,68,30,22,21,4.0,0.0,0.0,27,15,0.0,0.0,0.0,0.0,0.0,0.0,1.0
414336,0,1,3400,-68,68,37,22,21,4.0,0.0,0.0,27,15,0.0,0.0,0.0,0.0,0.0,0.0,1.0
414585,0,1,3400,-68,68,41,22,21,4.0,0.0,0.0,27,15,0.0,0.0,0.0,0.0,0.0,0.0,1.0
414834,0,1,3400,-68,68,35,22,21,4.0,0.0,0.0,27,15,0.0,0.0,0.0,0.0,0.0,0.0,1.0
415083,0,1,3400,-68,68,39,22,21,4.0,0.0,0.0,27,15,0.0,0.0,0.0,0.0,0.0,0.0,1.0
415332,0,1,3400,-68,68,41,22,21,4.0,0.0,0.0,27,15,0.0,0.0,0.0,0.0,0.0,0.0,1.0
415581,0,1,3400,-68,68,38,22,21,4.0,0.0,0.0,27,15,0.0,0.0,0.0,0.0,0.0,0.0,1.0
415830,0,1,3400,-68,68,31,22,21,4.0,0.0,0.0,27,15,0.0,0.0,0.0,0.0,0.0,0.0,1.0
416079,0,1,3400,-68,68,35,22,21,4.0,0.0,0.0,27,15,0.0,0.0,0.0,0.0,0.0,0.0,1.0
416328,0,1,3400,-68,68,37,22,21,4.0,0.0,0.0,27,15,0.0,0.0,0.0,0.0,0.0,0.0,1.0
416577,0,1,3400,-68,68,40,22,21,4.0,0.0,0.0,27,15,0.0,0.0,0.0,0.0,0.0,0.0,1.0
416826,0,1,3400,-68,68,41,22,21,4.0,0.0,0.0,27,15,0.0,0.0,0.0,0.0,0.0,0.0,1.0
417075,0,1,3400,-68,68,36,22,21,4.0,0.0,0.0,27,15,0.0,0.0,0.0,0.0,0.0,0.0,1.0
417324,0,1,3400,-68,68,40,22,21,4.0,0.0,0.0,27,15,0.0,0.0,0.0,0.0,0.0,0.0,1.0
417573,0,1,3400,-69,69,44,22,20,4.0,0.0,0.0,27,15,0.0,0.0,0.0,0.0,0.0,0.0,1.0
417822,0,1,3400,-69,69,39,22,20,4.0,0.0,0.0,27,15,0.0,0.0,0.0,0.0,0.0,0.0,1.0
418071,0,1,3400,-69,69,38,22,20,4.0,0.0,0.0,27,15,0.0,0.0,0.0,0.0,0.0,0.0,1.0
418320,0,1,3400,-70,70,36,22,20,4.0,0.0,0.0,27,15,0.0,0.0,0.0,0.0,0.0,0.0,1.0
418569,0,1,3400,-70,70,32,22,19,4.0,0.0,0.0,27,15,0.0,0.0,0.0,0.0,0.0,0.0,1.0
418818,0,1,3400,-70,70,31,22,19,4.0,0.0,0.0,27,15,0.0,0.0,0.0,0.0,0.0,0.0,1.0
419067,0,1,3400,-70,70,34,22,19,4.0,0.0,0.0,27,15,0.0,0.0,0.0,0.0,0.0,0.0,1.0
419316,0,1,3400,-70,70,42,22,20,4.0,0.0,0.0,27,15,0.0,0.0,0.0,0.0,0.0,0.0,1.0
419565,0,1,3400,-69,69,46,22,20,4.0,0.0,0.0,27,15,0.0,0.0,0.0,0.0,0.0,0.0,1.0
419814,0,1,3400,-69,69,42,22,20,4.0,0.0,0.0,27,15,0.0,0.0,0.0,0.0,0.0,0.0,1.0
420063,0,1,3400,-69,69,40,22,20,4.0,0.0,0.0,27,15,0.0,0.0,0.0,0.0,0.0,0.0,1.0
420312,0,1,3400,-69,69,36,22,20,4.0,0.0,0.0,27,15,0.0,0.0,0.0,0.0,0.0,0.0,1.0
420561,0,1,3400,-69,69,37,22,20,4.0,0.0,0.0,27,15,0.0,0.0,0.0,0.0,0.0,0.0,1.0
420810,0,1,3400,-69,69,41,22,20,4.0,0.0,0.0,27,15,0.0,0.0,0.0,0.0,0.0,0.0,1.0
421059,0,1,3400,-69,69,37,22,20,4.0,0.0,0.0,27,15,0.0,0.0,0.0,0.0,0.0,0.0,1.0
421308,0,1,3400,-69,69,36,22,20,4.0,0.0,0.0,27,15,0.0,0.0,0.0,0.0,0.0,0.0,1.0
421557,0,1,3400,-69,69,38,22,20,4.0,0.0,0.0,27,15,0.0,0.0,0.0,0.0,0.0,0.0,1.0
421806,0,1,3400,-69,69,34,22,20,4.0,0.0,0.0,27,15,0.0,0.0,0.0,0.0,0.0,0.0,1.0
422055,0,1,3400,-69,69,35,22,20,4.0,0.0,0.0,27,15,0.0,0.0,0.0,0.0,0.0,0.0,1.0
422304,0,1,3400,-69,69,29,22,20,4.0,0.0,0.0,27,15,0.0,0.0,0.0,0.0,0.0,0.0,1.0
422553,0,1,3400,-69,69,36,22,20,4.0,0.0,0.0,27,15,0.0,0.0,0.0,0.0,0.0,0.0,1.0
422802,0,1,3400,-69,69,34,22,20,4.0,0.0,0.0,27,15,0.0,0.0,0.0,0.0,0.0,0.0,1.0
423051,0,1,3400,-69,69,36,22,20,4.0,0.0,0.0,27,15,0.0,0.0,0.0,0.0,0.0,0.0,1.0
423300,0,1,3400,-69,69,35,22,20,4.0,0.0,0.0,27,15,0.0,0.0,0.0,0.0,0.0,0.0,1.0
423549,0,1,3400,-70,70,35,22,20,4.0,0.0,0.0,27,15,0.0,0.0,0.0,0.0,0.0,0.0,1.0
423798,0,1,3400,-70,70,33,22,19,4.0,0.0,0.0,27,15,0.0,0.0,0.0,0.0,0.0,0.0,1.0
424047,0,1,3400,-70,70,39,22,19,4.0,0.0,0.0,27,15,0.0,0.0,0.0,0.0,0.0,0.0,1.0
424296,0,1,3400,-70,70,40,22,19,4.0,0.0,0.0,27,15,0.0,0.0,0.0,0.0,0.0,0.0,1.0
424545,0,1,3400,-70,70,34,22,19,4.0,0.0,0.0,27,15,0.0,0.0,0.0,0.0,0.0,0.0,1.0
424794,0,1,3400,-70,70,28,22,19,4.0,0.0,0.0,27,15,0.0,0.0,0.0,0.0,0.0,0.0,1.0
425043,0,1,3400,-70,70,35,22,19,4.0,0.0,0.0,27,15,0.0,0.0,0.0,0.0,0.0,0.0,1.0
425292,0,1,3400,-70,70,39,22,19,4.0,0.0,0.0,27,15,0.0,0.0,0.0,0.0,0.0,0.0,1.0
425541,0,1,3400,-70,70,43,21,19,4.0,0.0,100.000000,27,15,0.0,0.0,0.0,0.0,0.0,0.0,1.0
425790,0,1,3400,-70,70,36,20,19,4.0,0.0,0.0,27,15,0.0,0.0,0.0,0.0,0.0,0.0,1.0
426039,0,1,3400,-70,70,30,20,19,4.0,0.0,0.0,27,15,0.0,0.0,0.0,0.0,0.0,0.0,1.0
426288,0,1,3400,-70,70,38,20,19,4.0,0.0,0.0,27,15,0.0,0.0,0.0,0.0,0.0,0.0,1.0
426537,0,1,3400,-71,71,39,20,18,4.0,0.0,0.0,27,15,0.0,0.0,0.0,0.0,0.0,0.0,1.0
426786,0,1,3400,-71,71,41,20,18,4.0,0.0,0.0,27,15,0.0,0.0,0.0,0.0,0.0,0.0,1.0
427035,0,1,3400,-71,71,38,20,18,4.0,0.0,0.0,27,15,0.0,0.0,0.0,0.0,0.0,0.0,1.0
427284,0,1,3400,-71,71,37,20,18,4.0,0.0,0.0,27,15,0.0,0.0,0.0,0.0,0.0,0.0,1.0
427533,0,1,3400,-72,72,30,20,18,4.0,0.0,0.0,27,15,0.0,0.0,0.0,0.0,0.0,0.0,1.0
427782,0,1,3400,-72,72,28,20,17,4.0,0.0,0.0,27,15,0.0,0.0,0.0,0.0,0.0,0.0,1.0
428031,0,1,3400,-72,72,35,20,18,4.0,0.0,0.0,27,15,0.0,0.0,0.0,0.0,0.0,0.0,1.0
428280,0,1,3400,-71,71,36,20,18,4.0,0.0,0.0,27,15,0.0,0.0,0.0,0.0,0.0,0.0,1.0
428529,0,1,3400,-71,71,39,20,18,4.0,0.0,0.0,27,15,0.0,0.0,0.0,0.0,0.0,0.0,1.0
428778,0,1,3400,-71,71,29,20,18,4.0,0.0,0.0,27,15,0.0,0.0,0.0,0.0,0.0,0.0,1.0
429027,0,1,3400,-71,71,38,20,18,4.0,0.0,0.0,27,15,0.0,0.0,0.0,0.0,0.0,0.0,1.0
429276,0,1,3400,-71,71,41,20,18,4.0,0.0,0.0,27,15,0.0,0.0,0.0,0.0,0.0,0.0,1.0
429525,0,1,3400,-71,71,42,20,18,4.0,0.0,0.0,27,15,0.0,0.0,0.0,0.0,0.0,0.0,1.0
429774,0,1,3400,-71,71,34,20,18,4.0,0.0,0.0,27,15,0.0,0.0,0.0,0.0,0.0,0.0,1.0
430023,0,1,3400,-71,71,35,20,19,4.0,0.0,0.0,27,15,0.0,0.0,0.0,0.0,0.0,0.0,1.0
430272,0,1,3400,-70,70,38,20,19,4.0,0.0,0.0,27,15,0.0,0.0,0.0,0.0,0.0,0.0,1.0
430521,0,1,3400,-70,70,34,20,19,4.0,0.0,0.0,27,15,0.0,0.0,0.0,0.0,0.0,0.0,1.0
430770,0,1,3400,-70,70,33,20,19,4.0,0.0,0.0,27,15,0.0,0.0,0.0,0.0,0.0,0.0,1.0
431019,0,1,3400,-70,70,39,20,19,4.0,0.0,0.0,27,15,0.0,0.0,0.0,0.0,0.0,0.0,1.0
431268,0,1,3400,-70,70,41,20,19,4.0,0.0,0.0,27,15,0.0,0.0,0.0,0.0,0.0,0.0,1.0
431517,0,1,3400,-70,70,40,20,19,4.0,0.0,0.0,27,15,0.0,0.0,0.0,0.0,0.0,0.0,1.0
431766,0,1,3400,-70,70,36,20,19,4.0,0.0,0.0,27,15,0.0,0.0,0.0,0.0,0.0,0.0,1.0
432015,0,1,3400,-70,70,31,20,19,4.0,0.0,0.0,27,15,0.0,0.0,0.0,0.0,0.0,0.0,1.0
432264,0,1,3400,-70,70,30,20,19,4.0,0.0,0.0,27,15,0.0,0.0,0.0,0.0,0.0,0.0,1.0
432513,0,1,3400,-70,70,40,20,19,4.0,0.0,0.0,27,15,0.0,0.0,0.0,0.0,0.0,0.0,1.0
432762,0,1,3400,-70,70,44,20,19,4.0,0.0,0.0,27,15,0.0,0.0,0.0,0.0,0.0,0.0,1.0
433011,0,1,3400,-70,70,40,20,20,4.0,0.0,0.0,27,15,0.0,0.0,0.0,0.0,0.0,0.0,1.0
433260,0,1,3400,-69,69,45,20,20,4.0,0.0,0.0,27,15,0.0,0.0,0.0,0.0,0.0,0.0,1.0
433509,0,1,3400,-69,69,39,20,20,4.0,0.0,0.0,27,15,0.0,0.0,0.0,0.0,0.0,0.0,1.0
433758,0,1,3400,-69,69,34,20,20,4.0,0.0,0.0,27,15,0.0,0.0,0.0,0.0,0.0,0.0,1.0
434007,0,1,3400,-69,69,37,20,20,4.0,0.0,0.0,27,15,0.0,0.0,0.0,0.0,0.0,0.0,1.0
434256,0,1,3400,-69,69,45,20,20,4.0,0.0,0.0,27,15,0.0,0.0,0.0,0.0,0.0,0.0,1.0
434505,0,1,3400,-70,70,38,20,20,4.0,0.0,0.0,27,15,0.0,0.0,0.0,0.0,0.0,0.0,1.0
434754,0,1,3400,-70,70,37,20,19,4.0,0.0,0.0,27,15,0.0,0.0,0.0,0.0,0.0,0.0,1.0
435003,0,1,3400,-70,70,40,20,20,4.0,0.0,0.0,27,15,0.0,0.0,0.0,0.0,0.0,0.0,1.0
435252,0,1,3400,-69,69,36,20,20,4.0,0.0,0.0,27,15,0.0,0.0,0.0,0.0,0.0,0.0,1.0
435501,0,1,3400,-69,69,42,20,20,4.0,0.0,0.0,27,15,0.0,0.0,0.0,0.0,0.0,0.0,1.0
435750,0,1,3400,-69,69,41,20,20,4.0,0.0,0.0,27,15,0.0,0.0,0.0,0.0,0.0,0.0,1.0
436000,0,1,3400,-69,69,31,20,20,4.0,0.0,0.0,27,15,0.0,0.0,0.0,0.0,0.0,0.0,1.0
436249,0,1,3400,-69,69,34,20,20,4.0,0.0,0.0,27,15,0.0,0.0,0.0,0.0,0.0,0.0,1.0
436498,0,1,3400,-69,69,36,20,20,4.0,0.0,0.0,27,15,0.0,0.0,0.0,0.0,0.0,0.0,1.0
436747,0,1,3400,-69,69,38,20,20,4.0,0.0,0.0,27,15,0.0,0.0,0.0,0.0,0.0,0.0,1.0
436996,0,1,3400,-69,69,31,20,20,4.0,0.0,0.0,27,15,0.0,0.0,0.0,0.0,0.0,0.0,1.0
437245,0,1,3400,-69,69,25,20,20,4.0,0.0,0.0,27,15,0.0,0.0,0.0,0.0,0.0,0.0,1.0
437494,0,1,3400,-69,69,39,20,20,4.0,0.0,0.0,27,15,0.0,0.0,0.0,0.0,0.0,0.0,1.0
437743,0,1,3400,-69,69,42,20,20,4.0,0.0,0.0,27,15,0.0,0.0,0.0,0.0,0.0,0.0,1.0
437992,0,1,3400,-69,69,43,20,20,4.0,0.0,0.0,27,15,0.0,0.0,0.0,0.0,0.0,0.0,1.0
438241,0,1,3400,-69,69,38,20,20,4.0,0.0,0.0,27,15,0.0,0.0,0.0,0.0,0.0,0.0,1.0
438490,0,1,3400,-69,69,36,20,20,4.0,0.0,0.0,27,15,0.0,0.0,0.0,0.0,0.0,0.0,1.0
438739,0,1,3400,-69,69,35,20,20,4.0,0.0,0.0,27,15,0.0,0.0,0.0,0.0,0.0,0.0,1.0
438988,0,1,3400,-69,69,34,20,20,4.0,0.0,0.0,27,15,0.0,0.0,0.0,0.0,0.0,0.0,1.0
439237,0,1,3400,-69,69,40,20,20,4.0,0.0,0.0,27,15,0.0,0.0,0.0,0.0,0.0,0.0,1.0
439486,0,1,3400,-69,69,39,20,20,4.0,0.0,0.0,27,15,0.0,0.0,0.0,0.0,0.0,0.0,1.0
439735,0,1,3400,-69,69,40,20,20,4.0,0.0,0.0,27,15,0.0,0.0,0.0,0.0,0.0,0.0,1.0
439984,0,1,3400,-69,69,33,20,20,4.0,0.0,0.0,27,15,0.0,0.0,0.0,0.0,0.0,0.0,1.0
440233,0,1,3400,-70,70,41,20,20,4.0,0.0,0.0,27,15,0.0,0.0,0.0,0.0,0.0,0.0,1.0
440482,0,1,3400,-70,70,42,20,20,4.0,0.0,0.0,27,15,0.0,0.0,0.0,0.0,0.0,0.0,1.0
440731,0,1,3400,-70,70,36,20,19,4.0,0.0,0.0,27,15,0.0,0.0,0.0,0.0,0.0,0.0,1.0
440980,0,1,3400,-70,70,33,20,19,4.0,0.0,0.0,27,15,0.0,0.0,0.0,0.0,0.0,0.0,1.0
441229,0,1,3400,-70,70,41,20,19,4.0,0.0,0.0,27,15,0.0,0.0,0.0,0.0,0.0,0.0,1.0
441478,0,1,3400,-70,70,43,20,19,4.0,0.0,0.0,27,15,0.0,0.0,0.0,0.0,0.0,0.0,1.0
441727,0,1,3400,-70,70,45,20,19,4.0,0.0,0.0,27,15,0.0,0.0,0.0,0.0,0.0,0.0,1.0
441976,0,1,3400,-70,70,34,20,19,4.0,0.0,0.0,27,15,0.0,0.0,0.0,0.0,0.0,0.0,1.0
442225,0,1,3400,-69,69,39,20,20,4.0,0.0,0.0,27,15,0.0,0.0,0.0,0.0,0.0,0.0,1.0
442474,0,1,3400,-69,69,35,20,20,4.0,0.0,0.0,27,15,0.0,0.0,0.0,0.0,0.0,0.0,1.0
442723,0,1,3400,-69,69,37,20,20,4.0,0.0,0.0,27,15,0.0,0.0,0.0,0.0,0.0,0.0,1.0
442972,0,1,3400,-69,69,38,20,20,4.0,0.0,0.0,27,15,0.0,0.0,0.0,0.0,0.0,0.0,1.0
443221,0,1,3400,-69,69,39,20,20,4.0,0.0,0.0,27,15,0.0,0.0,0.0,0.0,0.0,0.0,1.0
443470,0,1,3400,-69,69,36,20,20,4.0,0.0,0.0,27,15,0.0,0.0,0.0,0.0,0.0,0.0,1.0
443719,0,1,3400,-69,69,42,20,20,4.0,0.0,0.0,27,15,0.0,0.0,0.0,0.0,0.0,0.0,1.0
443968,0,1,3400,-69,69,40,20,21,4.0,0.0,0.0,27,15,0.0,0.0,0.0,0.0,0.0,0.0,1.0
444217,0,1,3400,-69,69,35,20,21,4.0,0.0,0.0,27,15,0.0,0.0,0.0,0.0,0.0,0.0,1.0
444466,0,1,3400,-68,68,35,20,21,4.0,0.0,0.0,27,15,0.0,0.0,0.0,0.0,0.0,0.0,1.0
444715,0,1,3400,-68,68,34,20,21,4.0,0.0,0.0,27,15,0.0,0.0,0.0,0.0,0.0,0.0,1.0
444964,0,1,3400,-68,68,33,20,22,4.0,0.0,0.0,27,15,0.0,0.0,0.0,0.0,0.0,0.0,1.0
445213,0,1,3400,-68,68,37,20,22,4.0,0.0,0.0,27,15,0.0,0.0,0.0,0.0,0.0,0.0,1.0
445462,0,1,3400,-67,67,35,20,22,4.0,0.0,0.0,27,15,0.0,0.0,0.0,0.0,0.0,0.0,1.0
445711,0,1,3400,-67,67,29,20,22,4.0,0.0,0.0,27,15,0.0,0.0,0.0,0.0,0.0,0.0,1.0
445960,0,1,3400,-67,67,35,20,22,4.0,0.0,0.0,27,15,0.0,0.0,0.0,0.0,0.0,0.0,1.0
446209,0,1,3400,-67,67,42,20,22,4.0,0.0,0.0,27,15,0.0,0.0,0.0,0.0,0.0,0.0,1.0
446458,0,1,3400,-67,67,30,20,22,4.0,0.0,0.0,27,15,0.0,0.0,0.0,0.0,0.0,0.0,1.0
446707,0,1,3400,-67,67,18,20,22,4.0,0.0,0.0,27,15,0.0,0.0,0.0,0.0,0.0,0.0,1.0
446956,0,1,3400,-67,67,25,20,22,4.0,0.0,0.0,27,15,0.0,0.0,0.0,0.0,0.0,0.0,1.0
447205,0,1,3400,-67,67,29,20,22,4.0,0.0,0.0,27,15,0.0,0.0,0.0,0.0,0.0,0.0,1.0
447454,0,1,3400,-66,66,36,20,23,4.0,0.0,0.0,27,15,0.0,0.0,0.0,0.0,0.0,0.0,1.0
447703,0,1,3400,-66,66,40,20,23,4.0,0.0,0.0,27,15,0.0,0.0,0.0,0.0,0.0,0.0,1.0
447952,0,1,3400,-66,66,37,20,23,4.0,0.0,0.0,27,15,0.0,0.0,0.0,0.0,0.0,0.0,1.0
448201,0,1,3400,-66,66,39,20,23,4.0,0.0,0.0,27,15,0.0,0.0,0.0,0.0,0.0,0.0,1.0
448450,0,1,3400,-66,66,41,20,23,4.0,0.0,0.0,27,15,0.0,0.0,0.0,0.0,0.0,0.0,1.0
448699,0,1,3400,-66,66,42,20,23,4.0,0.0,0.0,27,15,0.0,0.0,0.0,0.0,0.0,0.0,1.0
448948,0,1,3400,-66,66,38,20,23,4.0,0.0,0.0,27,15,0.0,0.0,0.0,0.0,0.0,0.0,1.0
449197,0,1,3400,-66,66,40,20,24,4.0,0.0,0.0,27,15,0.0,0.0,0.0,0.0,0.0,0.0,1.0
449446,0,1,3400,-65,65,36,20,24,4.0,0.0,0.0,27,15,0.0,0.0,0.0,0.0,0.0,0.0,1.0
449695,0,1,3400,-65,65,40,20,24,4.0,0.0,0.0,27,15,0.0,0.0,0.0,0.0,0.0,0.0,1.0
449944,0,1,3400,-65,65,40,20,24,4.0,0.0,0.0,27,15,0.0,0.0,0.0,0.0,0.0,0.0,1.0
450193,0,1,3400,-65,65,36,20,24,4.0,0.0,0.0,27,15,0.0,0.0,0.0,0.0,0.0,0.0,1.0
450442,0,1,3400,-65,65,42,20,24,4.0,0.0,0.0,27,15,0.0,0.0,0.0,0.0,0.0,0.0,1.0
450691,0,1,3400,-65,65,42,20,24,4.0,0.0,0.0,27,15,0.0,0.0,0.0,0.0,0.0,0.0,1.0
450940,0,1,3400,-65,65,35,20,24,4.0,0.0,0.0,27,15,0.0,0.0,0.0,0.0,0.0,0.0,1.0
451189,0,1,3400,-65,65,30,20,24,4.0,0.0,0.0,27,15,0.0,0.0,0.0,0.0,0.0,0.0,1.0
451438,0,1,3400,-65,65,33,20,24,4.0,0.0,0.0,27,15,0.0,0.0,0.0,0.0,0.0,0.0,1.0
451687,0,1,3400,-65,65,40,20,24,4.0,0.0,0.0,27,15,0.0,0.0,0.0,0.0,0.0,0.0,1.0
451936,0,1,3400,-65,65,43,20,24,4.0,0.0,0.0,27,15,0.0,0.0,0.0,0.0,0.0,0.0,1.0
452185,0,1,3400,-65,65,45,20,24,4.0,0.0,0.0,27,15,0.0,0.0,0.0,0.0,0.0,0.0,1.0
452434,0,1,3400,-65,65,42,20,24,4.0,0.0,0.0,27,15,0.0,0.0,0.0,0.0,0.0,0.0,1.0
452683,0,1,3400,-65,65,43,20,24,4.0,0.0,0.0,27,15,0.0,0.0,0.0,0.0,0.0,0.0,1.0
452932,0,1,3400,-65,65,46,20,24,4.0,0.0,0.0,27,15,0.0,0.0,0.0,0.0,0.0,0.0,1.0
453181,0,1,3400,-65,65,41,20,24,4.0,0.0,0.0,27,15,0.0,0.0,0.0,0.0,0.0,0.0,1.0
453430,0,1,3400,-65,65,31,20,24,4.0,0.0,0.0,27,15,0.0,0.0,0.0,0.0,0.0,0.0,1.0
453679,0,1,3400,-77,77,122,20,13,4.0,0.0,0.0,27,15,0.0,0.0,0.0,0.0,0.0,0.0,1.0
453928,0,1,3400,-89,89,422,20,0.97,4.0,0.0,0.0,27,15,0.0,0.0,0.0,0.0,0.0,0.0,1.0
454177,0,1,3400,-89,89,828,20,0.90,3.9,0.0,0.0,27,15,0.0,0.0,0.0,0.0,0.0,0.0,1.0
454426,0,1,3400,-89,89,1317.777832,20,0.87,4.0,0.0,0.0,27,15,0.0,0.0,0.0,0.0,1.0,0.0,1.0
454675,0,1,3400,-89,89,1317.777832,20,0.87,4.0,0.0,0.0,27,15,0.0,0.0,0.0,0.0,0.0,0.0,1.0
454924,0,1,3400,-89,89,1317.777832,20,0.87,4.0,0.0,0.0,27,15,0.0,0.0,0.0,0.0,0.0,0.0,1.0
455173,0,1,3400,-89,89,1317.777832,20,0.87,4.0,0.0,0.0,27,15,0.0,0.0,0.0,0.0,0.0,0.0,1.0
455422,0,1,3400,-89,89,1317.777832,20,0.87,4.0,0.0,0.0,27,15,0.0,0.0,0.0,0.0,0.0,0.0,1.0
455671,0,1,3400,-89,89,1317.777832,20,0.87,4.0,0.0,0.0,27,15,0.0,0.0,0.0,0.0,0.0,0.0,0.0
455920,0,1,3400,-89,89,1317.777832,20,0.87,4.0,0.0,0.0,27,15,0.0,0.0,0.0,0.0,0.0,0.0,0.0
456169,0,1,3400,-89,89,1317.777832,20,0.87,4.0,0.0,0.0,27,15,0.0,0.0,0.0,0.0,0.0,0.0,0.0
456418,0,1,3400,-89,89,1317.777832,20,0.87,4.0,0.0,0.0,27,15,0.0,0.0,0.0,0.0,0.0,0.0,0.0
456667,0,1,3400,-89,89,1317.777832,20,0.87,4.0,0.0,0.0,27,15,0.0,0.0,0.0,0.0,0.0,0.0,0.0
456916,0,1,3400,-89,89,1317.777832,20,0.87,4.0,0.0,0.0,27,15,0.0,0.0,0.0,0.0,0.0,0.0,0.0
457165,0,1,3400,-89,89,1317.777832,20,0.87,4.0,0.0,0.0,27,15,0.0,0.0,0.0,0.0,0.0,0.0,0.0
457414,0,1,3400,-89,89,1317.777832,20,0.87,4.0,0.0,0.0,27,15,0.0,0.0,0.0,0.0,0.0,0.0,0.0
457663,0,1,3400,-89,89,1317.777832,20,0.87,4.0,0.0,0.0,27,15,0.0,0.0,0.0,0.0,0.0,0.0,0.0
457912,0,1,3400,-89,89,1317.777832,20,0.87,4.0,0.0,0.0,27,15,0.0,0.0,0.0,0.0,0.0,0.0,0.0
458161,0,1,3400,-89,89,1317.777832,20,0.87,4.0,0.0,0.0,27,15,0.0,0.0,0.0,0.0,0.0,0.0,0.0
458410,0,1,3400,-89,89,1317.777832,20,0.87,4.0,0.0,0.0,27,15,0.0,0.0,0.0,0.0,0.0,0.0,0.0
458659,0,1,3400,-89,89,1317.777832,20,0.87,4.0,0.0,0.0,27,15,0.0,0.0,0.0,0.0,0.0,0.0,0.0
458908,0,1