time,cc,pci,earfcn,rsrp,pl,cfo,dl_mcs,dl_snr,dl_turbo,dl_brate,dl_bler,ul_ta,ul_mcs,ul_buff,ul_brate,ul_bler,rf_o,rf_u,rf_l,is_attached
0,0,0,4294967295,0.0,0.0,0.0,0.0,0.0,0.0,0.0,0.0,0.0,0.0,0.0,0.0,0.0,0.0,0.0,0.0,0.0
249,0,0,3400,0.0,0.0,0.0,0.0,0.0,0.0,0.0,0.0,0.0,0.0,0.0,0.0,0.0,0.0,0.0,0.0,0.0
498,0,0,3400,0.0,0.0,0.0,0.0,0.0,0.0,0.0,0.0,0.0,0.0,0.0,0.0,0.0,0.0,0.0,0.0,0.0
747,0,1,3400,0.0,0.0,0.0,0.0,0.0,0.0,0.0,0.0,0.0,0.0,0.0,0.0,0.0,0.0,0.0,0.0,0.0
996,0,1,3400,0.0,0.0,0.0,0.0,0.0,0.0,0.0,0.0,0.0,0.0,0.0,0.0,0.0,0.0,0.0,0.0,0.0
1245,0,1,3400,-62,62,496,1.7,26,0.31,2912.000000,0,0.0,0.0,33,224,0,0.0,0.0,0.0,1.0
1494,0,1,3400,-62,62,497,3.0,26,0.50,0.0,0.0,27,0.0,33,0.0,0.0,0.0,0.0,0.0,1.0
1743,0,1,3400,-62,62,500,3.6,26,0.50,1984.000000,0,27,11,21,19520.000000,44,0.0,0.0,0.0,1.0
1992,0,1,3400,-62,62,503,8.2,25,0.49,3776.000000,0,27,8.4,0.0,22240.000000,19,0.0,0.0,0.0,1.0
2241,0,1,3400,-62,62,506,5.0,25,0.53,4704.000000,0,27,4.2,36,3936.000000,0,0.0,0.0,0.0,1.0
2490,0,1,3400,-62,62,503,5.6,24,0.56,416,0,27,2.3,0.0,7072.000000,0,0.0,0.0,0.0,1.0
2739,0,1,3400,-62,62,500,22,25,0.64,249120.000000,0,27,7.0,581,133344.000000,15,0.0,0.0,0.0,1.0
2988,0,1,3400,-62,62,493,20,24,0.71,192512.000000,0,27,5.8,0.0,124160.000000,17,0.0,0.0,0.0,1.0
3237,0,1,3400,-62,62,493,22,24,0.74,21696.000000,0,27,6.0,0.0,0.0,0.0,0.0,0.0,0.0,1.0
3486,0,1,3400,-62,62,502,22,24,0.75,0.0,0.0,27,6.0,0.0,0.0,0.0,0.0,0.0,0.0,1.0
3735,0,1,3400,-62,62,502,22,24,0.75,0.0,0.0,27,6.0,0.0,0.0,0.0,0.0,0.0,0.0,1.0
3984,0,1,3400,-62,62,503,22,25,0.75,0.0,0.0,27,6.0,0.0,0.0,0.0,0.0,0.0,0.0,1.0
4233,0,1,3400,-62,62,504,22,25,0.75,0.0,0.0,27,6.0,0.0,0.0,0.0,0.0,0.0,0.0,1.0
4482,0,1,3400,-62,62,503,22,24,0.75,0.0,0.0,27,6.0,0.0,0.0,0.0,0.0,0.0,0.0,1.0
4731,0,1,3400,-62,62,503,22,24,0.75,0.0,0.0,27,6.0,0.0,0.0,0.0,0.0,0.0,0.0,1.0
4980,0,1,3400,-62,62,502,22,24,0.75,0.0,0.0,27,6.0,0.0,0.0,0.0,0.0,0.0,0.0,1.0
5229,0,1,3400,-62,62,501,22,24,0.75,0.0,0.0,27,6.0,0.0,0.0,0.0,0.0,0.0,0.0,1.0
5478,0,1,3400,-62,62,505,22,24,0.75,0.0,0.0,27,6.0,0.0,0.0,0.0,0.0,0.0,0.0,1.0
5727,0,1,3400,-62,62,499,22,24,0.74,0.0,0.0,27,6.1,0.0,0.0,0.0,0.0,0.0,0.0,1.0
5976,0,1,3400,-62,62,495,22,24,0.75,0.0,0.0,27,6.1,0.0,0.0,0.0,0.0,0.0,0.0,1.0
6225,0,1,3400,-62,62,498,22,24,0.75,0.0,0.0,27,6.0,0.0,0.0,0.0,0.0,0.0,0.0,1.0
6474,0,1,3400,-62,62,501,22,24,0.75,0.0,0.0,27,6.0,0.0,0.0,0.0,0.0,0.0,0.0,1.0
6723,0,1,3400,-62,62,503,22,24,0.75,0.0,0.0,27,6.0,0.0,0.0,0.0,0.0,0.0,0.0,1.0
6972,0,1,3400,-62,62,500,22,24,0.75,0.0,0.0,27,6.0,0.0,0.0,0.0,0.0,0.0,0.0,1.0
7221,0,1,3400,-62,62,502,22,25,0.75,0.0,0.0,27,6.0,0.0,0.0,0.0,0.0,0.0,0.0,1.0
7470,0,1,3400,-62,62,507,22,24,0.75,0.0,0.0,27,6.0,0.0,0.0,0.0,0.0,0.0,0.0,1.0
7719,0,1,3400,-62,62,502,22,24,0.75,0.0,0.0,27,6.0,0.0,0.0,0.0,0.0,0.0,0.0,1.0
7968,0,1,3400,-62,62,497,22,24,0.75,0.0,0.0,27,6.0,0.0,0.0,0.0,0.0,0.0,0.0,1.0
8217,0,1,3400,-62,62,496,22,24,0.75,0.0,0.0,27,6.0,0.0,0.0,0.0,0.0,0.0,0.0,1.0
8466,0,1,3400,-62,62,497,22,24,0.75,0.0,0.0,27,6.1,0.0,0.0,0.0,0.0,0.0,0.0,1.0
8715,0,1,3400,-62,62,504,22,24,0.75,0.0,0.0,27,6.0,0.0,0.0,0.0,0.0,0.0,0.0,1.0
8964,0,1,3400,-62,62,508,22,24,0.75,0.0,0.0,27,6.0,0.0,0.0,0.0,0.0,0.0,0.0,1.0
9213,0,1,3400,-62,62,502,22,25,0.75,0.0,0.0,27,6.0,0.0,0.0,0.0,0.0,0.0,0.0,1.0
9462,0,1,3400,-62,62,505,22,24,0.75,0.0,0.0,27,6.0,0.0,0.0,0.0,0.0,0.0,0.0,1.0
9711,0,1,3400,-62,62,501,22,24,0.75,0.0,0.0,27,6.0,0.0,0.0,0.0,0.0,0.0,0.0,1.0
9960,0,1,3400,-62,62,500,22,24,0.75,0.0,0.0,27,6.1,0.0,0.0,0.0,0.0,0.0,0.0,1.0
10209,0,1,3400,-62,62,504,22,24,0.75,0.0,0.0,27,6.0,0.0,0.0,0.0,0.0,0.0,0.0,1.0
10458,0,1,3400,-62,62,499,22,24,0.75,0.0,0.0,27,6.0,0.0,0.0,0.0,0.0,0.0,0.0,1.0
10707,0,1,3400,-62,62,501,22,24,0.75,0.0,0.0,27,6.0,0.0,0.0,0.0,0.0,0.0,0.0,1.0
10956,0,1,3400,-62,62,507,22,25,0.75,0.0,0.0,27,6.1,0.0,0.0,0.0,0.0,0.0,0.0,1.0
11205,0,1,3400,-62,62,505,22,24,0.74,0.0,0.0,27,6.1,0.0,0.0,0.0,0.0,0.0,0.0,1.0
11454,0,1,3400,-62,62,505,22,25,0.74,0.0,0.0,27,6.1,0.0,0.0,0.0,0.0,0.0,0.0,1.0
11703,0,1,3400,-62,62,503,22,24,0.75,0.0,0.0,27,6.0,0.0,0.0,0.0,0.0,0.0,0.0,1.0
11952,0,1,3400,-62,62,500,22,24,0.75,0.0,0.0,27,6.0,0.0,0.0,0.0,0.0,0.0,0.0,1.0
12201,0,1,3400,-62,62,502,22,24,0.75,0.0,0.0,27,6.1,0.0,0.0,0.0,0.0,0.0,0.0,1.0
12450,0,1,3400,-62,62,500,22,24,0.75,0.0,0.0,27,6.0,0.0,0.0,0.0,0.0,0.0,0.0,1.0
12699,0,1,3400,-62,62,503,22,24,0.75,0.0,0.0,27,6.0,0.0,0.0,0.0,0.0,0.0,0.0,1.0
12948,0,1,3400,-62,62,505,22,25,0.75,0.0,0.0,27,6.0,0.0,0.0,0.0,0.0,0.0,0.0,1.0
13197,0,1,3400,-62,62,503,22,25,0.75,0.0,0.0,27,6.0,0.0,0.0,0.0,0.0,0.0,0.0,1.0
13446,0,1,3400,-62,62,498,22,25,0.75,0.0,0.0,27,6.0,0.0,0.0,0.0,0.0,0.0,0.0,1.0
13695,0,1,3400,-62,62,491,22,25,0.75,0.0,0.0,27,6.1,0.0,0.0,0.0,0.0,0.0,0.0,1.0
13944,0,1,3400,-62,62,496,22,25,0.75,0.0,0.0,27,6.0,0.0,0.0,0.0,0.0,0.0,0.0,1.0
14193,0,1,3400,-62,62,503,22,25,0.75,0.0,0.0,27,6.0,0.0,0.0,0.0,0.0,0.0,0.0,1.0
14442,0,1,3400,-62,62,499,22,24,0.75,0.0,0.0,27,6.0,0.0,0.0,0.0,0.0,0.0,0.0,1.0
14691,0,1,3400,-62,62,498,22,24,0.75,0.0,0.0,27,6.0,0.0,0.0,0.0,0.0,0.0,0.0,1.0
14940,0,1,3400,-62,62,500,22,25,0.75,0.0,0.0,27,6.0,0.0,0.0,0.0,0.0,0.0,0.0,1.0
15189,0,1,3400,-62,62,501,22,25,0.75,0.0,0.0,27,6.0,0.0,0.0,0.0,0.0,0.0,0.0,1.0
15438,0,1,3400,-62,62,506,22,25,0.75,0.0,0.0,27,6.0,0.0,0.0,0.0,0.0,0.0,0.0,1.0
15687,0,1,3400,-62,62,502,22,25,0.75,0.0,0.0,27,6.0,0.0,0.0,0.0,0.0,0.0,0.0,1.0
15936,0,1,3400,-62,62,502,22,25,0.75,0.0,0.0,27,6.0,0.0,0.0,0.0,0.0,0.0,0.0,1.0
16185,0,1,3400,-62,62,504,22,25,0.75,0.0,0.0,27,6.0,0.0,0.0,0.0,0.0,0.0,0.0,1.0
16434,0,1,3400,-62,62,503,22,25,0.75,0.0,0.0,27,6.0,0.0,0.0,0.0,0.0,0.0,0.0,1.0
16683,0,1,3400,-62,62,500,22,25,0.75,0.0,0.0,27,6.0,0.0,0.0,0.0,0.0,0.0,0.0,1.0
16932,0,1,3400,-62,62,498,22,24,0.75,0.0,0.0,27,6.1,0.0,0.0,0.0,0.0,0.0,0.0,1.0
17181,0,1,3400,-62,62,503,22,25,0.75,0.0,0.0,27,6.0,0.0,0.0,0.0,0.0,0.0,0.0,1.0
17430,0,1,3400,-62,62,505,22,25,0.75,0.0,0.0,27,6.0,0.0,0.0,0.0,0.0,0.0,0.0,1.0
17679,0,1,3400,-62,62,504,22,25,0.75,0.0,0.0,27,6.1,0.0,0.0,0.0,0.0,0.0,0.0,1.0
17928,0,1,3400,-62,62,497,22,25,0.75,0.0,0.0,27,6.0,0.0,0.0,0.0,0.0,0.0,0.0,1.0
18177,0,1,3400,-62,62,498,22,25,0.75,0.0,0.0,27,6.0,0.0,0.0,0.0,0.0,0.0,0.0,1.0
18426,0,1,3400,-62,62,498,22,25,0.75,0.0,0.0,27,6.0,0.0,0.0,0.0,0.0,0.0,0.0,1.0
18675,0,1,3400,-62,62,503,22,25,0.75,0.0,0.0,27,6.0,0.0,0.0,0.0,0.0,0.0,0.0,1.0
18924,0,1,3400,-62,62,504,22,25,0.75,0.0,0.0,27,6.0,0.0,0.0,0.0,0.0,0.0,0.0,1.0
19173,0,1,3400,-62,62,503,22,25,0.75,0.0,0.0,27,6.0,0.0,0.0,0.0,0.0,0.0,0.0,1.0
19422,0,1,3400,-62,62,503,22,25,0.75,0.0,0.0,27,6.0,0.0,0.0,0.0,0.0,0.0,0.0,1.0
19671,0,1,3400,-62,62,504,22,25,0.75,0.0,0.0,27,6.0,0.0,0.0,0.0,0.0,0.0,0.0,1.0
19920,0,1,3400,-62,62,500,22,25,0.75,0.0,0.0,27,6.0,0.0,0.0,0.0,0.0,0.0,0.0,1.0
20169,0,1,3400,-62,62,499,22,25,0.75,0.0,0.0,27,6.0,0.0,0.0,0.0,0.0,0.0,0.0,1.0
20418,0,1,3400,-62,62,503,22,25,0.75,0.0,0.0,27,6.0,0.0,0.0,0.0,0.0,0.0,0.0,1.0
20667,0,1,3400,-62,62,511,22,25,0.75,0.0,0.0,27,6.1,0.0,0.0,0.0,0.0,0.0,0.0,1.0
20916,0,1,3400,-62,62,506,22,25,0.75,0.0,0.0,27,6.1,0.0,0.0,0.0,0.0,0.0,0.0,1.0
21165,0,1,3400,-62,62,501,22,25,0.75,0.0,0.0,27,6.0,0.0,0.0,0.0,0.0,0.0,0.0,1.0
21414,0,1,3400,-62,62,504,22,25,0.75,0.0,0.0,27,6.0,0.0,0.0,0.0,0.0,0.0,0.0,1.0
21663,0,1,3400,-62,62,501,22,25,0.75,0.0,0.0,27,6.0,0.0,0.0,0.0,0.0,0.0,0.0,1.0
21912,0,1,3400,-62,62,502,22,25,0.75,0.0,0.0,27,6.0,0.0,0.0,0.0,0.0,0.0,0.0,1.0
22161,0,1,3400,-62,62,504,22,25,0.75,0.0,0.0,27,6.0,0.0,0.0,0.0,0.0,0.0,0.0,1.0
22410,0,1,3400,-62,62,500,22,25,0.75,0.0,0.0,27,6.0,0.0,0.0,0.0,0.0,0.0,0.0,1.0
22659,0,1,3400,-62,62,496,22,25,0.75,0.0,0.0,27,6.0,0.0,0.0,0.0,0.0,0.0,0.0,1.0
22908,0,1,3400,-62,62,500,22,25,0.75,0.0,0.0,27,6.0,0.0,0.0,0.0,0.0,0.0,0.0,1.0
23157,0,1,3400,-62,62,503,22,25,0.75,0.0,0.0,27,6.0,0.0,0.0,0.0,0.0,0.0,0.0,1.0
23406,0,1,3400,-62,62,505,22,25,0.75,0.0,0.0,27,6.1,0.0,0.0,0.0,0.0,0.0,0.0,1.0
23655,0,1,3400,-62,62,500,22,25,0.75,0.0,0.0,27,6.0,0.0,0.0,0.0,0.0,0.0,0.0,1.0
23904,0,1,3400,-62,62,503,22,25,0.75,0.0,0.0,27,6.0,0.0,0.0,0.0,0.0,0.0,0.0,1.0
24153,0,1,3400,-62,62,503,22,25,0.75,0.0,0.0,27,6.0,0.0,0.0,0.0,0.0,0.0,0.0,1.0
24402,0,1,3400,-62,62,499,22,25,0.75,0.0,0.0,27,6.0,0.0,0.0,0.0,0.0,0.0,0.0,1.0
24651,0,1,3400,-62,62,503,22,25,0.75,0.0,0.0,27,6.0,0.0,0.0,0.0,0.0,0.0,0.0,1.0
24900,0,1,3400,-62,62,500,22,25,0.75,0.0,0.0,27,6.0,0.0,0.0,0.0,0.0,0.0,0.0,1.0
25149,0,1,3400,-62,62,497,22,25,0.75,0.0,0.0,27,6.1,0.0,0.0,0.0,0.0,0.0,0.0,1.0
25398,0,1,3400,-62,62,498,22,25,0.75,0.0,0.0,27,6.0,0.0,0.0,0.0,0.0,0.0,0.0,1.0
25647,0,1,3400,-62,62,498,22,25,0.75,0.0,0.0,27,6.0,0.0,0.0,0.0,0.0,0.0,0.0,1.0
25896,0,1,3400,-62,62,502,22,25,0.75,0.0,0.0,27,6.0,0.0,0.0,0.0,0.0,0.0,0.0,1.0
26145,0,1,3400,-62,62,502,22,25,0.75,0.0,0.0,27,6.0,0.0,0.0,0.0,0.0,0.0,0.0,1.0
26394,0,1,3400,-62,62,497,22,25,0.75,0.0,0.0,27,6.0,0.0,0.0,0.0,0.0,0.0,0.0,1.0
26643,0,1,3400,-62,62,497,22,25,0.75,0.0,0.0,27,6.0,0.0,0.0,0.0,0.0,0.0,0.0,1.0
26892,0,1,3400,-62,62,497,22,25,0.75,0.0,0.0,27,6.0,0.0,0.0,0.0,0.0,0.0,0.0,1.0
27141,0,1,3400,-62,62,498,22,25,0.75,0.0,0.0,27,6.0,0.0,0.0,0.0,0.0,0.0,0.0,1.0
27390,0,1,3400,-62,62,501,22,25,0.75,0.0,0.0,27,6.0,0.0,0.0,0.0,0.0,0.0,0.0,1.0
27639,0,1,3400,-62,62,498,22,25,0.75,0.0,0.0,27,6.0,0.0,0.0,0.0,0.0,0.0,0.0,1.0
27888,0,1,3400,-62,62,499,22,25,0.75,0.0,0.0,27,6.0,0.0,0.0,0.0,0.0,0.0,0.0,1.0
28137,0,1,3400,-62,62,499,22,25,0.75,0.0,0.0,27,6.0,0.0,0.0,0.0,0.0,0.0,0.0,1.0
28386,0,1,3400,-62,62,502,22,25,0.75,0.0,0.0,27,6.0,0.0,0.0,0.0,0.0,0.0,0.0,1.0
28635,0,1,3400,-62,62,504,22,25,0.75,0.0,0.0,27,6.1,0.0,0.0,0.0,0.0,0.0,0.0,1.0
28884,0,1,3400,-62,62,504,22,25,0.74,0.0,0.0,27,6.1,0.0,0.0,0.0,0.0,0.0,0.0,1.0
29133,0,1,3400,-62,62,505,22,25,0.75,0.0,0.0,27,6.0,0.0,0.0,0.0,0.0,0.0,0.0,1.0
29382,0,1,3400,-62,62,499,22,25,0.75,0.0,0.0,27,6.1,0.0,0.0,0.0,0.0,0.0,0.0,1.0
29631,0,1,3400,-62,62,496,22,25,0.75,0.0,0.0,27,6.0,0.0,0.0,0.0,0.0,0.0,0.0,1.0
29880,0,1,3400,-62,62,496,22,25,0.75,0.0,0.0,27,6.0,0.0,0.0,0.0,0.0,0.0,0.0,1.0
30129,0,1,3400,-62,62,504,22,25,0.75,0.0,0.0,27,6.0,0.0,0.0,0.0,0.0,0.0,0.0,1.0
30378,0,1,3400,-62,62,504,22,25,0.75,0.0,0.0,27,6.1,0.0,0.0,0.0,0.0,0.0,0.0,1.0
30627,0,1,3400,-62,62,502,22,25,0.75,0.0,0.0,27,6.0,0.0,0.0,0.0,0.0,0.0,0.0,1.0
30876,0,1,3400,-62,62,498,22,25,0.74,0.0,0.0,27,6.1,0.0,0.0,0.0,0.0,0.0,0.0,1.0
31125,0,1,3400,-62,62,498,22,25,0.75,0.0,0.0,27,6.0,0.0,0.0,0.0,0.0,0.0,0.0,1.0
31374,0,1,3400,-62,62,499,22,25,0.75,0.0,0.0,27,6.0,0.0,0.0,0.0,0.0,0.0,0.0,1.0
31623,0,1,3400,-62,62,501,22,24,0.75,0.0,0.0,27,6.0,0.0,0.0,0.0,0.0,0.0,0.0,1.0
31872,0,1,3400,-62,62,502,22,24,0.75,0.0,0.0,27,6.1,0.0,0.0,0.0,0.0,0.0,0.0,1.0
32121,0,1,3400,-62,62,505,22,25,0.75,0.0,0.0,27,6.1,0.0,0.0,0.0,0.0,0.0,0.0,1.0
32370,0,1,3400,-62,62,500,22,24,0.75,0.0,0.0,27,6.1,0.0,0.0,0.0,0.0,0.0,0.0,1.0
32619,0,1,3400,-62,62,499,22,24,0.75,0.0,0.0,27,6.0,0.0,0.0,0.0,0.0,0.0,0.0,1.0
32868,0,1,3400,-62,62,500,22,24,0.75,0.0,0.0,27,6.1,0.0,0.0,0.0,0.0,0.0,0.0,1.0
33117,0,1,3400,-62,62,500,22,25,0.75,0.0,0.0,27,6.0,0.0,0.0,0.0,0.0,0.0,0.0,1.0
33366,0,1,3400,-62,62,504,22,25,0.75,0.0,0.0,27,6.0,0.0,0.0,0.0,0.0,0.0,0.0,1.0
33615,0,1,3400,-62,62,504,22,25,0.75,0.0,0.0,27,6.0,0.0,0.0,0.0,0.0,0.0,0.0,1.0
33864,0,1,3400,-62,62,505,22,25,0.75,0.0,0.0,27,6.0,0.0,0.0,0.0,0.0,0.0,0.0,1.0
34113,0,1,3400,-62,62,505,22,25,0.75,0.0,0.0,27,6.0,0.0,0.0,0.0,0.0,0.0,0.0,1.0
34362,0,1,3400,-62,62,504,22,24,0.75,0.0,0.0,27,6.0,0.0,0.0,0.0,0.0,0.0,0.0,1.0
34611,0,1,3400,-62,62,503,22,25,0.75,0.0,0.0,27,6.1,0.0,0.0,0.0,0.0,0.0,0.0,1.0
34860,0,1,3400,-62,62,496,22,25,0.75,0.0,0.0,27,6.0,0.0,0.0,0.0,0.0,0.0,0.0,1.0
35109,0,1,3400,-62,62,499,22,24,0.75,0.0,0.0,27,6.0,0.0,0.0,0.0,0.0,0.0,0.0,1.0
35358,0,1,3400,-62,62,508,22,25,0.75,0.0,0.0,27,6.0,0.0,0.0,0.0,0.0,0.0,0.0,1.0
35607,0,1,3400,-62,62,506,22,25,0.75,0.0,0.0,27,6.1,0.0,0.0,0.0,0.0,0.0,0.0,1.0
35856,0,1,3400,-62,62,499,22,25,0.75,0.0,0.0,27,6.0,0.0,0.0,0.0,0.0,0.0,0.0,1.0
36105,0,1,3400,-62,62,499,22,24,0.75,0.0,0.0,27,6.0,0.0,0.0,0.0,0.0,0.0,0.0,1.0
36354,0,1,3400,-62,62,496,22,25,0.75,0.0,0.0,27,6.0,0.0,0.0,0.0,0.0,0.0,0.0,1.0
36603,0,1,3400,-62,62,498,22,25,0.75,0.0,0.0,27,6.0,0.0,0.0,0.0,0.0,0.0,0.0,1.0
36852,0,1,3400,-62,62,502,22,25,0.75,0.0,0.0,27,6.0,0.0,0.0,0.0,0.0,0.0,0.0,1.0
37101,0,1,3400,-62,62,504,22,24,0.75,0.0,0.0,27,6.0,0.0,0.0,0.0,0.0,0.0,0.0,1.0
37350,0,1,3400,-62,62,506,22,25,0.75,0.0,0.0,27,6.0,0.0,0.0,0.0,0.0,0.0,0.0,1.0
37599,0,1,3400,-62,62,505,22,24,0.75,0.0,0.0,27,6.0,0.0,0.0,0.0,0.0,0.0,0.0,1.0
37848,0,1,3400,-62,62,503,22,25,0.75,0.0,0.0,27,6.0,0.0,0.0,0.0,0.0,0.0,0.0,1.0
38097,0,1,3400,-62,62,501,22,25,0.75,0.0,0.0,27,6.1,0.0,0.0,0.0,0.0,0.0,0.0,1.0
38346,0,1,3400,-62,62,501,22,25,0.75,0.0,0.0,27,6.0,0.0,0.0,0.0,0.0,0.0,0.0,1.0
38595,0,1,3400,-62,62,501,22,25,0.75,0.0,0.0,27,6.0,0.0,0.0,0.0,0.0,0.0,0.0,1.0
38844,0,1,3400,-62,62,496,22,25,0.75,0.0,0.0,27,6.1,0.0,0.0,0.0,0.0,0.0,0.0,1.0
39093,0,1,3400,-62,62,496,22,25,0.75,0.0,0.0,27,6.0,0.0,0.0,0.0,0.0,0.0,0.0,1.0
39342,0,1,3400,-62,62,498,22,24,0.75,0.0,0.0,27,6.0,0.0,0.0,0.0,0.0,0.0,0.0,1.0
39591,0,1,3400,-62,62,500,22,24,0.75,0.0,0.0,27,6.0,0.0,0.0,0.0,0.0,0.0,0.0,1.0
39840,0,1,3400,-62,62,499,22,25,0.75,0.0,0.0,27,6.0,0.0,0.0,0.0,0.0,0.0,0.0,1.0
40089,0,1,3400,-62,62,496,22,24,0.75,0.0,0.0,27,6.0,0.0,0.0,0.0,0.0,0.0,0.0,1.0
40338,0,1,3400,-62,62,497,22,24,0.75,0.0,0.0,27,6.0,0.0,0.0,0.0,0.0,0.0,0.0,1.0
40587,0,1,3400,-62,62,505,22,25,0.75,0.0,0.0,27,6.0,0.0,0.0,0.0,0.0,0.0,0.0,1.0
40836,0,1,3400,-62,62,502,22,25,0.75,0.0,0.0,27,6.0,0.0,0.0,0.0,0.0,0.0,0.0,1.0
41085,0,1,3400,-62,62,500,22,25,0.75,0.0,0.0,27,6.0,0.0,0.0,0.0,0.0,0.0,0.0,1.0
41334,0,1,3400,-62,62,502,22,25,0.75,0.0,0.0,27,6.0,0.0,0.0,0.0,0.0,0.0,0.0,1.0
41583,0,1,3400,-62,62,502,22,25,0.75,0.0,0.0,27,6.0,0.0,0.0,0.0,0.0,0.0,0.0,1.0
41832,0,1,3400,-62,62,504,22,24,0.75,0.0,0.0,27,6.0,0.0,0.0,0.0,0.0,0.0,0.0,1.0
42081,0,1,3400,-62,62,505,22,24,0.75,0.0,0.0,27,6.0,0.0,0.0,0.0,0.0,0.0,0.0,1.0
42330,0,1,3400,-62,62,501,22,24,0.75,0.0,0.0,27,6.0,0.0,0.0,0.0,0.0,0.0,0.0,1.0
42579,0,1,3400,-62,62,502,22,25,0.75,0.0,0.0,27,6.0,0.0,0.0,0.0,0.0,0.0,0.0,1.0
42828,0,1,3400,-62,62,500,22,25,0.75,0.0,0.0,27,6.0,0.0,0.0,0.0,0.0,0.0,0.0,1.0
43077,0,1,3400,-62,62,500,22,24,0.75,0.0,0.0,27,6.0,0.0,0.0,0.0,0.0,0.0,0.0,1.0
43326,0,1,3400,-62,62,499,22,24,0.75,0.0,0.0,27,6.0,0.0,0.0,0.0,0.0,0.0,0.0,1.0
43575,0,1,3400,-62,62,494,22,24,0.75,0.0,0.0,27,6.1,0.0,0.0,0.0,0.0,0.0,0.0,1.0
43824,0,1,3400,-62,62,500,22,25,0.75,0.0,0.0,27,6.0,0.0,0.0,0.0,0.0,0.0,0.0,1.0
44073,0,1,3400,-62,62,501,22,25,0.75,0.0,0.0,27,6.0,0.0,0.0,0.0,0.0,0.0,0.0,1.0
44322,0,1,3400,-62,62,493,22,25,0.75,0.0,0.0,27,6.0,0.0,0.0,0.0,0.0,0.0,0.0,1.0
44571,0,1,3400,-62,62,497,22,24,0.75,0.0,0.0,27,6.0,0.0,0.0,0.0,0.0,0.0,0.0,1.0
44820,0,1,3400,-62,62,502,22,25,0.75,0.0,0.0,27,6.0,0.0,0.0,0.0,0.0,0.0,0.0,1.0
45069,0,1,3400,-62,62,499,22,25,0.75,0.0,0.0,27,6.0,0.0,0.0,0.0,0.0,0.0,0.0,1.0
45318,0,1,3400,-62,62,499,22,25,0.75,0.0,0.0,27,6.0,0.0,0.0,0.0,0.0,0.0,0.0,1.0
45567,0,1,3400,-62,62,500,22,25,0.75,0.0,0.0,27,6.0,0.0,0.0,0.0,0.0,0.0,0.0,1.0
45816,0,1,3400,-62,62,503,22,24,0.75,0.0,0.0,27,6.0,0.0,0.0,0.0,0.0,0.0,0.0,1.0
46065,0,1,3400,-62,62,504,22,24,0.75,0.0,0.0,27,6.0,0.0,0.0,0.0,0.0,0.0,0.0,1.0
46314,0,1,3400,-62,62,501,22,24,0.75,0.0,0.0,27,6.1,0.0,0.0,0.0,0.0,0.0,0.0,1.0
46563,0,1,3400,-62,62,501,22,25,0.75,0.0,0.0,27,6.1,0.0,0.0,0.0,0.0,0.0,0.0,1.0
46812,0,1,3400,-62,62,500,22,25,0.75,0.0,0.0,27,6.0,0.0,0.0,0.0,0.0,0.0,0.0,1.0
47061,0,1,3400,-62,62,499,22,25,0.75,0.0,0.0,27,6.0,0.0,0.0,0.0,0.0,0.0,0.0,1.0
47310,0,1,3400,-62,62,501,22,24,0.75,0.0,0.0,27,6.1,0.0,0.0,0.0,0.0,0.0,0.0,1.0
47559,0,1,3400,-62,62,499,22,25,0.75,0.0,0.0,27,6.1,0.0,0.0,0.0,0.0,0.0,0.0,1.0
47808,0,1,3400,-62,62,500,22,25,0.75,0.0,0.0,27,6.0,0.0,0.0,0.0,0.0,0.0,0.0,1.0
48057,0,1,3400,-62,62,502,22,25,0.75,0.0,0.0,27,6.0,0.0,0.0,0.0,0.0,0.0,0.0,1.0
48306,0,1,3400,-62,62,501,22,24,0.75,0.0,0.0,27,6.0,0.0,0.0,0.0,0.0,0.0,0.0,1.0
48555,0,1,3400,-62,62,497,22,24,0.75,0.0,0.0,27,6.0,0.0,0.0,0.0,0.0,0.0,0.0,1.0
48804,0,1,3400,-62,62,494,22,25,0.75,0.0,0.0,27,6.0,0.0,0.0,0.0,0.0,0.0,0.0,1.0
49053,0,1,3400,-62,62,499,22,25,0.75,0.0,0.0,27,6.0,0.0,0.0,0.0,0.0,0.0,0.0,1.0
49302,0,1,3400,-62,62,497,22,24,0.75,0.0,0.0,27,6.0,0.0,0.0,0.0,0.0,0.0,0.0,1.0
49551,0,1,3400,-62,62,499,22,24,0.75,0.0,0.0,27,6.0,0.0,0.0,0.0,0.0,0.0,0.0,1.0
49800,0,1,3400,-62,62,501,22,24,0.75,0.0,0.0,27,6.0,0.0,0.0,0.0,0.0,0.0,0.0,1.0
50049,0,1,3400,-62,62,499,22,24,0.75,0.0,0.0,27,6.0,0.0,0.0,0.0,0.0,0.0,0.0,1.0
50298,0,1,3400,-62,62,499,22,24,0.75,0.0,0.0,27,6.1,0.0,0.0,0.0,0.0,0.0,0.0,1.0
50547,0,1,3400,-62,62,496,22,25,0.75,0.0,0.0,27,6.0,0.0,0.0,0.0,0.0,0.0,0.0,1.0
50796,0,1,3400,-62,62,499,22,25,0.75,0.0,0.0,27,6.0,0.0,0.0,0.0,0.0,0.0,0.0,1.0
51045,0,1,3400,-62,62,496,22,25,0.75,0.0,0.0,27,6.0,0.0,0.0,0.0,0.0,0.0,0.0,1.0
51294,0,1,3400,-62,62,496,22,24,0.75,0.0,0.0,27,6.1,0.0,0.0,0.0,0.0,0.0,0.0,1.0
51543,0,1,3400,-62,62,500,22,25,0.75,0.0,0.0,27,6.0,0.0,0.0,0.0,0.0,0.0,0.0,1.0
51792,0,1,3400,-62,62,498,22,25,0.75,0.0,0.0,27,6.0,0.0,0.0,0.0,0.0,0.0,0.0,1.0
52041,0,1,3400,-62,62,495,22,24,0.75,0.0,0.0,27,6.0,0.0,0.0,0.0,0.0,0.0,0.0,1.0
52290,0,1,3400,-62,62,495,22,25,0.75,0.0,0.0,27,6.1,0.0,0.0,0.0,0.0,0.0,0.0,1.0
52539,0,1,3400,-62,62,501,22,25,0.75,0.0,0.0,27,6.0,0.0,0.0,0.0,0.0,0.0,0.0,1.0
52788,0,1,3400,-62,62,500,22,25,0.75,0.0,0.0,27,6.0,0.0,0.0,0.0,0.0,0.0,0.0,1.0
53037,0,1,3400,-62,62,498,22,25,0.75,0.0,0.0,27,6.0,0.0,0.0,0.0,0.0,0.0,0.0,1.0
53286,0,1,3400,-62,62,496,22,25,0.75,0.0,0.0,27,6.0,0.0,0.0,0.0,0.0,0.0,0.0,1.0
53535,0,1,3400,-62,62,500,22,25,0.74,0.0,0.0,27,6.1,0.0,0.0,0.0,0.0,0.0,0.0,1.0
53784,0,1,3400,-62,62,501,22,25,0.75,0.0,0.0,27,6.0,0.0,0.0,0.0,0.0,0.0,0.0,1.0
54033,0,1,3400,-62,62,502,22,25,0.75,0.0,0.0,27,6.0,0.0,0.0,0.0,0.0,0.0,0.0,1.0
54282,0,1,3400,-62,62,495,22,25,0.75,0.0,0.0,27,6.0,0.0,0.0,0.0,0.0,0.0,0.0,1.0
54531,0,1,3400,-62,62,495,22,24,0.75,0.0,0.0,27,6.0,0.0,0.0,0.0,0.0,0.0,0.0,1.0
54780,0,1,3400,-62,62,499,22,24,0.75,0.0,0.0,27,6.0,0.0,0.0,0.0,0.0,0.0,0.0,1.0
55029,0,1,3400,-62,62,500,22,24,0.75,0.0,0.0,27,6.0,0.0,0.0,0.0,0.0,0.0,0.0,1.0
55278,0,1,3400,-62,62,497,22,24,0.75,0.0,0.0,27,6.0,0.0,0.0,0.0,0.0,0.0,0.0,1.0
55527,0,1,3400,-62,62,496,22,24,0.75,0.0,0.0,27,6.0,0.0,0.0,0.0,0.0,0.0,0.0,1.0
55776,0,1,3400,-62,62,502,22,25,0.75,0.0,0.0,27,6.0,0.0,0.0,0.0,0.0,0.0,0.0,1.0
56025,0,1,3400,-62,62,508,22,24,0.75,0.0,0.0,27,6.1,0.0,0.0,0.0,0.0,0.0,0.0,1.0
56274,0,1,3400,-62,62,498,22,25,0.75,0.0,0.0,27,6.1,0.0,0.0,0.0,0.0,0.0,0.0,1.0
56523,0,1,3400,-62,62,500,22,25,0.75,0.0,0.0,27,6.0,0.0,0.0,0.0,0.0,0.0,0.0,1.0
56772,0,1,3400,-62,62,498,22,24,0.75,0.0,0.0,27,6.0,0.0,0.0,0.0,0.0,0.0,0.0,1.0
57021,0,1,3400,-62,62,492,22,25,0.75,0.0,0.0,27,6.0,0.0,0.0,0.0,0.0,0.0,0.0,1.0
57270,0,1,3400,-62,62,501,22,24,0.75,0.0,0.0,27,6.0,0.0,0.0,0.0,0.0,0.0,0.0,1.0
57519,0,1,3400,-62,62,502,22,25,0.75,0.0,0.0,27,6.0,0.0,0.0,0.0,0.0,0.0,0.0,1.0
57768,0,1,3400,-62,62,499,22,25,0.75,0.0,0.0,27,6.0,0.0,0.0,0.0,0.0,0.0,0.0,1.0
58017,0,1,3400,-62,62,503,22,25,0.75,0.0,0.0,27,6.1,0.0,0.0,0.0,0.0,0.0,0.0,1.0
58266,0,1,3400,-62,62,501,22,25,0.75,0.0,0.0,27,6.0,0.0,0.0,0.0,0.0,0.0,0.0,1.0
58515,0,1,3400,-62,62,500,22,25,0.75,0.0,0.0,27,6.0,0.0,0.0,0.0,0.0,0.0,0.0,1.0
58764,0,1,3400,-62,62,504,22,24,0.75,0.0,0.0,27,6.0,0.0,0.0,0.0,0.0,0.0,0.0,1.0
59013,0,1,3400,-62,62,501,22,25,0.75,0.0,0.0,27,6.0,0.0,0.0,0.0,0.0,0.0,0.0,1.0
59262,0,1,3400,-62,62,501,22,24,0.75,0.0,0.0,27,6.0,0.0,0.0,0.0,0.0,0.0,0.0,1.0
59511,0,1,3400,-62,62,497,22,24,0.75,0.0,0.0,27,6.0,0.0,0.0,0.0,0.0,0.0,0.0,1.0
59760,0,1,3400,-62,62,495,22,25,0.75,0.0,0.0,27,6.0,0.0,0.0,0.0,0.0,0.0,0.0,1.0
60009,0,1,3400,-62,62,501,22,25,0.75,0.0,0.0,27,6.0,0.0,0.0,0.0,0.0,0.0,0.0,1.0
60258,0,1,3400,-62,62,501,22,24,0.75,0.0,0.0,27,6.0,0.0,0.0,0.0,0.0,0.0,0.0,1.0
60507,0,1,3400,-62,62,498,22,25,0.75,0.0,0.0,27,6.0,0.0,0.0,0.0,0.0,0.0,0.0,1.0
60756,0,1,3400,-62,62,502,22,24,0.75,0.0,0.0,27,6.0,0.0,0.0,0.0,0.0,0.0,0.0,1.0
61005,0,1,3400,-62,62,503,22,24,0.75,0.0,0.0,27,6.0,0.0,0.0,0.0,0.0,0.0,0.0,1.0
61254,0,1,3400,-62,62,502,22,24,0.75,0.0,0.0,27,6.0,0.0,0.0,0.0,0.0,0.0,0.0,1.0
61503,0,1,3400,-62,62,498,22,25,0.75,0.0,0.0,27,6.0,0.0,0.0,0.0,0.0,0.0,0.0,1.0
61752,0,1,3400,-62,62,494,22,25,0.75,0.0,0.0,27,6.0,0.0,0.0,0.0,0.0,0.0,0.0,1.0
62001,0,1,3400,-62,62,498,22,25,0.75,0.0,0.0,27,6.0,0.0,0.0,0.0,0.0,0.0,0.0,1.0
62250,0,1,3400,-62,62,499,22,25,0.75,0.0,0.0,27,6.0,0.0,0.0,0.0,0.0,0.0,0.0,1.0
62499,0,1,3400,-62,62,499,22,25,0.75,0.0,0.0,27,6.0,0.0,0.0,0.0,0.0,0.0,0.0,1.0
62748,0,1,3400,-62,62,501,22,25,0.75,0.0,0.0,27,6.0,0.0,0.0,0.0,0.0,0.0,0.0,1.0
62997,0,1,3400,-62,62,500,22,24,0.75,0.0,0.0,27,6.0,0.0,0.0,0.0,0.0,0.0,0.0,1.0
63246,0,1,3400,-62,62,503,22,25,0.75,0.0,0.0,27,6.0,0.0,0.0,0.0,0.0,0.0,0.0,1.0
63495,0,1,3400,-62,62,505,22,25,0.75,0.0,0.0,27,6.0,0.0,0.0,0.0,0.0,0.0,0.0,1.0
63744,0,1,3400,-62,62,495,22,24,0.75,0.0,0.0,27,6.1,0.0,0.0,0.0,0.0,0.0,0.0,1.0
63993,0,1,3400,-62,62,500,22,24,0.75,0.0,0.0,27,6.0,0.0,0.0,0.0,0.0,0.0,0.0,1.0
64242,0,1,3400,-62,62,501,22,25,0.75,0.0,0.0,27,6.0,0.0,0.0,0.0,0.0,0.0,0.0,1.0
64491,0,1,3400,-62,62,503,22,25,0.75,0.0,0.0,27,6.1,0.0,0.0,0.0,0.0,0.0,0.0,1.0
64740,0,1,3400,-62,62,505,22,25,0.75,0.0,0.0,27,6.1,0.0,0.0,0.0,0.0,0.0,0.0,1.0
64989,0,1,3400,-62,62,502,22,25,0.75,0.0,0.0,27,6.0,0.0,0.0,0.0,0.0,0.0,0.0,1.0
65238,0,1,3400,-62,62,506,22,24,0.75,0.0,0.0,27,6.0,0.0,0.0,0.0,0.0,0.0,0.0,1.0
65487,0,1,3400,-62,62,499,22,25,0.75,0.0,0.0,27,6.0,0.0,0.0,0.0,0.0,0.0,0.0,1.0
65736,0,1,3400,-62,62,495,22,25,0.75,0.0,0.0,27,6.1,0.0,0.0,0.0,0.0,0.0,0.0,1.0
65985,0,1,3400,-62,62,501,22,25,0.75,0.0,0.0,27,6.0,0.0,0.0,0.0,0.0,0.0,0.0,1.0
66234,0,1,3400,-62,62,497,22,25,0.75,0.0,0.0,27,6.0,0.0,0.0,0.0,0.0,0.0,0.0,1.0
66483,0,1,3400,-62,62,498,22,24,0.75,0.0,0.0,27,6.0,0.0,0.0,0.0,0.0,0.0,0.0,1.0
66732,0,1,3400,-62,62,496,22,25,0.75,0.0,0.0,27,6.0,0.0,0.0,0.0,0.0,0.0,0.0,1.0
66981,0,1,3400,-62,62,496,22,24,0.75,0.0,0.0,27,6.0,0.0,0.0,0.0,0.0,0.0,0.0,1.0
67230,0,1,3400,-62,62,503,22,24,0.75,0.0,0.0,27,6.0,0.0,0.0,0.0,0.0,0.0,0.0,1.0
67479,0,1,3400,-62,62,501,22,24,0.75,0.0,0.0,27,6.0,0.0,0.0,0.0,0.0,0.0,0.0,1.0
67728,0,1,3400,-62,62,499,22,25,0.75,0.0,0.0,27,6.0,0.0,0.0,0.0,0.0,0.0,0.0,1.0
67977,0,1,3400,-62,62,498,22,25,0.75,0.0,0.0,27,6.1,0.0,0.0,0.0,0.0,0.0,0.0,1.0
68226,0,1,3400,-62,62,498,22,25,0.75,0.0,0.0,27,6.0,0.0,0.0,0.0,0.0,0.0,0.0,1.0
68475,0,1,3400,-62,62,501,22,24,0.75,0.0,0.0,27,6.0,0.0,0.0,0.0,0.0,0.0,0.0,1.0
68724,0,1,3400,-62,62,504,22,24,0.75,0.0,0.0,27,6.0,0.0,0.0,0.0,0.0,0.0,0.0,1.0
68973,0,1,3400,-62,62,500,22,24,0.75,0.0,0.0,27,6.1,0.0,0.0,0.0,0.0,0.0,0.0,1.0
69222,0,1,3400,-62,62,498,22,25,0.75,0.0,0.0,27,6.0,0.0,0.0,0.0,0.0,0.0,0.0,1.0
69471,0,1,3400,-62,62,497,22,24,0.75,0.0,0.0,27,6.0,0.0,0.0,0.0,0.0,0.0,0.0,1.0
69720,0,1,3400,-62,62,494,22,24,0.75,0.0,0.0,27,6.0,0.0,0.0,0.0,0.0,0.0,0.0,1.0
69969,0,1,3400,-62,62,496,22,24,0.74,0.0,0.0,27,6.1,0.0,0.0,0.0,0.0,0.0,0.0,1.0
70218,0,1,3400,-62,62,495,22,25,0.75,0.0,0.0,27,6.1,0.0,0.0,0.0,0.0,0.0,0.0,1.0
70467,0,1,3400,-62,62,493,22,24,0.75,0.0,0.0,27,6.0,0.0,0.0,0.0,0.0,0.0,0.0,1.0
70716,0,1,3400,-62,62,493,22,25,0.75,0.0,0.0,27,6.1,0.0,0.0,0.0,0.0,0.0,0.0,1.0
70965,0,1,3400,-62,62,493,22,24,0.75,0.0,0.0,27,6.0,0.0,0.0,0.0,0.0,0.0,0.0,1.0
71214,0,1,3400,-62,62,502,22,25,0.75,0.0,0.0,27,6.0,0.0,0.0,0.0,0.0,0.0,0.0,1.0
71463,0,1,3400,-62,62,505,22,24,0.75,0.0,0.0,27,6.0,0.0,0.0,0.0,0.0,0.0,0.0,1.0
71712,0,1,3400,-62,62,499,22,25,0.75,0.0,0.0,27,6.0,0.0,0.0,0.0,0.0,0.0,0.0,1.0
71961,0,1,3400,-62,62,493,22,24,0.75,0.0,0.0,27,6.0,0.0,0.0,0.0,0.0,0.0,0.0,1.0
72210,0,1,3400,-62,62,495,22,25,0.74,0.0,0.0,27,6.1,0.0,0.0,0.0,0.0,0.0,0.0,1.0
72459,0,1,3400,-62,62,498,22,24,0.75,0.0,0.0,27,6.0,0.0,0.0,0.0,0.0,0.0,0.0,1.0
72708,0,1,3400,-62,62,502,22,24,0.75,0.0,0.0,27,6.1,0.0,0.0,0.0,0.0,0.0,0.0,1.0
72957,0,1,3400,-62,62,498,22,24,0.75,0.0,0.0,27,6.0,0.0,0.0,0.0,0.0,0.0,0.0,1.0
73206,0,1,3400,-62,62,500,22,24,0.75,0.0,0.0,27,6.0,0.0,0.0,0.0,0.0,0.0,0.0,1.0
73455,0,1,3400,-62,62,501,22,24,0.75,0.0,0.0,27,6.0,0.0,0.0,0.0,0.0,0.0,0.0,1.0
73704,0,1,3400,-62,62,496,22,24,0.75,0.0,0.0,27,6.0,0.0,0.0,0.0,0.0,0.0,0.0,1.0
73953,0,1,3400,-62,62,499,22,24,0.75,0.0,0.0,27,6.0,0.0,0.0,0.0,0.0,0.0,0.0,1.0
74202,0,1,3400,-62,62,498,22,24,0.75,0.0,0.0,27,6.0,0.0,0.0,0.0,0.0,0.0,0.0,1.0
74451,0,1,3400,-62,62,502,22,24,0.75,0.0,0.0,27,6.0,0.0,0.0,0.0,0.0,0.0,0.0,1.0
74700,0,1,3400,-62,62,503,22,24,0.75,0.0,0.0,27,6.0,0.0,0.0,0.0,0.0,0.0,0.0,1.0
74949,0,1,3400,-62,62,500,22,24,0.75,0.0,0.0,27,6.0,0.0,0.0,0.0,0.0,0.0,0.0,1.0
75198,0,1,3400,-62,62,506,22,24,0.75,0.0,0.0,27,6.0,0.0,0.0,0.0,0.0,0.0,0.0,1.0
75447,0,1,3400,-62,62,503,22,24,0.75,0.0,0.0,27,6.0,0.0,0.0,0.0,0.0,0.0,0.0,1.0
75696,0,1,3400,-62,62,495,22,24,0.75,0.0,0.0,27,6.1,0.0,0.0,0.0,0.0,0.0,0.0,1.0
75945,0,1,3400,-62,62,499,22,24,0.75,0.0,0.0,27,6.0,0.0,0.0,0.0,0.0,0.0,0.0,1.0
76194,0,1,3400,-62,62,497,22,24,0.75,0.0,0.0,27,6.0,0.0,0.0,0.0,0.0,0.0,0.0,1.0
76443,0,1,3400,-62,62,498,22,24,0.74,0.0,0.0,27,6.1,0.0,0.0,0.0,0.0,0.0,0.0,1.0
76692,0,1,3400,-62,62,500,22,24,0.75,0.0,0.0,27,6.0,0.0,0.0,0.0,0.0,0.0,0.0,1.0
76941,0,1,3400,-62,62,495,22,24,0.75,0.0,0.0,27,6.1,0.0,0.0,0.0,0.0,0.0,0.0,1.0
77190,0,1,3400,-62,62,497,22,24,0.75,0.0,0.0,27,6.0,0.0,0.0,0.0,0.0,0.0,0.0,1.0
77439,0,1,3400,-62,62,500,22,24,0.75,0.0,0.0,27,6.0,0.0,0.0,0.0,0.0,0.0,0.0,1.0
77688,0,1,3400,-62,62,499,22,24,0.75,0.0,0.0,27,6.1,0.0,0.0,0.0,0.0,0.0,0.0,1.0
77937,0,1,3400,-62,62,500,22,24,0.74,0.0,0.0,27,6.1,0.0,0.0,0.0,0.0,0.0,0.0,1.0
78186,0,1,3400,-62,62,500,22,24,0.75,0.0,0.0,27,6.0,0.0,0.0,0.0,0.0,0.0,0.0,1.0
78435,0,1,3400,-62,62,503,22,24,0.75,0.0,0.0,27,6.0,0.0,0.0,0.0,0.0,0.0,0.0,1.0
78684,0,1,3400,-62,62,504,22,24,0.75,0.0,0.0,27,6.0,0.0,0.0,0.0,0.0,0.0,0.0,1.0
78933,0,1,3400,-62,62,502,22,24,0.75,0.0,0.0,27,6.0,0.0,0.0,0.0,0.0,0.0,0.0,1.0
79182,0,1,3400,-62,62,506,22,24,0.75,0.0,0.0,27,6.0,0.0,0.0,0.0,0.0,0.0,0.0,1.0
79431,0,1,3400,-62,62,504,22,24,0.75,0.0,0.0,27,6.0,0.0,0.0,0.0,0.0,0.0,0.0,1.0
79680,0,1,3400,-62,62,498,22,24,0.75,0.0,0.0,27,6.0,0.0,0.0,0.0,0.0,0.0,0.0,1.0
79929,0,1,3400,-62,62,500,22,24,0.75,0.0,0.0,27,6.0,0.0,0.0,0.0,0.0,0.0,0.0,1.0
80178,0,1,3400,-62,62,505,22,24,0.75,0.0,0.0,27,6.0,0.0,0.0,0.0,0.0,0.0,0.0,1.0
80427,0,1,3400,-62,62,504,22,24,0.75,0.0,0.0,27,6.0,0.0,0.0,0.0,0.0,0.0,0.0,1.0
80676,0,1,3400,-62,62,501,22,24,0.75,0.0,0.0,27,6.0,0.0,0.0,0.0,0.0,0.0,0.0,1.0
80925,0,1,3400,-62,62,494,22,24,0.75,0.0,0.0,27,6.1,0.0,0.0,0.0,0.0,0.0,0.0,1.0
81174,0,1,3400,-62,62,499,22,25,0.75,0.0,0.0,27,6.0,0.0,0.0,0.0,0.0,0.0,0.0,1.0
81423,0,1,3400,-62,62,500,22,24,0.75,0.0,0.0,27,6.0,0.0,0.0,0.0,0.0,0.0,0.0,1.0
81672,0,1,3400,-62,62,498,22,24,0.74,0.0,0.0,27,6.1,0.0,0.0,0.0,0.0,0.0,0.0,1.0
81921,0,1,3400,-62,62,501,22,24,0.75,0.0,0.0,27,6.1,0.0,0.0,0.0,0.0,0.0,0.0,1.0
82170,0,1,3400,-62,62,497,22,24,0.75,0.0,0.0,27,6.0,0.0,0.0,0.0,0.0,0.0,0.0,1.0
82419,0,1,3400,-62,62,499,22,23,0.75,0.0,0.0,27,6.1,0.0,0.0,0.0,0.0,0.0,0.0,1.0
82668,0,1,3400,-62,62,501,22,24,0.75,0.0,0.0,27,6.1,0.0,0.0,0.0,0.0,0.0,0.0,1.0
82917,0,1,3400,-62,62,498,22,24,0.75,0.0,0.0,27,6.1,0.0,0.0,0.0,0.0,0.0,0.0,1.0
83166,0,1,3400,-62,62,496,22,24,0.75,0.0,0.0,27,6.1,0.0,0.0,0.0,0.0,0.0,0.0,1.0
83415,0,1,3400,-62,62,490,22,24,0.75,0.0,0.0,27,6.0,0.0,0.0,0.0,0.0,0.0,0.0,1.0
83664,0,1,3400,-62,62,489,22,23,0.75,0.0,0.0,27,6.0,0.0,0.0,0.0,0.0,0.0,0.0,1.0
83913,0,1,3400,-62,62,495,22,24,0.75,0.0,0.0,27,6.1,0.0,0.0,0.0,0.0,0.0,0.0,1.0
84162,0,1,3400,-62,62,498,22,24,0.75,0.0,0.0,27,6.1,0.0,0.0,0.0,0.0,0.0,0.0,1.0
84411,0,1,3400,-62,62,495,22,24,0.75,0.0,0.0,27,6.0,0.0,0.0,0.0,0.0,0.0,0.0,1.0
84660,0,1,3400,-62,62,497,22,24,0.75,0.0,0.0,27,6.1,0.0,0.0,0.0,0.0,0.0,0.0,1.0
84909,0,1,3400,-62,62,502,22,24,0.75,0.0,0.0,27,6.0,0.0,0.0,0.0,0.0,0.0,0.0,1.0
85158,0,1,3400,-62,62,500,22,24,0.75,0.0,0.0,27,6.0,0.0,0.0,0.0,0.0,0.0,0.0,1.0
85407,0,1,3400,-62,62,499,22,24,0.75,0.0,0.0,27,6.0,0.0,0.0,0.0,0.0,0.0,0.0,1.0
85656,0,1,3400,-62,62,496,22,24,0.75,0.0,0.0,27,6.0,0.0,0.0,0.0,0.0,0.0,0.0,1.0
85905,0,1,3400,-62,62,498,22,24,0.75,0.0,0.0,27,6.0,0.0,0.0,0.0,0.0,0.0,0.0,1.0
86154,0,1,3400,-62,62,497,22,23,0.75,0.0,0.0,27,6.0,0.0,0.0,0.0,0.0,0.0,0.0,1.0
86403,0,1,3400,-62,62,499,22,24,0.75,0.0,0.0,27,6.0,0.0,0.0,0.0,0.0,0.0,0.0,1.0
86652,0,1,3400,-62,62,506,22,24,0.75,0.0,0.0,27,6.0,0.0,0.0,0.0,0.0,0.0,0.0,1.0
86901,0,1,3400,-62,62,498,22,24,0.75,0.0,0.0,27,6.0,0.0,0.0,0.0,0.0,0.0,0.0,1.0
87150,0,1,3400,-62,62,496,22,24,0.75,0.0,0.0,27,6.0,0.0,0.0,0.0,0.0,0.0,0.0,1.0
87399,0,1,3400,-62,62,500,22,24,0.75,0.0,0.0,27,6.1,0.0,0.0,0.0,0.0,0.0,0.0,1.0
87648,0,1,3400,-62,62,498,22,24,0.75,0.0,0.0,27,6.0,0.0,0.0,0.0,0.0,0.0,0.0,1.0
87897,0,1,3400,-62,62,498,22,24,0.75,0.0,0.0,27,6.0,0.0,0.0,0.0,0.0,0.0,0.0,1.0
88146,0,1,3400,-62,62,500,22,24,0.75,0.0,0.0,27,6.0,0.0,0.0,0.0,0.0,0.0,0.0,1.0
88395,0,1,3400,-62,62,498,22,24,0.75,0.0,0.0,27,6.0,0.0,0.0,0.0,0.0,0.0,0.0,1.0
88644,0,1,3400,-62,62,497,22,24,0.75,0.0,0.0,27,6.0,0.0,0.0,0.0,0.0,0.0,0.0,1.0
88893,0,1,3400,-62,62,491,22,24,0.75,0.0,0.0,27,6.0,0.0,0.0,0.0,0.0,0.0,0.0,1.0
89142,0,1,3400,-62,62,497,22,24,0.75,0.0,0.0,27,6.0,0.0,0.0,0.0,0.0,0.0,0.0,1.0
89391,0,1,3400,-62,62,504,22,24,0.75,0.0,0.0,27,6.0,0.0,0.0,0.0,0.0,0.0,0.0,1.0
89640,0,1,3400,-62,62,503,22,24,0.75,0.0,0.0,27,6.0,0.0,0.0,0.0,0.0,0.0,0.0,1.0
89889,0,1,3400,-62,62,501,22,24,0.75,0.0,0.0,27,6.1,0.0,0.0,0.0,0.0,0.0,0.0,1.0
90138,0,1,3400,-62,62,500,22,24,0.75,0.0,0.0,27,6.0,0.0,0.0,0.0,0.0,0.0,0.0,1.0
90387,0,1,3400,-62,62,501,22,24,0.75,0.0,0.0,27,6.0,0.0,0.0,0.0,0.0,0.0,0.0,1.0
90636,0,1,3400,-62,62,503,22,24,0.75,0.0,0.0,27,6.1,0.0,0.0,0.0,0.0,0.0,0.0,1.0
90885,0,1,3400,-62,62,498,22,24,0.75,0.0,0.0,27,6.0,0.0,0.0,0.0,0.0,0.0,0.0,1.0
91134,0,1,3400,-62,62,498,22,24,0.75,0.0,0.0,27,6.0,0.0,0.0,0.0,0.0,0.0,0.0,1.0
91383,0,1,3400,-62,62,497,22,24,0.75,0.0,0.0,27,6.0,0.0,0.0,0.0,0.0,0.0,0.0,1.0
91632,0,1,3400,-62,62,497,22,24,0.75,0.0,0.0,27,6.0,0.0,0.0,0.0,0.0,0.0,0.0,1.0
91881,0,1,3400,-62,62,504,22,24,0.75,0.0,0.0,27,6.0,0.0,0.0,0.0,0.0,0.0,0.0,1.0
92130,0,1,3400,-62,62,503,22,24,0.75,0.0,0.0,27,6.0,0.0,0.0,0.0,0.0,0.0,0.0,1.0
92379,0,1,3400,-62,62,493,22,24,0.75,0.0,0.0,27,6.0,0.0,0.0,0.0,0.0,0.0,0.0,1.0
92628,0,1,3400,-62,62,499,22,24,0.74,0.0,0.0,27,6.1,0.0,0.0,0.0,0.0,0.0,0.0,1.0
92877,0,1,3400,-62,62,498,22,24,0.75,0.0,0.0,27,6.0,0.0,0.0,0.0,0.0,0.0,0.0,1.0
93126,0,1,3400,-62,62,497,22,24,0.75,0.0,0.0,27,6.0,0.0,0.0,0.0,0.0,0.0,0.0,1.0
93375,0,1,3400,-62,62,497,22,24,0.75,0.0,0.0,27,6.0,0.0,0.0,0.0,0.0,0.0,0.0,1.0
93624,0,1,3400,-62,62,497,22,24,0.75,0.0,0.0,27,6.0,0.0,0.0,0.0,0.0,0.0,0.0,1.0
93873,0,1,3400,-62,62,502,22,23,0.75,0.0,0.0,27,6.0,0.0,0.0,0.0,0.0,0.0,0.0,1.0
94122,0,1,3400,-62,62,494,22,24,0.75,0.0,0.0,27,6.1,0.0,0.0,0.0,0.0,0.0,0.0,1.0
94371,0,1,3400,-62,62,494,22,24,0.75,0.0,0.0,27,6.0,0.0,0.0,0.0,0.0,0.0,0.0,1.0
94620,0,1,3400,-62,62,497,22,24,0.75,0.0,0.0,27,6.0,0.0,0.0,0.0,0.0,0.0,0.0,1.0
94869,0,1,3400,-62,62,500,22,24,0.75,0.0,0.0,27,6.0,0.0,0.0,0.0,0.0,0.0,0.0,1.0
95118,0,1,3400,-62,62,499,22,24,0.75,0.0,0.0,27,6.0,0.0,0.0,0.0,0.0,0.0,0.0,1.0
95367,0,1,3400,-62,62,498,22,23,0.75,0.0,0.0,27,6.0,0.0,0.0,0.0,0.0,0.0,0.0,1.0
95616,0,1,3400,-62,62,497,22,23,0.75,0.0,0.0,27,6.0,0.0,0.0,0.0,0.0,0.0,0.0,1.0
95865,0,1,3400,-62,62,496,22,23,0.75,0.0,0.0,27,6.0,0.0,0.0,0.0,0.0,0.0,0.0,1.0
96114,0,1,3400,-62,62,495,22,24,0.75,0.0,0.0,27,6.0,0.0,0.0,0.0,0.0,0.0,0.0,1.0
96363,0,1,3400,-62,62,498,22,24,0.75,0.0,0.0,27,6.0,0.0,0.0,0.0,0.0,0.0,0.0,1.0
96612,0,1,3400,-62,62,500,22,24,0.75,0.0,0.0,27,6.0,0.0,0.0,0.0,0.0,0.0,0.0,1.0
96861,0,1,3400,-62,62,499,22,24,0.75,0.0,0.0,27,6.0,0.0,0.0,0.0,0.0,0.0,0.0,1.0
97110,0,1,3400,-62,62,499,22,24,0.75,0.0,0.0,27,6.0,0.0,0.0,0.0,0.0,0.0,0.0,1.0
97359,0,1,3400,-62,62,496,22,24,0.75,0.0,0.0,27,6.0,0.0,0.0,0.0,0.0,0.0,0.0,1.0
97608,0,1,3400,-62,62,499,22,24,0.75,0.0,0.0,27,6.1,0.0,0.0,0.0,0.0,0.0,0.0,1.0
97857,0,1,3400,-62,62,498,22,24,0.75,0.0,0.0,27,6.0,0.0,0.0,0.0,0.0,0.0,0.0,1.0
98106,0,1,3400,-62,62,494,22,24,0.75,0.0,0.0,27,6.0,0.0,0.0,0.0,0.0,0.0,0.0,1.0
98355,0,1,3400,-62,62,494,22,24,0.75,0.0,0.0,27,6.0,0.0,0.0,0.0,0.0,0.0,0.0,1.0
98604,0,1,3400,-62,62,496,22,24,0.75,0.0,0.0,27,6.1,0.0,0.0,0.0,0.0,0.0,0.0,1.0
98853,0,1,3400,-62,62,493,22,24,0.75,0.0,0.0,27,6.0,0.0,0.0,0.0,0.0,0.0,0.0,1.0
99102,0,1,3400,-62,62,496,22,23,0.75,0.0,0.0,27,6.0,0.0,0.0,0.0,0.0,0.0,0.0,1.0
99351,0,1,3400,-62,62,500,22,24,0.75,0.0,0.0,27,6.0,0.0,0.0,0.0,0.0,0.0,0.0,1.0
99600,0,1,3400,-62,62,495,22,24,0.75,0.0,0.0,27,6.0,0.0,0.0,0.0,0.0,0.0,0.0,1.0
99849,0,1,3400,-62,62,493,22,23,0.75,0.0,0.0,27,6.0,0.0,0.0,0.0,0.0,0.0,0.0,1.0
100098,0,1,3400,-62,62,498,22,24,0.75,0.0,0.0,27,6.0,0.0,0.0,0.0,0.0,0.0,0.0,1.0
100347,0,1,3400,-62,62,503,22,24,0.75,0.0,0.0,27,6.1,0.0,0.0,0.0,0.0,0.0,0.0,1.0
100596,0,1,3400,-62,62,502,22,24,0.75,0.0,0.0,27,6.0,0.0,0.0,0.0,0.0,0.0,0.0,1.0
100845,0,1,3400,-62,62,499,22,24,0.75,0.0,0.0,27,6.0,0.0,0.0,0.0,0.0,0.0,0.0,1.0
101094,0,1,3400,-62,62,497,22,24,0.75,0.0,0.0,27,6.0,0.0,0.0,0.0,0.0,0.0,0.0,1.0
101343,0,1,3400,-62,62,501,22,24,0.75,0.0,0.0,27,6.0,0.0,0.0,0.0,0.0,0.0,0.0,1.0
101592,0,1,3400,-62,62,501,22,24,0.75,0.0,0.0,27,6.0,0.0,0.0,0.0,0.0,0.0,0.0,1.0
101841,0,1,3400,-62,62,500,22,24,0.75,0.0,0.0,27,6.0,0.0,0.0,0.0,0.0,0.0,0.0,1.0
102090,0,1,3400,-62,62,496,22,24,0.75,0.0,0.0,27,6.1,0.0,0.0,0.0,0.0,0.0,0.0,1.0
102339,0,1,3400,-62,62,499,22,24,0.75,0.0,0.0,27,6.0,0.0,0.0,0.0,0.0,0.0,0.0,1.0
102588,0,1,3400,-62,62,492,22,24,0.75,0.0,0.0,27,6.0,0.0,0.0,0.0,0.0,0.0,0.0,1.0
102837,0,1,3400,-62,62,485,22,24,0.75,0.0,0.0,27,6.1,0.0,0.0,0.0,0.0,0.0,0.0,1.0
103086,0,1,3400,-62,62,490,22,24,0.75,0.0,0.0,27,6.0,0.0,0.0,0.0,0.0,0.0,0.0,1.0
103335,0,1,3400,-62,62,496,22,24,0.75,0.0,0.0,27,6.0,0.0,0.0,0.0,0.0,0.0,0.0,1.0
103584,0,1,3400,-62,62,499,22,23,0.75,0.0,0.0,27,6.0,0.0,0.0,0.0,0.0,0.0,0.0,1.0
103833,0,1,3400,-62,62,501,22,24,0.75,0.0,0.0,27,6.1,0.0,0.0,0.0,0.0,0.0,0.0,1.0
104082,0,1,3400,-62,62,497,22,24,0.75,0.0,0.0,27,6.0,0.0,0.0,0.0,0.0,0.0,0.0,1.0
104331,0,1,3400,-62,62,495,22,24,0.75,0.0,0.0,27,6.0,0.0,0.0,0.0,0.0,0.0,0.0,1.0
104580,0,1,3400,-62,62,498,22,24,0.75,0.0,0.0,27,6.0,0.0,0.0,0.0,0.0,0.0,0.0,1.0
104829,0,1,3400,-62,62,500,22,24,0.75,0.0,0.0,27,6.0,0.0,0.0,0.0,0.0,0.0,0.0,1.0
105078,0,1,3400,-62,62,502,22,24,0.75,0.0,0.0,27,6.1,0.0,0.0,0.0,0.0,0.0,0.0,1.0
105327,0,1,3400,-62,62,502,20,24,2.2,0.0,100.000000,27,6.0,0.0,0.0,0.0,0.0,0.0,0.0,1.0
105576,0,1,3400,-62,62,499,20,24,2.5,0.0,0.0,27,6.1,0.0,0.0,0.0,0.0,0.0,0.0,1.0
105825,0,1,3400,-62,62,499,20,24,2.5,0.0,0.0,27,6.0,0.0,0.0,0.0,0.0,0.0,0.0,1.0
106074,0,1,3400,-62,62,497,20,24,2.5,0.0,0.0,27,6.0,0.0,0.0,0.0,0.0,0.0,0.0,1.0
106323,0,1,3400,-62,62,495,20,24,2.5,0.0,0.0,27,6.0,0.0,0.0,0.0,0.0,0.0,0.0,1.0
106572,0,1,3400,-62,62,497,20,24,2.5,0.0,0.0,27,6.1,0.0,0.0,0.0,0.0,0.0,0.0,1.0
106821,0,1,3400,-62,62,496,20,23,2.5,0.0,0.0,27,6.1,0.0,0.0,0.0,0.0,0.0,0.0,1.0
107070,0,1,3400,-62,62,496,20,24,2.5,0.0,0.0,27,6.0,0.0,0.0,0.0,0.0,0.0,0.0,1.0
107319,0,1,3400,-62,62,499,20,24,2.5,0.0,0.0,27,6.0,0.0,0.0,0.0,0.0,0.0,0.0,1.0
107568,0,1,3400,-62,62,495,20,24,2.5,0.0,0.0,27,6.1,0.0,0.0,0.0,0.0,0.0,0.0,1.0
107817,0,1,3400,-62,62,495,20,23,2.5,0.0,0.0,27,6.0,0.0,0.0,0.0,0.0,0.0,0.0,1.0
108066,0,1,3400,-62,62,496,20,23,2.5,0.0,0.0,27,6.0,0.0,0.0,0.0,0.0,0.0,0.0,1.0
108315,0,1,3400,-62,62,494,20,24,2.5,0.0,0.0,27,6.0,0.0,0.0,0.0,0.0,0.0,0.0,1.0
108564,0,1,3400,-62,62,493,20,24,2.5,0.0,0.0,27,6.0,0.0,0.0,0.0,0.0,0.0,0.0,1.0
108813,0,1,3400,-62,62,488,20,24,2.5,0.0,0.0,27,6.0,0.0,0.0,0.0,0.0,0.0,0.0,1.0
109062,0,1,3400,-62,62,496,20,24,2.5,0.0,0.0,27,6.0,0.0,0.0,0.0,0.0,0.0,0.0,1.0
109311,0,1,3400,-62,62,505,20,24,2.5,0.0,0.0,27,6.1,0.0,0.0,0.0,0.0,0.0,0.0,1.0
109560,0,1,3400,-62,62,501,20,23,2.5,0.0,0.0,27,6.0,0.0,0.0,0.0,0.0,0.0,0.0,1.0
109809,0,1,3400,-62,62,500,20,24,2.5,0.0,0.0,27,6.0,0.0,0.0,0.0,0.0,0.0,0.0,1.0
110058,0,1,3400,-62,62,498,20,24,2.5,0.0,0.0,27,6.0,0.0,0.0,0.0,0.0,0.0,0.0,1.0
110307,0,1,3400,-62,62,494,20,24,2.5,0.0,0.0,27,6.0,0.0,0.0,0.0,0.0,0.0,0.0,1.0
110556,0,1,3400,-62,62,498,20,24,2.5,0.0,0.0,27,6.0,0.0,0.0,0.0,0.0,0.0,0.0,1.0
110805,0,1,3400,-62,62,496,20,24,2.5,0.0,0.0,27,6.0,0.0,0.0,0.0,0.0,0.0,0.0,1.0
111054,0,1,3400,-62,62,495,20,24,2.5,0.0,0.0,27,6.0,0.0,0.0,0.0,0.0,0.0,0.0,1.0
111303,0,1,3400,-62,62,492,20,23,2.5,0.0,0.0,27,6.0,0.0,0.0,0.0,0.0,0.0,0.0,1.0
111552,0,1,3400,-62,62,494,20,24,2.5,0.0,0.0,27,6.0,0.0,0.0,0.0,0.0,0.0,0.0,1.0
111801,0,1,3400,-62,62,499,20,24,2.5,0.0,0.0,27,6.0,0.0,0.0,0.0,0.0,0.0,0.0,1.0
112050,0,1,3400,-62,62,494,20,24,2.5,0.0,0.0,27,6.0,0.0,0.0,0.0,0.0,0.0,0.0,1.0
112299,0,1,3400,-62,62,495,20,24,2.5,0.0,0.0,27,6.0,0.0,0.0,0.0,0.0,0.0,0.0,1.0
112548,0,1,3400,-62,62,497,20,23,2.5,0.0,0.0,27,6.0,0.0,0.0,0.0,0.0,0.0,0.0,1.0
112797,0,1,3400,-62,62,499,20,24,2.5,0.0,0.0,27,6.1,0.0,0.0,0.0,0.0,0.0,0.0,1.0
113046,0,1,3400,-62,62,500,20,24,2.5,0.0,0.0,27,6.0,0.0,0.0,0.0,0.0,0.0,0.0,1.0
113295,0,1,3400,-62,62,498,20,24,2.5,0.0,0.0,27,6.1,0.0,0.0,0.0,0.0,0.0,0.0,1.0
113544,0,1,3400,-62,62,495,20,23,2.5,0.0,0.0,27,6.0,0.0,0.0,0.0,0.0,0.0,0.0,1.0
113793,0,1,3400,-62,62,499,20,24,2.5,0.0,0.0,27,6.0,0.0,0.0,0.0,0.0,0.0,0.0,1.0
114042,0,1,3400,-62,62,498,20,24,2.5,0.0,0.0,27,6.0,0.0,0.0,0.0,0.0,0.0,0.0,1.0
114291,0,1,3400,-62,62,497,20,24,2.5,0.0,0.0,27,6.0,0.0,0.0,0.0,0.0,0.0,0.0,1.0
114540,0,1,3400,-62,62,499,20,23,2.5,0.0,0.0,27,6.0,0.0,0.0,0.0,0.0,0.0,0.0,1.0
114789,0,1,3400,-62,62,491,20,24,2.5,0.0,0.0,27,6.0,0.0,0.0,0.0,0.0,0.0,0.0,1.0
115038,0,1,3400,-62,62,495,20,24,2.5,0.0,0.0,27,6.0,0.0,0.0,0.0,0.0,0.0,0.0,1.0
115287,0,1,3400,-62,62,500,20,24,2.5,0.0,0.0,27,6.0,0.0,0.0,0.0,0.0,0.0,0.0,1.0
115536,0,1,3400,-62,62,495,20,23,2.5,0.0,0.0,27,6.0,0.0,0.0,0.0,0.0,0.0,0.0,1.0
115785,0,1,3400,-62,62,494,20,24,2.5,0.0,0.0,27,6.1,0.0,0.0,0.0,0.0,0.0,0.0,1.0
116034,0,1,3400,-62,62,491,20,24,2.5,0.0,0.0,27,6.1,0.0,0.0,0.0,0.0,0.0,0.0,1.0
116283,0,1,3400,-62,62,495,20,24,2.5,0.0,0.0,27,6.0,0.0,0.0,0.0,0.0,0.0,0.0,1.0
116532,0,1,3400,-62,62,500,20,24,2.5,0.0,0.0,27,6.0,0.0,0.0,0.0,0.0,0.0,0.0,1.0
116781,0,1,3400,-62,62,496,20,24,2.5,0.0,0.0,27,6.1,0.0,0.0,0.0,0.0,0.0,0.0,1.0
117030,0,1,3400,-62,62,495,20,24,2.5,0.0,0.0,27,6.1,0.0,0.0,0.0,0.0,0.0,0.0,1.0
117279,0,1,3400,-62,62,496,20,24,2.5,0.0,0.0,27,6.0,0.0,0.0,0.0,0.0,0.0,0.0,1.0
117528,0,1,3400,-62,62,494,20,24,2.5,0.0,0.0,27,6.0,0.0,0.0,0.0,0.0,0.0,0.0,1.0
117777,0,1,3400,-62,62,494,20,24,2.5,0.0,0.0,27,6.0,0.0,0.0,0.0,0.0,0.0,0.0,1.0
118026,0,1,3400,-62,62,494,20,24,2.5,0.0,0.0,27,6.0,0.0,0.0,0.0,0.0,0.0,0.0,1.0
118275,0,1,3400,-62,62,492,20,23,2.5,0.0,0.0,27,6.0,0.0,0.0,0.0,0.0,0.0,0.0,1.0
118524,0,1,3400,-62,62,490,20,24,2.5,0.0,0.0,27,6.0,0.0,0.0,0.0,0.0,0.0,0.0,1.0
118773,0,1,3400,-62,62,491,20,23,2.5,0.0,0.0,27,6.1,0.0,0.0,0.0,0.0,0.0,0.0,1.0
119022,0,1,3400,-62,62,500,20,24,2.5,0.0,0.0,27,6.0,0.0,0.0,0.0,0.0,0.0,0.0,1.0
119271,0,1,3400,-62,62,494,20,24,2.5,0.0,0.0,27,6.0,0.0,0.0,0.0,0.0,0.0,0.0,1.0
119520,0,1,3400,-62,62,494,20,24,2.5,0.0,0.0,27,6.1,0.0,0.0,0.0,0.0,0.0,0.0,1.0
119769,0,1,3400,-62,62,495,20,23,2.5,0.0,0.0,27,6.3,0.0,0.0,0.0,0.0,0.0,0.0,1.0
120018,0,1,3400,-62,62,499,20,24,2.5,0.0,0.0,27,6.0,0.0,0.0,0.0,0.0,0.0,0.0,1.0
120267,0,1,3400,-62,62,497,20,24,2.5,0.0,0.0,27,6.0,0.0,0.0,0.0,0.0,0.0,0.0,1.0
120516,0,1,3400,-62,62,497,20,24,2.5,0.0,0.0,27,6.0,0.0,0.0,0.0,0.0,0.0,0.0,1.0
120765,0,1,3400,-62,62,498,20,24,2.5,0.0,0.0,27,6.0,0.0,0.0,0.0,0.0,0.0,0.0,1.0
121014,0,1,3400,-62,62,495,20,24,2.5,0.0,0.0,27,6.0,0.0,0.0,0.0,0.0,0.0,0.0,1.0
121263,0,1,3400,-62,62,500,20,24,2.5,0.0,0.0,27,6.0,0.0,0.0,0.0,0.0,0.0,0.0,1.0
121512,0,1,3400,-62,62,497,20,24,2.5,0.0,0.0,27,6.0,0.0,0.0,0.0,0.0,0.0,0.0,1.0
121761,0,1,3400,-62,62,502,20,24,2.5,0.0,0.0,27,6.1,0.0,0.0,0.0,0.0,0.0,0.0,1.0
122010,0,1,3400,-62,62,503,20,24,2.5,0.0,0.0,27,6.0,0.0,0.0,0.0,0.0,0.0,0.0,1.0
122259,0,1,3400,-62,62,501,20,24,2.5,0.0,0.0,27,6.0,0.0,0.0,0.0,0.0,0.0,0.0,1.0
122508,0,1,3400,-62,62,503,20,24,2.5,0.0,0.0,27,6.0,0.0,0.0,0.0,0.0,0.0,0.0,1.0
122757,0,1,3400,-62,62,498,20,24,2.5,0.0,0.0,27,6.0,0.0,0.0,0.0,0.0,0.0,0.0,1.0
123006,0,1,3400,-62,62,493,20,24,2.5,0.0,0.0,27,6.1,0.0,0.0,0.0,0.0,0.0,0.0,1.0
123255,0,1,3400,-62,62,500,20,24,2.5,0.0,0.0,27,6.0,0.0,0.0,0.0,0.0,0.0,0.0,1.0
123504,0,1,3400,-62,62,502,20,24,2.5,0.0,0.0,27,6.0,0.0,0.0,0.0,0.0,0.0,0.0,1.0
123753,0,1,3400,-62,62,503,20,24,2.5,0.0,0.0,27,6.0,0.0,0.0,0.0,0.0,0.0,0.0,1.0
124002,0,1,3400,-62,62,497,20,24,2.5,0.0,0.0,27,6.0,0.0,0.0,0.0,0.0,0.0,0.0,1.0
124251,0,1,3400,-62,62,499,20,24,2.5,0.0,0.0,27,6.0,0.0,0.0,0.0,0.0,0.0,0.0,1.0
124500,0,1,3400,-62,62,498,20,24,2.5,0.0,0.0,27,6.1,0.0,0.0,0.0,0.0,0.0,0.0,1.0
124749,0,1,3400,-62,62,493,20,24,2.5,0.0,0.0,27,6.0,0.0,0.0,0.0,0.0,0.0,0.0,1.0
124998,0,1,3400,-62,62,496,20,23,2.5,0.0,0.0,27,6.0,0.0,0.0,0.0,0.0,0.0,0.0,1.0
125247,0,1,3400,-62,62,500,20,23,2.5,0.0,0.0,27,6.0,0.0,0.0,0.0,0.0,0.0,0.0,1.0
125496,0,1,3400,-62,62,494,18,24,3.9,0.0,100.000000,27,6.2,0.0,0.0,0.0,0.0,0.0,0.0,1.0
125745,0,1,3400,-62,62,490,18,24,4.0,0.0,0.0,27,6.0,0.0,0.0,0.0,0.0,0.0,0.0,1.0
125994,0,1,3400,-62,62,497,18,23,4.0,0.0,0.0,27,6.0,0.0,0.0,0.0,0.0,0.0,0.0,1.0
126243,0,1,3400,-62,62,496,18,23,4.0,0.0,0.0,27,6.1,0.0,0.0,0.0,0.0,0.0,0.0,1.0
126492,0,1,3400,-62,62,495,18,24,4.0,0.0,0.0,27,6.0,0.0,0.0,0.0,0.0,0.0,0.0,1.0
126741,0,1,3400,-62,62,496,18,24,4.0,0.0,0.0,27,6.1,0.0,0.0,0.0,0.0,0.0,0.0,1.0
126990,0,1,3400,-62,62,496,18,24,4.0,0.0,0.0,27,6.0,0.0,0.0,0.0,0.0,0.0,0.0,1.0
127239,0,1,3400,-62,62,498,18,24,4.0,0.0,0.0,27,6.1,0.0,0.0,0.0,0.0,0.0,0.0,1.0
127488,0,1,3400,-62,62,498,18,24,4.0,0.0,0.0,27,6.0,0.0,0.0,0.0,0.0,0.0,0.0,1.0
127737,0,1,3400,-62,62,491,18,24,4.0,0.0,0.0,27,6.0,0.0,0.0,0.0,0.0,0.0,0.0,1.0
127986,0,1,3400,-62,62,494,18,23,4.0,0.0,0.0,27,6.1,0.0,0.0,0.0,0.0,0.0,0.0,1.0
128235,0,1,3400,-62,62,487,18,24,4.0,0.0,0.0,27,6.1,0.0,0.0,0.0,0.0,0.0,0.0,1.0
128484,0,1,3400,-62,62,498,18,24,4.0,0.0,0.0,27,6.2,0.0,0.0,0.0,0.0,0.0,0.0,1.0
128733,0,1,3400,-62,62,496,18,24,4.0,0.0,0.0,27,6.1,0.0,0.0,0.0,0.0,0.0,0.0,1.0
128982,0,1,3400,-62,62,490,18,24,4.0,0.0,0.0,27,6.0,0.0,0.0,0.0,0.0,0.0,0.0,1.0
129231,0,1,3400,-62,62,489,18,24,4.0,0.0,0.0,27,6.1,0.0,0.0,0.0,0.0,0.0,0.0,1.0
129480,0,1,3400,-62,62,494,18,24,4.0,0.0,0.0,27,6.0,0.0,0.0,0.0,0.0,0.0,0.0,1.0
129729,0,1,3400,-62,62,493,18,24,4.0,0.0,0.0,27,6.1,0.0,0.0,0.0,0.0,0.0,0.0,1.0
129978,0,1,3400,-62,62,496,18,25,4.0,0.0,0.0,27,6.0,0.0,0.0,0.0,0.0,0.0,0.0,1.0
130227,0,1,3400,-62,62,496,18,24,4.0,0.0,0.0,27,6.1,0.0,0.0,0.0,0.0,0.0,0.0,1.0
130476,0,1,3400,-62,62,500,18,24,4.0,0.0,0.0,27,6.0,0.0,0.0,0.0,0.0,0.0,0.0,1.0
130725,0,1,3400,-62,62,498,18,24,4.0,0.0,0.0,27,6.0,0.0,0.0,0.0,0.0,0.0,0.0,1.0
130974,0,1,3400,-62,62,500,18,24,4.0,0.0,0.0,27,6.1,0.0,0.0,0.0,0.0,0.0,0.0,1.0
131223,0,1,3400,-62,62,501,18,24,4.0,0.0,0.0,27,6.1,0.0,0.0,0.0,0.0,0.0,0.0,1.0
131472,0,1,3400,-62,62,498,18,24,4.0,0.0,0.0,27,6.1,0.0,0.0,0.0,0.0,0.0,0.0,1.0
131721,0,1,3400,-62,62,496,18,24,4.0,0.0,0.0,27,6.0,0.0,0.0,0.0,0.0,0.0,0.0,1.0
131970,0,1,3400,-62,62,498,18,24,4.0,0.0,0.0,27,6.1,0.0,0.0,0.0,0.0,0.0,0.0,1.0
132219,0,1,3400,-62,62,500,18,23,4.0,0.0,0.0,27,6.0,0.0,0.0,0.0,0.0,0.0,0.0,1.0
132468,0,1,3400,-62,62,498,18,24,4.0,0.0,0.0,27,6.0,0.0,0.0,0.0,0.0,0.0,0.0,1.0
132717,0,1,3400,-62,62,495,18,24,4.0,0.0,0.0,27,6.0,0.0,0.0,0.0,0.0,0.0,0.0,1.0
132966,0,1,3400,-62,62,496,18,24,4.0,0.0,0.0,27,6.0,0.0,0.0,0.0,0.0,0.0,0.0,1.0
133215,0,1,3400,-62,62,499,18,24,4.0,0.0,0.0,27,6.1,0.0,0.0,0.0,0.0,0.0,0.0,1.0
133464,0,1,3400,-62,62,494,18,24,4.0,0.0,0.0,27,6.0,0.0,0.0,0.0,0.0,0.0,0.0,1.0
133713,0,1,3400,-62,62,492,18,24,4.0,0.0,0.0,27,6.0,0.0,0.0,0.0,0.0,0.0,0.0,1.0
133962,0,1,3400,-62,62,496,18,24,4.0,0.0,0.0,27,6.0,0.0,0.0,0.0,0.0,0.0,0.0,1.0
134211,0,1,3400,-62,62,495,18,23,4.0,0.0,0.0,27,6.0,0.0,0.0,0.0,0.0,0.0,0.0,1.0
134460,0,1,3400,-62,62,501,18,24,4.0,0.0,0.0,27,6.0,0.0,0.0,0.0,0.0,0.0,0.0,1.0
134709,0,1,3400,-62,62,498,18,23,4.0,0.0,0.0,27,6.0,0.0,0.0,0.0,0.0,0.0,0.0,1.0
134958,0,1,3400,-62,62,502,18,24,4.0,0.0,0.0,27,6.0,0.0,0.0,0.0,0.0,0.0,0.0,1.0
135207,0,1,3400,-62,62,501,18,24,4.0,0.0,0.0,27,6.0,0.0,0.0,0.0,0.0,0.0,0.0,1.0
135456,0,1,3400,-62,62,494,18,23,4.0,0.0,0.0,27,6.1,0.0,0.0,0.0,0.0,0.0,0.0,1.0
135705,0,1,3400,-62,62,500,18,24,4.0,0.0,0.0,27,6.1,0.0,0.0,0.0,0.0,0.0,0.0,1.0
135954,0,1,3400,-62,62,502,18,24,4.0,0.0,0.0,27,6.1,0.0,0.0,0.0,0.0,0.0,0.0,1.0
136203,0,1,3400,-62,62,499,18,24,4.0,0.0,0.0,27,6.0,0.0,0.0,0.0,0.0,0.0,0.0,1.0
136452,0,1,3400,-62,62,502,18,24,4.0,0.0,0.0,27,6.1,0.0,0.0,0.0,0.0,0.0,0.0,1.0
136701,0,1,3400,-62,62,497,18,24,4.0,0.0,0.0,27,6.0,0.0,0.0,0.0,0.0,0.0,0.0,1.0
136950,0,1,3400,-62,62,495,18,24,4.0,0.0,0.0,27,6.0,0.0,0.0,0.0,0.0,0.0,0.0,1.0
137199,0,1,3400,-62,62,498,18,24,4.0,0.0,0.0,27,6.0,0.0,0.0,0.0,0.0,0.0,0.0,1.0
137448,0,1,3400,-62,62,495,18,24,4.0,0.0,0.0,27,6.0,0.0,0.0,0.0,0.0,0.0,0.0,1.0
137697,0,1,3400,-62,62,494,18,24,4.0,0.0,0.0,27,6.0,0.0,0.0,0.0,0.0,0.0,0.0,1.0
137946,0,1,3400,-62,62,496,18,24,4.0,0.0,0.0,27,6.1,0.0,0.0,0.0,0.0,0.0,0.0,1.0
138195,0,1,3400,-62,62,493,18,24,4.0,0.0,0.0,27,6.1,0.0,0.0,0.0,0.0,0.0,0.0,1.0
138444,0,1,3400,-62,62,501,18,24,4.0,0.0,0.0,27,6.1,0.0,0.0,0.0,0.0,0.0,0.0,1.0
138693,0,1,3400,-62,62,498,18,24,4.0,0.0,0.0,27,6.1,0.0,0.0,0.0,0.0,0.0,0.0,1.0
138942,0,1,3400,-62,62,499,18,24,4.0,0.0,0.0,27,6.0,0.0,0.0,0.0,0.0,0.0,0.0,1.0
139191,0,1,3400,-62,62,499,18,24,4.0,0.0,0.0,27,6.0,0.0,0.0,0.0,0.0,0.0,0.0,1.0
139440,0,1,3400,-62,62,499,18,23,4.0,0.0,0.0,27,6.1,0.0,0.0,0.0,0.0,0.0,0.0,1.0
139689,0,1,3400,-62,62,496,18,24,4.0,0.0,0.0,27,6.0,0.0,0.0,0.0,0.0,0.0,0.0,1.0
139938,0,1,3400,-62,62,496,18,24,4.0,0.0,0.0,27,6.1,0.0,0.0,0.0,0.0,0.0,0.0,1.0
140187,0,1,3400,-62,62,495,18,24,4.0,0.0,0.0,27,6.1,0.0,0.0,0.0,0.0,0.0,0.0,1.0
140436,0,1,3400,-62,62,496,18,24,4.0,0.0,0.0,27,6.0,0.0,0.0,0.0,0.0,0.0,0.0,1.0
140685,0,1,3400,-62,62,497,18,24,4.0,0.0,0.0,27,6.0,0.0,0.0,0.0,0.0,0.0,0.0,1.0
140934,0,1,3400,-62,62,492,18,24,4.0,0.0,0.0,27,6.0,0.0,0.0,0.0,0.0,0.0,0.0,1.0
141183,0,1,3400,-62,62,497,18,23,4.0,0.0,0.0,27,6.0,0.0,0.0,0.0,0.0,0.0,0.0,1.0
141432,0,1,3400,-62,62,498,18,24,4.0,0.0,0.0,27,6.0,0.0,0.0,0.0,0.0,0.0,0.0,1.0
141681,0,1,3400,-62,62,497,18,24,4.0,0.0,0.0,27,6.0,0.0,0.0,0.0,0.0,0.0,0.0,1.0
141930,0,1,3400,-62,62,495,18,24,4.0,0.0,0.0,27,6.0,0.0,0.0,0.0,0.0,0.0,0.0,1.0
142179,0,1,3400,-62,62,488,18,24,4.0,0.0,0.0,27,6.0,0.0,0.0,0.0,0.0,0.0,0.0,1.0
142428,0,1,3400,-62,62,488,18,24,4.0,0.0,0.0,27,6.0,0.0,0.0,0.0,0.0,0.0,0.0,1.0
142677,0,1,3400,-62,62,496,18,24,4.0,0.0,0.0,27,6.0,0.0,0.0,0.0,0.0,0.0,0.0,1.0
142926,0,1,3400,-62,62,497,18,24,4.0,0.0,0.0,27,6.1,0.0,0.0,0.0,0.0,0.0,0.0,1.0
143175,0,1,3400,-62,62,496,18,23,4.0,0.0,0.0,27,6.1,0.0,0.0,0.0,0.0,0.0,0.0,1.0
143424,0,1,3400,-62,62,493,18,24,4.0,0.0,0.0,27,6.0,0.0,0.0,0.0,0.0,0.0,0.0,1.0
143673,0,1,3400,-62,62,497,18,24,4.0,0.0,0.0,27,6.0,0.0,0.0,0.0,0.0,0.0,0.0,1.0
143922,0,1,3400,-62,62,498,18,24,4.0,0.0,0.0,27,6.1,0.0,0.0,0.0,0.0,0.0,0.0,1.0
144171,0,1,3400,-62,62,494,18,24,4.0,0.0,0.0,27,6.1,0.0,0.0,0.0,0.0,0.0,0.0,1.0
144420,0,1,3400,-62,62,499,18,24,4.0,0.0,0.0,27,6.0,0.0,0.0,0.0,0.0,0.0,0.0,1.0
144669,0,1,3400,-62,62,497,18,24,4.0,0.0,0.0,27,6.0,0.0,0.0,0.0,0.0,0.0,0.0,1.0
144918,0,1,3400,-62,62,495,18,24,4.0,0.0,0.0,27,6.0,0.0,0.0,0.0,0.0,0.0,0.0,1.0
145167,0,1,3400,-62,62,497,18,24,4.0,0.0,0.0,27,6.0,0.0,0.0,0.0,0.0,0.0,0.0,1.0
145416,0,1,3400,-62,62,498,18,24,4.0,0.0,0.0,27,6.0,0.0,0.0,0.0,0.0,0.0,0.0,1.0
145665,0,1,3400,-62,62,493,18,24,4.0,0.0,0.0,27,6.0,0.0,0.0,0.0,0.0,0.0,0.0,1.0
145914,0,1,3400,-62,62,495,18,24,4.0,0.0,0.0,27,6.0,0.0,0.0,0.0,0.0,0.0,0.0,1.0
146163,0,1,3400,-62,62,496,18,24,4.0,0.0,0.0,27,6.0,0.0,0.0,0.0,0.0,0.0,0.0,1.0
146412,0,1,3400,-62,62,497,18,24,4.0,0.0,0.0,27,6.0,0.0,0.0,0.0,0.0,0.0,0.0,1.0
146661,0,1,3400,-62,62,496,18,24,4.0,0.0,0.0,27,6.1,0.0,0.0,0.0,0.0,0.0,0.0,1.0
146910,0,1,3400,-62,62,497,18,24,4.0,0.0,0.0,27,6.0,0.0,0.0,0.0,0.0,0.0,0.0,1.0
147159,0,1,3400,-62,62,495,18,24,4.0,0.0,0.0,27,6.0,0.0,0.0,0.0,0.0,0.0,0.0,1.0
147408,0,1,3400,-62,62,493,18,24,4.0,0.0,0.0,27,6.0,0.0,0.0,0.0,0.0,0.0,0.0,1.0
147657,0,1,3400,-62,62,499,18,24,4.0,0.0,0.0,27,6.0,0.0,0.0,0.0,0.0,0.0,0.0,1.0
147906,0,1,3400,-62,62,499,18,24,4.0,0.0,0.0,27,6.0,0.0,0.0,0.0,0.0,0.0,0.0,1.0
148155,0,1,3400,-62,62,496,18,24,4.0,0.0,0.0,27,6.1,0.0,0.0,0.0,0.0,0.0,0.0,1.0
148404,0,1,3400,-62,62,495,18,24,4.0,0.0,0.0,27,6.0,0.0,0.0,0.0,0.0,0.0,0.0,1.0
148653,0,1,3400,-62,62,499,18,24,4.0,0.0,0.0,27,6.0,0.0,0.0,0.0,0.0,0.0,0.0,1.0
148902,0,1,3400,-62,62,500,18,24,4.0,0.0,0.0,27,6.1,0.0,0.0,0.0,0.0,0.0,0.0,1.0
149151,0,1,3400,-62,62,498,18,24,4.0,0.0,0.0,27,6.1,0.0,0.0,0.0,0.0,0.0,0.0,1.0
149400,0,1,3400,-62,62,494,18,24,4.0,0.0,0.0,27,6.0,0.0,0.0,0.0,0.0,0.0,0.0,1.0
149649,0,1,3400,-62,62,499,18,24,4.0,0.0,0.0,27,6.0,0.0,0.0,0.0,0.0,0.0,0.0,1.0
149898,0,1,3400,-62,62,501,18,24,4.0,0.0,0.0,27,6.0,0.0,0.0,0.0,0.0,0.0,0.0,1.0
150147,0,1,3400,-62,62,497,18,24,4.0,0.0,0.0,27,6.1,0.0,0.0,0.0,0.0,0.0,0.0,1.0
150396,0,1,3400,-62,62,499,18,24,4.0,0.0,0.0,27,6.1,0.0,0.0,0.0,0.0,0.0,0.0,1.0
150645,0,1,3400,-62,62,497,18,24,4.0,0.0,0.0,27,6.0,0.0,0.0,0.0,0.0,0.0,0.0,1.0
150894,0,1,3400,-62,62,495,18,24,4.0,0.0,0.0,27,6.0,0.0,0.0,0.0,0.0,0.0,0.0,1.0
151143,0,1,3400,-62,62,496,18,24,4.0,0.0,0.0,27,6.0,0.0,0.0,0.0,0.0,0.0,0.0,1.0
151392,0,1,3400,-62,62,499,18,23,4.0,0.0,0.0,27,6.1,0.0,0.0,0.0,0.0,0.0,0.0,1.0
151641,0,1,3400,-62,62,503,18,24,4.0,0.0,0.0,27,6.1,0.0,0.0,0.0,0.0,0.0,0.0,1.0
151890,0,1,3400,-62,62,500,18,24,4.0,0.0,0.0,27,6.1,0.0,0.0,0.0,0.0,0.0,0.0,1.0
152139,0,1,3400,-62,62,499,18,23,4.0,0.0,0.0,27,6.0,0.0,0.0,0.0,0.0,0.0,0.0,1.0
152388,0,1,3400,-62,62,499,18,24,4.0,0.0,0.0,27,6.0,0.0,0.0,0.0,0.0,0.0,0.0,1.0
152637,0,1,3400,-62,62,495,18,24,4.0,0.0,0.0,27,6.0,0.0,0.0,0.0,0.0,0.0,0.0,1.0
152886,0,1,3400,-62,62,491,18,24,4.0,0.0,0.0,27,6.0,0.0,0.0,0.0,0.0,0.0,0.0,1.0
153135,0,1,3400,-62,62,493,18,24,4.0,0.0,0.0,27,6.0,0.0,0.0,0.0,0.0,0.0,0.0,1.0
153384,0,1,3400,-62,62,499,18,24,4.0,0.0,0.0,27,6.1,0.0,0.0,0.0,0.0,0.0,0.0,1.0
153633,0,1,3400,-62,62,501,18,24,4.0,0.0,0.0,27,6.0,0.0,0.0,0.0,0.0,0.0,0.0,1.0
153882,0,1,3400,-62,62,501,18,24,4.0,0.0,0.0,27,6.1,0.0,0.0,0.0,0.0,0.0,0.0,1.0
154131,0,1,3400,-62,62,499,18,24,4.0,0.0,0.0,27,6.0,0.0,0.0,0.0,0.0,0.0,0.0,1.0
154380,0,1,3400,-62,62,503,18,24,4.0,0.0,0.0,27,6.1,0.0,0.0,0.0,0.0,0.0,0.0,1.0
154629,0,1,3400,-62,62,504,18,24,4.0,0.0,0.0,27,6.0,0.0,0.0,0.0,0.0,0.0,0.0,1.0
154878,0,1,3400,-62,62,504,18,24,4.0,0.0,0.0,27,6.1,0.0,0.0,0.0,0.0,0.0,0.0,1.0
155127,0,1,3400,-62,62,502,18,24,4.0,0.0,0.0,27,6.1,0.0,0.0,0.0,0.0,0.0,0.0,1.0
155376,0,1,3400,-62,62,498,18,24,4.0,0.0,0.0,27,6.0,0.0,0.0,0.0,0.0,0.0,0.0,1.0
155625,0,1,3400,-62,62,499,18,24,4.0,0.0,0.0,27,6.1,0.0,0.0,0.0,0.0,0.0,0.0,1.0
155874,0,1,3400,-62,62,504,18,24,4.0,0.0,0.0,27,6.1,0.0,0.0,0.0,0.0,0.0,0.0,1.0
156123,0,1,3400,-62,62,500,18,24,4.0,0.0,0.0,27,6.1,0.0,0.0,0.0,0.0,0.0,0.0,1.0
156372,0,1,3400,-62,62,496,18,25,4.0,0.0,0.0,27,6.0,0.0,0.0,0.0,0.0,0.0,0.0,1.0
156621,0,1,3400,-62,62,505,18,24,4.0,0.0,0.0,27,6.1,0.0,0.0,0.0,0.0,0.0,0.0,1.0
156870,0,1,3400,-62,62,503,18,24,4.0,0.0,0.0,27,6.0,0.0,0.0,0.0,0.0,0.0,0.0,1.0
157119,0,1,3400,-62,62,499,18,23,4.0,0.0,0.0,27,6.0,0.0,0.0,0.0,0.0,0.0,0.0,1.0
157368,0,1,3400,-62,62,495,18,24,4.0,0.0,0.0,27,6.1,0.0,0.0,0.0,0.0,0.0,0.0,1.0
157617,0,1,3400,-62,62,499,18,24,4.0,0.0,0.0,27,6.1,0.0,0.0,0.0,0.0,0.0,0.0,1.0
157866,0,1,3400,-62,62,502,18,24,4.0,0.0,0.0,27,6.0,0.0,0.0,0.0,0.0,0.0,0.0,1.0
158115,0,1,3400,-62,62,500,18,24,4.0,0.0,0.0,27,6.1,0.0,0.0,0.0,0.0,0.0,0.0,1.0
158364,0,1,3400,-62,62,504,18,24,4.0,0.0,0.0,27,6.0,0.0,0.0,0.0,0.0,0.0,0.0,1.0
158613,0,1,3400,-62,62,500,18,24,4.0,0.0,0.0,27,6.1,0.0,0.0,0.0,0.0,0.0,0.0,1.0
158862,0,1,3400,-62,62,498,18,24,4.0,0.0,0.0,27,6.0,0.0,0.0,0.0,0.0,0.0,0.0,1.0
159111,0,1,3400,-62,62,502,18,24,4.0,0.0,0.0,27,6.0,0.0,0.0,0.0,0.0,0.0,0.0,1.0
159360,0,1,3400,-62,62,499,18,24,4.0,0.0,0.0,27,6.0,0.0,0.0,0.0,0.0,0.0,0.0,1.0
159609,0,1,3400,-62,62,496,18,24,4.0,0.0,0.0,27,6.1,0.0,0.0,0.0,0.0,0.0,0.0,1.0
159858,0,1,3400,-62,62,496,18,24,4.0,0.0,0.0,27,6.1,0.0,0.0,0.0,0.0,0.0,0.0,1.0
160107,0,1,3400,-62,62,495,18,24,4.0,0.0,0.0,27,6.0,0.0,0.0,0.0,0.0,0.0,0.0,1.0
160356,0,1,3400,-62,62,494,18,24,4.0,0.0,0.0,27,6.0,0.0,0.0,0.0,0.0,0.0,0.0,1.0
160605,0,1,3400,-62,62,495,18,24,4.0,0.0,0.0,27,6.0,0.0,0.0,0.0,0.0,0.0,0.0,1.0
160854,0,1,3400,-62,62,498,18,24,4.0,0.0,0.0,27,6.0,0.0,0.0,0.0,0.0,0.0,0.0,1.0
161103,0,1,3400,-62,62,503,18,24,4.0,0.0,0.0,27,6.0,0.0,0.0,0.0,0.0,0.0,0.0,1.0
161352,0,1,3400,-62,62,498,18,23,4.0,0.0,0.0,27,6.0,0.0,0.0,0.0,0.0,0.0,0.0,1.0
161601,0,1,3400,-62,62,497,18,24,4.0,0.0,0.0,27,6.0,0.0,0.0,0.0,0.0,0.0,0.0,1.0
161850,0,1,3400,-62,62,495,18,24,4.0,0.0,0.0,27,6.1,0.0,0.0,0.0,0.0,0.0,0.0,1.0
162099,0,1,3400,-62,62,496,18,24,4.0,0.0,0.0,27,6.0,0.0,0.0,0.0,0.0,0.0,0.0,1.0
162348,0,1,3400,-62,62,494,18,24,4.0,0.0,0.0,27,6.0,0.0,0.0,0.0,0.0,0.0,0.0,1.0
162597,0,1,3400,-62,62,497,18,24,4.0,0.0,0.0,27,6.1,0.0,0.0,0.0,0.0,0.0,0.0,1.0
162846,0,1,3400,-62,62,498,18,24,4.0,0.0,0.0,27,6.0,0.0,0.0,0.0,0.0,0.0,0.0,1.0
163095,0,1,3400,-62,62,499,18,24,4.0,0.0,0.0,27,6.2,0.0,0.0,0.0,0.0,0.0,0.0,1.0
163344,0,1,3400,-62,62,501,18,24,4.0,0.0,0.0,27,6.0,0.0,0.0,0.0,0.0,0.0,0.0,1.0
163593,0,1,3400,-62,62,495,18,24,4.0,0.0,0.0,27,6.0,0.0,0.0,0.0,0.0,0.0,0.0,1.0
163842,0,1,3400,-62,62,494,18,23,4.0,0.0,0.0,27,6.1,0.0,0.0,0.0,0.0,0.0,0.0,1.0
164091,0,1,3400,-62,62,495,18,24,4.0,0.0,0.0,27,6.0,0.0,0.0,0.0,0.0,0.0,0.0,1.0
164340,0,1,3400,-62,62,495,18,24,4.0,0.0,0.0,27,6.0,0.0,0.0,0.0,0.0,0.0,0.0,1.0
164589,0,1,3400,-62,62,494,18,24,4.0,0.0,0.0,27,6.0,0.0,0.0,0.0,0.0,0.0,0.0,1.0
164838,0,1,3400,-62,62,493,18,24,4.0,0.0,0.0,27,6.0,0.0,0.0,0.0,0.0,0.0,0.0,1.0
165087,0,1,3400,-62,62,496,18,24,4.0,0.0,0.0,27,6.0,0.0,0.0,0.0,0.0,0.0,0.0,1.0
165336,0,1,3400,-62,62,495,18,24,4.0,0.0,0.0,27,6.1,0.0,0.0,0.0,0.0,0.0,0.0,1.0
165585,0,1,3400,-62,62,498,18,24,4.0,0.0,0.0,27,6.0,0.0,0.0,0.0,0.0,0.0,0.0,1.0
165834,0,1,3400,-62,62,495,18,24,4.0,0.0,0.0,27,6.0,0.0,0.0,0.0,0.0,0.0,0.0,1.0
166083,0,1,3400,-62,62,493,18,23,4.0,0.0,0.0,27,6.1,0.0,0.0,0.0,0.0,0.0,0.0,1.0
166332,0,1,3400,-62,62,494,18,24,4.0,0.0,0.0,27,6.0,0.0,0.0,0.0,0.0,0.0,0.0,1.0
166581,0,1,3400,-62,62,496,18,24,4.0,0.0,0.0,27,6.1,0.0,0.0,0.0,0.0,0.0,0.0,1.0
166830,0,1,3400,-62,62,489,18,24,4.0,0.0,0.0,27,6.1,0.0,0.0,0.0,0.0,0.0,0.0,1.0
167079,0,1,3400,-62,62,497,18,24,4.0,0.0,0.0,27,6.0,0.0,0.0,0.0,0.0,0.0,0.0,1.0
167328,0,1,3400,-62,62,498,18,24,4.0,0.0,0.0,27,6.1,0.0,0.0,0.0,0.0,0.0,0.0,1.0
167577,0,1,3400,-62,62,495,18,24,4.0,0.0,0.0,27,6.0,0.0,0.0,0.0,0.0,0.0,0.0,1.0
167826,0,1,3400,-62,62,502,18,24,4.0,0.0,0.0,27,6.1,0.0,0.0,0.0,0.0,0.0,0.0,1.0
168075,0,1,3400,-62,62,501,18,24,4.0,0.0,0.0,27,6.0,0.0,0.0,0.0,0.0,0.0,0.0,1.0
168324,0,1,3400,-62,62,495,18,24,4.0,0.0,0.0,27,6.1,0.0,0.0,0.0,0.0,0.0,0.0,1.0
168573,0,1,3400,-62,62,497,18,24,4.0,0.0,0.0,27,6.0,0.0,0.0,0.0,0.0,0.0,0.0,1.0
168822,0,1,3400,-62,62,494,18,24,4.0,0.0,0.0,27,6.1,0.0,0.0,0.0,0.0,0.0,0.0,1.0
169071,0,1,3400,-62,62,497,18,24,4.0,0.0,0.0,27,6.0,0.0,0.0,0.0,0.0,0.0,0.0,1.0
169320,0,1,3400,-62,62,501,18,24,4.0,0.0,0.0,27,6.0,0.0,0.0,0.0,0.0,0.0,0.0,1.0
169569,0,1,3400,-62,62,494,18,23,4.0,0.0,0.0,27,6.0,0.0,0.0,0.0,0.0,0.0,0.0,1.0
169818,0,1,3400,-62,62,500,18,24,4.0,0.0,0.0,27,6.1,0.0,0.0,0.0,0.0,0.0,0.0,1.0
170067,0,1,3400,-62,62,499,18,24,4.0,0.0,0.0,27,6.0,0.0,0.0,0.0,0.0,0.0,0.0,1.0
170316,0,1,3400,-62,62,498,18,23,4.0,0.0,0.0,27,6.0,0.0,0.0,0.0,0.0,0.0,0.0,1.0
170565,0,1,3400,-62,62,493,18,23,4.0,0.0,0.0,27,6.1,0.0,0.0,0.0,0.0,0.0,0.0,1.0
170814,0,1,3400,-62,62,492,18,24,4.0,0.0,0.0,27,6.0,0.0,0.0,0.0,0.0,0.0,0.0,1.0
171063,0,1,3400,-62,62,498,18,24,4.0,0.0,0.0,27,6.1,0.0,0.0,0.0,0.0,0.0,0.0,1.0
171312,0,1,3400,-62,62,498,18,24,4.0,0.0,0.0,27,6.0,0.0,0.0,0.0,0.0,0.0,0.0,1.0
171561,0,1,3400,-62,62,495,18,24,4.0,0.0,0.0,27,6.0,0.0,0.0,0.0,0.0,0.0,0.0,1.0
171810,0,1,3400,-62,62,495,18,24,4.0,0.0,0.0,27,6.0,0.0,0.0,0.0,0.0,0.0,0.0,1.0
172059,0,1,3400,-62,62,491,18,24,4.0,0.0,0.0,27,6.0,0.0,0.0,0.0,0.0,0.0,0.0,1.0
172308,0,1,3400,-62,62,491,18,24,4.0,0.0,0.0,27,6.0,0.0,0.0,0.0,0.0,0.0,0.0,1.0
172557,0,1,3400,-62,62,496,18,24,4.0,0.0,0.0,27,6.0,0.0,0.0,0.0,0.0,0.0,0.0,1.0
172806,0,1,3400,-62,62,491,18,24,4.0,0.0,0.0,27,6.1,0.0,0.0,0.0,0.0,0.0,0.0,1.0
173055,0,1,3400,-62,62,488,18,24,4.0,0.0,0.0,27,6.0,0.0,0.0,0.0,0.0,0.0,0.0,1.0
173304,0,1,3400,-62,62,489,18,24,4.0,0.0,0.0,27,6.0,0.0,0.0,0.0,0.0,0.0,0.0,1.0
173553,0,1,3400,-62,62,489,18,24,4.0,0.0,0.0,27,6.1,0.0,0.0,0.0,0.0,0.0,0.0,1.0
173802,0,1,3400,-62,62,494,18,24,4.0,0.0,0.0,27,6.0,0.0,0.0,0.0,0.0,0.0,0.0,1.0
174051,0,1,3400,-62,62,494,18,24,4.0,0.0,0.0,27,6.0,0.0,0.0,0.0,0.0,0.0,0.0,1.0
174300,0,1,3400,-62,62,497,18,24,4.0,0.0,0.0,27,6.0,0.0,0.0,0.0,0.0,0.0,0.0,1.0
174549,0,1,3400,-62,62,494,18,24,4.0,0.0,0.0,27,6.0,0.0,0.0,0.0,0.0,0.0,0.0,1.0
174798,0,1,3400,-62,62,493,18,24,4.0,0.0,0.0,27,6.0,0.0,0.0,0.0,0.0,0.0,0.0,1.0
175047,0,1,3400,-62,62,495,18,24,4.0,0.0,0.0,27,6.1,0.0,0.0,0.0,0.0,0.0,0.0,1.0
175296,0,1,3400,-62,62,496,18,23,4.0,0.0,0.0,27,6.0,0.0,0.0,0.0,0.0,0.0,0.0,1.0
175545,0,1,3400,-62,62,489,18,24,4.0,0.0,0.0,27,6.0,0.0,0.0,0.0,0.0,0.0,0.0,1.0
175794,0,1,3400,-62,62,494,18,24,4.0,0.0,0.0,27,6.1,0.0,0.0,0.0,0.0,0.0,0.0,1.0
176043,0,1,3400,-62,62,495,18,24,4.0,0.0,0.0,27,6.1,0.0,0.0,0.0,0.0,0.0,0.0,1.0
176292,0,1,3400,-62,62,499,18,24,4.0,0.0,0.0,27,6.1,0.0,0.0,0.0,0.0,0.0,0.0,1.0
176541,0,1,3400,-62,62,503,18,24,4.0,0.0,0.0,27,6.0,0.0,0.0,0.0,0.0,0.0,0.0,1.0
176790,0,1,3400,-62,62,499,18,24,4.0,0.0,0.0,27,6.0,0.0,0.0,0.0,0.0,0.0,0.0,1.0
177039,0,1,3400,-62,62,495,18,24,4.0,0.0,0.0,27,6.1,0.0,0.0,0.0,0.0,0.0,0.0,1.0
177288,0,1,3400,-62,62,487,18,24,4.0,0.0,0.0,27,6.0,0.0,0.0,0.0,0.0,0.0,0.0,1.0
177537,0,1,3400,-62,62,485,18,24,4.0,0.0,0.0,27,6.0,0.0,0.0,0.0,0.0,0.0,0.0,1.0
177786,0,1,3400,-62,62,492,18,24,4.0,0.0,0.0,27,6.1,0.0,0.0,0.0,0.0,0.0,0.0,1.0
178035,0,1,3400,-62,62,500,18,24,4.0,0.0,0.0,27,6.0,0.0,0.0,0.0,0.0,0.0,0.0,1.0
178284,0,1,3400,-62,62,495,18,24,4.0,0.0,0.0,27,6.1,0.0,0.0,0.0,0.0,0.0,0.0,1.0
178533,0,1,3400,-62,62,495,18,24,4.0,0.0,0.0,27,6.0,0.0,0.0,0.0,0.0,0.0,0.0,1.0
178782,0,1,3400,-62,62,498,18,24,4.0,0.0,0.0,27,6.0,0.0,0.0,0.0,0.0,0.0,0.0,1.0
179031,0,1,3400,-62,62,500,18,24,4.0,0.0,0.0,27,6.0,0.0,0.0,0.0,0.0,0.0,0.0,1.0
179280,0,1,3400,-62,62,494,18,24,4.0,0.0,0.0,27,6.1,0.0,0.0,0.0,0.0,0.0,0.0,1.0
179529,0,1,3400,-62,62,497,18,24,4.0,0.0,0.0,27,6.0,0.0,0.0,0.0,0.0,0.0,0.0,1.0
179778,0,1,3400,-62,62,494,18,24,4.0,0.0,0.0,27,6.0,0.0,0.0,0.0,0.0,0.0,0.0,1.0
180027,0,1,3400,-62,62,501,18,24,4.0,0.0,0.0,27,6.0,0.0,0.0,0.0,0.0,0.0,0.0,1.0
180276,0,1,3400,-62,62,498,18,24,4.0,0.0,0.0,27,6.1,0.0,0.0,0.0,0.0,0.0,0.0,1.0
180525,0,1,3400,-62,62,500,18,24,4.0,0.0,0.0,27,6.0,0.0,0.0,0.0,0.0,0.0,0.0,1.0
180774,0,1,3400,-62,62,498,18,24,4.0,0.0,0.0,27,6.0,0.0,0.0,0.0,0.0,0.0,0.0,1.0
181023,0,1,3400,-62,62,498,18,24,4.0,0.0,0.0,27,6.0,0.0,0.0,0.0,0.0,0.0,0.0,1.0
181272,0,1,3400,-62,62,499,18,25,4.0,0.0,0.0,27,6.0,0.0,0.0,0.0,0.0,0.0,0.0,1.0
181521,0,1,3400,-62,62,499,18,24,4.0,0.0,0.0,27,6.0,0.0,0.0,0.0,0.0,0.0,0.0,1.0
181770,0,1,3400,-62,62,495,18,25,4.0,0.0,0.0,27,6.0,0.0,0.0,0.0,0.0,0.0,0.0,1.0
182019,0,1,3400,-62,62,495,18,24,4.0,0.0,0.0,27,6.0,0.0,0.0,0.0,0.0,0.0,0.0,1.0
182268,0,1,3400,-62,62,490,18,24,4.0,0.0,0.0,27,6.0,0.0,0.0,0.0,0.0,0.0,0.0,1.0
182517,0,1,3400,-62,62,492,18,24,4.0,0.0,0.0,27,6.0,0.0,0.0,0.0,0.0,0.0,0.0,1.0
182766,0,1,3400,-62,62,496,18,24,4.0,0.0,0.0,27,6.1,0.0,0.0,0.0,0.0,0.0,0.0,1.0
183015,0,1,3400,-62,62,498,18,23,4.0,0.0,0.0,27,6.1,0.0,0.0,0.0,0.0,0.0,0.0,1.0
183264,0,1,3400,-62,62,500,18,24,4.0,0.0,0.0,27,6.0,0.0,0.0,0.0,0.0,0.0,0.0,1.0
183513,0,1,3400,-62,62,502,18,24,4.0,0.0,0.0,27,6.0,0.0,0.0,0.0,0.0,0.0,0.0,1.0
183762,0,1,3400,-62,62,496,18,24,4.0,0.0,0.0,27,6.0,0.0,0.0,0.0,0.0,0.0,0.0,1.0
184011,0,1,3400,-62,62,491,18,24,4.0,0.0,0.0,27,6.0,0.0,0.0,0.0,0.0,0.0,0.0,1.0
184260,0,1,3400,-62,62,492,18,24,4.0,0.0,0.0,27,6.0,0.0,0.0,0.0,0.0,0.0,0.0,1.0
184509,0,1,3400,-62,62,494,18,24,4.0,0.0,0.0,27,6.0,0.0,0.0,0.0,0.0,0.0,0.0,1.0
184758,0,1,3400,-62,62,493,18,24,4.0,0.0,0.0,27,6.0,0.0,0.0,0.0,0.0,0.0,0.0,1.0
185007,0,1,3400,-62,62,496,18,24,4.0,0.0,0.0,27,6.0,0.0,0.0,0.0,0.0,0.0,0.0,1.0
185256,0,1,3400,-62,62,489,18,24,4.0,0.0,0.0,27,6.0,0.0,0.0,0.0,0.0,0.0,0.0,1.0
185505,0,1,3400,-62,62,487,18,24,4.0,0.0,0.0,27,6.0,0.0,0.0,0.0,0.0,0.0,0.0,1.0
185754,0,1,3400,-62,62,492,18,24,4.0,0.0,0.0,27,6.1,0.0,0.0,0.0,0.0,0.0,0.0,1.0
186003,0,1,3400,-62,62,496,18,24,4.0,0.0,0.0,27,6.0,0.0,0.0,0.0,0.0,0.0,0.0,1.0
186252,0,1,3400,-62,62,496,18,24,4.0,0.0,0.0,27,6.0,0.0,0.0,0.0,0.0,0.0,0.0,1.0
186501,0,1,3400,-62,62,503,18,24,4.0,0.0,0.0,27,6.0,0.0,0.0,0.0,0.0,0.0,0.0,1.0
186750,0,1,3400,-62,62,497,18,24,3.9,0.0,0.0,27,6.1,0.0,0.0,0.0,0.0,0.0,0.0,1.0
186999,0,1,3400,-62,62,495,18,25,4.0,0.0,0.0,27,6.0,0.0,0.0,0.0,0.0,0.0,0.0,1.0
187248,0,1,3400,-62,62,494,18,24,4.0,0.0,0.0,27,6.1,0.0,0.0,0.0,0.0,0.0,0.0,1.0
187497,0,1,3400,-62,62,495,18,24,4.0,0.0,0.0,27,6.1,0.0,0.0,0.0,0.0,0.0,0.0,1.0
187746,0,1,3400,-62,62,496,18,23,4.0,0.0,0.0,27,6.0,0.0,0.0,0.0,0.0,0.0,0.0,1.0
187995,0,1,3400,-62,62,490,18,23,4.0,0.0,0.0,27,6.1,0.0,0.0,0.0,0.0,0.0,0.0,1.0
188244,0,1,3400,-62,62,484,18,24,4.0,0.0,0.0,27,6.0,0.0,0.0,0.0,0.0,0.0,0.0,1.0
188493,0,1,3400,-62,62,490,18,24,4.0,0.0,0.0,27,6.0,0.0,0.0,0.0,0.0,0.0,0.0,1.0
188742,0,1,3400,-62,62,495,18,24,4.0,0.0,0.0,27,6.1,0.0,0.0,0.0,0.0,0.0,0.0,1.0
188991,0,1,3400,-62,62,498,18,24,4.0,0.0,0.0,27,6.0,0.0,0.0,0.0,0.0,0.0,0.0,1.0
189240,0,1,3400,-62,62,496,18,24,4.0,0.0,0.0,27,6.0,0.0,0.0,0.0,0.0,0.0,0.0,1.0
189489,0,1,3400,-62,62,493,18,24,4.0,0.0,0.0,27,6.1,0.0,0.0,0.0,0.0,0.0,0.0,1.0
189738,0,1,3400,-62,62,501,18,24,4.0,0.0,0.0,27,6.0,0.0,0.0,0.0,0.0,0.0,0.0,1.0
189987,0,1,3400,-62,62,497,18,24,4.0,0.0,0.0,27,6.1,0.0,0.0,0.0,0.0,0.0,0.0,1.0
190236,0,1,3400,-62,62,498,18,23,4.0,0.0,0.0,27,6.0,0.0,0.0,0.0,0.0,0.0,0.0,1.0
190485,0,1,3400,-62,62,498,18,23,4.0,0.0,0.0,27,6.0,0.0,0.0,0.0,0.0,0.0,0.0,1.0
190734,0,1,3400,-62,62,496,18,24,4.0,0.0,0.0,27,6.0,0.0,0.0,0.0,0.0,0.0,0.0,1.0
190983,0,1,3400,-62,62,494,18,24,4.0,0.0,0.0,27,6.0,0.0,0.0,0.0,0.0,0.0,0.0,1.0
191232,0,1,3400,-62,62,492,18,24,4.0,0.0,0.0,27,6.0,0.0,0.0,0.0,0.0,0.0,0.0,1.0
191481,0,1,3400,-62,62,490,18,24,4.0,0.0,0.0,27,6.0,0.0,0.0,0.0,0.0,0.0,0.0,1.0
191730,0,1,3400,-62,62,492,18,24,4.0,0.0,0.0,27,6.0,0.0,0.0,0.0,0.0,0.0,0.0,1.0
191979,0,1,3400,-62,62,496,18,23,4.0,0.0,0.0,27,6.0,0.0,0.0,0.0,0.0,0.0,0.0,1.0
192228,0,1,3400,-62,62,496,18,24,4.0,0.0,0.0,27,6.0,0.0,0.0,0.0,0.0,0.0,0.0,1.0
192477,0,1,3400,-62,62,493,18,24,4.0,0.0,0.0,27,6.1,0.0,0.0,0.0,0.0,0.0,0.0,1.0
192726,0,1,3400,-62,62,493,18,24,4.0,0.0,0.0,27,6.0,0.0,0.0,0.0,0.0,0.0,0.0,1.0
192975,0,1,3400,-62,62,492,18,24,4.0,0.0,0.0,27,6.0,0.0,0.0,0.0,0.0,0.0,0.0,1.0
193224,0,1,3400,-62,62,494,18,24,4.0,0.0,0.0,27,6.0,0.0,0.0,0.0,0.0,0.0,0.0,1.0
193473,0,1,3400,-62,62,498,18,24,4.0,0.0,0.0,27,6.0,0.0,0.0,0.0,0.0,0.0,0.0,1.0
193722,0,1,3400,-62,62,498,18,24,4.0,0.0,0.0,27,6.0,0.0,0.0,0.0,0.0,0.0,0.0,1.0
193971,0,1,3400,-62,62,498,18,24,4.0,0.0,0.0,27,6.0,0.0,0.0,0.0,0.0,0.0,0.0,1.0
194220,0,1,3400,-62,62,499,18,24,4.0,0.0,0.0,27,6.0,0.0,0.0,0.0,0.0,0.0,0.0,1.0
194469,0,1,3400,-62,62,496,18,24,4.0,0.0,0.0,27,6.1,0.0,0.0,0.0,0.0,0.0,0.0,1.0
194718,0,1,3400,-62,62,495,18,24,4.0,0.0,0.0,27,6.1,0.0,0.0,0.0,0.0,0.0,0.0,1.0
194967,0,1,3400,-62,62,494,18,24,4.0,0.0,0.0,27,6.0,0.0,0.0,0.0,0.0,0.0,0.0,1.0
195216,0,1,3400,-62,62,492,18,24,4.0,0.0,0.0,27,6.0,0.0,0.0,0.0,0.0,0.0,0.0,1.0
195465,0,1,3400,-62,62,494,18,24,4.0,0.0,0.0,27,6.0,0.0,0.0,0.0,0.0,0.0,0.0,1.0
195714,0,1,3400,-62,62,497,18,23,4.0,0.0,0.0,27,6.1,0.0,0.0,0.0,0.0,0.0,0.0,1.0
195963,0,1,3400,-62,62,492,18,24,4.0,0.0,0.0,27,6.1,0.0,0.0,0.0,0.0,0.0,0.0,1.0
196212,0,1,3400,-62,62,495,18,24,4.0,0.0,0.0,27,6.0,0.0,0.0,0.0,0.0,0.0,0.0,1.0
196461,0,1,3400,-62,62,498,18,24,4.0,0.0,0.0,27,6.1,0.0,0.0,0.0,0.0,0.0,0.0,1.0
196710,0,1,3400,-62,62,494,18,24,4.0,0.0,0.0,27,6.0,0.0,0.0,0.0,0.0,0.0,0.0,1.0
196959,0,1,3400,-62,62,499,18,24,4.0,0.0,0.0,27,6.0,0.0,0.0,0.0,0.0,0.0,0.0,1.0
197208,0,1,3400,-62,62,496,18,24,4.0,0.0,0.0,27,6.0,0.0,0.0,0.0,0.0,0.0,0.0,1.0
197457,0,1,3400,-62,62,486,18,24,4.0,0.0,0.0,27,6.0,0.0,0.0,0.0,0.0,0.0,0.0,1.0
197706,0,1,3400,-62,62,487,18,23,4.0,0.0,0.0,27,6.0,0.0,0.0,0.0,0.0,0.0,0.0,1.0
197955,0,1,3400,-62,62,489,18,24,4.0,0.0,0.0,27,6.0,0.0,0.0,0.0,0.0,0.0,0.0,1.0
198204,0,1,3400,-62,62,490,18,24,4.0,0.0,0.0,27,6.0,0.0,0.0,0.0,0.0,0.0,0.0,1.0
198453,0,1,3400,-62,62,492,18,24,4.0,0.0,0.0,27,6.0,0.0,0.0,0.0,0.0,0.0,0.0,1.0
198702,0,1,3400,-62,62,490,18,24,4.0,0.0,0.0,27,6.0,0.0,0.0,0.0,0.0,0.0,0.0,1.0
198951,0,1,3400,-62,62,495,18,24,4.0,0.0,0.0,27,6.0,0.0,0.0,0.0,0.0,0.0,0.0,1.0
199200,0,1,3400,-62,62,501,18,24,4.0,0.0,0.0,27,6.1,0.0,0.0,0.0,0.0,0.0,0.0,1.0
199449,0,1,3400,-62,62,503,18,24,4.0,0.0,0.0,27,6.0,0.0,0.0,0.0,0.0,0.0,0.0,1.0
199698,0,1,3400,-62,62,500,18,24,4.0,0.0,0.0,27,6.0,0.0,0.0,0.0,0.0,0.0,0.0,1.0
199947,0,1,3400,-62,62,499,18,24,4.0,0.0,0.0,27,6.0,0.0,0.0,0.0,0.0,0.0,0.0,1.0
200196,0,1,3400,-62,62,504,18,24,4.0,0.0,0.0,27,6.1,0.0,0.0,0.0,0.0,0.0,0.0,1.0
200445,0,1,3400,-62,62,502,18,24,4.0,0.0,0.0,27,6.0,0.0,0.0,0.0,0.0,0.0,0.0,1.0
200694,0,1,3400,-62,62,499,18,24,4.0,0.0,0.0,27,6.0,0.0,0.0,0.0,0.0,0.0,0.0,1.0
200943,0,1,3400,-62,62,501,18,24,4.0,0.0,0.0,27,6.1,0.0,0.0,0.0,0.0,0.0,0.0,1.0
201192,0,1,3400,-62,62,496,18,24,4.0,0.0,0.0,27,6.0,0.0,0.0,0.0,0.0,0.0,0.0,1.0
201441,0,1,3400,-62,62,495,18,24,4.0,0.0,0.0,27,6.0,0.0,0.0,0.0,0.0,0.0,0.0,1.0
201690,0,1,3400,-62,62,493,18,24,4.0,0.0,0.0,27,6.0,0.0,0.0,0.0,0.0,0.0,0.0,1.0
201939,0,1,3400,-62,62,497,18,24,4.0,0.0,0.0,27,6.1,0.0,0.0,0.0,0.0,0.0,0.0,1.0
202188,0,1,3400,-62,62,496,18,24,4.0,0.0,0.0,27,6.1,0.0,0.0,0.0,0.0,0.0,0.0,1.0
202437,0,1,3400,-62,62,496,18,24,4.0,0.0,0.0,27,6.0,0.0,0.0,0.0,0.0,0.0,0.0,1.0
202686,0,1,3400,-62,62,494,18,24,4.0,0.0,0.0,27,6.0,0.0,0.0,0.0,0.0,0.0,0.0,1.0
202935,0,1,3400,-62,62,498,18,24,4.0,0.0,0.0,27,6.0,0.0,0.0,0.0,0.0,0.0,0.0,1.0
203184,0,1,3400,-62,62,499,18,24,4.0,0.0,0.0,27,6.0,0.0,0.0,0.0,0.0,0.0,0.0,1.0
203433,0,1,3400,-62,62,492,18,24,4.0,0.0,0.0,27,6.0,0.0,0.0,0.0,0.0,0.0,0.0,1.0
203682,0,1,3400,-62,62,493,18,24,4.0,0.0,0.0,27,6.1,0.0,0.0,0.0,0.0,0.0,0.0,1.0
203931,0,1,3400,-62,62,496,18,23,4.0,0.0,100.000000,27,6.0,0.0,0.0,0.0,0.0,0.0,0.0,1.0
204180,0,1,3400,-62,62,498,18,24,4.0,0.0,0.0,27,6.0,0.0,0.0,0.0,0.0,0.0,0.0,1.0
204429,0,1,3400,-62,62,492,18,24,4.0,0.0,0.0,27,6.0,0.0,0.0,0.0,0.0,0.0,0.0,1.0
204678,0,1,3400,-62,62,495,18,24,4.0,0.0,0.0,27,6.0,0.0,0.0,0.0,0.0,0.0,0.0,1.0
204927,0,1,3400,-62,62,498,18,24,4.0,0.0,0.0,27,6.0,0.0,0.0,0.0,0.0,0.0,0.0,1.0
205176,0,1,3400,-62,62,503,18,24,4.0,0.0,0.0,27,6.0,0.0,0.0,0.0,0.0,0.0,0.0,1.0
205425,0,1,3400,-62,62,497,18,24,4.0,0.0,0.0,27,6.1,0.0,0.0,0.0,0.0,0.0,0.0,1.0
205674,0,1,3400,-62,62,496,18,24,4.0,0.0,0.0,27,6.1,0.0,0.0,0.0,0.0,0.0,0.0,1.0
205923,0,1,3400,-62,62,495,18,23,4.0,0.0,0.0,27,6.0,0.0,0.0,0.0,0.0,0.0,0.0,1.0
206172,0,1,3400,-62,62,500,18,24,4.0,0.0,0.0,27,6.0,0.0,0.0,0.0,0.0,0.0,0.0,1.0
206421,0,1,3400,-62,62,498,18,24,4.0,0.0,0.0,27,6.0,0.0,0.0,0.0,0.0,0.0,0.0,1.0
206670,0,1,3400,-62,62,497,18,24,4.0,0.0,0.0,27,6.0,0.0,0.0,0.0,0.0,0.0,0.0,1.0
206919,0,1,3400,-62,62,497,18,24,4.0,0.0,0.0,27,6.1,0.0,0.0,0.0,0.0,0.0,0.0,1.0
207168,0,1,3400,-62,62,495,18,24,4.0,0.0,0.0,27,6.1,0.0,0.0,0.0,0.0,0.0,0.0,1.0
207417,0,1,3400,-62,62,491,18,24,4.0,0.0,0.0,27,6.0,0.0,0.0,0.0,0.0,0.0,0.0,1.0
207666,0,1,3400,-62,62,490,18,24,4.0,0.0,0.0,27,6.1,0.0,0.0,0.0,0.0,0.0,0.0,1.0
207915,0,1,3400,-62,62,491,18,24,4.0,0.0,0.0,27,6.0,0.0,0.0,0.0,0.0,0.0,0.0,1.0
208164,0,1,3400,-62,62,494,18,24,4.0,0.0,0.0,27,6.1,0.0,0.0,0.0,0.0,0.0,0.0,1.0
208413,0,1,3400,-62,62,495,18,24,3.9,0.0,0.0,27,6.1,0.0,0.0,0.0,0.0,0.0,0.0,1.0
208662,0,1,3400,-62,62,491,18,24,4.0,0.0,0.0,27,6.1,0.0,0.0,0.0,0.0,0.0,0.0,1.0
208911,0,1,3400,-62,62,493,18,24,4.0,0.0,0.0,27,6.0,0.0,0.0,0.0,0.0,0.0,0.0,1.0
209160,0,1,3400,-62,62,493,18,24,4.0,0.0,0.0,27,6.0,0.0,0.0,0.0,0.0,0.0,0.0,1.0
209409,0,1,3400,-62,62,494,18,24,4.0,0.0,0.0,27,6.0,0.0,0.0,0.0,0.0,0.0,0.0,1.0
209658,0,1,3400,-62,62,494,18,24,4.0,0.0,0.0,27,6.0,0.0,0.0,0.0,0.0,0.0,0.0,1.0
209907,0,1,3400,-62,62,493,18,24,4.0,0.0,0.0,27,6.0,0.0,0.0,0.0,0.0,0.0,0.0,1.0
210156,0,1,3400,-62,62,492,18,24,4.0,0.0,0.0,27,6.1,0.0,0.0,0.0,0.0,0.0,0.0,1.0
210405,0,1,3400,-62,62,498,18,24,4.0,0.0,0.0,27,6.0,0.0,0.0,0.0,0.0,0.0,0.0,1.0
210654,0,1,3400,-62,62,498,17,23,4.0,0.0,100.000000,27,6.1,0.0,0.0,0.0,0.0,0.0,0.0,1.0
210903,0,1,3400,-62,62,496,16,24,4.0,0.0,0.0,27,6.0,0.0,0.0,0.0,0.0,0.0,0.0,1.0
211152,0,1,3400,-62,62,495,16,24,4.0,0.0,0.0,27,6.1,0.0,0.0,0.0,0.0,0.0,0.0,1.0
211401,0,1,3400,-62,62,492,16,24,4.0,0.0,0.0,27,6.1,0.0,0.0,0.0,0.0,0.0,0.0,1.0
211650,0,1,3400,-62,62,496,16,24,4.0,0.0,0.0,27,6.0,0.0,0.0,0.0,0.0,0.0,0.0,1.0
211899,0,1,3400,-62,62,500,16,24,4.0,0.0,100.000000,27,6.1,0.0,0.0,0.0,0.0,0.0,0.0,1.0
212148,0,1,3400,-62,62,492,16,23,4.0,0.0,0.0,27,6.0,0.0,0.0,0.0,0.0,0.0,0.0,1.0
212397,0,1,3400,-62,62,495,16,24,4.0,0.0,0.0,27,6.1,0.0,0.0,0.0,0.0,0.0,0.0,1.0
212646,0,1,3400,-62,62,499,16,24,4.0,0.0,0.0,27,6.0,0.0,0.0,0.0,0.0,0.0,0.0,1.0
212895,0,1,3400,-62,62,500,16,24,4.0,0.0,0.0,27,6.0,0.0,0.0,0.0,0.0,0.0,0.0,1.0
213144,0,1,3400,-62,62,493,16,24,4.0,0.0,0.0,27,6.0,0.0,0.0,0.0,0.0,0.0,0.0,1.0
213393,0,1,3400,-62,62,496,16,24,4.0,0.0,0.0,27,6.0,0.0,0.0,0.0,0.0,0.0,0.0,1.0
213642,0,1,3400,-62,62,499,16,24,4.0,0.0,0.0,27,6.0,0.0,0.0,0.0,0.0,0.0,0.0,1.0
213891,0,1,3400,-62,62,497,16,24,4.0,0.0,0.0,27,6.0,0.0,0.0,0.0,0.0,0.0,0.0,1.0
214140,0,1,3400,-62,62,494,16,23,4.0,0.0,0.0,27,6.0,0.0,0.0,0.0,0.0,0.0,0.0,1.0
214389,0,1,3400,-62,62,495,16,24,4.0,0.0,0.0,27,6.0,0.0,0.0,0.0,0.0,0.0,0.0,1.0
214638,0,1,3400,-62,62,497,16,24,4.0,0.0,0.0,27,6.0,0.0,0.0,0.0,0.0,0.0,0.0,1.0
214887,0,1,3400,-62,62,499,16,24,4.0,0.0,0.0,27,6.1,0.0,0.0,0.0,0.0,0.0,0.0,1.0
215136,0,1,3400,-62,62,499,16,24,4.0,0.0,0.0,27,6.0,0.0,0.0,0.0,0.0,0.0,0.0,1.0
215385,0,1,3400,-62,62,500,16,24,4.0,0.0,0.0,27,6.1,0.0,0.0,0.0,0.0,0.0,0.0,1.0
215634,0,1,3400,-62,62,495,16,24,4.0,0.0,0.0,27,6.0,0.0,0.0,0.0,0.0,0.0,0.0,1.0
215883,0,1,3400,-62,62,489,16,24,4.0,0.0,0.0,27,6.0,0.0,0.0,0.0,0.0,0.0,0.0,1.0
216132,0,1,3400,-62,62,493,16,24,4.0,0.0,0.0,27,6.0,0.0,0.0,0.0,0.0,0.0,0.0,1.0
216381,0,1,3400,-62,62,495,16,24,4.0,0.0,0.0,27,6.1,0.0,0.0,0.0,0.0,0.0,0.0,1.0
216630,0,1,3400,-62,62,493,16,24,4.0,0.0,0.0,27,6.1,0.0,0.0,0.0,0.0,0.0,0.0,1.0
216879,0,1,3400,-62,62,492,16,24,4.0,0.0,0.0,27,6.0,0.0,0.0,0.0,0.0,0.0,0.0,1.0
217128,0,1,3400,-62,62,492,16,24,4.0,0.0,0.0,27,6.0,0.0,0.0,0.0,0.0,0.0,0.0,1.0
217377,0,1,3400,-62,62,493,19,24,4.0,0.0,100.000000,27,6.0,0.0,0.0,0.0,0.0,0.0,0.0,1.0
217626,0,1,3400,-62,62,498,19,24,4.0,0.0,0.0,27,6.1,0.0,0.0,0.0,0.0,0.0,0.0,1.0
217875,0,1,3400,-62,62,494,19,24,4.0,0.0,0.0,27,6.1,0.0,0.0,0.0,0.0,0.0,0.0,1.0
218124,0,1,3400,-62,62,493,20,24,4.0,0.0,0.0,27,6.0,0.0,0.0,0.0,0.0,0.0,0.0,1.0
218373,0,1,3400,-62,62,488,19,24,4.0,0.0,0.0,27,6.1,0.0,0.0,0.0,0.0,0.0,0.0,1.0
218622,0,1,3400,-62,62,488,20,24,4.0,0.0,0.0,27,6.0,0.0,0.0,0.0,0.0,0.0,0.0,1.0
218871,0,1,3400,-62,62,492,20,24,4.0,0.0,0.0,27,6.0,0.0,0.0,0.0,0.0,0.0,0.0,1.0
219120,0,1,3400,-62,62,490,19,24,4.0,0.0,0.0,27,6.1,0.0,0.0,0.0,0.0,0.0,0.0,1.0
219369,0,1,3400,-62,62,497,20,24,4.0,0.0,0.0,27,6.0,0.0,0.0,0.0,0.0,0.0,0.0,1.0
219618,0,1,3400,-62,62,494,19,24,4.0,0.0,0.0,27,6.0,0.0,0.0,0.0,0.0,0.0,0.0,1.0
219867,0,1,3400,-62,62,490,20,24,4.0,0.0,0.0,27,6.0,0.0,0.0,0.0,0.0,0.0,0.0,1.0
220116,0,1,3400,-62,62,488,20,24,4.0,0.0,0.0,27,6.0,0.0,0.0,0.0,0.0,0.0,0.0,1.0
220365,0,1,3400,-62,62,488,19,24,4.0,0.0,0.0,27,6.1,0.0,0.0,0.0,0.0,0.0,0.0,1.0
220614,0,1,3400,-62,62,485,19,24,4.0,0.0,0.0,27,6.1,0.0,0.0,0.0,0.0,0.0,0.0,1.0
220863,0,1,3400,-62,62,495,20,24,4.0,0.0,0.0,27,6.0,0.0,0.0,0.0,0.0,0.0,0.0,1.0
221112,0,1,3400,-62,62,495,20,24,4.0,0.0,0.0,27,6.0,0.0,0.0,0.0,0.0,0.0,0.0,1.0
221361,0,1,3400,-62,62,489,20,24,4.0,0.0,0.0,27,6.0,0.0,0.0,0.0,0.0,0.0,0.0,1.0
221610,0,1,3400,-62,62,490,20,24,4.0,0.0,0.0,27,6.0,0.0,0.0,0.0,0.0,0.0,0.0,1.0
221859,0,1,3400,-62,62,493,20,24,4.0,0.0,0.0,27,6.0,0.0,0.0,0.0,0.0,0.0,0.0,1.0
222108,0,1,3400,-62,62,491,20,24,4.0,0.0,0.0,27,6.0,0.0,0.0,0.0,0.0,0.0,0.0,1.0
222357,0,1,3400,-62,62,493,20,24,4.0,0.0,0.0,27,6.0,0.0,0.0,0.0,0.0,0.0,0.0,1.0
222606,0,1,3400,-62,62,499,20,24,4.0,0.0,0.0,27,6.0,0.0,0.0,0.0,0.0,0.0,0.0,1.0
222855,0,1,3400,-62,62,496,20,24,4.0,0.0,0.0,27,6.0,0.0,0.0,0.0,0.0,0.0,0.0,1.0
223104,0,1,3400,-62,62,496,20,24,4.0,0.0,0.0,27,6.0,0.0,0.0,0.0,0.0,0.0,0.0,1.0
223353,0,1,3400,-62,62,496,20,24,4.0,0.0,0.0,27,6.0,0.0,0.0,0.0,0.0,0.0,0.0,1.0
223602,0,1,3400,-62,62,496,19,24,4.0,0.0,0.0,27,6.1,0.0,0.0,0.0,0.0,0.0,0.0,1.0
223851,0,1,3400,-62,62,495,19,24,4.0,0.0,0.0,27,6.0,0.0,0.0,0.0,0.0,0.0,0.0,1.0
224100,0,1,3400,-62,62,493,20,24,4.0,0.0,0.0,27,6.0,0.0,0.0,0.0,0.0,0.0,0.0,1.0
224349,0,1,3400,-62,62,494,20,24,4.0,0.0,0.0,27,6.0,0.0,0.0,0.0,0.0,0.0,0.0,1.0
224598,0,1,3400,-62,62,492,19,24,4.0,0.0,0.0,27,6.1,0.0,0.0,0.0,0.0,0.0,0.0,1.0
224847,0,1,3400,-62,62,497,20,24,4.0,0.0,0.0,27,6.0,0.0,0.0,0.0,0.0,0.0,0.0,1.0
225096,0,1,3400,-62,62,492,20,24,4.0,0.0,0.0,27,6.0,0.0,0.0,0.0,0.0,0.0,0.0,1.0
225345,0,1,3400,-62,62,492,20,24,4.0,0.0,0.0,27,6.0,0.0,0.0,0.0,0.0,0.0,0.0,1.0
225594,0,1,3400,-62,62,495,20,24,4.0,0.0,0.0,27,6.0,0.0,0.0,0.0,0.0,0.0,0.0,1.0
225843,0,1,3400,-62,62,495,19,23,4.0,0.0,0.0,27,6.1,0.0,0.0,0.0,0.0,0.0,0.0,1.0
226092,0,1,3400,-62,62,489,20,24,4.0,0.0,0.0,27,6.0,0.0,0.0,0.0,0.0,0.0,0.0,1.0
226341,0,1,3400,-62,62,491,20,24,4.0,0.0,0.0,27,6.0,0.0,0.0,0.0,0.0,0.0,0.0,1.0
226590,0,1,3400,-62,62,496,20,24,4.0,0.0,0.0,27,6.0,0.0,0.0,0.0,0.0,0.0,0.0,1.0
226839,0,1,3400,-62,62,492,20,24,4.0,0.0,0.0,27,6.0,0.0,0.0,0.0,0.0,0.0,0.0,1.0
227088,0,1,3400,-62,62,492,19,24,4.0,0.0,0.0,27,6.1,0.0,0.0,0.0,0.0,0.0,0.0,1.0
227337,0,1,3400,-62,62,493,20,24,4.0,0.0,0.0,27,6.0,0.0,0.0,0.0,0.0,0.0,0.0,1.0
227586,0,1,3400,-62,62,499,20,24,4.0,0.0,0.0,27,6.0,0.0,0.0,0.0,0.0,0.0,0.0,1.0
227835,0,1,3400,-62,62,494,20,24,4.0,0.0,0.0,27,6.0,0.0,0.0,0.0,0.0,0.0,0.0,1.0
228084,0,1,3400,-62,62,494,19,24,4.0,0.0,0.0,27,6.1,0.0,0.0,0.0,0.0,0.0,0.0,1.0
228333,0,1,3400,-62,62,492,20,24,4.0,0.0,0.0,27,6.0,0.0,0.0,0.0,0.0,0.0,0.0,1.0
228582,0,1,3400,-62,62,492,19,24,4.0,0.0,0.0,27,6.1,0.0,0.0,0.0,0.0,0.0,0.0,1.0
228831,0,1,3400,-62,62,497,19,24,4.0,0.0,0.0,27,6.1,0.0,0.0,0.0,0.0,0.0,0.0,1.0
229080,0,1,3400,-62,62,493,19,24,4.0,0.0,0.0,27,6.1,0.0,0.0,0.0,0.0,0.0,0.0,1.0
229329,0,1,3400,-62,62,493,20,24,4.0,0.0,0.0,27,6.0,0.0,0.0,0.0,0.0,0.0,0.0,1.0
229578,0,1,3400,-62,62,493,20,24,4.0,0.0,0.0,27,6.0,0.0,0.0,0.0,0.0,0.0,0.0,1.0
229827,0,1,3400,-62,62,495,20,25,4.0,0.0,0.0,27,6.0,0.0,0.0,0.0,0.0,0.0,0.0,1.0
230076,0,1,3400,-62,62,492,19,24,4.0,0.0,0.0,27,6.1,0.0,0.0,0.0,0.0,0.0,0.0,1.0
230325,0,1,3400,-62,62,492,20,24,4.0,0.0,0.0,27,6.0,0.0,0.0,0.0,0.0,0.0,0.0,1.0
230574,0,1,3400,-62,62,492,19,24,4.0,0.0,0.0,27,6.1,0.0,0.0,0.0,0.0,0.0,0.0,1.0
230823,0,1,3400,-62,62,494,20,24,4.0,0.0,0.0,27,6.0,0.0,0.0,0.0,0.0,0.0,0.0,1.0
231072,0,1,3400,-62,62,497,20,24,4.0,0.0,0.0,27,6.0,0.0,0.0,0.0,0.0,0.0,0.0,1.0
231321,0,1,3400,-62,62,498,20,24,4.0,0.0,0.0,27,6.0,0.0,0.0,0.0,0.0,0.0,0.0,1.0
231570,0,1,3400,-62,62,496,20,24,4.0,0.0,0.0,27,6.0,0.0,0.0,0.0,0.0,0.0,0.0,1.0
231819,0,1,3400,-62,62,493,20,24,4.0,0.0,0.0,27,6.0,0.0,0.0,0.0,0.0,0.0,0.0,1.0
232068,0,1,3400,-62,62,490,20,24,4.0,0.0,0.0,27,6.0,0.0,0.0,0.0,0.0,0.0,0.0,1.0
232317,0,1,3400,-62,62,497,20,24,4.0,0.0,0.0,27,6.0,0.0,0.0,0.0,0.0,0.0,0.0,1.0
232566,0,1,3400,-62,62,497,19,24,4.0,0.0,0.0,27,6.1,0.0,0.0,0.0,0.0,0.0,0.0,1.0
232815,0,1,3400,-62,62,500,19,24,4.0,0.0,0.0,27,6.1,0.0,0.0,0.0,0.0,0.0,0.0,1.0
233064,0,1,3400,-62,62,498,20,24,4.0,0.0,0.0,27,6.0,0.0,0.0,0.0,0.0,0.0,0.0,1.0
233313,0,1,3400,-62,62,488,20,24,4.0,0.0,0.0,27,6.0,0.0,0.0,0.0,0.0,0.0,0.0,1.0
233562,0,1,3400,-62,62,490,20,24,4.0,0.0,0.0,27,6.0,0.0,0.0,0.0,0.0,0.0,0.0,1.0
233811,0,1,3400,-62,62,496,19,24,4.0,0.0,0.0,27,6.1,0.0,0.0,0.0,0.0,0.0,0.0,1.0
234060,0,1,3400,-62,62,497,20,24,4.0,0.0,0.0,27,6.0,0.0,0.0,0.0,0.0,0.0,0.0,1.0
234309,0,1,3400,-62,62,503,20,24,4.0,0.0,0.0,27,6.0,0.0,0.0,0.0,0.0,0.0,0.0,1.0
234558,0,1,3400,-62,62,501,20,24,4.0,0.0,0.0,27,6.0,0.0,0.0,0.0,0.0,0.0,0.0,1.0
234807,0,1,3400,-62,62,497,20,24,4.0,0.0,0.0,27,6.0,0.0,0.0,0.0,0.0,0.0,0.0,1.0
235056,0,1,3400,-62,62,495,20,24,4.0,0.0,0.0,27,6.0,0.0,0.0,0.0,0.0,0.0,0.0,1.0
235305,0,1,3400,-62,62,492,20,24,4.0,0.0,0.0,27,6.0,0.0,0.0,0.0,0.0,0.0,0.0,1.0
235554,0,1,3400,-62,62,496,20,24,4.0,0.0,0.0,27,6.0,0.0,0.0,0.0,0.0,0.0,0.0,1.0
235803,0,1,3400,-62,62,495,19,24,4.0,0.0,0.0,27,6.1,0.0,0.0,0.0,0.0,0.0,0.0,1.0
236052,0,1,3400,-62,62,495,19,24,4.0,0.0,0.0,27,6.1,0.0,0.0,0.0,0.0,0.0,0.0,1.0
236301,0,1,3400,-62,62,495,19,24,4.0,0.0,0.0,27,6.0,0.0,0.0,0.0,0.0,0.0,0.0,1.0
236550,0,1,3400,-62,62,498,19,24,4.0,0.0,0.0,27,6.1,0.0,0.0,0.0,0.0,0.0,0.0,1.0
236799,0,1,3400,-62,62,494,20,23,4.0,0.0,0.0,27,6.0,0.0,0.0,0.0,0.0,0.0,0.0,1.0
237048,0,1,3400,-62,62,494,19,23,4.0,0.0,0.0,27,6.1,0.0,0.0,0.0,0.0,0.0,0.0,1.0
237297,0,1,3400,-62,62,492,20,24,4.0,0.0,0.0,27,6.0,0.0,0.0,0.0,0.0,0.0,0.0,1.0
237546,0,1,3400,-62,62,494,19,24,4.0,0.0,0.0,27,6.1,0.0,0.0,0.0,0.0,0.0,0.0,1.0
237795,0,1,3400,-62,62,487,19,24,4.0,0.0,0.0,27,6.1,0.0,0.0,0.0,0.0,0.0,0.0,1.0
238044,0,1,3400,-62,62,489,20,25,4.0,0.0,0.0,27,6.0,0.0,0.0,0.0,0.0,0.0,0.0,1.0
238293,0,1,3400,-62,62,492,19,24,4.0,0.0,0.0,27,6.1,0.0,0.0,0.0,0.0,0.0,0.0,1.0
238542,0,1,3400,-62,62,494,20,24,4.0,0.0,0.0,27,6.0,0.0,0.0,0.0,0.0,0.0,0.0,1.0
238791,0,1,3400,-62,62,496,20,24,4.0,0.0,0.0,27,6.0,0.0,0.0,0.0,0.0,0.0,0.0,1.0
239040,0,1,3400,-62,62,495,19,24,4.0,0.0,0.0,27,6.2,0.0,0.0,0.0,0.0,0.0,0.0,1.0
239289,0,1,3400,-62,62,489,20,24,4.0,0.0,0.0,27,6.0,0.0,0.0,0.0,0.0,0.0,0.0,1.0
239538,0,1,3400,-62,62,498,20,24,4.0,0.0,0.0,27,6.0,0.0,0.0,0.0,0.0,0.0,0.0,1.0
239787,0,1,3400,-62,62,497,20,24,4.0,0.0,0.0,27,6.0,0.0,0.0,0.0,0.0,0.0,0.0,1.0
240036,0,1,3400,-62,62,499,20,23,4.0,0.0,0.0,27,6.0,0.0,0.0,0.0,0.0,0.0,0.0,1.0
240285,0,1,3400,-62,62,496,20,24,4.0,0.0,0.0,27,6.0,0.0,0.0,0.0,0.0,0.0,0.0,1.0
240534,0,1,3400,-62,62,494,20,24,4.0,0.0,0.0,27,6.0,0.0,0.0,0.0,0.0,0.0,0.0,1.0
240783,0,1,3400,-62,62,493,20,24,4.0,0.0,0.0,27,6.0,0.0,0.0,0.0,0.0,0.0,0.0,1.0
241032,0,1,3400,-62,62,495,20,24,4.0,0.0,0.0,27,6.0,0.0,0.0,0.0,0.0,0.0,0.0,1.0
241281,0,1,3400,-62,62,495,19,24,4.0,0.0,0.0,27,6.0,0.0,0.0,0.0,0.0,0.0,0.0,1.0
241530,0,1,3400,-62,62,498,20,24,4.0,0.0,0.0,27,6.0,0.0,0.0,0.0,0.0,0.0,0.0,1.0
241779,0,1,3400,-62,62,489,20,24,4.0,0.0,0.0,27,6.0,0.0,0.0,0.0,0.0,0.0,0.0,1.0
242028,0,1,3400,-62,62,488,19,23,4.0,0.0,0.0,27,6.1,0.0,0.0,0.0,0.0,0.0,0.0,1.0
242277,0,1,3400,-62,62,493,20,24,4.0,0.0,0.0,27,6.0,0.0,0.0,0.0,0.0,0.0,0.0,1.0
242526,0,1,3400,-62,62,493,19,24,4.0,0.0,0.0,27,6.1,0.0,0.0,0.0,0.0,0.0,0.0,1.0
242775,0,1,3400,-62,62,495,19,24,4.0,0.0,0.0,27,6.1,0.0,0.0,0.0,0.0,0.0,0.0,1.0
243024,0,1,3400,-62,62,503,20,23,4.0,0.0,0.0,27,6.0,0.0,0.0,0.0,0.0,0.0,0.0,1.0
243273,0,1,3400,-62,62,496,20,24,4.0,0.0,0.0,27,6.0,0.0,0.0,0.0,0.0,0.0,0.0,1.0
243522,0,1,3400,-62,62,494,20,24,4.0,0.0,0.0,27,6.0,0.0,0.0,0.0,0.0,0.0,0.0,1.0
243771,0,1,3400,-62,62,498,19,24,4.0,0.0,0.0,27,6.1,0.0,0.0,0.0,0.0,0.0,0.0,1.0
244020,0,1,3400,-62,62,491,20,24,4.0,0.0,0.0,27,6.0,0.0,0.0,0.0,0.0,0.0,0.0,1.0
244269,0,1,3400,-62,62,493,20,24,4.0,0.0,0.0,27,6.0,0.0,0.0,0.0,0.0,0.0,0.0,1.0
244518,0,1,3400,-62,62,496,19,24,4.0,0.0,0.0,27,6.1,0.0,0.0,0.0,0.0,0.0,0.0,1.0
244767,0,1,3400,-62,62,491,19,24,4.0,0.0,0.0,27,6.1,0.0,0.0,0.0,0.0,0.0,0.0,1.0
245016,0,1,3400,-62,62,496,20,24,4.0,0.0,0.0,27,6.0,0.0,0.0,0.0,0.0,0.0,0.0,1.0
245265,0,1,3400,-62,62,497,19,24,4.0,0.0,0.0,27,6.1,0.0,0.0,0.0,0.0,0.0,0.0,1.0
245514,0,1,3400,-62,62,497,20,24,4.0,0.0,0.0,27,6.0,0.0,0.0,0.0,0.0,0.0,0.0,1.0
245763,0,1,3400,-62,62,494,20,24,4.0,0.0,0.0,27,6.0,0.0,0.0,0.0,0.0,0.0,0.0,1.0
246012,0,1,3400,-62,62,490,20,24,4.0,0.0,0.0,27,6.0,0.0,0.0,0.0,0.0,0.0,0.0,1.0
246261,0,1,3400,-62,62,494,19,24,4.0,0.0,0.0,27,6.1,0.0,0.0,0.0,0.0,0.0,0.0,1.0
246510,0,1,3400,-62,62,491,20,24,4.0,0.0,0.0,27,6.0,0.0,0.0,0.0,0.0,0.0,0.0,1.0
246759,0,1,3400,-62,62,492,19,23,4.0,0.0,0.0,27,6.1,0.0,0.0,0.0,0.0,0.0,0.0,1.0
247008,0,1,3400,-62,62,494,19,24,4.0,0.0,0.0,27,6.1,0.0,0.0,0.0,0.0,0.0,0.0,1.0
247257,0,1,3400,-62,62,495,19,24,4.0,0.0,0.0,27,6.0,0.0,0.0,0.0,0.0,0.0,0.0,1.0
247506,0,1,3400,-62,62,493,19,24,4.0,0.0,0.0,27,6.1,0.0,0.0,0.0,0.0,0.0,0.0,1.0
247755,0,1,3400,-62,62,488,20,24,4.0,0.0,0.0,27,6.0,0.0,0.0,0.0,0.0,0.0,0.0,1.0
248004,0,1,3400,-62,62,490,20,24,4.0,0.0,0.0,27,6.0,0.0,0.0,0.0,0.0,0.0,0.0,1.0
248253,0,1,3400,-62,62,501,20,24,4.0,0.0,0.0,27,6.0,0.0,0.0,0.0,0.0,0.0,0.0,1.0
248502,0,1,3400,-62,62,498,19,24,4.0,0.0,0.0,27,6.1,0.0,0.0,0.0,0.0,0.0,0.0,1.0
248751,0,1,3400,-62,62,492,19,24,4.0,0.0,0.0,27,6.0,0.0,0.0,0.0,0.0,0.0,0.0,1.0
249000,0,1,3400,-62,62,481,19,24,4.0,0.0,0.0,27,6.1,0.0,0.0,0.0,0.0,0.0,0.0,1.0
249249,0,1,3400,-62,62,488,20,24,4.0,0.0,0.0,27,6.0,0.0,0.0,0.0,0.0,0.0,0.0,1.0
249498,0,1,3400,-62,62,498,19,24,4.0,0.0,0.0,27,6.1,0.0,0.0,0.0,0.0,0.0,0.0,1.0
249747,0,1,3400,-62,62,494,19,24,4.0,0.0,0.0,27,6.1,0.0,0.0,0.0,0.0,0.0,0.0,1.0
249996,0,1,3400,-62,62,491,20,24,4.0,0.0,0.0,27,6.0,0.0,0.0,0.0,0.0,0.0,0.0,1.0
250245,0,1,3400,-62,62,494,19,24,4.0,0.0,0.0,27,6.1,0.0,0.0,0.0,0.0,0.0,0.0,1.0
250494,0,1,3400,-62,62,493,19,24,4.0,0.0,0.0,27,6.1,0.0,0.0,0.0,0.0,0.0,0.0,1.0
250743,0,1,3400,-62,62,490,20,24,4.0,0.0,0.0,27,6.0,0.0,0.0,0.0,0.0,0.0,0.0,1.0
250992,0,1,3400,-62,62,486,19,24,4.0,0.0,0.0,27,6.1,0.0,0.0,0.0,0.0,0.0,0.0,1.0
251241,0,1,3400,-62,62,491,20,24,4.0,0.0,0.0,27,6.0,0.0,0.0,0.0,0.0,0.0,0.0,1.0
251490,0,1,3400,-62,62,490,20,24,4.0,0.0,0.0,27,6.0,0.0,0.0,0.0,0.0,0.0,0.0,1.0
251739,0,1,3400,-62,62,490,20,24,4.0,0.0,0.0,27,6.0,0.0,0.0,0.0,0.0,0.0,0.0,1.0
251988,0,1,3400,-62,62,490,20,24,4.0,0.0,0.0,27,6.0,0.0,0.0,0.0,0.0,0.0,0.0,1.0
252237,0,1,3400,-62,62,495,19,24,4.0,0.0,0.0,27,6.1,0.0,0.0,0.0,0.0,0.0,0.0,1.0
252486,0,1,3400,-62,62,492,20,24,4.0,0.0,0.0,27,6.0,0.0,0.0,0.0,0.0,0.0,0.0,1.0
252735,0,1,3400,-62,62,488,19,24,4.0,0.0,0.0,27,6.0,0.0,0.0,0.0,0.0,0.0,0.0,1.0
252984,0,1,3400,-62,62,488,20,24,4.0,0.0,0.0,27,6.0,0.0,0.0,0.0,0.0,0.0,0.0,1.0
253233,0,1,3400,-62,62,487,20,24,4.0,0.0,0.0,27,6.0,0.0,0.0,0.0,0.0,0.0,0.0,1.0
253482,0,1,3400,-62,62,494,20,24,4.0,0.0,0.0,27,6.0,0.0,0.0,0.0,0.0,0.0,0.0,1.0
253731,0,1,3400,-62,62,493,19,24,4.0,0.0,0.0,27,6.1,0.0,0.0,0.0,0.0,0.0,0.0,1.0
253980,0,1,3400,-62,62,489,20,24,4.0,0.0,100.000000,27,6.0,0.0,0.0,0.0,0.0,0.0,0.0,1.0
254229,0,1,3400,-62,62,488,20,24,4.0,0.0,0.0,27,6.0,0.0,0.0,0.0,0.0,0.0,0.0,1.0
254478,0,1,3400,-62,62,491,19,24,4.0,0.0,0.0,27,6.0,0.0,0.0,0.0,0.0,0.0,0.0,1.0
254727,0,1,3400,-62,62,496,19,24,4.0,0.0,0.0,27,6.1,0.0,0.0,0.0,0.0,0.0,0.0,1.0
254976,0,1,3400,-62,62,496,20,24,4.0,0.0,0.0,27,6.0,0.0,0.0,0.0,0.0,0.0,0.0,1.0
255225,0,1,3400,-62,62,490,19,24,4.0,0.0,0.0,27,6.1,0.0,0.0,0.0,0.0,0.0,0.0,1.0
255474,0,1,3400,-62,62,488,19,24,4.0,0.0,0.0,27,6.0,0.0,0.0,0.0,0.0,0.0,0.0,1.0
255723,0,1,3400,-62,62,487,19,24,4.0,0.0,0.0,27,6.1,0.0,0.0,0.0,0.0,0.0,0.0,1.0
255972,0,1,3400,-62,62,489,19,24,4.0,0.0,0.0,27,6.2,0.0,0.0,0.0,0.0,0.0,0.0,1.0
256221,0,1,3400,-62,62,494,19,24,4.0,0.0,0.0,27,6.1,0.0,0.0,0.0,0.0,0.0,0.0,1.0
256470,0,1,3400,-62,62,497,20,24,4.0,0.0,0.0,27,6.0,0.0,0.0,0.0,0.0,0.0,0.0,1.0
256719,0,1,3400,-62,62,496,20,24,4.0,0.0,0.0,27,6.0,0.0,0.0,0.0,0.0,0.0,0.0,1.0
256968,0,1,3400,-62,62,500,20,24,4.0,0.0,0.0,27,6.0,0.0,0.0,0.0,0.0,0.0,0.0,1.0
257217,0,1,3400,-62,62,499,19,24,4.0,0.0,0.0,27,6.0,0.0,0.0,0.0,0.0,0.0,0.0,1.0
257466,0,1,3400,-62,62,496,20,24,4.0,0.0,0.0,27,6.0,0.0,0.0,0.0,0.0,0.0,0.0,1.0
257715,0,1,3400,-62,62,493,20,24,4.0,0.0,0.0,27,6.0,0.0,0.0,0.0,0.0,0.0,0.0,1.0
257964,0,1,3400,-62,62,495,20,24,4.0,0.0,0.0,27,6.0,0.0,0.0,0.0,0.0,0.0,0.0,1.0
258213,0,1,3400,-62,62,496,19,24,3.9,0.0,0.0,27,6.2,0.0,0.0,0.0,0.0,0.0,0.0,1.0
258462,0,1,3400,-62,62,492,20,24,4.0,0.0,0.0,27,6.0,0.0,0.0,0.0,0.0,0.0,0.0,1.0
258711,0,1,3400,-62,62,491,19,23,4.0,0.0,0.0,27,6.1,0.0,0.0,0.0,0.0,0.0,0.0,1.0
258960,0,1,3400,-62,62,487,19,24,4.0,0.0,0.0,27,6.1,0.0,0.0,0.0,0.0,0.0,0.0,1.0
259209,0,1,3400,-62,62,483,20,24,4.0,0.0,0.0,27,6.0,0.0,0.0,0.0,0.0,0.0,0.0,1.0
259458,0,1,3400,-62,62,491,20,24,4.0,0.0,0.0,27,6.0,0.0,0.0,0.0,0.0,0.0,0.0,1.0
259707,0,1,3400,-63,63,493,20,24,4.0,0.0,0.0,27,6.0,0.0,0.0,0.0,0.0,0.0,0.0,1.0
259956,0,1,3400,-62,62,491,20,24,4.0,0.0,0.0,27,6.0,0.0,0.0,0.0,0.0,0.0,0.0,1.0
260205,0,1,3400,-62,62,493,20,24,4.0,0.0,0.0,27,6.0,0.0,0.0,0.0,0.0,0.0,0.0,1.0
260454,0,1,3400,-62,62,487,20,24,4.0,0.0,0.0,27,6.0,0.0,0.0,0.0,0.0,0.0,0.0,1.0
260703,0,1,3400,-62,62,485,20,24,4.0,0.0,0.0,27,6.0,0.0,0.0,0.0,0.0,0.0,0.0,1.0
260952,0,1,3400,-62,62,492,20,24,4.0,0.0,0.0,27,6.0,0.0,0.0,0.0,0.0,0.0,0.0,1.0
261201,0,1,3400,-62,62,490,19,24,4.0,0.0,0.0,27,6.1,0.0,0.0,0.0,0.0,0.0,0.0,1.0
261450,0,1,3400,-62,62,492,19,24,4.0,0.0,0.0,27,6.1,0.0,0.0,0.0,0.0,0.0,0.0,1.0
261699,0,1,3400,-62,62,490,20,24,4.0,0.0,0.0,27,6.0,0.0,0.0,0.0,0.0,0.0,0.0,1.0
261948,0,1,3400,-62,62,489,19,24,4.0,0.0,0.0,27,6.0,0.0,0.0,0.0,0.0,0.0,0.0,1.0
262197,0,1,3400,-62,62,494,20,24,4.0,0.0,0.0,27,6.0,0.0,0.0,0.0,0.0,0.0,0.0,1.0
262446,0,1,3400,-62,62,489,20,24,4.0,0.0,0.0,27,6.0,0.0,0.0,0.0,0.0,0.0,0.0,1.0
262695,0,1,3400,-62,62,492,20,24,4.0,0.0,0.0,27,6.0,0.0,0.0,0.0,0.0,0.0,0.0,1.0
262944,0,1,3400,-63,63,494,20,24,4.0,0.0,0.0,27,6.0,0.0,0.0,0.0,0.0,0.0,0.0,1.0
263193,0,1,3400,-62,62,495,20,24,4.0,0.0,0.0,27,6.0,0.0,0.0,0.0,0.0,0.0,0.0,1.0
263442,0,1,3400,-62,62,501,19,23,4.0,0.0,0.0,27,6.1,0.0,0.0,0.0,0.0,0.0,0.0,1.0
263691,0,1,3400,-62,62,497,20,25,4.0,0.0,0.0,27,6.0,0.0,0.0,0.0,0.0,0.0,0.0,1.0
263940,0,1,3400,-62,62,492,19,24,4.0,0.0,0.0,27,6.1,0.0,0.0,0.0,0.0,0.0,0.0,1.0
264189,0,1,3400,-62,62,491,20,24,4.0,0.0,0.0,27,6.0,0.0,0.0,0.0,0.0,0.0,0.0,1.0
264438,0,1,3400,-62,62,493,19,24,4.0,0.0,0.0,27,6.1,0.0,0.0,0.0,0.0,0.0,0.0,1.0
264687,0,1,3400,-62,62,496,20,24,4.0,0.0,0.0,27,6.0,0.0,0.0,0.0,0.0,0.0,0.0,1.0
264936,0,1,3400,-62,62,497,19,24,4.0,0.0,0.0,27,6.1,0.0,0.0,0.0,0.0,0.0,0.0,1.0
265185,0,1,3400,-62,62,492,19,24,4.0,0.0,0.0,27,6.1,0.0,0.0,0.0,0.0,0.0,0.0,1.0
265434,0,1,3400,-62,62,488,19,24,4.0,0.0,0.0,27,6.1,0.0,0.0,0.0,0.0,0.0,0.0,1.0
265683,0,1,3400,-62,62,488,20,24,4.0,0.0,0.0,27,6.0,0.0,0.0,0.0,0.0,0.0,0.0,1.0
265932,0,1,3400,-62,62,490,19,24,4.0,0.0,0.0,27,6.1,0.0,0.0,0.0,0.0,0.0,0.0,1.0
266181,0,1,3400,-62,62,496,19,24,4.0,0.0,0.0,27,6.1,0.0,0.0,0.0,0.0,0.0,0.0,1.0
266430,0,1,3400,-62,62,493,19,24,4.0,0.0,0.0,27,6.0,0.0,0.0,0.0,0.0,0.0,0.0,1.0
266679,0,1,3400,-62,62,494,19,24,4.0,0.0,0.0,27,6.0,0.0,0.0,0.0,0.0,0.0,0.0,1.0
266928,0,1,3400,-62,62,491,20,24,4.0,0.0,0.0,27,6.0,0.0,0.0,0.0,0.0,0.0,0.0,1.0
267177,0,1,3400,-62,62,490,19,24,4.0,0.0,0.0,27,6.1,0.0,0.0,0.0,0.0,0.0,0.0,1.0
267426,0,1,3400,-62,62,492,20,24,4.0,0.0,0.0,27,6.0,0.0,0.0,0.0,0.0,0.0,0.0,1.0
267675,0,1,3400,-62,62,494,19,24,4.0,0.0,0.0,27,6.1,0.0,0.0,0.0,0.0,0.0,0.0,1.0
267924,0,1,3400,-62,62,495,20,24,4.0,0.0,0.0,27,6.0,0.0,0.0,0.0,0.0,0.0,0.0,1.0
268173,0,1,3400,-62,62,499,19,24,4.0,0.0,0.0,27,6.1,0.0,0.0,0.0,0.0,0.0,0.0,1.0
268422,0,1,3400,-62,62,497,20,24,4.0,0.0,0.0,27,6.0,0.0,0.0,0.0,0.0,0.0,0.0,1.0
268671,0,1,3400,-62,62,496,19,24,4.0,0.0,0.0,27,6.1,0.0,0.0,0.0,0.0,0.0,0.0,1.0
268920,0,1,3400,-62,62,495,20,24,4.0,0.0,0.0,27,6.0,0.0,0.0,0.0,0.0,0.0,0.0,1.0
269169,0,1,3400,-62,62,493,20,24,4.0,0.0,0.0,27,6.0,0.0,0.0,0.0,0.0,0.0,0.0,1.0
269418,0,1,3400,-62,62,497,19,24,4.0,0.0,0.0,27,6.1,0.0,0.0,0.0,0.0,0.0,0.0,1.0
269667,0,1,3400,-62,62,497,19,24,4.0,0.0,0.0,27,6.1,0.0,0.0,0.0,0.0,0.0,0.0,1.0
269916,0,1,3400,-62,62,491,19,24,4.0,0.0,0.0,27,6.0,0.0,0.0,0.0,0.0,0.0,0.0,1.0
270165,0,1,3400,-62,62,492,20,24,4.0,0.0,0.0,27,6.0,0.0,0.0,0.0,0.0,0.0,0.0,1.0
270414,0,1,3400,-62,62,495,20,24,4.0,0.0,0.0,27,6.0,0.0,0.0,0.0,0.0,0.0,0.0,1.0
270663,0,1,3400,-62,62,488,20,25,4.0,0.0,0.0,27,6.0,0.0,0.0,0.0,0.0,0.0,0.0,1.0
270912,0,1,3400,-62,62,491,20,24,4.0,0.0,0.0,27,6.0,0.0,0.0,0.0,0.0,0.0,0.0,1.0
271161,0,1,3400,-62,62,494,20,24,4.0,0.0,0.0,27,6.0,0.0,0.0,0.0,0.0,0.0,0.0,1.0
271410,0,1,3400,-62,62,498,20,23,4.0,0.0,0.0,27,6.0,0.0,0.0,0.0,0.0,0.0,0.0,1.0
271659,0,1,3400,-62,62,491,20,24,4.0,0.0,0.0,27,6.0,0.0,0.0,0.0,0.0,0.0,0.0,1.0
271908,0,1,3400,-62,62,484,19,23,4.0,0.0,0.0,27,6.1,0.0,0.0,0.0,0.0,0.0,0.0,1.0
272157,0,1,3400,-62,62,491,20,24,4.0,0.0,0.0,27,6.0,0.0,0.0,0.0,0.0,0.0,0.0,1.0
272406,0,1,3400,-62,62,492,20,23,4.0,0.0,0.0,27,6.0,0.0,0.0,0.0,0.0,0.0,0.0,1.0
272655,0,1,3400,-62,62,492,19,24,4.0,0.0,0.0,27,6.0,0.0,0.0,0.0,0.0,0.0,0.0,1.0
272904,0,1,3400,-62,62,493,19,24,4.0,0.0,0.0,27,6.0,0.0,0.0,0.0,0.0,0.0,0.0,1.0
273153,0,1,3400,-62,62,491,20,24,4.0,0.0,0.0,27,6.0,0.0,0.0,0.0,0.0,0.0,0.0,1.0
273402,0,1,3400,-62,62,487,20,23,4.0,0.0,0.0,27,6.0,0.0,0.0,0.0,0.0,0.0,0.0,1.0
273651,0,1,3400,-62,62,491,20,24,4.0,0.0,0.0,27,6.0,0.0,0.0,0.0,0.0,0.0,0.0,1.0
273900,0,1,3400,-63,63,493,20,24,4.0,0.0,0.0,27,6.0,0.0,0.0,0.0,0.0,0.0,0.0,1.0
274149,0,1,3400,-62,62,491,20,24,4.0,0.0,0.0,27,6.0,0.0,0.0,0.0,0.0,0.0,0.0,1.0
274398,0,1,3400,-62,62,491,20,24,4.0,0.0,0.0,27,6.0,0.0,0.0,0.0,0.0,0.0,0.0,1.0
274647,0,1,3400,-62,62,493,20,24,4.0,0.0,0.0,27,6.0,0.0,0.0,0.0,0.0,0.0,0.0,1.0
274896,0,1,3400,-62,62,491,19,24,4.0,0.0,0.0,27,6.1,0.0,0.0,0.0,0.0,0.0,0.0,1.0
275145,0,1,3400,-62,62,486,20,24,4.0,0.0,0.0,27,6.0,0.0,0.0,0.0,0.0,0.0,0.0,1.0
275394,0,1,3400,-62,62,492,19,24,4.0,0.0,0.0,27,6.1,0.0,0.0,0.0,0.0,0.0,0.0,1.0
275643,0,1,3400,-62,62,495,20,24,4.0,0.0,0.0,27,6.0,0.0,0.0,0.0,0.0,0.0,0.0,1.0
275892,0,1,3400,-62,62,492,19,24,4.0,0.0,0.0,27,6.1,0.0,0.0,0.0,0.0,0.0,0.0,1.0
276141,0,1,3400,-62,62,497,20,24,4.0,0.0,0.0,27,6.0,0.0,0.0,0.0,0.0,0.0,0.0,1.0
276390,0,1,3400,-63,63,501,19,25,4.0,0.0,0.0,27,6.1,0.0,0.0,0.0,0.0,0.0,0.0,1.0
276639,0,1,3400,-62,62,499,20,24,4.0,0.0,0.0,27,6.0,0.0,0.0,0.0,0.0,0.0,0.0,1.0
276888,0,1,3400,-62,62,498,19,24,4.0,0.0,0.0,27,6.0,0.0,0.0,0.0,0.0,0.0,0.0,1.0
277137,0,1,3400,-62,62,495,19,24,4.0,0.0,0.0,27,6.1,0.0,0.0,0.0,0.0,0.0,0.0,1.0
277386,0,1,3400,-62,62,494,20,23,4.0,0.0,0.0,27,6.0,0.0,0.0,0.0,0.0,0.0,0.0,1.0
277635,0,1,3400,-62,62,492,19,24,4.0,0.0,0.0,27,6.1,0.0,0.0,0.0,0.0,0.0,0.0,1.0
277884,0,1,3400,-62,62,492,20,24,4.0,0.0,0.0,27,6.0,0.0,0.0,0.0,0.0,0.0,0.0,1.0
278133,0,1,3400,-62,62,495,19,23,4.0,0.0,0.0,27,6.1,0.0,0.0,0.0,0.0,0.0,0.0,1.0
278382,0,1,3400,-62,62,496,20,24,4.0,0.0,0.0,27,6.0,0.0,0.0,0.0,0.0,0.0,0.0,1.0
278631,0,1,3400,-63,63,501,20,24,4.0,0.0,0.0,27,6.0,0.0,0.0,0.0,0.0,0.0,0.0,1.0
278880,0,1,3400,-62,62,501,20,24,4.0,0.0,0.0,27,6.0,0.0,0.0,0.0,0.0,0.0,0.0,1.0
279129,0,1,3400,-62,62,493,19,24,4.0,0.0,0.0,27,6.0,0.0,0.0,0.0,0.0,0.0,0.0,1.0
279378,0,1,3400,-62,62,496,19,24,4.0,0.0,0.0,27,6.0,0.0,0.0,0.0,0.0,0.0,0.0,1.0
279627,0,1,3400,-62,62,490,20,24,4.0,0.0,0.0,27,6.0,0.0,0.0,0.0,0.0,0.0,0.0,1.0
279876,0,1,3400,-62,62,493,19,24,4.0,0.0,0.0,27,6.1,0.0,0.0,0.0,0.0,0.0,0.0,1.0
280125,0,1,3400,-62,62,501,20,24,4.0,0.0,0.0,27,6.0,0.0,0.0,0.0,0.0,0.0,0.0,1.0
280374,0,1,3400,-62,62,504,19,24,4.0,0.0,0.0,27,6.0,0.0,0.0,0.0,0.0,0.0,0.0,1.0
280623,0,1,3400,-62,62,498,20,24,4.0,0.0,0.0,27,6.0,0.0,0.0,0.0,0.0,0.0,0.0,1.0
280872,0,1,3400,-62,62,494,20,24,4.0,0.0,0.0,27,6.0,0.0,0.0,0.0,0.0,0.0,0.0,1.0
281121,0,1,3400,-62,62,493,20,24,4.0,0.0,0.0,27,6.0,0.0,0.0,0.0,0.0,0.0,0.0,1.0
281370,0,1,3400,-62,62,487,20,24,4.0,0.0,0.0,27,6.0,0.0,0.0,0.0,0.0,0.0,0.0,1.0
281619,0,1,3400,-62,62,492,20,24,4.0,0.0,0.0,27,6.0,0.0,0.0,0.0,0.0,0.0,0.0,1.0
281868,0,1,3400,-63,63,490,20,24,4.0,0.0,0.0,27,6.0,0.0,0.0,0.0,0.0,0.0,0.0,1.0
282117,0,1,3400,-62,62,493,20,24,4.0,0.0,0.0,27,6.0,0.0,0.0,0.0,0.0,0.0,0.0,1.0
282366,0,1,3400,-62,62,494,19,24,4.0,0.0,0.0,27,6.1,0.0,0.0,0.0,0.0,0.0,0.0,1.0
282615,0,1,3400,-62,62,488,20,24,4.0,0.0,0.0,27,6.0,0.0,0.0,0.0,0.0,0.0,0.0,1.0
282864,0,1,3400,-62,62,488,20,24,4.0,0.0,0.0,27,6.0,0.0,0.0,0.0,0.0,0.0,0.0,1.0
283113,0,1,3400,-62,62,494,20,24,4.0,0.0,0.0,27,6.0,0.0,0.0,0.0,0.0,0.0,0.0,1.0
283362,0,1,3400,-63,63,497,20,24,4.0,0.0,0.0,27,6.0,0.0,0.0,0.0,0.0,0.0,0.0,1.0
283611,0,1,3400,-62,62,496,20,24,4.0,0.0,0.0,27,6.0,0.0,0.0,0.0,0.0,0.0,0.0,1.0
283860,0,1,3400,-63,63,491,20,24,4.0,0.0,0.0,27,6.0,0.0,0.0,0.0,0.0,0.0,0.0,1.0
284109,0,1,3400,-62,62,494,19,24,4.0,0.0,0.0,27,6.1,0.0,0.0,0.0,0.0,0.0,0.0,1.0
284358,0,1,3400,-63,63,495,20,23,4.0,0.0,0.0,27,6.0,0.0,0.0,0.0,0.0,0.0,0.0,1.0
284607,0,1,3400,-62,62,493,20,23,4.0,0.0,0.0,27,6.0,0.0,0.0,0.0,0.0,0.0,0.0,1.0
284856,0,1,3400,-63,63,497,20,24,4.0,0.0,0.0,27,6.0,0.0,0.0,0.0,0.0,0.0,0.0,1.0
285105,0,1,3400,-62,62,492,19,24,4.0,0.0,0.0,27,6.1,0.0,0.0,0.0,0.0,0.0,0.0,1.0
285354,0,1,3400,-63,63,489,20,24,4.0,0.0,0.0,27,6.0,0.0,0.0,0.0,0.0,0.0,0.0,1.0
285603,0,1,3400,-62,62,488,20,24,4.0,0.0,0.0,27,6.0,0.0,0.0,0.0,0.0,0.0,0.0,1.0
285852,0,1,3400,-62,62,489,20,24,4.0,0.0,0.0,27,6.0,0.0,0.0,0.0,0.0,0.0,0.0,1.0
286101,0,1,3400,-62,62,493,20,23,4.0,0.0,0.0,27,6.0,0.0,0.0,0.0,0.0,0.0,0.0,1.0
286350,0,1,3400,-62,62,494,20,24,4.0,0.0,0.0,27,6.0,0.0,0.0,0.0,0.0,0.0,0.0,1.0
286599,0,1,3400,-62,62,491,20,24,4.0,0.0,0.0,27,6.0,0.0,0.0,0.0,0.0,0.0,0.0,1.0
286848,0,1,3400,-62,62,492,19,24,4.0,0.0,0.0,27,6.1,0.0,0.0,0.0,0.0,0.0,0.0,1.0
287097,0,1,3400,-62,62,495,20,24,4.0,0.0,0.0,27,6.0,0.0,0.0,0.0,0.0,0.0,0.0,1.0
287346,0,1,3400,-62,62,493,19,24,4.0,0.0,0.0,27,6.1,0.0,0.0,0.0,0.0,0.0,0.0,1.0
287595,0,1,3400,-62,62,494,20,24,4.0,0.0,0.0,27,6.0,0.0,0.0,0.0,0.0,0.0,0.0,1.0
287844,0,1,3400,-62,62,492,20,24,4.0,0.0,0.0,27,6.0,0.0,0.0,0.0,0.0,0.0,0.0,1.0
288093,0,1,3400,-63,63,491,19,24,4.0,0.0,0.0,27,6.0,0.0,0.0,0.0,0.0,0.0,0.0,1.0
288342,0,1,3400,-62,62,493,20,24,4.0,0.0,0.0,27,6.0,0.0,0.0,0.0,0.0,0.0,0.0,1.0
288591,0,1,3400,-63,63,493,20,24,4.0,0.0,0.0,27,6.0,0.0,0.0,0.0,0.0,0.0,0.0,1.0
288840,0,1,3400,-62,62,490,19,24,4.0,0.0,0.0,27,6.1,0.0,0.0,0.0,0.0,0.0,0.0,1.0
289089,0,1,3400,-63,63,489,20,24,4.0,0.0,0.0,27,6.0,0.0,0.0,0.0,0.0,0.0,0.0,1.0
289338,0,1,3400,-62,62,490,20,24,4.0,0.0,0.0,27,6.0,0.0,0.0,0.0,0.0,0.0,0.0,1.0
289587,0,1,3400,-63,63,489,20,24,4.0,0.0,0.0,27,6.0,0.0,0.0,0.0,0.0,0.0,0.0,1.0
289836,0,1,3400,-62,62,493,20,25,4.0,0.0,0.0,27,6.0,0.0,0.0,0.0,0.0,0.0,0.0,1.0
290085,0,1,3400,-63,63,496,20,24,4.0,0.0,0.0,27,6.0,0.0,0.0,0.0,0.0,0.0,0.0,1.0
290334,0,1,3400,-62,62,493,20,24,4.0,0.0,0.0,27,6.0,0.0,0.0,0.0,0.0,0.0,0.0,1.0
290583,0,1,3400,-62,62,494,20,24,4.0,0.0,0.0,27,6.0,0.0,0.0,0.0,0.0,0.0,0.0,1.0
290832,0,1,3400,-62,62,501,20,24,4.0,0.0,0.0,27,6.0,0.0,0.0,0.0,0.0,0.0,0.0,1.0
291081,0,1,3400,-62,62,491,19,24,4.0,0.0,0.0,27,6.1,0.0,0.0,0.0,0.0,0.0,0.0,1.0
291330,0,1,3400,-63,63,490,20,24,4.0,0.0,0.0,27,6.0,0.0,0.0,0.0,0.0,0.0,0.0,1.0
291579,0,1,3400,-63,63,492,19,24,4.0,0.0,0.0,27,6.1,0.0,0.0,0.0,0.0,0.0,0.0,1.0
291828,0,1,3400,-62,62,493,20,24,4.0,0.0,0.0,27,6.0,0.0,0.0,0.0,0.0,0.0,0.0,1.0
292077,0,1,3400,-62,62,498,20,24,4.0,0.0,0.0,27,6.0,0.0,0.0,0.0,0.0,0.0,0.0,1.0
292326,0,1,3400,-63,63,495,19,23,4.0,0.0,0.0,27,6.1,0.0,0.0,0.0,0.0,0.0,0.0,1.0
292575,0,1,3400,-62,62,494,20,24,4.0,0.0,0.0,27,6.0,0.0,0.0,0.0,0.0,0.0,0.0,1.0
292824,0,1,3400,-62,62,495,19,24,4.0,0.0,0.0,27,6.0,0.0,0.0,0.0,0.0,0.0,0.0,1.0
293073,0,1,3400,-62,62,494,20,24,4.0,0.0,0.0,27,6.0,0.0,0.0,0.0,0.0,0.0,0.0,1.0
293322,0,1,3400,-63,63,489,19,24,4.0,0.0,0.0,27,6.1,0.0,0.0,0.0,0.0,0.0,0.0,1.0
293571,0,1,3400,-62,62,495,19,24,4.0,0.0,0.0,27,6.1,0.0,0.0,0.0,0.0,0.0,0.0,1.0
293820,0,1,3400,-63,63,495,20,24,4.0,0.0,0.0,27,6.0,0.0,0.0,0.0,0.0,0.0,0.0,1.0
294069,0,1,3400,-62,62,495,19,24,4.0,0.0,0.0,27,6.1,0.0,0.0,0.0,0.0,0.0,0.0,1.0
294318,0,1,3400,-63,63,492,20,24,4.0,0.0,0.0,27,6.0,0.0,0.0,0.0,0.0,0.0,0.0,1.0
294567,0,1,3400,-62,62,490,20,24,4.0,0.0,0.0,27,6.0,0.0,0.0,0.0,0.0,0.0,0.0,1.0
294816,0,1,3400,-62,62,494,19,24,4.0,0.0,0.0,27,6.1,0.0,0.0,0.0,0.0,0.0,0.0,1.0
295065,0,1,3400,-62,62,492,20,24,4.0,0.0,0.0,27,6.0,0.0,0.0,0.0,0.0,0.0,0.0,1.0
295314,0,1,3400,-63,63,491,20,24,4.0,0.0,0.0,27,6.0,0.0,0.0,0.0,0.0,0.0,0.0,1.0
295563,0,1,3400,-63,63,495,20,24,4.0,0.0,0.0,27,6.0,0.0,0.0,0.0,0.0,0.0,0.0,1.0
295812,0,1,3400,-63,63,494,20,24,4.0,0.0,0.0,27,6.0,0.0,0.0,0.0,0.0,0.0,0.0,1.0
296061,0,1,3400,-62,62,493,20,24,4.0,0.0,0.0,27,6.0,0.0,0.0,0.0,0.0,0.0,0.0,1.0
296310,0,1,3400,-63,63,494,20,24,4.0,0.0,0.0,27,6.0,0.0,0.0,0.0,0.0,0.0,0.0,1.0
296559,0,1,3400,-62,62,496,19,23,4.0,0.0,0.0,27,6.1,0.0,0.0,0.0,0.0,0.0,0.0,1.0
296808,0,1,3400,-62,62,493,20,24,4.0,0.0,0.0,27,6.0,0.0,0.0,0.0,0.0,0.0,0.0,1.0
297057,0,1,3400,-63,63,494,19,25,4.0,0.0,0.0,27,6.1,0.0,0.0,0.0,0.0,0.0,0.0,1.0
297306,0,1,3400,-63,63,495,20,24,4.0,0.0,0.0,27,6.0,0.0,0.0,0.0,0.0,0.0,0.0,1.0
297555,0,1,3400,-63,63,495,19,24,4.0,0.0,0.0,27,6.1,0.0,0.0,0.0,0.0,0.0,0.0,1.0
297804,0,1,3400,-63,63,489,19,24,4.0,0.0,0.0,27,6.0,0.0,0.0,0.0,0.0,0.0,0.0,1.0
298053,0,1,3400,-63,63,492,20,24,4.0,0.0,0.0,27,6.0,0.0,0.0,0.0,0.0,0.0,0.0,1.0
298302,0,1,3400,-62,62,494,20,24,4.0,0.0,0.0,27,6.0,0.0,0.0,0.0,0.0,0.0,0.0,1.0
298551,0,1,3400,-63,63,494,20,24,4.0,0.0,0.0,27,6.0,0.0,0.0,0.0,0.0,0.0,0.0,1.0
298800,0,1,3400,-62,62,491,19,24,4.0,0.0,0.0,27,6.1,0.0,0.0,0.0,0.0,0.0,0.0,1.0
299049,0,1,3400,-62,62,492,19,24,4.0,0.0,0.0,27,6.0,0.0,0.0,0.0,0.0,0.0,0.0,1.0
299298,0,1,3400,-62,62,492,19,25,4.0,0.0,0.0,27,6.0,0.0,0.0,0.0,0.0,0.0,0.0,1.0
299547,0,1,3400,-63,63,494,19,24,4.0,0.0,0.0,27,6.1,0.0,0.0,0.0,0.0,0.0,0.0,1.0
299796,0,1,3400,-62,62,496,19,24,4.0,0.0,0.0,27,6.1,0.0,0.0,0.0,0.0,0.0,0.0,1.0
300045,0,1,3400,-63,63,500,20,24,4.0,0.0,0.0,27,6.0,0.0,0.0,0.0,0.0,0.0,0.0,1.0
300294,0,1,3400,-62,62,492,20,24,4.0,0.0,0.0,27,6.0,0.0,0.0,0.0,0.0,0.0,0.0,1.0
300543,0,1,3400,-63,63,486,20,24,4.0,0.0,0.0,27,6.0,0.0,0.0,0.0,0.0,0.0,0.0,1.0
300792,0,1,3400,-62,62,491,19,24,4.0,0.0,0.0,27,6.0,0.0,0.0,0.0,0.0,0.0,0.0,1.0
301041,0,1,3400,-63,63,492,19,24,4.0,0.0,0.0,27,6.1,0.0,0.0,0.0,0.0,0.0,0.0,1.0
301290,0,1,3400,-62,62,493,20,24,4.0,0.0,0.0,27,6.0,0.0,0.0,0.0,0.0,0.0,0.0,1.0
301539,0,1,3400,-62,62,496,20,24,4.0,0.0,0.0,27,6.0,0.0,0.0,0.0,0.0,0.0,0.0,1.0
301788,0,1,3400,-62,62,493,20,24,4.0,0.0,0.0,27,6.0,0.0,0.0,0.0,0.0,0.0,0.0,1.0
302037,0,1,3400,-63,63,492,20,24,4.0,0.0,0.0,27,6.0,0.0,0.0,0.0,0.0,0.0,0.0,1.0
302286,0,1,3400,-63,63,491,20,24,4.0,0.0,0.0,27,6.0,0.0,0.0,0.0,0.0,0.0,0.0,1.0
302535,0,1,3400,-62,62,484,19,23,4.0,0.0,0.0,27,6.0,0.0,0.0,0.0,0.0,0.0,0.0,1.0
302784,0,1,3400,-62,62,485,20,23,4.0,0.0,0.0,27,6.0,0.0,0.0,0.0,0.0,0.0,0.0,1.0
303033,0,1,3400,-62,62,492,20,25,4.0,0.0,0.0,27,6.0,0.0,0.0,0.0,0.0,0.0,0.0,1.0
303282,0,1,3400,-63,63,495,20,24,4.0,0.0,0.0,27,6.0,0.0,0.0,0.0,0.0,0.0,0.0,1.0
303531,0,1,3400,-63,63,496,20,25,4.0,0.0,0.0,27,6.0,0.0,0.0,0.0,0.0,0.0,0.0,1.0
303780,0,1,3400,-63,63,492,20,24,4.0,0.0,0.0,27,6.0,0.0,0.0,0.0,0.0,0.0,0.0,1.0
304029,0,1,3400,-62,62,496,20,24,4.0,0.0,0.0,27,6.0,0.0,0.0,0.0,0.0,0.0,0.0,1.0
304278,0,1,3400,-63,63,498,20,24,4.0,0.0,0.0,27,6.0,0.0,0.0,0.0,0.0,0.0,0.0,1.0
304527,0,1,3400,-62,62,496,20,24,4.0,0.0,0.0,27,6.0,0.0,0.0,0.0,0.0,0.0,0.0,1.0
304776,0,1,3400,-63,63,497,20,24,4.0,0.0,0.0,27,6.0,0.0,0.0,0.0,0.0,0.0,0.0,1.0
305025,0,1,3400,-62,62,496,19,24,4.0,0.0,0.0,27,6.1,0.0,0.0,0.0,0.0,0.0,0.0,1.0
305274,0,1,3400,-62,62,500,20,24,4.0,0.0,0.0,27,6.0,0.0,0.0,0.0,0.0,0.0,0.0,1.0
305523,0,1,3400,-62,62,498,19,23,4.0,0.0,0.0,27,6.1,0.0,0.0,0.0,0.0,0.0,0.0,1.0
305772,0,1,3400,-63,63,497,20,24,4.0,0.0,0.0,27,6.0,0.0,0.0,0.0,0.0,0.0,0.0,1.0
306021,0,1,3400,-62,62,497,20,24,4.0,0.0,0.0,27,6.0,0.0,0.0,0.0,0.0,0.0,0.0,1.0
306270,0,1,3400,-63,63,498,19,24,4.0,0.0,0.0,27,6.0,0.0,0.0,0.0,0.0,0.0,0.0,1.0
306519,0,1,3400,-63,63,496,19,24,4.0,0.0,0.0,27,6.1,0.0,0.0,0.0,0.0,0.0,0.0,1.0
306768,0,1,3400,-62,62,503,19,24,4.0,0.0,0.0,27,6.1,0.0,0.0,0.0,0.0,0.0,0.0,1.0
307017,0,1,3400,-63,63,501,20,24,4.0,0.0,0.0,27,6.0,0.0,0.0,0.0,0.0,0.0,0.0,1.0
307266,0,1,3400,-63,63,501,19,25,4.0,0.0,0.0,27,6.1,0.0,0.0,0.0,0.0,0.0,0.0,1.0
307515,0,1,3400,-62,62,506,20,24,4.0,0.0,0.0,27,6.0,0.0,0.0,0.0,0.0,0.0,0.0,1.0
307764,0,1,3400,-63,63,502,19,24,4.0,0.0,0.0,27,6.1,0.0,0.0,0.0,0.0,0.0,0.0,1.0
308013,0,1,3400,-63,63,498,20,24,4.0,0.0,0.0,27,6.0,0.0,0.0,0.0,0.0,0.0,0.0,1.0
308262,0,1,3400,-62,62,497,19,24,4.0,0.0,0.0,27,6.1,0.0,0.0,0.0,0.0,0.0,0.0,1.0
308511,0,1,3400,-62,62,493,20,24,4.0,0.0,0.0,27,6.0,0.0,0.0,0.0,0.0,0.0,0.0,1.0
308760,0,1,3400,-63,63,499,20,24,4.0,0.0,0.0,27,6.0,0.0,0.0,0.0,0.0,0.0,0.0,1.0
309009,0,1,3400,-63,63,497,19,24,4.0,0.0,0.0,27,6.0,0.0,0.0,0.0,0.0,0.0,0.0,1.0
309258,0,1,3400,-62,62,501,20,24,4.0,0.0,0.0,27,6.0,0.0,0.0,0.0,0.0,0.0,0.0,1.0
309507,0,1,3400,-63,63,502,20,24,4.0,0.0,0.0,27,6.0,0.0,0.0,0.0,0.0,0.0,0.0,1.0
309756,0,1,3400,-62,62,494,20,25,4.0,0.0,0.0,27,6.0,0.0,0.0,0.0,0.0,0.0,0.0,1.0
310005,0,1,3400,-63,63,491,20,24,4.0,0.0,0.0,27,6.0,0.0,0.0,0.0,0.0,0.0,0.0,1.0
310254,0,1,3400,-62,62,494,19,24,4.0,0.0,0.0,27,6.1,0.0,0.0,0.0,0.0,0.0,0.0,1.0
310503,0,1,3400,-63,63,493,20,24,4.0,0.0,0.0,27,6.0,0.0,0.0,0.0,0.0,0.0,0.0,1.0
310752,0,1,3400,-62,62,498,20,24,4.0,0.0,0.0,27,6.0,0.0,0.0,0.0,0.0,0.0,0.0,1.0
311001,0,1,3400,-63,63,499,19,24,4.0,0.0,0.0,27,6.1,0.0,0.0,0.0,0.0,0.0,0.0,1.0
311250,0,1,3400,-62,62,495,19,24,4.0,0.0,0.0,27,6.0,0.0,0.0,0.0,0.0,0.0,0.0,1.0
311499,0,1,3400,-63,63,496,19,24,4.0,0.0,0.0,27,6.1,0.0,0.0,0.0,0.0,0.0,0.0,1.0
311748,0,1,3400,-63,63,492,20,24,4.0,0.0,0.0,27,6.0,0.0,0.0,0.0,0.0,0.0,0.0,1.0
311997,0,1,3400,-62,62,490,20,24,4.0,0.0,0.0,27,6.0,0.0,0.0,0.0,0.0,0.0,0.0,1.0
312246,0,1,3400,-63,63,489,19,24,4.0,0.0,0.0,27,6.1,0.0,0.0,0.0,0.0,0.0,0.0,1.0
312495,0,1,3400,-62,62,490,20,24,4.0,0.0,0.0,27,6.0,0.0,0.0,0.0,0.0,0.0,0.0,1.0
312744,0,1,3400,-63,63,494,20,24,4.0,0.0,0.0,27,6.0,0.0,0.0,0.0,0.0,0.0,0.0,1.0
312993,0,1,3400,-62,62,490,20,24,4.0,0.0,0.0,27,6.0,0.0,0.0,0.0,0.0,0.0,0.0,1.0
313242,0,1,3400,-63,63,491,20,24,4.0,0.0,0.0,27,6.0,0.0,0.0,0.0,0.0,0.0,0.0,1.0
313491,0,1,3400,-63,63,494,19,24,4.0,0.0,0.0,27,6.1,0.0,0.0,0.0,0.0,0.0,0.0,1.0
313740,0,1,3400,-63,63,493,19,24,4.0,0.0,0.0,27,6.0,0.0,0.0,0.0,0.0,0.0,0.0,1.0
313989,0,1,3400,-63,63,498,19,24,4.0,0.0,0.0,27,6.1,0.0,0.0,0.0,0.0,0.0,0.0,1.0
314238,0,1,3400,-63,63,494,20,24,4.0,0.0,0.0,27,6.0,0.0,0.0,0.0,0.0,0.0,0.0,1.0
314487,0,1,3400,-62,62,497,19,24,4.0,0.0,0.0,27,6.1,0.0,0.0,0.0,0.0,0.0,0.0,1.0
314736,0,1,3400,-63,63,497,19,23,4.0,0.0,0.0,27,6.1,0.0,0.0,0.0,0.0,0.0,0.0,1.0
314985,0,1,3400,-63,63,498,20,24,4.0,0.0,0.0,27,6.0,0.0,0.0,0.0,0.0,0.0,0.0,1.0
315234,0,1,3400,-63,63,499,20,24,4.0,0.0,0.0,27,6.0,0.0,0.0,0.0,0.0,0.0,0.0,1.0
315483,0,1,3400,-62,62,489,19,24,4.0,0.0,0.0,27,6.1,0.0,0.0,0.0,0.0,0.0,0.0,1.0
315732,0,1,3400,-63,63,491,20,24,4.0,0.0,0.0,27,6.0,0.0,0.0,0.0,0.0,0.0,0.0,1.0
315981,0,1,3400,-62,62,497,19,24,4.0,0.0,0.0,27,6.0,0.0,0.0,0.0,0.0,0.0,0.0,1.0
316230,0,1,3400,-63,63,497,20,24,4.0,0.0,0.0,27,6.0,0.0,0.0,0.0,0.0,0.0,0.0,1.0
316479,0,1,3400,-62,62,494,19,24,4.0,0.0,0.0,27,6.1,0.0,0.0,0.0,0.0,0.0,0.0,1.0
316728,0,1,3400,-63,63,499,19,24,4.0,0.0,0.0,27,6.0,0.0,0.0,0.0,0.0,0.0,0.0,1.0
316977,0,1,3400,-62,62,500,19,24,4.0,0.0,0.0,27,6.1,0.0,0.0,0.0,0.0,0.0,0.0,1.0
317226,0,1,3400,-63,63,497,19,24,4.0,0.0,0.0,27,6.0,0.0,0.0,0.0,0.0,0.0,0.0,1.0
317475,0,1,3400,-62,62,495,19,24,4.0,0.0,0.0,27,6.1,0.0,0.0,0.0,0.0,0.0,0.0,1.0
317724,0,1,3400,-63,63,498,19,24,4.0,0.0,0.0,27,6.1,0.0,0.0,0.0,0.0,0.0,0.0,1.0
317973,0,1,3400,-62,62,493,19,24,4.0,0.0,0.0,27,6.1,0.0,0.0,0.0,0.0,0.0,0.0,1.0
318222,0,1,3400,-63,63,491,20,24,4.0,0.0,0.0,27,6.0,0.0,0.0,0.0,0.0,0.0,0.0,1.0
318471,0,1,3400,-63,63,490,20,24,4.0,0.0,0.0,27,6.0,0.0,0.0,0.0,0.0,0.0,0.0,1.0
318720,0,1,3400,-63,63,493,19,24,4.0,0.0,0.0,27,6.0,0.0,0.0,0.0,0.0,0.0,0.0,1.0
318969,0,1,3400,-63,63,499,19,24,4.0,0.0,0.0,27,6.0,0.0,0.0,0.0,0.0,0.0,0.0,1.0
319218,0,1,3400,-63,63,490,20,24,4.0,0.0,0.0,27,6.0,0.0,0.0,0.0,0.0,0.0,0.0,1.0
319467,0,1,3400,-63,63,496,19,24,4.0,0.0,0.0,27,6.1,0.0,0.0,0.0,0.0,0.0,0.0,1.0
319716,0,1,3400,-63,63,496,20,24,4.0,0.0,0.0,27,6.0,0.0,0.0,0.0,0.0,0.0,0.0,1.0
319965,0,1,3400,-63,63,499,19,24,4.0,0.0,0.0,27,6.1,0.0,0.0,0.0,0.0,0.0,0.0,1.0
320214,0,1,3400,-63,63,496,19,24,4.0,0.0,0.0,27,6.1,0.0,0.0,0.0,0.0,0.0,0.0,1.0
320463,0,1,3400,-63,63,498,19,24,4.0,0.0,0.0,27,6.1,0.0,0.0,0.0,0.0,0.0,0.0,1.0
320712,0,1,3400,-63,63,494,20,24,4.0,0.0,0.0,27,6.0,0.0,0.0,0.0,0.0,0.0,0.0,1.0
320961,0,1,3400,-63,63,489,20,24,4.0,0.0,0.0,27,6.0,0.0,0.0,0.0,0.0,0.0,0.0,1.0
321210,0,1,3400,-62,62,500,20,24,4.0,0.0,0.0,27,6.0,0.0,0.0,0.0,0.0,0.0,0.0,1.0
321459,0,1,3400,-63,63,497,19,24,4.0,0.0,0.0,27,6.1,0.0,0.0,0.0,0.0,0.0,0.0,1.0
321708,0,1,3400,-62,62,492,19,24,4.0,0.0,0.0,27,6.1,0.0,0.0,0.0,0.0,0.0,0.0,1.0
321957,0,1,3400,-63,63,486,19,24,4.0,0.0,0.0,27,6.0,0.0,0.0,0.0,0.0,0.0,0.0,1.0
322206,0,1,3400,-63,63,489,19,24,4.0,0.0,0.0,27,6.1,0.0,0.0,0.0,0.0,0.0,0.0,1.0
322455,0,1,3400,-63,63,486,19,24,4.0,0.0,0.0,27,6.1,0.0,0.0,0.0,0.0,0.0,0.0,1.0
322704,0,1,3400,-63,63,490,19,24,4.0,0.0,0.0,27,6.1,0.0,0.0,0.0,0.0,0.0,0.0,1.0
322953,0,1,3400,-63,63,491,19,24,4.0,0.0,0.0,27,6.0,0.0,0.0,0.0,0.0,0.0,0.0,1.0
323202,0,1,3400,-63,63,495,19,24,4.0,0.0,0.0,27,6.1,0.0,0.0,0.0,0.0,0.0,0.0,1.0
323451,0,1,3400,-63,63,499,19,24,4.0,0.0,0.0,27,6.0,0.0,0.0,0.0,0.0,0.0,0.0,1.0
323700,0,1,3400,-63,63,497,20,24,4.0,0.0,0.0,27,6.0,0.0,0.0,0.0,0.0,0.0,0.0,1.0
323949,0,1,3400,-62,62,493,19,24,4.0,0.0,0.0,27,6.0,0.0,0.0,0.0,0.0,0.0,0.0,1.0
324198,0,1,3400,-63,63,494,20,23,4.0,0.0,0.0,27,6.0,0.0,0.0,0.0,0.0,0.0,0.0,1.0
324447,0,1,3400,-63,63,491,19,23,4.0,0.0,0.0,27,6.1,0.0,0.0,0.0,0.0,0.0,0.0,1.0
324696,0,1,3400,-63,63,495,20,24,4.0,0.0,0.0,27,6.0,0.0,0.0,0.0,0.0,0.0,0.0,1.0
324945,0,1,3400,-63,63,500,20,24,4.0,0.0,0.0,27,6.0,0.0,0.0,0.0,0.0,0.0,0.0,1.0
325194,0,1,3400,-63,63,498,20,23,4.0,0.0,0.0,27,6.0,0.0,0.0,0.0,0.0,0.0,0.0,1.0
325443,0,1,3400,-63,63,496,20,24,4.0,0.0,0.0,27,6.0,0.0,0.0,0.0,0.0,0.0,0.0,1.0
325692,0,1,3400,-63,63,489,20,23,4.0,0.0,0.0,27,6.0,0.0,0.0,0.0,0.0,0.0,0.0,1.0
325941,0,1,3400,-62,62,492,20,24,4.0,0.0,0.0,27,6.0,0.0,0.0,0.0,0.0,0.0,0.0,1.0
326190,0,1,3400,-63,63,494,20,24,4.0,0.0,0.0,27,6.0,0.0,0.0,0.0,0.0,0.0,0.0,1.0
326439,0,1,3400,-63,63,501,20,24,4.0,0.0,0.0,27,6.0,0.0,0.0,0.0,0.0,0.0,0.0,1.0
326688,0,1,3400,-63,63,499,19,24,4.0,0.0,0.0,27,6.1,0.0,0.0,0.0,0.0,0.0,0.0,1.0
326937,0,1,3400,-63,63,497,20,25,4.0,0.0,0.0,27,6.0,0.0,0.0,0.0,0.0,0.0,0.0,1.0
327186,0,1,3400,-63,63,491,20,24,4.0,0.0,0.0,27,6.0,0.0,0.0,0.0,0.0,0.0,0.0,1.0
327435,0,1,3400,-62,62,492,20,24,4.0,0.0,0.0,27,6.0,0.0,0.0,0.0,0.0,0.0,0.0,1.0
327684,0,1,3400,-63,63,494,20,23,4.0,0.0,0.0,27,6.0,0.0,0.0,0.0,0.0,0.0,0.0,1.0
327933,0,1,3400,-62,62,497,20,24,4.0,0.0,0.0,27,6.0,0.0,0.0,0.0,0.0,0.0,0.0,1.0
328182,0,1,3400,-62,62,499,20,24,4.0,0.0,0.0,27,6.0,0.0,0.0,0.0,0.0,0.0,0.0,1.0
328431,0,1,3400,-62,62,490,19,23,4.0,0.0,0.0,27,6.1,0.0,0.0,0.0,0.0,0.0,0.0,1.0
328680,0,1,3400,-63,63,493,20,24,4.0,0.0,0.0,27,6.0,0.0,0.0,0.0,0.0,0.0,0.0,1.0
328929,0,1,3400,-62,62,492,20,24,4.0,0.0,0.0,27,6.0,0.0,0.0,0.0,0.0,0.0,0.0,1.0
329178,0,1,3400,-63,63,491,20,24,4.0,0.0,0.0,27,6.0,0.0,0.0,0.0,0.0,0.0,0.0,1.0
329427,0,1,3400,-63,63,495,20,24,4.0,0.0,0.0,27,6.0,0.0,0.0,0.0,0.0,0.0,0.0,1.0
329676,0,1,3400,-63,63,491,20,24,4.0,0.0,0.0,27,6.0,0.0,0.0,0.0,0.0,0.0,0.0,1.0
329925,0,1,3400,-62,62,494,19,24,4.0,0.0,0.0,27,6.1,0.0,0.0,0.0,0.0,0.0,0.0,1.0
330174,0,1,3400,-62,62,490,19,24,4.0,0.0,0.0,27,6.1,0.0,0.0,0.0,0.0,0.0,0.0,1.0
330423,0,1,3400,-63,63,491,19,24,4.0,0.0,0.0,27,6.1,0.0,0.0,0.0,0.0,0.0,0.0,1.0
330672,0,1,3400,-63,63,488,20,24,4.0,0.0,0.0,27,6.0,0.0,0.0,0.0,0.0,0.0,0.0,1.0
330921,0,1,3400,-63,63,485,20,24,4.0,0.0,0.0,27,6.0,0.0,0.0,0.0,0.0,0.0,0.0,1.0
331170,0,1,3400,-63,63,492,19,24,4.0,0.0,0.0,27,6.1,0.0,0.0,0.0,0.0,0.0,0.0,1.0
331419,0,1,3400,-63,63,497,20,24,4.0,0.0,0.0,27,6.0,0.0,0.0,0.0,0.0,0.0,0.0,1.0
331668,0,1,3400,-63,63,496,20,25,4.0,0.0,0.0,27,6.0,0.0,0.0,0.0,0.0,0.0,0.0,1.0
331917,0,1,3400,-63,63,494,20,24,4.0,0.0,0.0,27,6.0,0.0,0.0,0.0,0.0,0.0,0.0,1.0
332166,0,1,3400,-63,63,493,20,25,4.0,0.0,0.0,27,6.0,0.0,0.0,0.0,0.0,0.0,0.0,1.0
332415,0,1,3400,-63,63,493,20,24,4.0,0.0,0.0,27,6.0,0.0,0.0,0.0,0.0,0.0,0.0,1.0
332664,0,1,3400,-63,63,494,20,24,4.0,0.0,0.0,27,6.0,0.0,0.0,0.0,0.0,0.0,0.0,1.0
332913,0,1,3400,-63,63,493,20,24,4.0,0.0,0.0,27,6.0,0.0,0.0,0.0,0.0,0.0,0.0,1.0
333162,0,1,3400,-63,63,488,19,24,4.0,0.0,0.0,27,6.0,0.0,0.0,0.0,0.0,0.0,0.0,1.0
333411,0,1,3400,-63,63,493,19,24,4.0,0.0,0.0,27,6.1,0.0,0.0,0.0,0.0,0.0,0.0,1.0
333660,0,1,3400,-63,63,496,20,24,4.0,0.0,0.0,27,6.0,0.0,0.0,0.0,0.0,0.0,0.0,1.0
333909,0,1,3400,-63,63,498,20,23,4.0,0.0,0.0,27,6.0,0.0,0.0,0.0,0.0,0.0,0.0,1.0
334158,0,1,3400,-62,62,499,20,24,4.0,0.0,0.0,27,6.0,0.0,0.0,0.0,0.0,0.0,0.0,1.0
334407,0,1,3400,-63,63,496,20,24,4.0,0.0,0.0,27,6.0,0.0,0.0,0.0,0.0,0.0,0.0,1.0
334656,0,1,3400,-63,63,496,20,24,4.0,0.0,0.0,27,6.0,0.0,0.0,0.0,0.0,0.0,0.0,1.0
334905,0,1,3400,-62,62,495,19,23,4.0,0.0,0.0,27,6.1,0.0,0.0,0.0,0.0,0.0,0.0,1.0
335154,0,1,3400,-62,62,493,20,23,4.0,0.0,0.0,27,6.0,0.0,0.0,0.0,0.0,0.0,0.0,1.0
335403,0,1,3400,-63,63,497,20,24,4.0,0.0,0.0,27,6.0,0.0,0.0,0.0,0.0,0.0,0.0,1.0
335652,0,1,3400,-63,63,495,20,24,4.0,0.0,0.0,27,6.0,0.0,0.0,0.0,0.0,0.0,0.0,1.0
335901,0,1,3400,-63,63,491,20,25,4.0,0.0,0.0,27,6.0,0.0,0.0,0.0,0.0,0.0,0.0,1.0
336150,0,1,3400,-63,63,496,20,24,4.0,0.0,0.0,27,6.0,0.0,0.0,0.0,0.0,0.0,0.0,1.0
336399,0,1,3400,-62,62,499,19,24,4.0,0.0,0.0,27,6.0,0.0,0.0,0.0,0.0,0.0,0.0,1.0
336648,0,1,3400,-63,63,495,19,24,4.0,0.0,0.0,27,6.0,0.0,0.0,0.0,0.0,0.0,0.0,1.0
336897,0,1,3400,-62,62,492,20,24,4.0,0.0,0.0,27,6.0,0.0,0.0,0.0,0.0,0.0,0.0,1.0
337146,0,1,3400,-62,62,493,20,24,4.0,0.0,0.0,27,6.0,0.0,0.0,0.0,0.0,0.0,0.0,1.0
337395,0,1,3400,-62,62,497,20,24,4.0,0.0,0.0,27,6.0,0.0,0.0,0.0,0.0,0.0,0.0,1.0
337644,0,1,3400,-63,63,495,19,24,4.0,0.0,0.0,27,6.1,0.0,0.0,0.0,0.0,0.0,0.0,1.0
337893,0,1,3400,-63,63,497,20,24,4.0,0.0,0.0,27,6.0,0.0,0.0,0.0,0.0,0.0,0.0,1.0
338142,0,1,3400,-63,63,502,20,24,4.0,0.0,0.0,27,6.0,0.0,0.0,0.0,0.0,0.0,0.0,1.0
338391,0,1,3400,-62,62,497,19,24,4.0,0.0,0.0,27,6.2,0.0,0.0,0.0,0.0,0.0,0.0,1.0
338640,0,1,3400,-63,63,492,19,24,4.0,0.0,0.0,27,6.1,0.0,0.0,0.0,0.0,0.0,0.0,1.0
338889,0,1,3400,-63,63,497,20,24,4.0,0.0,0.0,27,6.0,0.0,0.0,0.0,0.0,0.0,0.0,1.0
339138,0,1,3400,-62,62,491,19,24,4.0,0.0,0.0,27,6.1,0.0,0.0,0.0,0.0,0.0,0.0,1.0
339387,0,1,3400,-62,62,494,19,24,4.0,0.0,0.0,27,6.1,0.0,0.0,0.0,0.0,0.0,0.0,1.0
339636,0,1,3400,-63,63,493,20,24,4.0,0.0,0.0,27,6.0,0.0,0.0,0.0,0.0,0.0,0.0,1.0
339885,0,1,3400,-63,63,496,19,24,4.0,0.0,0.0,27,6.1,0.0,0.0,0.0,0.0,0.0,0.0,1.0
340134,0,1,3400,-62,62,497,20,24,4.0,0.0,0.0,27,6.0,0.0,0.0,0.0,0.0,0.0,0.0,1.0
340383,0,1,3400,-63,63,493,19,24,4.0,0.0,0.0,27,6.1,0.0,0.0,0.0,0.0,0.0,0.0,1.0
340632,0,1,3400,-63,63,492,20,25,4.0,0.0,0.0,27,6.0,0.0,0.0,0.0,0.0,0.0,0.0,1.0
340881,0,1,3400,-63,63,490,20,24,4.0,0.0,0.0,27,6.0,0.0,0.0,0.0,0.0,0.0,0.0,1.0
341130,0,1,3400,-62,62,487,20,24,4.0,0.0,0.0,27,6.0,0.0,0.0,0.0,0.0,0.0,0.0,1.0
341379,0,1,3400,-63,63,496,20,24,4.0,0.0,0.0,27,6.0,0.0,0.0,0.0,0.0,0.0,0.0,1.0
341628,0,1,3400,-63,63,496,20,24,4.0,0.0,0.0,27,6.0,0.0,0.0,0.0,0.0,0.0,0.0,1.0
341877,0,1,3400,-63,63,497,19,24,4.0,0.0,0.0,27,6.0,0.0,0.0,0.0,0.0,0.0,0.0,1.0
342126,0,1,3400,-63,63,498,20,24,4.0,0.0,0.0,27,6.0,0.0,0.0,0.0,0.0,0.0,0.0,1.0
342375,0,1,3400,-63,63,496,20,24,4.0,0.0,0.0,27,6.0,0.0,0.0,0.0,0.0,0.0,0.0,1.0
342624,0,1,3400,-63,63,498,20,24,4.0,0.0,0.0,27,6.0,0.0,0.0,0.0,0.0,0.0,0.0,1.0
342873,0,1,3400,-63,63,494,20,24,4.0,0.0,0.0,27,6.0,0.0,0.0,0.0,0.0,0.0,0.0,1.0
343122,0,1,3400,-62,62,493,19,24,4.0,0.0,0.0,27,6.1,0.0,0.0,0.0,0.0,0.0,0.0,1.0
343371,0,1,3400,-63,63,490,19,24,4.0,0.0,0.0,27,6.1,0.0,0.0,0.0,0.0,0.0,0.0,1.0
343620,0,1,3400,-62,62,486,20,24,4.0,0.0,0.0,27,6.0,0.0,0.0,0.0,0.0,0.0,0.0,1.0
343869,0,1,3400,-63,63,492,19,24,4.0,0.0,0.0,27,6.0,0.0,0.0,0.0,0.0,0.0,0.0,1.0
344118,0,1,3400,-63,63,495,19,24,4.0,0.0,0.0,27,6.0,0.0,0.0,0.0,0.0,0.0,0.0,1.0
344367,0,1,3400,-62,62,494,20,24,4.0,0.0,0.0,27,6.0,0.0,0.0,0.0,0.0,0.0,0.0,1.0
344616,0,1,3400,-63,63,495,19,24,4.0,0.0,0.0,27,6.1,0.0,0.0,0.0,0.0,0.0,0.0,1.0
344865,0,1,3400,-63,63,495,20,24,4.0,0.0,0.0,27,6.0,0.0,0.0,0.0,0.0,0.0,0.0,1.0
345114,0,1,3400,-63,63,495,19,24,4.0,0.0,0.0,27,6.1,0.0,0.0,0.0,0.0,0.0,0.0,1.0
345363,0,1,3400,-63,63,498,20,24,4.0,0.0,0.0,27,6.0,0.0,0.0,0.0,0.0,0.0,0.0,1.0
345612,0,1,3400,-63,63,495,19,24,4.0,0.0,0.0,27,6.1,0.0,0.0,0.0,0.0,0.0,0.0,1.0
345861,0,1,3400,-63,63,490,20,24,4.0,0.0,0.0,27,6.0,0.0,0.0,0.0,0.0,0.0,0.0,1.0
346110,0,1,3400,-63,63,495,19,24,4.0,0.0,0.0,27,6.1,0.0,0.0,0.0,0.0,0.0,0.0,1.0
346359,0,1,3400,-63,63,490,19,24,4.0,0.0,0.0,27,6.0,0.0,0.0,0.0,0.0,0.0,0.0,1.0
346608,0,1,3400,-63,63,491,19,24,4.0,0.0,0.0,27,6.1,0.0,0.0,0.0,0.0,0.0,0.0,1.0
346857,0,1,3400,-62,62,498,20,24,4.0,0.0,0.0,27,6.0,0.0,0.0,0.0,0.0,0.0,0.0,1.0
347106,0,1,3400,-63,63,492,20,24,4.0,0.0,0.0,27,6.0,0.0,0.0,0.0,0.0,0.0,0.0,1.0
347355,0,1,3400,-63,63,494,19,24,4.0,0.0,0.0,27,6.1,0.0,0.0,0.0,0.0,0.0,0.0,1.0
347604,0,1,3400,-63,63,492,19,24,4.0,0.0,0.0,27,6.1,0.0,0.0,0.0,0.0,0.0,0.0,1.0
347853,0,1,3400,-62,62,488,20,24,4.0,0.0,0.0,27,6.0,0.0,0.0,0.0,0.0,0.0,0.0,1.0
348102,0,1,3400,-63,63,493,19,24,4.0,0.0,0.0,27,6.1,0.0,0.0,0.0,0.0,0.0,0.0,1.0
348351,0,1,3400,-62,62,496,20,24,4.0,0.0,0.0,27,6.0,0.0,0.0,0.0,0.0,0.0,0.0,1.0
348600,0,1,3400,-63,63,490,19,24,4.0,0.0,0.0,27,6.0,0.0,0.0,0.0,0.0,0.0,0.0,1.0
348849,0,1,3400,-63,63,489,19,24,4.0,0.0,0.0,27,6.0,0.0,0.0,0.0,0.0,0.0,0.0,1.0
349098,0,1,3400,-63,63,494,19,24,4.0,0.0,0.0,27,6.1,0.0,0.0,0.0,0.0,0.0,0.0,1.0
349347,0,1,3400,-63,63,494,19,25,4.0,0.0,0.0,27,6.1,0.0,0.0,0.0,0.0,0.0,0.0,1.0
349596,0,1,3400,-63,63,490,19,25,4.0,0.0,0.0,27,6.1,0.0,0.0,0.0,0.0,0.0,0.0,1.0
349845,0,1,3400,-63,63,488,20,24,4.0,0.0,0.0,27,6.0,0.0,0.0,0.0,0.0,0.0,0.0,1.0
350094,0,1,3400,-63,63,491,20,24,4.0,0.0,0.0,27,6.0,0.0,0.0,0.0,0.0,0.0,0.0,1.0
350343,0,1,3400,-63,63,490,19,24,4.0,0.0,0.0,27,6.1,0.0,0.0,0.0,0.0,0.0,0.0,1.0
350592,0,1,3400,-62,62,497,20,24,4.0,0.0,0.0,27,6.0,0.0,0.0,0.0,0.0,0.0,0.0,1.0
350841,0,1,3400,-63,63,493,19,24,4.0,0.0,0.0,27,6.0,0.0,0.0,0.0,0.0,0.0,0.0,1.0
351090,0,1,3400,-63,63,491,20,24,4.0,0.0,0.0,27,6.0,0.0,0.0,0.0,0.0,0.0,0.0,1.0
351339,0,1,3400,-63,63,489,19,24,4.0,0.0,0.0,27,6.1,0.0,0.0,0.0,0.0,0.0,0.0,1.0
351588,0,1,3400,-63,63,495,20,24,4.0,0.0,0.0,27,6.0,0.0,0.0,0.0,0.0,0.0,0.0,1.0
351837,0,1,3400,-63,63,493,20,24,4.0,0.0,0.0,27,6.0,0.0,0.0,0.0,0.0,0.0,0.0,1.0
352086,0,1,3400,-63,63,489,20,24,4.0,0.0,0.0,27,6.0,0.0,0.0,0.0,0.0,0.0,0.0,1.0
352335,0,1,3400,-63,63,490,20,24,4.0,0.0,0.0,27,6.0,0.0,0.0,0.0,0.0,0.0,0.0,1.0
352584,0,1,3400,-62,62,493,20,24,4.0,0.0,0.0,27,6.0,0.0,0.0,0.0,0.0,0.0,0.0,1.0
352833,0,1,3400,-63,63,496,19,24,4.0,0.0,0.0,27,6.1,0.0,0.0,0.0,0.0,0.0,0.0,1.0
353082,0,1,3400,-63,63,491,20,24,4.0,0.0,0.0,27,6.0,0.0,0.0,0.0,0.0,0.0,0.0,1.0
353331,0,1,3400,-63,63,497,19,24,4.0,0.0,0.0,27,6.1,0.0,0.0,0.0,0.0,0.0,0.0,1.0
353580,0,1,3400,-63,63,488,20,24,4.0,0.0,0.0,27,6.0,0.0,0.0,0.0,0.0,0.0,0.0,1.0
353829,0,1,3400,-63,63,482,19,24,4.0,0.0,0.0,27,6.0,0.0,0.0,0.0,0.0,0.0,0.0,1.0
354078,0,1,3400,-63,63,483,19,24,4.0,0.0,0.0,27,6.1,0.0,0.0,0.0,0.0,0.0,0.0,1.0
354327,0,1,3400,-63,63,490,20,24,4.0,0.0,0.0,27,6.0,0.0,0.0,0.0,0.0,0.0,0.0,1.0
354576,0,1,3400,-63,63,494,19,24,4.0,0.0,0.0,27,6.1,0.0,0.0,0.0,0.0,0.0,0.0,1.0
354825,0,1,3400,-63,63,498,20,24,4.0,0.0,0.0,27,6.0,0.0,0.0,0.0,0.0,0.0,0.0,1.0
355074,0,1,3400,-63,63,499,20,24,4.0,0.0,0.0,27,6.0,0.0,0.0,0.0,0.0,0.0,0.0,1.0
355323,0,1,3400,-62,62,491,20,24,4.0,0.0,0.0,27,6.0,0.0,0.0,0.0,0.0,0.0,0.0,1.0
355572,0,1,3400,-63,63,492,20,24,4.0,0.0,0.0,27,6.0,0.0,0.0,0.0,0.0,0.0,0.0,1.0
355821,0,1,3400,-63,63,498,20,24,4.0,0.0,0.0,27,6.0,0.0,0.0,0.0,0.0,0.0,0.0,1.0
356070,0,1,3400,-63,63,498,19,24,4.0,0.0,0.0,27,6.2,0.0,0.0,0.0,0.0,0.0,0.0,1.0
356319,0,1,3400,-63,63,497,19,24,4.0,0.0,0.0,27,6.0,0.0,0.0,0.0,0.0,0.0,0.0,1.0
356568,0,1,3400,-63,63,497,19,23,4.0,0.0,0.0,27,6.0,0.0,0.0,0.0,0.0,0.0,0.0,1.0
356817,0,1,3400,-63,63,496,20,24,4.0,0.0,0.0,27,6.0,0.0,0.0,0.0,0.0,0.0,0.0,1.0
357066,0,1,3400,-63,63,490,19,24,4.0,0.0,0.0,27,6.0,0.0,0.0,0.0,0.0,0.0,0.0,1.0
357315,0,1,3400,-63,63,497,19,24,4.0,0.0,0.0,27,6.0,0.0,0.0,0.0,0.0,0.0,0.0,1.0
357564,0,1,3400,-63,63,495,20,24,4.0,0.0,0.0,27,6.0,0.0,0.0,0.0,0.0,0.0,0.0,1.0
357813,0,1,3400,-63,63,492,20,24,4.0,0.0,0.0,27,6.0,0.0,0.0,0.0,0.0,0.0,0.0,1.0
358062,0,1,3400,-63,63,494,19,24,4.0,0.0,0.0,27,6.1,0.0,0.0,0.0,0.0,0.0,0.0,1.0
358311,0,1,3400,-62,62,493,20,24,4.0,0.0,0.0,27,6.0,0.0,0.0,0.0,0.0,0.0,0.0,1.0
358560,0,1,3400,-63,63,487,20,24,4.0,0.0,0.0,27,6.0,0.0,0.0,0.0,0.0,0.0,0.0,1.0
358809,0,1,3400,-63,63,492,20,24,4.0,0.0,0.0,27,6.0,0.0,0.0,0.0,0.0,0.0,0.0,1.0
359058,0,1,3400,-63,63,493,19,24,4.0,0.0,0.0,27,6.1,0.0,0.0,0.0,0.0,0.0,0.0,1.0
359307,0,1,3400,-62,62,493,19,24,4.0,0.0,0.0,27,6.1,0.0,0.0,0.0,0.0,0.0,0.0,1.0
359556,0,1,3400,-62,62,490,19,24,4.0,0.0,0.0,27,6.1,0.0,0.0,0.0,0.0,0.0,0.0,1.0
359805,0,1,3400,-63,63,488,19,24,4.0,0.0,0.0,27,6.1,0.0,0.0,0.0,0.0,0.0,0.0,1.0
360054,0,1,3400,-63,63,490,20,24,4.0,0.0,0.0,27,6.0,0.0,0.0,0.0,0.0,0.0,0.0,1.0
360303,0,1,3400,-63,63,487,19,23,4.0,0.0,0.0,27,6.0,0.0,0.0,0.0,0.0,0.0,0.0,1.0
360552,0,1,3400,-62,62,487,20,24,4.0,0.0,0.0,27,6.0,0.0,0.0,0.0,0.0,0.0,0.0,1.0
360801,0,1,3400,-63,63,485,19,24,4.0,0.0,0.0,27,6.1,0.0,0.0,0.0,0.0,0.0,0.0,1.0
361050,0,1,3400,-62,62,486,20,23,4.0,0.0,0.0,27,6.0,0.0,0.0,0.0,0.0,0.0,0.0,1.0
361299,0,1,3400,-63,63,491,20,24,4.0,0.0,0.0,27,6.0,0.0,0.0,0.0,0.0,0.0,0.0,1.0
361548,0,1,3400,-62,62,492,20,24,4.0,0.0,0.0,27,6.0,0.0,0.0,0.0,0.0,0.0,0.0,1.0
361797,0,1,3400,-63,63,493,20,24,4.0,0.0,0.0,27,6.0,0.0,0.0,0.0,0.0,0.0,0.0,1.0
362046,0,1,3400,-63,63,495,20,24,4.0,0.0,0.0,27,6.0,0.0,0.0,0.0,0.0,0.0,0.0,1.0
362295,0,1,3400,-63,63,489,20,23,4.0,0.0,0.0,27,6.0,0.0,0.0,0.0,0.0,0.0,0.0,1.0
362544,0,1,3400,-63,63,488,19,24,4.0,0.0,0.0,27,6.1,0.0,0.0,0.0,0.0,0.0,0.0,1.0
362793,0,1,3400,-63,63,489,19,23,4.0,0.0,0.0,27,6.0,0.0,0.0,0.0,0.0,0.0,0.0,1.0
363042,0,1,3400,-63,63,497,19,24,4.0,0.0,0.0,27,6.1,0.0,0.0,0.0,0.0,0.0,0.0,1.0
363291,0,1,3400,-63,63,498,20,24,4.0,0.0,0.0,27,6.0,0.0,0.0,0.0,0.0,0.0,0.0,1.0
363540,0,1,3400,-63,63,493,20,24,4.0,0.0,0.0,27,6.0,0.0,0.0,0.0,0.0,0.0,0.0,1.0
363789,0,1,3400,-63,63,484,20,24,4.0,0.0,0.0,27,6.0,0.0,0.0,0.0,0.0,0.0,0.0,1.0
364038,0,1,3400,-63,63,494,19,24,4.0,0.0,0.0,27,6.0,0.0,0.0,0.0,0.0,0.0,0.0,1.0
364287,0,1,3400,-63,63,492,20,24,4.0,0.0,0.0,27,6.0,0.0,0.0,0.0,0.0,0.0,0.0,1.0
364536,0,1,3400,-62,62,497,19,24,4.0,0.0,0.0,27,6.0,0.0,0.0,0.0,0.0,0.0,0.0,1.0
364785,0,1,3400,-63,63,495,20,24,4.0,0.0,0.0,27,6.0,0.0,0.0,0.0,0.0,0.0,0.0,1.0
365034,0,1,3400,-63,63,488,19,24,4.0,0.0,0.0,27,6.1,0.0,0.0,0.0,0.0,0.0,0.0,1.0
365283,0,1,3400,-63,63,489,19,24,4.0,0.0,0.0,27,6.1,0.0,0.0,0.0,0.0,0.0,0.0,1.0
365532,0,1,3400,-63,63,499,20,24,4.0,0.0,0.0,27,6.0,0.0,0.0,0.0,0.0,0.0,0.0,1.0
365781,0,1,3400,-63,63,498,19,24,4.0,0.0,0.0,27,6.1,0.0,0.0,0.0,0.0,0.0,0.0,1.0
366030,0,1,3400,-62,62,492,20,23,4.0,0.0,0.0,27,6.0,0.0,0.0,0.0,0.0,0.0,0.0,1.0
366279,0,1,3400,-63,63,488,20,24,4.0,0.0,0.0,27,6.0,0.0,0.0,0.0,0.0,0.0,0.0,1.0
366528,0,1,3400,-63,63,496,19,24,4.0,0.0,0.0,27,6.1,0.0,0.0,0.0,0.0,0.0,0.0,1.0
366777,0,1,3400,-63,63,492,20,24,4.0,0.0,0.0,27,6.0,0.0,0.0,0.0,0.0,0.0,0.0,1.0
367026,0,1,3400,-63,63,489,19,24,4.0,0.0,0.0,27,6.0,0.0,0.0,0.0,0.0,0.0,0.0,1.0
367275,0,1,3400,-62,62,498,20,23,4.0,0.0,0.0,27,6.0,0.0,0.0,0.0,0.0,0.0,0.0,1.0
367524,0,1,3400,-62,62,496,19,23,4.0,0.0,0.0,27,6.0,0.0,0.0,0.0,0.0,0.0,0.0,1.0
367773,0,1,3400,-63,63,494,20,24,4.0,0.0,0.0,27,6.0,0.0,0.0,0.0,0.0,0.0,0.0,1.0
368022,0,1,3400,-63,63,502,19,24,4.0,0.0,0.0,27,6.1,0.0,0.0,0.0,0.0,0.0,0.0,1.0
368271,0,1,3400,-63,63,501,19,23,4.0,0.0,0.0,27,6.1,0.0,0.0,0.0,0.0,0.0,0.0,1.0
368520,0,1,3400,-63,63,498,19,24,4.0,0.0,0.0,27,6.1,0.0,0.0,0.0,0.0,0.0,0.0,1.0
368769,0,1,3400,-63,63,498,20,24,4.0,0.0,0.0,27,6.0,0.0,0.0,0.0,0.0,0.0,0.0,1.0
369018,0,1,3400,-63,63,490,20,24,4.0,0.0,0.0,27,6.0,0.0,0.0,0.0,0.0,0.0,0.0,1.0
369267,0,1,3400,-63,63,494,20,24,4.0,0.0,0.0,27,6.0,0.0,0.0,0.0,0.0,0.0,0.0,1.0
369516,0,1,3400,-63,63,499,20,24,4.0,0.0,0.0,27,6.0,0.0,0.0,0.0,0.0,0.0,0.0,1.0
369765,0,1,3400,-62,62,499,20,24,4.0,0.0,0.0,27,6.0,0.0,0.0,0.0,0.0,0.0,0.0,1.0
370014,0,1,3400,-63,63,499,20,24,4.0,0.0,0.0,27,6.0,0.0,0.0,0.0,0.0,0.0,0.0,1.0
370263,0,1,3400,-63,63,503,19,24,4.0,0.0,0.0,27,6.1,0.0,0.0,0.0,0.0,0.0,0.0,1.0
370512,0,1,3400,-63,63,499,19,24,4.0,0.0,0.0,27,6.0,0.0,0.0,0.0,0.0,0.0,0.0,1.0
370761,0,1,3400,-63,63,498,20,24,4.0,0.0,0.0,27,6.0,0.0,0.0,0.0,0.0,0.0,0.0,1.0
371010,0,1,3400,-63,63,502,19,23,4.0,0.0,0.0,27,6.0,0.0,0.0,0.0,0.0,0.0,0.0,1.0
371259,0,1,3400,-63,63,500,19,23,4.0,0.0,0.0,27,6.1,0.0,0.0,0.0,0.0,0.0,0.0,1.0
371508,0,1,3400,-63,63,496,20,24,4.0,0.0,0.0,27,6.0,0.0,0.0,0.0,0.0,0.0,0.0,1.0
371757,0,1,3400,-63,63,494,20,23,4.0,0.0,0.0,27,6.0,0.0,0.0,0.0,0.0,0.0,0.0,1.0
372006,0,1,3400,-63,63,501,19,23,4.0,0.0,0.0,27,6.1,0.0,0.0,0.0,0.0,0.0,0.0,1.0
372255,0,1,3400,-63,63,498,19,23,4.0,0.0,0.0,27,6.1,0.0,0.0,0.0,0.0,0.0,0.0,1.0
372504,0,1,3400,-63,63,496,20,23,4.0,0.0,0.0,27,6.0,0.0,0.0,0.0,0.0,0.0,0.0,1.0
372753,0,1,3400,-62,62,498,20,23,4.0,0.0,0.0,27,6.0,0.0,0.0,0.0,0.0,0.0,0.0,1.0
373002,0,1,3400,-63,63,499,20,24,4.0,0.0,0.0,27,6.0,0.0,0.0,0.0,0.0,0.0,0.0,1.0
373251,0,1,3400,-63,63,500,19,24,4.0,0.0,0.0,27,6.0,0.0,0.0,0.0,0.0,0.0,0.0,1.0
373500,0,1,3400,-63,63,501,20,24,4.0,0.0,0.0,27,6.0,0.0,0.0,0.0,0.0,0.0,0.0,1.0
373749,0,1,3400,-63,63,499,19,23,4.0,0.0,0.0,27,6.1,0.0,0.0,0.0,0.0,0.0,0.0,1.0
373998,0,1,3400,-63,63,506,19,24,4.0,0.0,0.0,27,6.0,0.0,0.0,0.0,0.0,0.0,0.0,1.0
374247,0,1,3400,-63,63,502,20,24,4.0,0.0,0.0,27,6.0,0.0,0.0,0.0,0.0,0.0,0.0,1.0
374496,0,1,3400,-62,62,502,19,24,4.0,0.0,0.0,27,6.0,0.0,0.0,0.0,0.0,0.0,0.0,1.0
374745,0,1,3400,-63,63,499,20,24,4.0,0.0,0.0,27,6.0,0.0,0.0,0.0,0.0,0.0,0.0,1.0
374994,0,1,3400,-62,62,496,20,24,4.0,0.0,0.0,27,6.0,0.0,0.0,0.0,0.0,0.0,0.0,1.0
375243,0,1,3400,-63,63,496,20,24,4.0,0.0,0.0,27,6.0,0.0,0.0,0.0,0.0,0.0,0.0,1.0
375492,0,1,3400,-63,63,496,20,23,4.0,0.0,0.0,27,6.0,0.0,0.0,0.0,0.0,0.0,0.0,1.0
375741,0,1,3400,-63,63,496,19,24,4.0,0.0,0.0,27,6.1,0.0,0.0,0.0,0.0,0.0,0.0,1.0
375990,0,1,3400,-63,63,501,20,24,4.0,0.0,0.0,27,6.0,0.0,0.0,0.0,0.0,0.0,0.0,1.0
376239,0,1,3400,-63,63,494,20,24,4.0,0.0,0.0,27,6.0,0.0,0.0,0.0,0.0,0.0,0.0,1.0
376488,0,1,3400,-63,63,497,20,24,4.0,0.0,0.0,27,6.0,0.0,0.0,0.0,0.0,0.0,0.0,1.0
376737,0,1,3400,-63,63,498,20,24,4.0,0.0,0.0,27,6.0,0.0,0.0,0.0,0.0,0.0,0.0,1.0
376986,0,1,3400,-63,63,499,19,23,4.0,0.0,0.0,27,6.1,0.0,0.0,0.0,0.0,0.0,0.0,1.0
377235,0,1,3400,-63,63,497,20,24,4.0,0.0,0.0,27,6.0,0.0,0.0,0.0,0.0,0.0,0.0,1.0
377484,0,1,3400,-63,63,496,20,24,4.0,0.0,0.0,27,6.0,0.0,0.0,0.0,0.0,0.0,0.0,1.0
377733,0,1,3400,-63,63,494,19,23,4.0,0.0,0.0,27,6.1,0.0,0.0,0.0,0.0,0.0,0.0,1.0
377982,0,1,3400,-63,63,495,20,23,4.0,0.0,0.0,27,6.0,0.0,0.0,0.0,0.0,0.0,0.0,1.0
378231,0,1,3400,-63,63,492,20,24,4.0,0.0,0.0,27,6.0,0.0,0.0,0.0,0.0,0.0,0.0,1.0
378480,0,1,3400,-63,63,491,19,23,4.0,0.0,0.0,27,6.0,0.0,0.0,0.0,0.0,0.0,0.0,1.0
378729,0,1,3400,-62,62,490,20,24,4.0,0.0,0.0,27,6.0,0.0,0.0,0.0,0.0,0.0,0.0,1.0
378978,0,1,3400,-63,63,492,20,23,4.0,0.0,0.0,27,6.0,0.0,0.0,0.0,0.0,0.0,0.0,1.0
379227,0,1,3400,-63,63,497,20,24,4.0,0.0,0.0,27,6.0,0.0,0.0,0.0,0.0,0.0,0.0,1.0
379476,0,1,3400,-63,63,499,20,24,4.0,0.0,0.0,27,6.0,0.0,0.0,0.0,0.0,0.0,0.0,1.0
379725,0,1,3400,-63,63,496,20,24,4.0,0.0,0.0,27,6.0,0.0,0.0,0.0,0.0,0.0,0.0,1.0
379974,0,1,3400,-63,63,494,19,24,4.0,0.0,0.0,27,6.1,0.0,0.0,0.0,0.0,0.0,0.0,1.0
380223,0,1,3400,-63,63,495,19,24,4.0,0.0,0.0,27,6.1,0.0,0.0,0.0,0.0,0.0,0.0,1.0
380472,0,1,3400,-63,63,491,20,23,4.0,0.0,0.0,27,6.0,0.0,0.0,0.0,0.0,0.0,0.0,1.0
380721,0,1,3400,-63,63,495,20,24,4.0,0.0,0.0,27,6.0,0.0,0.0,0.0,0.0,0.0,0.0,1.0
380970,0,1,3400,-63,63,493,20,24,4.0,0.0,0.0,27,6.0,0.0,0.0,0.0,0.0,0.0,0.0,1.0
381219,0,1,3400,-63,63,497,20,24,4.0,0.0,0.0,27,6.0,0.0,0.0,0.0,0.0,0.0,0.0,1.0
381468,0,1,3400,-63,63,493,20,24,4.0,0.0,0.0,27,6.0,0.0,0.0,0.0,0.0,0.0,0.0,1.0
381717,0,1,3400,-63,63,489,19,23,4.0,0.0,0.0,27,6.0,0.0,0.0,0.0,0.0,0.0,0.0,1.0
381966,0,1,3400,-63,63,495,19,24,4.0,0.0,0.0,27,6.0,0.0,0.0,0.0,0.0,0.0,0.0,1.0
382215,0,1,3400,-63,63,493,20,23,4.0,0.0,0.0,27,6.0,0.0,0.0,0.0,0.0,0.0,0.0,1.0
382464,0,1,3400,-63,63,493,20,23,4.0,0.0,0.0,27,6.0,0.0,0.0,0.0,0.0,0.0,0.0,1.0
382713,0,1,3400,-63,63,492,19,23,4.0,0.0,0.0,27,6.1,0.0,0.0,0.0,0.0,0.0,0.0,1.0
382962,0,1,3400,-63,63,485,20,24,4.0,0.0,0.0,27,6.0,0.0,0.0,0.0,0.0,0.0,0.0,1.0
383211,0,1,3400,-63,63,490,20,23,4.0,0.0,0.0,27,6.0,0.0,0.0,0.0,0.0,0.0,0.0,1.0
383460,0,1,3400,-63,63,491,19,24,4.0,0.0,0.0,27,6.0,0.0,0.0,0.0,0.0,0.0,0.0,1.0
383709,0,1,3400,-63,63,490,20,23,4.0,0.0,0.0,27,6.0,0.0,0.0,0.0,0.0,0.0,0.0,1.0
383958,0,1,3400,-63,63,491,20,24,4.0,0.0,0.0,27,6.0,0.0,0.0,0.0,0.0,0.0,0.0,1.0
384207,0,1,3400,-63,63,487,19,23,4.0,0.0,0.0,27,6.1,0.0,0.0,0.0,0.0,0.0,0.0,1.0
384456,0,1,3400,-63,63,489,20,24,4.0,0.0,0.0,27,6.0,0.0,0.0,0.0,0.0,0.0,0.0,1.0
384705,0,1,3400,-63,63,490,20,23,4.0,0.0,0.0,27,6.0,0.0,0.0,0.0,0.0,0.0,0.0,1.0
384954,0,1,3400,-63,63,494,20,24,4.0,0.0,0.0,27,6.0,0.0,0.0,0.0,0.0,0.0,0.0,1.0
385203,0,1,3400,-63,63,493,20,24,4.0,0.0,0.0,27,6.0,0.0,0.0,0.0,0.0,0.0,0.0,1.0
385452,0,1,3400,-63,63,486,19,24,4.0,0.0,0.0,27,6.1,0.0,0.0,0.0,0.0,0.0,0.0,1.0
385701,0,1,3400,-63,63,485,20,23,4.0,0.0,0.0,27,6.0,0.0,0.0,0.0,0.0,0.0,0.0,1.0
385950,0,1,3400,-63,63,481,19,23,4.0,0.0,0.0,27,6.0,0.0,0.0,0.0,0.0,0.0,0.0,1.0
386199,0,1,3400,-63,63,483,20,23,4.0,0.0,0.0,27,6.0,0.0,0.0,0.0,0.0,0.0,0.0,1.0
386448,0,1,3400,-63,63,493,20,24,4.0,0.0,0.0,27,6.0,0.0,0.0,0.0,0.0,0.0,0.0,1.0
386697,0,1,3400,-63,63,495,20,24,4.0,0.0,0.0,27,6.0,0.0,0.0,0.0,0.0,0.0,0.0,1.0
386946,0,1,3400,-63,63,489,19,24,4.0,0.0,0.0,27,6.0,0.0,0.0,0.0,0.0,0.0,0.0,1.0
387195,0,1,3400,-63,63,491,20,24,4.0,0.0,0.0,27,6.0,0.0,0.0,0.0,0.0,0.0,0.0,1.0
387444,0,1,3400,-63,63,489,20,24,4.0,0.0,0.0,27,6.0,0.0,0.0,0.0,0.0,0.0,0.0,1.0
387693,0,1,3400,-63,63,484,19,24,4.0,0.0,0.0,27,6.1,0.0,0.0,0.0,0.0,0.0,0.0,1.0
387942,0,1,3400,-63,63,489,20,23,4.0,0.0,0.0,27,6.0,0.0,0.0,0.0,0.0,0.0,0.0,1.0
388191,0,1,3400,-63,63,490,20,24,4.0,0.0,0.0,27,6.0,0.0,0.0,0.0,0.0,0.0,0.0,1.0
388440,0,1,3400,-63,63,486,20,23,4.0,0.0,0.0,27,6.0,0.0,0.0,0.0,0.0,0.0,0.0,1.0
388689,0,1,3400,-63,63,484,20,24,4.0,0.0,0.0,27,6.0,0.0,0.0,0.0,0.0,0.0,0.0,1.0
388938,0,1,3400,-63,63,484,20,23,4.0,0.0,0.0,27,6.0,0.0,0.0,0.0,0.0,0.0,0.0,1.0
389187,0,1,3400,-63,63,489,20,23,4.0,0.0,0.0,27,6.0,0.0,0.0,0.0,0.0,0.0,0.0,1.0
389436,0,1,3400,-63,63,492,20,24,4.0,0.0,0.0,27,6.0,0.0,0.0,0.0,0.0,0.0,0.0,1.0
389685,0,1,3400,-62,62,490,19,23,4.0,0.0,0.0,27,6.1,0.0,0.0,0.0,0.0,0.0,0.0,1.0
389934,0,1,3400,-63,63,495,19,24,4.0,0.0,0.0,27,6.0,0.0,0.0,0.0,0.0,0.0,0.0,1.0
390183,0,1,3400,-63,63,492,19,24,4.0,0.0,0.0,27,6.1,0.0,0.0,0.0,0.0,0.0,0.0,1.0
390432,0,1,3400,-63,63,487,19,24,4.0,0.0,0.0,27,6.0,0.0,0.0,0.0,0.0,0.0,0.0,1.0
390681,0,1,3400,-63,63,489,19,24,4.0,0.0,0.0,27,6.1,0.0,0.0,0.0,0.0,0.0,0.0,1.0
390930,0,1,3400,-63,63,493,20,23,4.0,0.0,0.0,27,6.0,0.0,0.0,0.0,0.0,0.0,0.0,1.0
391179,0,1,3400,-63,63,494,19,23,4.0,0.0,0.0,27,6.1,0.0,0.0,0.0,0.0,0.0,0.0,1.0
391428,0,1,3400,-63,63,493,20,24,4.0,0.0,0.0,27,6.0,0.0,0.0,0.0,0.0,0.0,0.0,1.0
391677,0,1,3400,-62,62,488,20,24,4.0,0.0,0.0,27,6.0,0.0,0.0,0.0,0.0,0.0,0.0,1.0
391926,0,1,3400,-63,63,493,20,23,4.0,0.0,0.0,27,6.0,0.0,0.0,0.0,0.0,0.0,0.0,1.0
392175,0,1,3400,-63,63,491,20,24,4.0,0.0,0.0,27,6.0,0.0,0.0,0.0,0.0,0.0,0.0,1.0
392424,0,1,3400,-63,63,494,20,24,4.0,0.0,0.0,27,6.0,0.0,0.0,0.0,0.0,0.0,0.0,1.0
392673,0,1,3400,-63,63,497,20,23,4.0,0.0,0.0,27,6.0,0.0,0.0,0.0,0.0,0.0,0.0,1.0
392922,0,1,3400,-63,63,494,20,24,4.0,0.0,0.0,27,6.0,0.0,0.0,0.0,0.0,0.0,0.0,1.0
393171,0,1,3400,-63,63,492,19,24,4.0,0.0,0.0,27,6.0,0.0,0.0,0.0,0.0,0.0,0.0,1.0
393420,0,1,3400,-63,63,492,20,24,4.0,0.0,0.0,27,6.0,0.0,0.0,0.0,0.0,0.0,0.0,1.0
393669,0,1,3400,-63,63,488,19,23,4.0,0.0,0.0,27,6.1,0.0,0.0,0.0,0.0,0.0,0.0,1.0
393918,0,1,3400,-63,63,491,20,24,4.0,0.0,0.0,27,6.0,0.0,0.0,0.0,0.0,0.0,0.0,1.0
394167,0,1,3400,-63,63,495,20,23,4.0,0.0,0.0,27,6.0,0.0,0.0,0.0,0.0,0.0,0.0,1.0
394416,0,1,3400,-63,63,493,20,24,4.0,0.0,0.0,27,6.0,0.0,0.0,0.0,0.0,0.0,0.0,1.0
394665,0,1,3400,-63,63,494,19,24,4.0,0.0,0.0,27,6.1,0.0,0.0,0.0,0.0,0.0,0.0,1.0
394914,0,1,3400,-63,63,491,20,23,4.0,0.0,0.0,27,6.0,0.0,0.0,0.0,0.0,0.0,0.0,1.0
395163,0,1,3400,-63,63,487,20,24,4.0,0.0,0.0,27,6.0,0.0,0.0,0.0,0.0,0.0,0.0,1.0
395412,0,1,3400,-63,63,490,20,24,4.0,0.0,0.0,27,6.0,0.0,0.0,0.0,0.0,0.0,0.0,1.0
395661,0,1,3400,-63,63,490,20,24,4.0,0.0,0.0,27,6.0,0.0,0.0,0.0,0.0,0.0,0.0,1.0
395910,0,1,3400,-63,63,497,20,24,4.0,0.0,0.0,27,6.0,0.0,0.0,0.0,0.0,0.0,0.0,1.0
396159,0,1,3400,-63,63,490,20,23,4.0,0.0,0.0,27,6.0,0.0,0.0,0.0,0.0,0.0,0.0,1.0
396408,0,1,3400,-63,63,488,20,23,4.0,0.0,0.0,27,6.0,0.0,0.0,0.0,0.0,0.0,0.0,1.0
396657,0,1,3400,-63,63,489,20,24,4.0,0.0,0.0,27,6.0,0.0,0.0,0.0,0.0,0.0,0.0,1.0
396906,0,1,3400,-63,63,490,19,24,4.0,0.0,0.0,27,6.0,0.0,0.0,0.0,0.0,0.0,0.0,1.0
397155,0,1,3400,-63,63,492,20,24,4.0,0.0,0.0,27,6.0,0.0,0.0,0.0,0.0,0.0,0.0,1.0
397404,0,1,3400,-63,63,489,20,23,4.0,0.0,0.0,27,6.0,0.0,0.0,0.0,0.0,0.0,0.0,1.0
397653,0,1,3400,-62,62,486,20,23,4.0,0.0,0.0,27,6.0,0.0,0.0,0.0,0.0,0.0,0.0,1.0
397902,0,1,3400,-63,63,487,20,23,4.0,0.0,0.0,27,6.0,0.0,0.0,0.0,0.0,0.0,0.0,1.0
398151,0,1,3400,-63,63,485,19,23,4.0,0.0,0.0,27,6.1,0.0,0.0,0.0,0.0,0.0,0.0,1.0
398400,0,1,3400,-63,63,484,20,24,4.0,0.0,0.0,27,6.0,0.0,0.0,0.0,0.0,0.0,0.0,1.0
398649,0,1,3400,-63,63,490,20,24,4.0,0.0,0.0,27,6.0,0.0,0.0,0.0,0.0,0.0,0.0,1.0
398898,0,1,3400,-63,63,492,20,24,4.0,0.0,0.0,27,6.0,0.0,0.0,0.0,0.0,0.0,0.0,1.0
399147,0,1,3400,-63,63,485,20,24,4.0,0.0,0.0,27,6.0,0.0,0.0,0.0,0.0,0.0,0.0,1.0
399396,0,1,3400,-63,63,488,20,23,4.0,0.0,0.0,27,6.0,0.0,0.0,0.0,0.0,0.0,0.0,1.0
399645,0,1,3400,-63,63,494,20,23,4.0,0.0,0.0,27,6.0,0.0,0.0,0.0,0.0,0.0,0.0,1.0
399894,0,1,3400,-63,63,492,19,24,4.0,0.0,0.0,27,6.0,0.0,0.0,0.0,0.0,0.0,0.0,1.0
400143,0,1,3400,-63,63,491,19,23,4.0,0.0,0.0,27,6.1,0.0,0.0,0.0,0.0,0.0,0.0,1.0
400392,0,1,3400,-63,63,489,20,24,4.0,0.0,0.0,27,6.0,0.0,0.0,0.0,0.0,0.0,0.0,1.0
400641,0,1,3400,-63,63,493,19,23,4.0,0.0,0.0,27,6.0,0.0,0.0,0.0,0.0,0.0,0.0,1.0
400890,0,1,3400,-63,63,491,19,24,4.0,0.0,0.0,27,6.1,0.0,0.0,0.0,0.0,0.0,0.0,1.0
401139,0,1,3400,-63,63,488,20,23,4.0,0.0,0.0,27,6.0,0.0,0.0,0.0,0.0,0.0,0.0,1.0
401388,0,1,3400,-63,63,488,20,24,4.0,0.0,0.0,27,6.0,0.0,0.0,0.0,0.0,0.0,0.0,1.0
401637,0,1,3400,-63,63,485,20,23,4.0,0.0,0.0,27,6.0,0.0,0.0,0.0,0.0,0.0,0.0,1.0
401886,0,1,3400,-63,63,487,19,24,4.0,0.0,0.0,27,6.1,0.0,0.0,0.0,0.0,0.0,0.0,1.0
402135,0,1,3400,-63,63,491,20,23,4.0,0.0,0.0,27,6.0,0.0,0.0,0.0,0.0,0.0,0.0,1.0
402384,0,1,3400,-63,63,485,20,23,4.0,0.0,0.0,27,6.0,0.0,0.0,0.0,0.0,0.0,0.0,1.0
402633,0,1,3400,-63,63,487,19,24,4.0,0.0,0.0,27,6.0,0.0,0.0,0.0,0.0,0.0,0.0,1.0
402882,0,1,3400,-63,63,490,20,24,4.0,0.0,0.0,27,6.0,0.0,0.0,0.0,0.0,0.0,0.0,1.0
403131,0,1,3400,-63,63,490,19,23,4.0,0.0,0.0,27,6.1,0.0,0.0,0.0,0.0,0.0,0.0,1.0
403380,0,1,3400,-63,63,486,19,23,4.0,0.0,0.0,27,6.1,0.0,0.0,0.0,0.0,0.0,0.0,1.0
403629,0,1,3400,-63,63,491,20,23,4.0,0.0,0.0,27,6.0,0.0,0.0,0.0,0.0,0.0,0.0,1.0
403878,0,1,3400,-63,63,493,19,24,4.0,0.0,0.0,27,6.1,0.0,0.0,0.0,0.0,0.0,0.0,1.0
404127,0,1,3400,-63,63,492,19,23,4.0,0.0,0.0,27,6.1,0.0,0.0,0.0,0.0,0.0,0.0,1.0
404376,0,1,3400,-63,63,489,20,23,4.0,0.0,0.0,27,6.0,0.0,0.0,0.0,0.0,0.0,0.0,1.0
404625,0,1,3400,-63,63,497,20,24,4.0,0.0,0.0,27,6.0,0.0,0.0,0.0,0.0,0.0,0.0,1.0
404874,0,1,3400,-63,63,498,19,23,4.0,0.0,0.0,27,6.0,0.0,0.0,0.0,0.0,0.0,0.0,1.0
405123,0,1,3400,-63,63,493,19,23,4.0,0.0,0.0,27,6.1,0.0,0.0,0.0,0.0,0.0,0.0,1.0
405372,0,1,3400,-63,63,492,20,23,4.0,0.0,0.0,27,6.0,0.0,0.0,0.0,0.0,0.0,0.0,1.0
405621,0,1,3400,-63,63,488,20,24,4.0,0.0,0.0,27,6.0,0.0,0.0,0.0,0.0,0.0,0.0,1.0
405870,0,1,3400,-63,63,497,20,23,4.0,0.0,0.0,27,6.0,0.0,0.0,0.0,0.0,0.0,0.0,1.0
406119,0,1,3400,-63,63,489,20,24,4.0,0.0,0.0,27,6.0,0.0,0.0,0.0,0.0,0.0,0.0,1.0
406368,0,1,3400,-63,63,483,19,23,4.0,0.0,0.0,27,6.1,0.0,0.0,0.0,0.0,0.0,0.0,1.0
406617,0,1,3400,-63,63,492,20,25,4.0,0.0,0.0,27,6.0,0.0,0.0,0.0,0.0,0.0,0.0,1.0
406866,0,1,3400,-63,63,494,19,23,4.0,0.0,0.0,27,6.1,0.0,0.0,0.0,0.0,0.0,0.0,1.0
407115,0,1,3400,-63,63,490,20,24,4.0,0.0,0.0,27,6.0,0.0,0.0,0.0,0.0,0.0,0.0,1.0
407364,0,1,3400,-63,63,488,20,24,4.0,0.0,0.0,27,6.0,0.0,0.0,0.0,0.0,0.0,0.0,1.0
407613,0,1,3400,-63,63,491,20,23,4.0,0.0,0.0,27,6.0,0.0,0.0,0.0,0.0,0.0,0.0,1.0
407862,0,1,3400,-63,63,489,19,23,4.0,0.0,0.0,27,6.1,0.0,0.0,0.0,0.0,0.0,0.0,1.0
408111,0,1,3400,-63,63,489,20,24,4.0,0.0,0.0,27,6.0,0.0,0.0,0.0,0.0,0.0,0.0,1.0
408360,0,1,3400,-63,63,490,20,25,4.0,0.0,0.0,27,6.0,0.0,0.0,0.0,0.0,0.0,0.0,1.0
408609,0,1,3400,-63,63,489,20,24,4.0,0.0,0.0,27,6.0,0.0,0.0,0.0,0.0,0.0,0.0,1.0
408858,0,1,3400,-63,63,487,19,23,4.0,0.0,0.0,27,6.1,0.0,0.0,0.0,0.0,0.0,0.0,1.0
409107,0,1,3400,-63,63,490,20,23,4.0,0.0,0.0,27,6.0,0.0,0.0,0.0,0.0,0.0,0.0,1.0
409356,0,1,3400,-63,63,488,20,24,4.0,0.0,0.0,27,6.0,0.0,0.0,0.0,0.0,0.0,0.0,1.0
409605,0,1,3400,-63,63,491,19,24,4.0,0.0,0.0,27,6.1,0.0,0.0,0.0,0.0,0.0,0.0,1.0
409854,0,1,3400,-63,63,493,20,23,4.0,0.0,0.0,27,6.0,0.0,0.0,0.0,0.0,0.0,0.0,1.0
410103,0,1,3400,-63,63,494,19,24,4.0,0.0,0.0,27,6.1,0.0,0.0,0.0,0.0,0.0,0.0,1.0
410352,0,1,3400,-63,63,495,20,24,4.0,0.0,0.0,27,6.0,0.0,0.0,0.0,0.0,0.0,0.0,1.0
410601,0,1,3400,-63,63,491,19,24,4.0,0.0,0.0,27,6.0,0.0,0.0,0.0,0.0,0.0,0.0,1.0
410850,0,1,3400,-63,63,490,19,24,4.0,0.0,0.0,27,6.1,0.0,0.0,0.0,0.0,0.0,0.0,1.0
411099,0,1,3400,-63,63,493,20,23,4.0,0.0,0.0,27,6.0,0.0,0.0,0.0,0.0,0.0,0.0,1.0
411348,0,1,3400,-63,63,491,20,24,4.0,0.0,0.0,27,6.0,0.0,0.0,0.0,0.0,0.0,0.0,1.0
411597,0,1,3400,-63,63,487,20,23,4.0,0.0,0.0,27,6.0,0.0,0.0,0.0,0.0,0.0,0.0,1.0
411846,0,1,3400,-63,63,484,20,23,4.0,0.0,0.0,27,6.0,0.0,0.0,0.0,0.0,0.0,0.0,1.0
412095,0,1,3400,-63,63,492,20,24,4.0,0.0,0.0,27,6.0,0.0,0.0,0.0,0.0,0.0,0.0,1.0
412344,0,1,3400,-63,63,498,19,24,4.0,0.0,0.0,27,6.1,0.0,0.0,0.0,0.0,0.0,0.0,1.0
412593,0,1,3400,-63,63,500,19,23,4.0,0.0,0.0,27,6.1,0.0,0.0,0.0,0.0,0.0,0.0,1.0
412842,0,1,3400,-63,63,490,19,23,4.0,0.0,0.0,27,6.1,0.0,0.0,0.0,0.0,0.0,0.0,1.0
413091,0,1,3400,-63,63,490,19,23,4.0,0.0,0.0,27,6.1,0.0,0.0,0.0,0.0,0.0,0.0,1.0
413340,0,1,3400,-63,63,493,19,23,4.0,0.0,0.0,27,6.1,0.0,0.0,0.0,0.0,0.0,0.0,1.0
413589,0,1,3400,-63,63,487,20,24,4.0,0.0,0.0,27,6.0,0.0,0.0,0.0,0.0,0.0,0.0,1.0
413838,0,1,3400,-63,63,488,19,23,4.0,0.0,0.0,27,6.0,0.0,0.0,0.0,0.0,0.0,0.0,1.0
414087,0,1,3400,-63,63,490,20,23,4.0,0.0,0.0,27,6.0,0.0,0.0,0.0,0.0,0.0,0.0,1.0
414336,0,1,3400,-63,63,490,20,24,4.0,0.0,0.0,27,6.0,0.0,0.0,0.0,0.0,0.0,0.0,1.0
414585,0,1,3400,-63,63,493,20,24,4.0,0.0,0.0,27,6.0,0.0,0.0,0.0,0.0,0.0,0.0,1.0
414834,0,1,3400,-63,63,492,20,23,4.0,0.0,0.0,27,6.0,0.0,0.0,0.0,0.0,0.0,0.0,1.0
415083,0,1,3400,-63,63,493,19,23,4.0,0.0,0.0,27,6.1,0.0,0.0,0.0,0.0,0.0,0.0,1.0
415332,0,1,3400,-63,63,493,20,23,4.0,0.0,0.0,27,6.0,0.0,0.0,0.0,0.0,0.0,0.0,1.0
415581,0,1,3400,-63,63,496,19,23,4.0,0.0,0.0,27,6.0,0.0,0.0,0.0,0.0,0.0,0.0,1.0
415830,0,1,3400,-63,63,497,20,23,4.0,0.0,0.0,27,6.0,0.0,0.0,0.0,0.0,0.0,0.0,1.0
416079,0,1,3400,-63,63,490,20,23,4.0,0.0,0.0,27,6.0,0.0,0.0,0.0,0.0,0.0,0.0,1.0
416328,0,1,3400,-63,63,486,19,22,4.0,0.0,0.0,27,6.1,0.0,0.0,0.0,0.0,0.0,0.0,1.0
416577,0,1,3400,-63,63,492,19,24,4.0,0.0,0.0,27,6.0,0.0,0.0,0.0,0.0,0.0,0.0,1.0
416826,0,1,3400,-63,63,489,20,23,4.0,0.0,0.0,27,6.0,0.0,0.0,0.0,0.0,0.0,0.0,1.0
417075,0,1,3400,-63,63,488,19,23,4.0,0.0,0.0,27,6.1,0.0,0.0,0.0,0.0,0.0,0.0,1.0
417324,0,1,3400,-63,63,493,19,23,4.0,0.0,0.0,27,6.0,0.0,0.0,0.0,0.0,0.0,0.0,1.0
417573,0,1,3400,-63,63,492,20,23,4.0,0.0,0.0,27,6.0,0.0,0.0,0.0,0.0,0.0,0.0,1.0
417822,0,1,3400,-63,63,494,20,23,4.0,0.0,0.0,27,6.0,0.0,0.0,0.0,0.0,0.0,0.0,1.0
418071,0,1,3400,-63,63,497,20,24,4.0,0.0,0.0,27,6.0,0.0,0.0,0.0,0.0,0.0,0.0,1.0
418320,0,1,3400,-63,63,491,20,24,4.0,0.0,0.0,27,6.0,0.0,0.0,0.0,0.0,0.0,0.0,1.0
418569,0,1,3400,-63,63,491,19,23,4.0,0.0,0.0,27,6.1,0.0,0.0,0.0,0.0,0.0,0.0,1.0
418818,0,1,3400,-63,63,489,20,24,4.0,0.0,0.0,27,6.0,0.0,0.0,0.0,0.0,0.0,0.0,1.0
419067,0,1,3400,-63,63,492,19,24,3.9,0.0,0.0,27,6.2,0.0,0.0,0.0,0.0,0.0,0.0,1.0
419316,0,1,3400,-63,63,492,19,24,4.0,0.0,0.0,27,6.0,0.0,0.0,0.0,0.0,0.0,0.0,1.0
419565,0,1,3400,-63,63,485,19,23,4.0,0.0,0.0,27,6.1,0.0,0.0,0.0,0.0,0.0,0.0,1.0
419814,0,1,3400,-63,63,488,20,23,4.0,0.0,0.0,27,6.0,0.0,0.0,0.0,0.0,0.0,0.0,1.0
420063,0,1,3400,-63,63,491,20,23,4.0,0.0,0.0,27,6.0,0.0,0.0,0.0,0.0,0.0,0.0,1.0
420312,0,1,3400,-63,63,488,20,24,4.0,0.0,0.0,27,6.0,0.0,0.0,0.0,0.0,0.0,0.0,1.0
420561,0,1,3400,-63,63,490,20,24,4.0,0.0,0.0,27,6.0,0.0,0.0,0.0,0.0,0.0,0.0,1.0
420810,0,1,3400,-63,63,487,20,24,4.0,0.0,0.0,27,6.0,0.0,0.0,0.0,0.0,0.0,0.0,1.0
421059,0,1,3400,-63,63,487,19,23,4.0,0.0,0.0,27,6.1,0.0,0.0,0.0,0.0,0.0,0.0,1.0
421308,0,1,3400,-63,63,490,19,23,4.0,0.0,0.0,27,6.0,0.0,0.0,0.0,0.0,0.0,0.0,1.0
421557,0,1,3400,-63,63,489,20,23,4.0,0.0,0.0,27,6.0,0.0,0.0,0.0,0.0,0.0,0.0,1.0
421806,0,1,3400,-63,63,492,20,23,4.0,0.0,0.0,27,6.0,0.0,0.0,0.0,0.0,0.0,0.0,1.0
422055,0,1,3400,-63,63,490,19,23,4.0,0.0,0.0,27,6.0,0.0,0.0,0.0,0.0,0.0,0.0,1.0
422304,0,1,3400,-63,63,490,20,24,4.0,0.0,0.0,27,6.0,0.0,0.0,0.0,0.0,0.0,0.0,1.0
422553,0,1,3400,-63,63,491,19,24,4.0,0.0,0.0,27,6.0,0.0,0.0,0.0,0.0,0.0,0.0,1.0
422802,0,1,3400,-63,63,491,20,24,4.0,0.0,0.0,27,6.0,0.0,0.0,0.0,0.0,0.0,0.0,1.0
423051,0,1,3400,-63,63,493,19,24,4.0,0.0,0.0,27,6.1,0.0,0.0,0.0,0.0,0.0,0.0,1.0
423300,0,1,3400,-63,63,494,20,23,4.0,0.0,0.0,27,6.0,0.0,0.0,0.0,0.0,0.0,0.0,1.0
423549,0,1,3400,-63,63,488,20,23,4.0,0.0,0.0,27,6.0,0.0,0.0,0.0,0.0,0.0,0.0,1.0
423798,0,1,3400,-63,63,490,19,23,3.9,0.0,0.0,27,6.1,0.0,0.0,0.0,0.0,0.0,0.0,1.0
424047,0,1,3400,-63,63,489,20,23,4.0,0.0,0.0,27,6.0,0.0,0.0,0.0,0.0,0.0,0.0,1.0
424296,0,1,3400,-63,63,489,19,23,4.0,0.0,0.0,27,6.1,0.0,0.0,0.0,0.0,0.0,0.0,1.0
424545,0,1,3400,-63,63,496,19,24,4.0,0.0,0.0,27,6.0,0.0,0.0,0.0,0.0,0.0,0.0,1.0
424794,0,1,3400,-63,63,495,20,23,4.0,0.0,0.0,27,6.0,0.0,0.0,0.0,0.0,0.0,0.0,1.0
425043,0,1,3400,-63,63,495,20,23,4.0,0.0,0.0,27,6.0,0.0,0.0,0.0,0.0,0.0,0.0,1.0
425292,0,1,3400,-62,62,495,20,23,4.0,0.0,0.0,27,6.0,0.0,0.0,0.0,0.0,0.0,0.0,1.0
425541,0,1,3400,-63,63,492,20,23,4.0,0.0,0.0,27,6.0,0.0,0.0,0.0,0.0,0.0,0.0,1.0
425790,0,1,3400,-63,63,489,20,24,4.0,0.0,0.0,27,6.0,0.0,0.0,0.0,0.0,0.0,0.0,1.0
426039,0,1,3400,-63,63,495,19,23,4.0,0.0,0.0,27,6.1,0.0,0.0,0.0,0.0,0.0,0.0,1.0
426288,0,1,3400,-63,63,500,20,24,4.0,0.0,0.0,27,6.0,0.0,0.0,0.0,0.0,0.0,0.0,1.0
426537,0,1,3400,-63,63,496,20,24,4.0,0.0,0.0,27,6.0,0.0,0.0,0.0,0.0,0.0,0.0,1.0
426786,0,1,3400,-63,63,490,20,23,4.0,0.0,0.0,27,6.0,0.0,0.0,0.0,0.0,0.0,0.0,1.0
427035,0,1,3400,-63,63,493,20,24,4.0,0.0,0.0,27,6.0,0.0,0.0,0.0,0.0,0.0,0.0,1.0
427284,0,1,3400,-63,63,494,19,23,4.0,0.0,0.0,27,6.1,0.0,0.0,0.0,0.0,0.0,0.0,1.0
427533,0,1,3400,-63,63,487,20,24,4.0,0.0,0.0,27,6.0,0.0,0.0,0.0,0.0,0.0,0.0,1.0
427782,0,1,3400,-63,63,488,19,24,4.0,0.0,0.0,27,6.0,0.0,0.0,0.0,0.0,0.0,0.0,1.0
428031,0,1,3400,-63,63,487,19,24,4.0,0.0,0.0,27,6.0,0.0,0.0,0.0,0.0,0.0,0.0,1.0
428280,0,1,3400,-63,63,488,20,23,4.0,0.0,0.0,27,6.0,0.0,0.0,0.0,0.0,0.0,0.0,1.0
428529,0,1,3400,-63,63,494,19,24,4.0,0.0,0.0,27,6.1,0.0,0.0,0.0,0.0,0.0,0.0,1.0
428778,0,1,3400,-63,63,493,20,24,4.0,0.0,0.0,27,6.0,0.0,0.0,0.0,0.0,0.0,0.0,1.0
429027,0,1,3400,-63,63,487,19,23,4.0,0.0,0.0,27,6.0,0.0,0.0,0.0,0.0,0.0,0.0,1.0
429276,0,1,3400,-63,63,489,20,23,4.0,0.0,0.0,27,6.0,0.0,0.0,0.0,0.0,0.0,0.0,1.0
429525,0,1,3400,-63,63,491,19,23,4.0,0.0,0.0,27,6.0,0.0,0.0,0.0,0.0,0.0,0.0,1.0
429774,0,1,3400,-63,63,490,20,24,4.0,0.0,0.0,27,6.0,0.0,0.0,0.0,0.0,0.0,0.0,1.0
430023,0,1,3400,-63,63,493,20,24,4.0,0.0,0.0,27,6.0,0.0,0.0,0.0,0.0,0.0,0.0,1.0
430272,0,1,3400,-63,63,495,20,24,4.0,0.0,0.0,27,6.0,0.0,0.0,0.0,0.0,0.0,0.0,1.0
430521,0,1,3400,-63,63,489,20,23,4.0,0.0,0.0,27,6.0,0.0,0.0,0.0,0.0,0.0,0.0,1.0
430770,0,1,3400,-63,63,491,20,23,4.0,0.0,0.0,27,6.0,0.0,0.0,0.0,0.0,0.0,0.0,1.0
431019,0,1,3400,-63,63,493,20,23,4.0,0.0,0.0,27,6.0,0.0,0.0,0.0,0.0,0.0,0.0,1.0
431268,0,1,3400,-63,63,488,20,24,4.0,0.0,0.0,27,6.0,0.0,0.0,0.0,0.0,0.0,0.0,1.0
431517,0,1,3400,-63,63,485,20,23,4.0,0.0,0.0,27,6.0,0.0,0.0,0.0,0.0,0.0,0.0,1.0
431766,0,1,3400,-63,63,488,20,23,4.0,0.0,0.0,27,6.0,0.0,0.0,0.0,0.0,0.0,0.0,1.0
432015,0,1,3400,-63,63,493,20,23,4.0,0.0,0.0,27,6.0,0.0,0.0,0.0,0.0,0.0,0.0,1.0
432264,0,1,3400,-63,63,496,19,23,4.0,0.0,0.0,27,6.0,0.0,0.0,0.0,0.0,0.0,0.0,1.0
432513,0,1,3400,-63,63,500,20,23,4.0,0.0,0.0,27,6.0,0.0,0.0,0.0,0.0,0.0,0.0,1.0
432762,0,1,3400,-63,63,495,19,23,4.0,0.0,0.0,27,6.1,0.0,0.0,0.0,0.0,0.0,0.0,1.0
433011,0,1,3400,-63,63,490,20,23,4.0,0.0,0.0,27,6.0,0.0,0.0,0.0,0.0,0.0,0.0,1.0
433260,0,1,3400,-63,63,496,19,24,4.0,0.0,0.0,27,6.1,0.0,0.0,0.0,0.0,0.0,0.0,1.0
433509,0,1,3400,-63,63,496,20,24,4.0,0.0,0.0,27,6.0,0.0,0.0,0.0,0.0,0.0,0.0,1.0
433758,0,1,3400,-63,63,499,19,24,4.0,0.0,0.0,27,6.1,0.0,0.0,0.0,0.0,0.0,0.0,1.0
434007,0,1,3400,-63,63,494,20,24,4.0,0.0,0.0,27,6.0,0.0,0.0,0.0,0.0,0.0,0.0,1.0
434256,0,1,3400,-63,63,493,19,24,4.0,0.0,0.0,27,6.1,0.0,0.0,0.0,0.0,0.0,0.0,1.0
434505,0,1,3400,-63,63,492,20,24,4.0,0.0,0.0,27,6.0,0.0,0.0,0.0,0.0,0.0,0.0,1.0
434754,0,1,3400,-63,63,492,20,24,4.0,0.0,0.0,27,6.0,0.0,0.0,0.0,0.0,0.0,0.0,1.0
435003,0,1,3400,-63,63,491,19,24,4.0,0.0,0.0,27,6.0,0.0,0.0,0.0,0.0,0.0,0.0,1.0
435252,0,1,3400,-63,63,492,20,22,4.0,0.0,0.0,27,6.0,0.0,0.0,0.0,0.0,0.0,0.0,1.0
435501,0,1,3400,-63,63,487,20,23,4.0,0.0,0.0,27,6.0,0.0,0.0,0.0,0.0,0.0,0.0,1.0
435750,0,1,3400,-63,63,489,20,24,4.0,0.0,0.0,27,6.0,0.0,0.0,0.0,0.0,0.0,0.0,1.0
435999,0,1,3400,-63,63,488,19,23,4.0,0.0,0.0,27,6.0,0.0,0.0,0.0,0.0,0.0,0.0,1.0
436248,0,1,3400,-63,63,487,20,24,4.0,0.0,0.0,27,6.0,0.0,0.0,0.0,0.0,0.0,0.0,1.0
436497,0,1,3400,-63,63,498,20,23,4.0,0.0,0.0,27,6.0,0.0,0.0,0.0,0.0,0.0,0.0,1.0
436746,0,1,3400,-63,63,496,20,23,4.0,0.0,0.0,27,6.0,0.0,0.0,0.0,0.0,0.0,0.0,1.0
436995,0,1,3400,-63,63,494,20,25,4.0,0.0,0.0,27,6.0,0.0,0.0,0.0,0.0,0.0,0.0,1.0
437244,0,1,3400,-63,63,499,20,23,4.0,0.0,0.0,27,6.0,0.0,0.0,0.0,0.0,0.0,0.0,1.0
437493,0,1,3400,-63,63,495,20,24,4.0,0.0,0.0,27,6.0,0.0,0.0,0.0,0.0,0.0,0.0,1.0
437742,0,1,3400,-63,63,488,20,23,4.0,0.0,0.0,27,6.0,0.0,0.0,0.0,0.0,0.0,0.0,1.0
437991,0,1,3400,-63,63,487,19,24,4.0,0.0,0.0,27,6.1,0.0,0.0,0.0,0.0,0.0,0.0,1.0
438240,0,1,3400,-63,63,488,20,24,4.0,0.0,0.0,27,6.0,0.0,0.0,0.0,0.0,0.0,0.0,1.0
438489,0,1,3400,-63,63,493,20,24,4.0,0.0,0.0,27,6.0,0.0,0.0,0.0,0.0,0.0,0.0,1.0
438738,0,1,3400,-63,63,490,20,24,4.0,0.0,0.0,27,6.0,0.0,0.0,0.0,0.0,0.0,0.0,1.0
438987,0,1,3400,-63,63,489,20,24,4.0,0.0,0.0,27,6.0,0.0,0.0,0.0,0.0,0.0,0.0,1.0
439236,0,1,3400,-63,63,491,20,24,4.0,0.0,0.0,27,6.0,0.0,0.0,0.0,0.0,0.0,0.0,1.0
439485,0,1,3400,-63,63,488,19,24,4.0,0.0,0.0,27,6.1,0.0,0.0,0.0,0.0,0.0,0.0,1.0
439734,0,1,3400,-63,63,489,20,23,4.0,0.0,0.0,27,6.0,0.0,0.0,0.0,0.0,0.0,0.0,1.0
439983,0,1,3400,-63,63,488,19,23,4.0,0.0,0.0,27,6.0,0.0,0.0,0.0,0.0,0.0,0.0,1.0
440232,0,1,3400,-63,63,485,19,23,4.0,0.0,0.0,27,6.0,0.0,0.0,0.0,0.0,0.0,0.0,1.0
440481,0,1,3400,-63,63,487,20,24,4.0,0.0,0.0,27,6.0,0.0,0.0,0.0,0.0,0.0,0.0,1.0
440730,0,1,3400,-63,63,488,20,23,4.0,0.0,0.0,27,6.0,0.0,0.0,0.0,0.0,0.0,0.0,1.0
440979,0,1,3400,-63,63,483,19,24,4.0,0.0,0.0,27,6.1,0.0,0.0,0.0,0.0,0.0,0.0,1.0
441228,0,1,3400,-63,63,486,19,23,4.0,0.0,0.0,27,6.1,0.0,0.0,0.0,0.0,0.0,0.0,1.0
441477,0,1,3400,-63,63,486,19,24,4.0,0.0,0.0,27,6.0,0.0,0.0,0.0,0.0,0.0,0.0,1.0
441726,0,1,3400,-63,63,490,20,24,4.0,0.0,0.0,27,6.0,0.0,0.0,0.0,0.0,0.0,0.0,1.0
441975,0,1,3400,-63,63,491,20,23,4.0,0.0,0.0,27,6.0,0.0,0.0,0.0,0.0,0.0,0.0,1.0
442224,0,1,3400,-63,63,490,19,24,4.0,0.0,0.0,27,6.0,0.0,0.0,0.0,0.0,0.0,0.0,1.0
442473,0,1,3400,-63,63,488,19,24,4.0,0.0,0.0,27,6.1,0.0,0.0,0.0,0.0,0.0,0.0,1.0
442722,0,1,3400,-63,63,491,20,23,4.0,0.0,0.0,27,6.0,0.0,0.0,0.0,0.0,0.0,0.0,1.0
442971,0,1,3400,-63,63,492,19,23,4.0,0.0,0.0,27,6.1,0.0,0.0,0.0,0.0,0.0,0.0,1.0
443220,0,1,3400,-63,63,498,20,24,4.0,0.0,0.0,27,6.0,0.0,0.0,0.0,0.0,0.0,0.0,1.0
443469,0,1,3400,-63,63,490,19,24,4.0,0.0,0.0,27,6.1,0.0,0.0,0.0,0.0,0.0,0.0,1.0
443718,0,1,3400,-63,63,489,19,23,4.0,0.0,0.0,27,6.1,0.0,0.0,0.0,0.0,0.0,0.0,1.0
443967,0,1,3400,-63,63,491,20,24,4.0,0.0,0.0,27,6.0,0.0,0.0,0.0,0.0,0.0,0.0,1.0
444216,0,1,3400,-63,63,491,19,23,4.0,0.0,0.0,27,6.1,0.0,0.0,0.0,0.0,0.0,0.0,1.0
444465,0,1,3400,-63,63,496,19,24,4.0,0.0,0.0,27,6.0,0.0,0.0,0.0,0.0,0.0,0.0,1.0
444714,0,1,3400,-63,63,492,20,23,4.0,0.0,0.0,27,6.0,0.0,0.0,0.0,0.0,0.0,0.0,1.0
444963,0,1,3400,-63,63,488,20,23,4.0,0.0,0.0,27,6.0,0.0,0.0,0.0,0.0,0.0,0.0,1.0
445212,0,1,3400,-63,63,490,19,23,4.0,0.0,0.0,27,6.1,0.0,0.0,0.0,0.0,0.0,0.0,1.0
445461,0,1,3400,-63,63,492,20,23,4.0,0.0,0.0,27,6.0,0.0,0.0,0.0,0.0,0.0,0.0,1.0
445710,0,1,3400,-63,63,493,19,23,4.0,0.0,0.0,27,6.1,0.0,0.0,0.0,0.0,0.0,0.0,1.0
445959,0,1,3400,-63,63,490,20,23,4.0,0.0,0.0,27,6.0,0.0,0.0,0.0,0.0,0.0,0.0,1.0
446208,0,1,3400,-63,63,488,20,23,4.0,0.0,0.0,27,6.0,0.0,0.0,0.0,0.0,0.0,0.0,1.0
446457,0,1,3400,-63,63,492,20,23,4.0,0.0,0.0,27,6.0,0.0,0.0,0.0,0.0,0.0,0.0,1.0
446706,0,1,3400,-63,63,495,20,24,4.0,0.0,0.0,27,6.0,0.0,0.0,0.0,0.0,0.0,0.0,1.0
446955,0,1,3400,-63,63,485,20,23,4.0,0.0,0.0,27,6.0,0.0,0.0,0.0,0.0,0.0,0.0,1.0
447204,0,1,3400,-63,63,487,19,24,4.0,0.0,0.0,27,6.1,0.0,0.0,0.0,0.0,0.0,0.0,1.0
447453,0,1,3400,-63,63,488,19,23,4.0,0.0,0.0,27,6.1,0.0,0.0,0.0,0.0,0.0,0.0,1.0
447702,0,1,3400,-63,63,491,19,24,4.0,0.0,0.0,27,6.0,0.0,0.0,0.0,0.0,0.0,0.0,1.0
447951,0,1,3400,-63,63,496,19,24,4.0,0.0,0.0,27,6.1,0.0,0.0,0.0,0.0,0.0,0.0,1.0
448200,0,1,3400,-63,63,490,20,24,4.0,0.0,0.0,27,6.0,0.0,0.0,0.0,0.0,0.0,0.0,1.0
448449,0,1,3400,-63,63,489,20,24,4.0,0.0,0.0,27,6.0,0.0,0.0,0.0,0.0,0.0,0.0,1.0
448698,0,1,3400,-63,63,488,19,25,4.0,0.0,0.0,27,6.0,0.0,0.0,0.0,0.0,0.0,0.0,1.0
448947,0,1,3400,-63,63,493,19,24,4.0,0.0,0.0,27,6.0,0.0,0.0,0.0,0.0,0.0,0.0,1.0
449196,0,1,3400,-63,63,490,20,25,4.0,0.0,0.0,27,6.0,0.0,0.0,0.0,0.0,0.0,0.0,1.0
449445,0,1,3400,-63,63,491,20,24,4.0,0.0,0.0,27,6.0,0.0,0.0,0.0,0.0,0.0,0.0,1.0
449694,0,1,3400,-63,63,494,20,25,4.0,0.0,0.0,27,6.0,0.0,0.0,0.0,0.0,0.0,0.0,1.0
449943,0,1,3400,-63,63,490,20,24,4.0,0.0,0.0,27,6.0,0.0,0.0,0.0,0.0,0.0,0.0,1.0
450192,0,1,3400,-63,63,488,20,25,4.0,0.0,0.0,27,6.0,0.0,0.0,0.0,0.0,0.0,0.0,1.0
450441,0,1,3400,-63,63,492,20,24,4.0,0.0,0.0,27,6.0,0.0,0.0,0.0,0.0,0.0,0.0,1.0
450690,0,1,3400,-63,63,492,20,25,4.0,0.0,0.0,27,6.0,0.0,0.0,0.0,0.0,0.0,0.0,1.0
450939,0,1,3400,-63,63,489,20,24,4.0,0.0,0.0,27,6.0,0.0,0.0,0.0,0.0,0.0,0.0,1.0
451188,0,1,3400,-63,63,494,20,24,4.0,0.0,0.0,27,6.0,0.0,0.0,0.0,0.0,0.0,0.0,1.0
451437,0,1,3400,-63,63,493,20,24,4.0,0.0,0.0,27,6.0,0.0,0.0,0.0,0.0,0.0,0.0,1.0
451686,0,1,3400,-63,63,492,20,25,4.0,0.0,0.0,27,6.0,0.0,0.0,0.0,0.0,0.0,0.0,1.0
451935,0,1,3400,-63,63,489,20,25,4.0,0.0,0.0,27,6.0,0.0,0.0,0.0,0.0,0.0,0.0,1.0
452184,0,1,3400,-63,63,487,20,25,4.0,0.0,0.0,27,6.0,0.0,0.0,0.0,0.0,0.0,0.0,1.0
452433,0,1,3400,-63,63,492,20,26,4.0,0.0,0.0,27,6.0,0.0,0.0,0.0,0.0,0.0,0.0,1.0
452682,0,1,3400,-63,63,497,20,26,4.0,0.0,0.0,27,6.0,0.0,0.0,0.0,0.0,0.0,0.0,1.0
452931,0,1,3400,-63,63,495,20,26,4.0,0.0,0.0,27,6.0,0.0,0.0,0.0,0.0,0.0,0.0,1.0
453180,0,1,3400,-63,63,493,20,26,4.0,0.0,0.0,27,6.0,0.0,0.0,0.0,0.0,0.0,0.0,1.0
453429,0,1,3400,-63,63,491,20,26,4.0,0.0,0.0,27,6.0,0.0,0.0,0.0,0.0,0.0,0.0,1.0
453678,0,1,3400,-69,69,466,19,20,4.0,0.0,0.0,27,6.0,0.0,0.0,0.0,0.0,0.0,0.0,1.0
453927,0,1,3400,-89,89,664,20,0.96,4.0,0.0,0.0,27,6.0,0.0,0.0,0.0,0.0,0.0,0.0,1.0
454176,0,1,3400,-89,89,521,19,0.95,4.0,0.0,0.0,27,6.1,0.0,0.0,0.0,0.0,0.0,0.0,1.0
454425,0,1,3400,-89,89,693,19,0.91,4.0,0.0,0.0,27,6.1,0.0,0.0,0.0,0.0,0.0,0.0,1.0
454674,0,1,3400,-89,89,707,19,0.92,4.0,0.0,0.0,27,6.0,0.0,0.0,0.0,0.0,0.0,0.0,1.0
454923,0,1,3400,-89,89,707,19,0.92,4.0,0.0,0.0,27,6.0,0.0,0.0,0.0,0.0,0.0,0.0,1.0
455172,0,1,3400,-89,89,707,19,0.92,4.0,0.0,0.0,27,6.0,0.0,0.0,0.0,0.0,0.0,0.0,1.0
455421,0,1,3400,-89,89,707,19,0.92,4.0,0.0,0.0,27,6.0,0.0,0.0,0.0,0.0,0.0,0.0,1.0
455670,0,1,3400,-89,89,707,19,0.92,4.0,0.0,0.0,27,6.0,0.0,0.0,0.0,0.0,0.0,0.0,0.0
455916,0,1,3400,-89,89,707,19,0.92,4.0,0.0,0.0,27,6.0,0.0,0.0,0.0,0.0,0.0,0.0,0.0
456165,0,1,3400,-89,89,707,19,0.92,4.0,0.0,0.0,27,6.0,0.0,0.0,0.0,0.0,0.0,0.0,0.0
456414,0,1,3400,-89,89,707,19,0.92,4.0,0.0,0.0,27,6.0,0.0,0.0,0.0,0.0,0.0,0.0,0.0
456663,0,1,3400,-89,89,707,19,0.92,4.0,0.0,0.0,27,6.0,0.0,0.0,0.0,0.0,0.0,0.0,0.0
456912,0,1,3400,-89,89,707,19,0.92,4.0,0.0,0.0,27,6.0,0.0,0.0,0.0,0.0,0.0,0.0,0.0
457161,0,1,3400,-89,89,707,19,0.92,4.0,0.0,0.0,27,6.0,0.0,0.0,0.0,0.0,0.0,0.0,0.0
457410,0,1,3400,-89,89,707,19,0.92,4.0,0.0,0.0,27,6.0,0.0,0.0,0.0,0.0,0.0,0.0,0.0
457659,0,1,3400,-89,89,707,19,0.92,4.0,0.0,0.0,27,6.0,0.0,0.0,0.0,0.0,0.0,0.0,0.0
457908,0,1,3400,-89,89,707,19,0.92,4.0,