Timestamp,num_ues,IMSI,RNTI,,slicing_enabled,slice_id,slice_prb,power_multiplier,scheduling_policy,,dl_mcs,dl_n_samples,dl_buffer [bytes],tx_brate downlink [Mbps],tx_pkts downlink,tx_errors downlink (%),dl_cqi,,ul_mcs,ul_n_samples,ul_buffer [bytes],rx_brate uplink [Mbps],rx_pkts uplink,rx_errors uplink (%),ul_rssi,ul_sinr,phr,,sum_requested_prbs,sum_granted_prbs,,dl_pmi,dl_ri,ul_n,ul_turbo_iters
1603058342290,10,1010123456030,72,,1,2,2,1,2,,7.85714,7,0,0.00462651,3,0,9,,6.13333,15,0,0.1,6,0,0,14.3587,31,,6,8,,0,0,0,1.26667
1603058342540,9,1010123456030,72,,1,2,2,1,2,,7.45714,35,0,0.0136867,14,0,7.75,,0,7,0,0.1,4,50,0,0,31,,0,38,,0,0,0,0
1603058342790,8,1010123456030,72,,1,2,2,1,2,,9.26087,23,0,0.0096,8,0,7.5,,9.81818,11,0,0.1,5,60,0,7.21013,31,,0,22,,0,0,0,5.90909
1603058343040,8,1010123456030,72,,1,2,2,1,2,,8.41667,36,231,0.01632,16,0,6,,9.33333,18,0,0.1,8,12.5,0,12.0041,31,,0,34,,0,0,0,2.77778
1603058343290,8,1010123456030,72,,1,2,2,1,2,,0,0,857,0,0,0,7,,0,0,0,0,0,0,0,0,0,,0,0,,0,0,0,0
1603058343540,8,1010123456030,72,,1,2,2,1,2,,0,0,1483,0,0,0,7.33333,,0,0,0,0,0,0,0,0,0,,0,0,,0,0,0,0
1603058343790,9,1010123456030,72,,1,2,2,1,2,,0,0,1952,0,0,0,6.25,,0,0,0,0,0,0,0,0,0,,0,0,,0,0,0,0
1603058344040,9,1010123456030,72,,1,2,2,1,2,,0,0,2422,0,0,0,6,,0,0,0,0,0,0,0,0,0,,0,0,,0,0,0,0
1603058344290,9,1010123456030,72,,1,2,2,1,2,,0,0,2735,0,0,0,1,,0,0,0,0,0,0,0,0,0,,0,0,,0,0,0,0
1603058344540,12,1010123456030,72,,1,2,2,1,2,,0,0,3204,0,0,0,8,,0,0,0,0,0,0,0,0,0,,0,0,,0,0,0,0
1603058344790,9,1010123456030,72,,1,2,2,1,2,,0,0,3674,0,0,0,7,,0,0,0,0,0,0,0,0,0,,0,0,,0,0,0,0
1603058345040,9,1010123456030,72,,1,2,2,1,2,,0,0,3987,0,0,0,6.66667,,0,0,0,0,0,0,0,0,0,,0,0,,0,0,0,0
1603058345290,9,1010123456030,72,,1,2,2,1,2,,0,0,3987,0,0,0,9,,0,0,0,0,0,0,0,0,0,,0,0,,0,0,0,0
1603058345540,9,1010123456030,72,,1,2,2,1,2,,0,0,4300,0,0,0,6.5,,7,3,0,0.1,1,0,0,13.3158,31,,0,0,,0,0,0,1
1603058345790,9,1010123456030,72,,1,2,2,1,2,,0,0,4300,0,0,0,3,,0,0,0,0,0,0,0,0,0,,0,0,,0,0,0,0
1603058346040,9,1010123456030,72,,1,2,2,1,2,,0,0,4613,0,0,0,5.75,,0,0,0,0,0,0,0,0,0,,0,0,,0,0,0,0
1603058346290,9,1010123456030,72,,1,2,2,1,2,,0,0,5082,0,0,0,4.33333,,0,0,0,0,0,0,0,0,0,,0,0,,0,0,0,0
1603058346540,9,1010123456030,72,,1,2,2,1,2,,0,0,5708,0,0,0,7,,0,0,0,0,0,0,0,0,0,,0,0,,0,0,0,0
1603058346790,9,1010123456030,72,,1,2,2,1,2,,0,0,6178,0,0,0,7.5,,9,3,0,0.1,1,0,0,12.8031,31,,0,0,,0,0,0,1
1603058347040,9,1010123456030,72,,1,2,2,1,2,,0,0,6334,0,0,0,11,,0,0,0,0,0,0,0,0,0,,0,0,,0,0,0,0
1603058347290,9,1010123456030,72,,1,2,2,1,2,,0,0,7586,0,0,0,5.66667,,0,0,0,0,0,0,0,0,0,,0,0,,0,0,0,0
1603058347540,9,1010123456030,72,,1,2,2,1,2,,0,0,7899,0,0,0,12,,0,0,0,0,0,0,0,0,0,,0,0,,0,0,0,0
1603058347790,9,1010123456030,72,,1,2,2,1,2,,0,0,8212,0,0,0,7.66667,,0,0,0,0,0,0,0,0,0,,0,0,,0,0,0,0
1603058348040,9,1010123456030,72,,1,2,2,1,2,,0,0,8525,0,0,0,8,,0,0,0,0,0,0,0,0,0,,0,0,,0,0,0,0
1603058348290,9,1010123456030,72,,1,2,2,1,2,,0,0,9308,0,0,0,7,,0,0,0,0,0,0,0,0,0,,0,0,,0,0,0,0
1603058348540,9,1010123456030,72,,1,2,2,1,2,,0,0,9308,0,0,0,12.5,,0,0,0,0,0,0,0,0,0,,0,0,,0,0,0,0
1603058348790,9,1010123456030,72,,1,2,2,1,2,,0,0,9777,0,0,0,7,,0,0,0,0,0,0,0,0,0,,0,0,,0,0,0,0
1603058349040,9,1010123456030,72,,1,2,2,1,2,,0,0,10403,0,0,0,7,,0,0,0,0,0,0,0,0,0,,0,0,,0,0,0,0
1603058349290,9,1010123456030,72,,1,2,2,1,2,,0,0,10873,0,0,0,7,,0,0,0,0,0,0,0,0,0,,0,0,,0,0,0,0
1603058349540,9,1010123456030,72,,1,2,2,1,2,,0,0,11186,0,0,0,6,,0,0,0,0,0,0,0,0,0,,0,0,,0,0,0,0
1603058349790,9,1010123456030,72,,1,2,2,1,2,,0,0,11968,0,0,0,8.66667,,0,0,0,0,0,0,0,0,0,,0,0,,0,0,0,0
1603058350040,9,1010123456030,72,,1,2,2,1,2,,0,0,12751,0,0,0,7.66667,,0,0,0,0,0,0,0,0,0,,0,0,,0,0,0,0
1603058350290,9,1010123456030,72,,1,2,2,1,2,,0,0,13220,0,0,0,6.75,,0,0,0,0,0,0,0,0,0,,0,0,,0,0,0,0
1603058350540,9,1010123456030,72,,1,2,2,1,2,,0,0,13533,0,0,0,7.33333,,0,0,0,0,0,0,0,0,0,,0,0,,0,0,0,0
1603058350790,9,1010123456030,72,,1,2,2,1,2,,0,0,13846,0,0,0,7.66667,,0,0,0,0,0,0,0,0,0,,0,0,,0,0,0,0
1603058351040,9,1010123456030,72,,1,2,2,1,2,,0,0,14316,0,0,0,6.5,,0,0,0,0,0,0,0,0,0,,0,0,,0,0,0,0
1603058351290,9,1010123456030,72,,1,2,2,1,2,,0,0,14785,0,0,0,6.66667,,0,0,0,0,0,0,0,0,0,,0,0,,0,0,0,0
1603058351540,9,1010123456030,72,,1,2,2,1,2,,0,0,16037,0,0,0,8.25,,0,0,0,0,0,0,0,0,0,,0,0,,0,0,0,0
1603058351790,9,1010123456030,72,,1,2,2,1,2,,0,0,16350,0,0,0,8.5,,0,0,0,0,0,0,0,0,0,,0,0,,0,0,0,0
1603058352040,9,1010123456030,72,,1,2,2,1,2,,0,0,16976,0,0,0,8,,0,0,0,0,0,0,0,0,0,,0,0,,0,0,0,0
1603058352290,9,1010123456030,72,,1,2,2,1,2,,0,0,17289,0,0,0,7.33333,,0,0,0,0,0,0,0,0,0,,0,0,,0,0,0,0
1603058352540,9,1010123456030,72,,1,2,2,1,2,,0,0,17289,0,0,0,0.1,,0,0,0,0,0,0,0,0,0,,0,0,,0,0,0,0
1603058352790,9,1010123456030,72,,1,2,2,1,2,,0,0,17446,0,0,0,9.5,,0,0,0,0,0,0,0,0,0,,0,0,,0,0,0,0
1603058353040,9,1010123456030,72,,1,2,2,1,2,,0,0,17446,0,0,0,7,,0,0,0,0,0,0,0,0,0,,0,0,,0,0,0,0
1603058353290,9,1010123456030,72,,1,2,2,1,2,,0,0,18072,0,0,0,6,,0,0,0,0,0,0,0,0,0,,0,0,,0,0,0,0
1603058353540,9,1010123456030,72,,1,2,2,1,2,,0,0,18385,0,0,0,0.1,,0,0,0,0,0,0,0,0,0,,0,0,,0,0,0,0
1603058353790,9,1010123456030,72,,1,2,2,1,2,,0,0,18854,0,0,0,7,,0,0,0,0,0,0,0,0,0,,0,0,,0,0,0,0
1603058354040,9,1010123456030,72,,1,2,2,1,2,,0,0,19167,0,0,0,8,,0,0,0,0,0,0,0,0,0,,0,0,,0,0,0,0
1603058354290,9,1010123456030,72,,1,2,2,1,2,,0,0,19480,0,0,0,3,,0,2,0,0.1,1,0,0,0,31,,0,0,,0,0,0,0
1603058354540,9,1010123456030,72,,1,2,2,1,2,,0,0,20106,0,0,0,7.5,,0,0,0,0,0,0,0,0,0,,0,0,,0,0,0,0
1603058354790,9,1010123456030,72,,1,2,2,1,2,,0,0,20106,0,0,0,10.5,,0,0,0,0,0,0,0,0,0,,0,0,,0,0,0,0
1603058355040,9,1010123456030,72,,1,2,2,1,2,,0,0,20106,0,0,0,7.66667,,0,0,0,0,0,0,0,0,0,,0,0,,0,0,0,0
1603058355290,9,1010123456030,72,,1,2,2,1,2,,0,0,20106,0,0,0,7.33333,,0,0,0,0,0,0,0,0,0,,0,0,,0,0,0,0
1603058355540,9,1010123456030,72,,1,2,2,1,2,,0,0,20106,0,0,0,8,,0,0,0,0,0,0,0,0,0,,0,0,,0,0,0,0
1603058355790,9,1010123456030,72,,1,2,2,1,2,,0,0,20106,0,0,0,7,,0,0,0,0,0,0,0,0,0,,0,0,,0,0,0,0
1603058356040,9,1010123456030,72,,1,2,2,1,2,,0,0,20106,0,0,0,6,,0,0,0,0,0,0,0,0,0,,0,0,,0,0,0,0
1603058356290,9,1010123456030,72,,1,2,2,1,2,,0,0,20106,0,0,0,7,,0,0,0,0,0,0,0,0,0,,0,0,,0,0,0,0
1603058356540,9,1010123456030,72,,1,2,2,1,2,,0,0,20106,0,0,0,9,,0,0,0,0,0,0,0,0,0,,0,0,,0,0,0,0
1603058356790,9,1010123456030,72,,1,2,2,1,2,,0,0,20106,0,0,0,8,,0,0,0,0,0,0,0,0,0,,0,0,,0,0,0,0
1603058357040,9,1010123456030,72,,1,2,2,1,2,,0,0,20106,0,0,0,8,,0,0,0,0,0,0,0,0,0,,0,0,,0,0,0,0
1603058357290,9,1010123456030,72,,1,2,2,1,2,,0,0,20106,0,0,0,8.75,,0,0,0,0,0,0,0,0,0,,0,0,,0,0,0,0
1603058357540,9,1010123456030,72,,1,2,2,1,2,,0,0,20106,0,0,0,7.5,,0,0,0,0,0,0,0,0,0,,0,0,,0,0,0,0
1603058357790,9,1010123456030,72,,1,2,2,1,2,,0,0,20106,0,0,0,7,,0,0,0,0,0,0,0,0,0,,0,0,,0,0,0,0
1603058358040,9,1010123456030,72,,1,2,2,1,2,,0,0,20106,0,0,0,6.5,,0,2,0,0.1,1,0,0,0,31,,0,0,,0,0,0,0
1603058358290,9,1010123456030,72,,1,2,2,1,2,,0,0,20106,0,0,0,5.5,,0,0,0,0,0,0,0,0,0,,0,0,,0,0,0,0
1603058358540,9,1010123456030,72,,1,2,2,1,2,,0,0,20106,0,0,0,6.5,,7,3,0,0.1,1,0,0,12.2568,31,,0,0,,0,0,0,1
1603058358790,9,1010123456030,72,,1,2,2,1,2,,0,0,20106,0,0,0,8,,0,0,0,0,0,0,0,0,0,,0,0,,0,0,0,0
1603058359040,9,1010123456030,72,,1,2,2,1,2,,0,0,20106,0,0,0,8,,0,2,0,0.1,1,0,0,0,31,,0,0,,0,0,0,0
1603058359290,9,1010123456030,72,,1,2,2,1,2,,0,0,20106,0,0,0,7.5,,0,0,0,0,0,0,0,0,0,,0,0,,0,0,0,0
1603058359540,9,1010123456030,72,,1,2,2,1,2,,0,0,20106,0,0,0,5.33333,,0,0,0,0,0,0,0,0,0,,0,0,,0,0,0,0
1603058359790,9,1010123456030,72,,1,2,2,1,2,,0,0,20106,0,0,0,7,,0,0,0,0,0,0,0,0,0,,0,0,,0,0,0,0
1603058360040,9,1010123456030,72,,1,2,2,1,2,,0,0,20106,0,0,0,6.66667,,0,0,0,0,0,0,0,0,0,,0,0,,0,0,0,0
1603058360290,9,1010123456030,72,,1,2,2,1,2,,0,0,20106,0,0,0,6.5,,0,0,0,0,0,0,0,0,0,,0,0,,0,0,0,0
1603058360540,9,1010123456030,72,,1,2,2,1,2,,0,0,20106,0,0,0,6,,0,0,0,0,0,0,0,0,0,,0,0,,0,0,0,0
1603058360790,9,1010123456030,72,,1,2,2,1,2,,0,0,20106,0,0,0,7.33333,,0,0,0,0,0,0,0,0,0,,0,0,,0,0,0,0
1603058361040,9,1010123456030,72,,1,2,2,1,2,,0,0,20106,0,0,0,7.5,,0,0,0,0,0,0,0,0,0,,0,0,,0,0,0,0
1603058361290,9,1010123456030,72,,1,2,2,1,2,,0,0,20106,0,0,0,8,,0,0,0,0,0,0,0,0,0,,0,0,,0,0,0,0
1603058361540,9,1010123456030,72,,1,2,2,1,2,,0,0,20106,0,0,0,7,,0,0,0,0,0,0,0,0,0,,0,0,,0,0,0,0
1603058361790,9,1010123456030,72,,1,2,2,1,2,,0,0,20106,0,0,0,6.33333,,0,0,0,0,0,0,0,0,0,,0,0,,0,0,0,0
1603058362040,9,1010123456030,72,,1,2,2,1,2,,0,0,20106,0,0,0,7,,0,0,0,0,0,0,0,0,0,,0,0,,0,0,0,0
1603058362290,9,1010123456030,72,,1,2,2,1,2,,0,0,20106,0,0,0,7,,0,0,0,0,0,0,0,0,0,,0,0,,0,0,0,0
1603058362540,9,1010123456030,72,,1,2,2,1,2,,0,0,20106,0,0,0,6.66667,,0,0,0,0,0,0,0,0,0,,0,0,,0,0,0,0
1603058362790,9,1010123456030,72,,1,2,2,1,2,,0,0,20106,0,0,0,7,,0,0,0,0,0,0,0,0,0,,0,0,,0,0,0,0
1603058363040,9,1010123456030,72,,1,2,2,1,2,,0,0,20106,0,0,0,8,,0,0,0,0,0,0,0,0,0,,0,0,,0,0,0,0
1603058363290,9,1010123456030,72,,1,2,2,1,2,,0,0,20106,0,0,0,8,,0,0,0,0,0,0,0,0,0,,0,0,,0,0,0,0
1603058363540,9,1010123456030,72,,1,2,2,1,2,,0,0,20106,0,0,0,6.5,,0,0,0,0,0,0,0,0,0,,0,0,,0,0,0,0
1603058363790,9,1010123456030,72,,1,2,2,1,2,,0,0,20106,0,0,0,7.25,,0,2,0,0.1,1,0,0,0,31,,0,0,,0,0,0,0
1603058364040,9,1010123456030,72,,1,2,2,1,2,,0,0,20106,0,0,0,8,,0,0,0,0,0,0,0,0,0,,0,0,,0,0,0,0
1603058364290,9,1010123456030,72,,1,2,2,1,2,,0,0,20106,0,0,0,6.83333,,0,0,0,0,0,0,0,0,0,,0,0,,0,0,0,0
1603058364540,9,1010123456030,72,,1,2,2,1,2,,0,0,20106,0,0,0,7,,0,0,0,0,0,0,0,0,0,,0,0,,0,0,0,0
1603058364790,9,1010123456030,72,,1,2,2,1,2,,0,0,20106,0,0,0,5,,0,0,0,0,0,0,0,0,0,,0,0,,0,0,0,0
1603058365040,9,1010123456030,72,,1,2,2,1,2,,0,0,20106,0,0,0,7,,0,0,0,0,0,0,0,0,0,,0,0,,0,0,0,0
1603058365290,9,1010123456030,72,,1,2,2,1,2,,0,0,20106,0,0,0,9.66667,,0,0,0,0,0,0,0,0,0,,0,0,,0,0,0,0
1603058365540,9,1010123456030,72,,1,2,2,1,2,,0,0,20106,0,0,0,6.66667,,0,0,0,0,0,0,0,0,0,,0,0,,0,0,0,0
1603058365790,9,1010123456030,72,,1,2,2,1,2,,0,0,20106,0,0,0,5.33333,,0,0,0,0,0,0,0,0,0,,0,0,,0,0,0,0
1603058366040,9,1010123456030,72,,1,2,2,1,2,,0,0,20106,0,0,0,5.5,,0,0,0,0,0,0,0,0,0,,0,0,,0,0,0,0
1603058366290,9,1010123456030,72,,1,2,2,1,2,,0,0,20106,0,0,0,7,,0,0,0,0,0,0,0,0,0,,0,0,,0,0,0,0
1603058366540,9,1010123456030,72,,1,2,2,1,2,,0,0,20106,0,0,0,7,,0,0,0,0,0,0,0,0,0,,0,0,,0,0,0,0
1603058366790,9,1010123456030,72,,1,2,2,1,2,,0,0,20106,0,0,0,6.5,,0,4,0,0.1,2,0,0,0,31,,0,0,,0,0,0,0
1603058367040,9,1010123456030,72,,1,2,2,1,2,,0,0,20106,0,0,0,6,,0,0,0,0,0,0,0,0,0,,0,0,,0,0,0,0
1603058367290,9,1010123456030,72,,1,2,2,1,2,,0,0,20106,0,0,0,7.33333,,0,0,0,0,0,0,0,0,0,,0,0,,0,0,0,0
1603058367540,9,1010123456030,72,,1,2,2,1,2,,0,0,20106,0,0,0,7.4,,0,0,0,0,0,0,0,0,0,,0,0,,0,0,0,0
1603058367790,9,1010123456030,72,,1,2,2,1,2,,0,0,20106,0,0,0,10,,0,0,0,0,0,0,0,0,0,,0,0,,0,0,0,0
1603058368040,9,1010123456030,72,,1,2,2,1,2,,0,0,20106,0,0,0,8,,0,0,0,0,0,0,0,0,0,,0,0,,0,0,0,0
1603058368290,9,1010123456030,72,,1,2,2,1,2,,0,0,20106,0,0,0,7.33333,,0,0,0,0,0,0,0,0,0,,0,0,,0,0,0,0
1603058368540,9,1010123456030,72,,1,2,2,1,2,,0,0,20106,0,0,0,6.83333,,0,0,0,0,0,0,0,0,0,,0,0,,0,0,0,0
1603058368790,9,1010123456030,72,,1,2,2,1,2,,0,0,20106,0,0,0,7,,0,0,0,0,0,0,0,0,0,,0,0,,0,0,0,0
1603058369040,9,1010123456030,72,,1,2,2,1,2,,0,0,20106,0,0,0,7.6,,0,0,0,0,0,0,0,0,0,,0,0,,0,0,0,0
1603058369290,9,1010123456030,72,,1,2,2,1,2,,0,0,20106,0,0,0,6.66667,,0,0,0,0,0,0,0,0,0,,0,0,,0,0,0,0
1603058369540,9,1010123456030,72,,1,2,2,1,2,,0,0,20106,0,0,0,6.5,,0,0,0,0,0,0,0,0,0,,0,0,,0,0,0,0
1603058369790,9,1010123456030,72,,1,2,2,1,2,,0,0,20106,0,0,0,6,,0,0,0,0,0,0,0,0,0,,0,0,,0,0,0,0
1603058370040,9,1010123456030,72,,1,2,2,1,2,,0,0,20106,0,0,0,8,,0,0,0,0,0,0,0,0,0,,0,0,,0,0,0,0
1603058370290,9,1010123456030,72,,1,2,2,1,2,,0,0,20106,0,0,0,8,,0,0,0,0,0,0,0,0,0,,0,0,,0,0,0,0
1603058370540,9,1010123456030,72,,1,2,2,1,2,,0,0,20106,0,0,0,9,,0,0,0,0,0,0,0,0,0,,0,0,,0,0,0,0
1603058370790,9,1010123456030,72,,1,2,2,1,2,,0,0,20106,0,0,0,6,,0,0,0,0,0,0,0,0,0,,0,0,,0,0,0,0
1603058371040,9,1010123456030,72,,1,2,2,1,2,,0,0,20106,0,0,0,7,,0,0,0,0,0,0,0,0,0,,0,0,,0,0,0,0
1603058371290,9,1010123456030,72,,1,2,2,1,2,,0,0,20106,0,0,0,7,,0,0,0,0,0,0,0,0,0,,0,0,,0,0,0,0
1603058371540,9,1010123456030,72,,1,2,2,1,2,,0,0,20106,0,0,0,5,,0,0,0,0,0,0,0,0,0,,0,0,,0,0,0,0
1603058371790,9,1010123456030,72,,1,2,2,1,2,,0,0,20106,0,0,0,8,,0,0,0,0,0,0,0,0,0,,0,0,,0,0,0,0
1603058372040,9,1010123456030,72,,1,2,2,1,2,,0,0,20106,0,0,0,8,,0,0,0,0,0,0,0,0,0,,0,0,,0,0,0,0
1603058372290,9,1010123456030,72,,1,2,2,1,2,,0,0,20106,0,0,0,8,,0,0,0,0,0,0,0,0,0,,0,0,,0,0,0,0
1603058372540,9,1010123456030,72,,1,2,2,1,2,,0,0,20106,0,0,0,5.33333,,0,0,0,0,0,0,0,0,0,,0,0,,0,0,0,0
1603058372790,9,1010123456030,72,,1,2,2,1,2,,0,0,20106,0,0,0,8,,0,0,0,0,0,0,0,0,0,,0,0,,0,0,0,0
1603058373040,9,1010123456030,72,,1,2,2,1,2,,0,0,20106,0,0,0,6,,0,0,0,0,0,0,0,0,0,,0,0,,0,0,0,0
1603058373290,9,1010123456030,72,,1,2,2,1,2,,0,0,20106,0,0,0,8,,0,0,0,0,0,0,0,0,0,,0,0,,0,0,0,0
1603058373540,9,1010123456030,72,,1,2,2,1,2,,0,0,20106,0,0,0,6.5,,0,0,0,0,0,0,0,0,0,,0,0,,0,0,0,0
1603058373790,9,1010123456030,72,,1,2,2,1,2,,0,0,20106,0,0,0,7.5,,0,0,0,0,0,0,0,0,0,,0,0,,0,0,0,0
1603058374040,9,1010123456030,72,,1,2,2,1,2,,0,0,20106,0,0,0,6.33333,,0,0,0,0,0,0,0,0,0,,0,0,,0,0,0,0
1603058374290,9,1010123456030,72,,1,2,2,1,2,,0,0,20106,0,0,0,5,,0,0,0,0,0,0,0,0,0,,0,0,,0,0,0,0
1603058374540,9,1010123456030,72,,1,2,2,1,2,,0,0,20106,0,0,0,7.5,,0,0,0,0,0,0,0,0,0,,0,0,,0,0,0,0
1603058374790,9,1010123456030,72,,1,2,2,1,2,,0,0,20106,0,0,0,8.25,,0,0,0,0,0,0,0,0,0,,0,0,,0,0,0,0
1603058375040,9,1010123456030,72,,1,2,2,1,2,,0,0,20106,0,0,0,7,,0,0,0,0,0,0,0,0,0,,0,0,,0,0,0,0
1603058375290,9,1010123456030,72,,1,2,2,1,2,,0,0,20106,0,0,0,7,,0,0,0,0,0,0,0,0,0,,0,0,,0,0,0,0
1603058375540,9,1010123456030,72,,1,2,2,1,2,,0,0,20106,0,0,0,7,,0,0,0,0,0,0,0,0,0,,0,0,,0,0,0,0
1603058375790,9,1010123456030,72,,1,2,2,1,2,,0,0,20106,0,0,0,0.1,,0,0,0,0,0,0,0,0,0,,0,0,,0,0,0,0
1603058376040,9,1010123456030,72,,1,2,2,1,2,,0,0,20106,0,0,0,6.5,,0,0,0,0,0,0,0,0,0,,0,0,,0,0,0,0
1603058376290,9,1010123456030,72,,1,2,2,1,2,,0,0,20106,0,0,0,9,,0,0,0,0,0,0,0,0,0,,0,0,,0,0,0,0
1603058376540,9,1010123456030,72,,1,2,2,1,2,,0,0,20106,0,0,0,8,,0,0,0,0,0,0,0,0,0,,0,0,,0,0,0,0
1603058376790,9,1010123456030,72,,1,2,2,1,2,,0,0,20106,0,0,0,6.33333,,0,0,0,0,0,0,0,0,0,,0,0,,0,0,0,0
1603058377040,9,1010123456030,72,,1,2,2,1,2,,0,0,20106,0,0,0,10,,0,0,0,0,0,0,0,0,0,,0,0,,0,0,0,0
1603058377290,9,1010123456030,72,,1,2,2,1,2,,0,0,20106,0,0,0,6,,0,0,0,0,0,0,0,0,0,,0,0,,0,0,0,0
1603058377540,9,1010123456030,72,,1,2,2,1,2,,0,0,20106,0,0,0,10,,0,0,0,0,0,0,0,0,0,,0,0,,0,0,0,0
1603058377790,9,1010123456030,72,,1,2,2,1,2,,0,0,20106,0,0,0,7.66667,,0,0,0,0,0,0,0,0,0,,0,0,,0,0,0,0
1603058378040,9,1010123456030,72,,1,2,2,1,2,,0,0,20106,0,0,0,8,,0,0,0,0,0,0,0,0,0,,0,0,,0,0,0,0
1603058378290,9,1010123456030,72,,1,2,2,1,2,,0,0,20106,0,0,0,8,,0,0,0,0,0,0,0,0,0,,0,0,,0,0,0,0
1603058378540,9,1010123456030,72,,1,2,2,1,2,,0,0,20106,0,0,0,7,,0,0,0,0,0,0,0,0,0,,0,0,,0,0,0,0
1603058378790,9,1010123456030,72,,1,2,2,1,2,,0,0,20106,0,0,0,0.1,,0,0,0,0,0,0,0,0,0,,0,0,,0,0,0,0
1603058379040,9,1010123456030,72,,1,2,2,1,2,,0,0,20106,0,0,0,7,,0,0,0,0,0,0,0,0,0,,0,0,,0,0,0,0
1603058379290,9,1010123456030,72,,1,2,2,1,2,,0,0,20106,0,0,0,7.66667,,0,0,0,0,0,0,0,0,0,,0,0,,0,0,0,0
1603058379540,9,1010123456030,72,,1,2,2,1,2,,0,0,20106,0,0,0,7,,0,0,0,0,0,0,0,0,0,,0,0,,0,0,0,0
1603058379790,9,1010123456030,72,,1,2,2,1,2,,0,0,20106,0,0,0,9.25,,0,0,0,0,0,0,0,0,0,,0,0,,0,0,0,0
1603058380040,9,1010123456030,72,,1,2,2,1,2,,0,0,20106,0,0,0,0.1,,0,0,0,0,0,0,0,0,0,,0,0,,0,0,0,0
1603058380290,9,1010123456030,72,,1,2,2,1,2,,0,0,20106,0,0,0,7.8,,0,0,0,0,0,0,0,0,0,,0,0,,0,0,0,0
1603058380540,9,1010123456030,72,,1,2,2,1,2,,0,0,20106,0,0,0,7.5,,0,0,0,0,0,0,0,0,0,,0,0,,0,0,0,0
1603058380790,9,1010123456030,72,,1,2,2,1,2,,0,0,20106,0,0,0,6.25,,0,0,0,0,0,0,0,0,0,,0,0,,0,0,0,0
1603058381040,9,1010123456030,72,,1,2,2,1,2,,0,0,20106,0,0,0,13,,0,0,0,0,0,0,0,0,0,,0,0,,0,0,0,0
1603058381290,9,1010123456030,72,,1,2,2,1,2,,0,0,20106,0,0,0,8,,0,0,0,0,0,0,0,0,0,,0,0,,0,0,0,0
1603058381540,9,1010123456030,72,,1,2,2,1,2,,0,0,20106,0,0,0,10,,0,0,0,0,0,0,0,0,0,,0,0,,0,0,0,0
1603058381790,9,1010123456030,72,,1,2,2,1,2,,0,0,20106,0,0,0,8,,0,0,0,0,0,0,0,0,0,,0,0,,0,0,0,0
1603058382040,9,1010123456030,72,,1,2,2,1,2,,0,0,20106,0,0,0,5,,0,0,0,0,0,0,0,0,0,,0,0,,0,0,0,0
1603058382290,9,1010123456030,72,,1,2,2,1,2,,0,0,20106,0,0,0,6.5,,0,0,0,0,0,0,0,0,0,,0,0,,0,0,0,0
1603058382540,9,1010123456030,72,,1,2,2,1,2,,0,0,20106,0,0,0,3,,0,0,0,0,0,0,0,0,0,,0,0,,0,0,0,0
1603058382790,9,1010123456030,72,,1,2,2,1,2,,0,0,20106,0,0,0,10.4,,0,0,0,0,0,0,0,0,0,,0,0,,0,0,0,0
1603058383040,9,1010123456030,72,,1,2,2,1,2,,0,0,20106,0,0,0,7,,0,0,0,0,0,0,0,0,0,,0,0,,0,0,0,0
1603058383290,9,1010123456030,72,,1,2,2,1,2,,0,0,20106,0,0,0,7,,0,0,0,0,0,0,0,0,0,,0,0,,0,0,0,0
1603058383540,9,1010123456030,72,,1,2,2,1,2,,0,0,20106,0,0,0,7,,0,0,0,0,0,0,0,0,0,,0,0,,0,0,0,0
1603058383790,9,1010123456030,72,,1,2,2,1,2,,0,0,20106,0,0,0,7.8,,0,0,0,0,0,0,0,0,0,,0,0,,0,0,0,0
1603058384040,9,1010123456030,72,,1,2,2,1,2,,0,0,20106,0,0,0,7.6,,0,0,0,0,0,0,0,0,0,,0,0,,0,0,0,0
1603058384290,9,1010123456030,72,,1,2,2,1,2,,0,0,20106,0,0,0,7.25,,0,0,0,0,0,0,0,0,0,,0,0,,0,0,0,0
1603058384540,9,1010123456030,72,,1,2,2,1,2,,0,0,20106,0,0,0,10.5,,0,0,0,0,0,0,0,0,0,,0,0,,0,0,0,0
1603058384790,9,1010123456030,72,,1,2,2,1,2,,0,0,20106,0,0,0,7,,0,0,0,0,0,0,0,0,0,,0,0,,0,0,0,0
1603058385040,9,1010123456030,72,,1,2,2,1,2,,0,0,20106,0,0,0,8,,0,0,0,0,0,0,0,0,0,,0,0,,0,0,0,0
1603058385290,9,1010123456030,72,,1,2,2,1,2,,0,0,20106,0,0,0,8,,0,0,0,0,0,0,0,0,0,,0,0,,0,0,0,0
1603058385540,9,1010123456030,72,,1,2,2,1,2,,0,0,20106,0,0,0,7,,0,0,0,0,0,0,0,0,0,,0,0,,0,0,0,0
1603058385790,9,1010123456030,72,,1,2,2,1,2,,0,0,20106,0,0,0,8,,0,0,0,0,0,0,0,0,0,,0,0,,0,0,0,0
1603058386040,9,1010123456030,72,,1,2,2,1,2,,0,0,20106,0,0,0,7,,0,0,0,0,0,0,0,0,0,,0,0,,0,0,0,0
1603058386290,9,1010123456030,72,,1,2,2,1,2,,0,0,20106,0,0,0,9.33333,,0,0,0,0,0,0,0,0,0,,0,0,,0,0,0,0
1603058386540,9,1010123456030,72,,1,2,2,1,2,,0,0,20106,0,0,0,6,,0,0,0,0,0,0,0,0,0,,0,0,,0,0,0,0
1603058386790,9,1010123456030,72,,1,2,2,1,2,,0,0,20106,0,0,0,7,,0,0,0,0,0,0,0,0,0,,0,0,,0,0,0,0
1603058387040,9,1010123456030,72,,1,2,2,1,2,,0,0,20106,0,0,0,8.2,,0,0,0,0,0,0,0,0,0,,0,0,,0,0,0,0
1603058387290,9,1010123456030,72,,1,2,2,1,2,,0,0,20106,0,0,0,8.2,,0,0,0,0,0,0,0,0,0,,0,0,,0,0,0,0
1603058387540,9,1010123456030,72,,1,2,2,1,2,,0,0,20106,0,0,0,7.33333,,12,3,0,0.1,1,0,0,15.6738,31,,0,0,,0,0,0,1
1603058387790,9,1010123456030,72,,1,2,2,1,2,,0,0,20106,0,0,0,7,,0,0,0,0,0,0,0,0,0,,0,0,,0,0,0,0
1603058388040,9,1010123456030,72,,1,2,2,1,2,,0,0,20106,0,0,0,9.66667,,0,0,0,0,0,0,0,0,0,,0,0,,0,0,0,0
1603058388290,9,1010123456030,72,,1,2,2,1,2,,0,0,20106,0,0,0,7,,0,0,0,0,0,0,0,0,0,,0,0,,0,0,0,0
1603058388540,9,1010123456030,72,,1,2,2,1,2,,0,0,20106,0,0,0,0.1,,0,4,0,0.1,2,0,0,0,31,,0,0,,0,0,0,0
1603058388790,9,1010123456030,72,,1,2,2,1,2,,0,0,20106,0,0,0,7,,0,0,0,0,0,0,0,0,0,,0,0,,0,0,0,0
1603058389040,9,1010123456030,72,,1,2,2,1,2,,0,0,20106,0,0,0,9.33333,,0,0,0,0,0,0,0,0,0,,0,0,,0,0,0,0
1603058389290,9,1010123456030,72,,1,2,2,1,2,,0,0,20106,0,0,0,5.33333,,0,0,0,0,0,0,0,0,0,,0,0,,0,0,0,0
1603058389540,9,1010123456030,72,,1,2,2,1,2,,0,0,20106,0,0,0,5.5,,0,0,0,0,0,0,0,0,0,,0,0,,0,0,0,0
1603058389790,9,1010123456030,72,,1,2,2,1,2,,0,0,20106,0,0,0,8,,0,0,0,0,0,0,0,0,0,,0,0,,0,0,0,0
1603058390040,9,1010123456030,72,,1,2,2,1,2,,0,0,20106,0,0,0,7,,0,0,0,0,0,0,0,0,0,,0,0,,0,0,0,0
1603058390290,9,1010123456030,72,,1,2,2,1,2,,0,0,20106,0,0,0,7.5,,0,0,0,0,0,0,0,0,0,,0,0,,0,0,0,0
1603058390540,9,1010123456030,72,,1,2,2,1,2,,0,0,20106,0,0,0,0.1,,0,0,0,0,0,0,0,0,0,,0,0,,0,0,0,0
1603058390790,9,1010123456030,72,,1,2,2,1,2,,0,0,20106,0,0,0,9.75,,0,0,0,0,0,0,0,0,0,,0,0,,0,0,0,0
1603058391040,9,1010123456030,72,,1,2,2,1,2,,0,0,20106,0,0,0,6.33333,,0,0,0,0,0,0,0,0,0,,0,0,,0,0,0,0
1603058391290,9,1010123456030,72,,1,2,2,1,2,,0,0,20106,0,0,0,7,,0,0,0,0,0,0,0,0,0,,0,0,,0,0,0,0
1603058391540,9,1010123456030,72,,1,2,2,1,2,,0,0,20106,0,0,0,9,,0,0,0,0,0,0,0,0,0,,0,0,,0,0,0,0
1603058391790,9,1010123456030,72,,1,2,2,1,2,,0,0,20106,0,0,0,7.75,,0,0,0,0,0,0,0,0,0,,0,0,,0,0,0,0
1603058392040,9,1010123456030,72,,1,2,2,1,2,,0,0,20106,0,0,0,7.5,,0,0,0,0,0,0,0,0,0,,0,0,,0,0,0,0
1603058392290,9,1010123456030,72,,1,2,2,1,2,,0,0,20106,0,0,0,8.25,,0,0,0,0,0,0,0,0,0,,0,0,,0,0,0,0
1603058392540,9,1010123456030,72,,1,2,2,1,2,,0,0,20106,0,0,0,8.75,,0,0,0,0,0,0,0,0,0,,0,0,,0,0,0,0
1603058392790,9,1010123456030,72,,1,2,2,1,2,,0,0,20106,0,0,0,8,,0,0,0,0,0,0,0,0,0,,0,0,,0,0,0,0
1603058393040,9,1010123456030,72,,1,2,2,1,2,,0,0,20106,0,0,0,6.5,,0,0,0,0,0,0,0,0,0,,0,0,,0,0,0,0
1603058393290,9,1010123456030,72,,1,2,2,1,2,,0,0,20106,0,0,0,7.5,,0,0,0,0,0,0,0,0,0,,0,0,,0,0,0,0
1603058393540,9,1010123456030,72,,1,2,2,1,2,,0,0,20106,0,0,0,9.33333,,0,0,0,0,0,0,0,0,0,,0,0,,0,0,0,0
1603058393790,9,1010123456030,72,,1,2,2,1,2,,0,0,20106,0,0,0,7,,0,0,0,0,0,0,0,0,0,,0,0,,0,0,0,0
1603058394040,9,1010123456030,72,,1,2,2,1,2,,0,0,20106,0,0,0,7,,0,0,0,0,0,0,0,0,0,,0,0,,0,0,0,0
1603058394290,9,1010123456030,72,,1,2,2,1,2,,0,0,20106,0,0,0,5.5,,0,0,0,0,0,0,0,0,0,,0,0,,0,0,0,0
1603058394540,9,1010123456030,72,,1,2,2,1,2,,0,0,20106,0,0,0,9,,0,0,0,0,0,0,0,0,0,,0,0,,0,0,0,0
1603058394790,9,1010123456030,72,,1,2,2,1,2,,0,0,20106,0,0,0,8.25,,0,0,0,0,0,0,0,0,0,,0,0,,0,0,0,0
1603058395040,9,1010123456030,72,,1,2,2,1,2,,0,0,20106,0,0,0,7,,0,0,0,0,0,0,0,0,0,,0,0,,0,0,0,0
1603058395290,9,1010123456030,72,,1,2,2,1,2,,0,0,20106,0,0,0,8.75,,0,0,0,0,0,0,0,0,0,,0,0,,0,0,0,0
1603058395540,9,1010123456030,72,,1,2,2,1,2,,0,0,20106,0,0,0,4.33333,,0,0,0,0,0,0,0,0,0,,0,0,,0,0,0,0
1603058395790,9,1010123456030,72,,1,2,2,1,2,,0,0,20106,0,0,0,6.5,,0,0,0,0,0,0,0,0,0,,0,0,,0,0,0,0
1603058396040,9,1010123456030,72,,1,2,2,1,2,,0,0,20106,0,0,0,9.75,,0,0,0,0,0,0,0,0,0,,0,0,,0,0,0,0
1603058396290,9,1010123456030,72,,1,2,2,1,2,,0,0,20106,0,0,0,9.5,,0,0,0,0,0,0,0,0,0,,0,0,,0,0,0,0
1603058396540,9,1010123456030,72,,1,2,2,1,2,,0,0,20106,0,0,0,7.33333,,0,0,0,0,0,0,0,0,0,,0,0,,0,0,0,0
1603058396790,9,1010123456030,72,,1,2,2,1,2,,0,0,20106,0,0,0,8,,0,0,0,0,0,0,0,0,0,,0,0,,0,0,0,0
1603058397040,9,1010123456030,72,,1,2,2,1,2,,0,0,20106,0,0,0,8,,0,0,0,0,0,0,0,0,0,,0,0,,0,0,0,0
1603058397290,9,1010123456030,72,,1,2,2,1,2,,0,0,20106,0,0,0,7.2,,0,0,0,0,0,0,0,0,0,,0,0,,0,0,0,0
1603058397540,9,1010123456030,72,,1,2,2,1,2,,0,0,20106,0,0,0,7,,0,0,0,0,0,0,0,0,0,,0,0,,0,0,0,0
1603058397790,9,1010123456030,72,,1,2,2,1,2,,0,0,20106,0,0,0,9.33333,,0,0,0,0,0,0,0,0,0,,0,0,,0,0,0,0
1603058398040,9,1010123456030,72,,1,2,2,1,2,,0,0,20106,0,0,0,8.66667,,0,0,0,0,0,0,0,0,0,,0,0,,0,0,0,0
1603058398290,9,1010123456030,72,,1,2,2,1,2,,0,0,20106,0,0,0,7,,0,0,0,0,0,0,0,0,0,,0,0,,0,0,0,0
1603058398540,9,1010123456030,72,,1,2,2,1,2,,0,0,20106,0,0,0,9.66667,,0,0,0,0,0,0,0,0,0,,0,0,,0,0,0,0
1603058398790,9,1010123456030,72,,1,2,2,1,2,,0,0,20106,0,0,0,10.3333,,0,0,0,0,0,0,0,0,0,,0,0,,0,0,0,0
1603058399040,9,1010123456030,72,,1,2,2,1,2,,0,0,20106,0,0,0,7,,0,0,0,0,0,0,0,0,0,,0,0,,0,0,0,0
1603058399290,9,1010123456030,72,,1,2,2,1,2,,0,0,20106,0,0,0,7,,0,0,0,0,0,0,0,0,0,,0,0,,0,0,0,0
1603058399540,9,1010123456030,72,,1,2,2,1,2,,0,0,20106,0,0,0,7,,0,0,0,0,0,0,0,0,0,,0,0,,0,0,0,0
1603058399790,9,1010123456030,72,,1,2,2,1,2,,0,0,20106,0,0,0,5.5,,0,0,0,0,0,0,0,0,0,,0,0,,0,0,0,0
1603058400040,9,1010123456030,72,,1,2,2,1,2,,0,0,20106,0,0,0,8.66667,,0,0,0,0,0,0,0,0,0,,0,0,,0,0,0,0
1603058400290,9,1010123456030,72,,1,2,2,1,2,,0,0,20106,0,0,0,4,,0,0,0,0,0,0,0,0,0,,0,0,,0,0,0,0
1603058400540,9,1010123456030,72,,1,2,2,1,2,,0,0,20106,0,0,0,8,,0,0,0,0,0,0,0,0,0,,0,0,,0,0,0,0
1603058400790,9,1010123456030,72,,1,2,2,1,2,,0,0,20106,0,0,0,7,,0,0,0,0,0,0,0,0,0,,0,0,,0,0,0,0
1603058401040,9,1010123456030,72,,1,2,2,1,2,,0,0,20106,0,0,0,7.33333,,0,0,0,0,0,0,0,0,0,,0,0,,0,0,0,0
1603058401290,9,1010123456030,72,,1,2,2,1,2,,0,0,20106,0,0,0,8,,0,0,0,0,0,0,0,0,0,,0,0,,0,0,0,0
1603058401540,9,1010123456030,72,,1,2,2,1,2,,0,0,20106,0,0,0,6,,0,0,0,0,0,0,0,0,0,,0,0,,0,0,0,0
1603058401790,9,1010123456030,72,,1,2,2,1,2,,0,0,20106,0,0,0,8.75,,0,0,0,0,0,0,0,0,0,,0,0,,0,0,0,0
1603058402040,9,1010123456030,72,,1,2,2,1,2,,0,0,20106,0,0,0,7.5,,9,3,0,0.1,1,0,0,10.5936,31,,0,0,,0,0,0,1
1603058402290,9,1010123456030,72,,1,2,2,1,2,,0,0,20106,0,0,0,7,,7,3,0,0.1,1,0,0,7.52239,31,,0,0,,0,0,0,1
1603058402586,7,1010123456030,72,,1,2,2,1,2,,0,0,20106,0,0,0,7.2,,0,0,0,0,0,0,0,0,0,,0,0,,0,0,0,0
1603058402790,5,1010123456030,72,,1,2,2,1,2,,0,0,20106,0,0,0,0.1,,0,0,0,0,0,0,0,0,0,,0,0,,0,0,0,0
1603058403040,4,1010123456030,72,,1,2,2,1,2,,0,0,20106,0,0,0,7.5,,0,0,0,0,0,0,0,0,0,,15,14,,0,0,0,0
