Timestamp,num_ues,IMSI,RNTI,,slicing_enabled,slice_id,slice_prb,power_multiplier,scheduling_policy,,dl_mcs,dl_n_samples,dl_buffer [bytes],tx_brate downlink [Mbps],tx_pkts downlink,tx_errors downlink (%),dl_cqi,,ul_mcs,ul_n_samples,ul_buffer [bytes],rx_brate uplink [Mbps],rx_pkts uplink,rx_errors uplink (%),ul_rssi,ul_sinr,phr,,sum_requested_prbs,sum_granted_prbs,,dl_pmi,dl_ri,ul_n,ul_turbo_iters
1602215030392,10,1010123456037,78,,1,0,4,1,0,,1.72727,66,0,0.0188916,26,0,8.33333,,9.09091,11,0,0.1,5,20,0,15.8832,31,,43,102,,0,0,0,3
1602215030642,10,1010123456037,78,,1,0,4,1,0,,6.87755,49,0,0.0340241,19,0,10.1667,,4.43478,46,0,0.1,21,28.5714,0,7.57159,31,,62,76,,0,0,0,3.58696
1602215030892,10,1010123456037,78,,1,0,4,1,0,,6.44444,54,0,0.033664,22,0,13.6667,,0,0,0,0,0,0,0,0,0,,412,88,,0,0,0,0
1602215031142,10,1010123456037,78,,1,0,4,1,0,,18,10,0,0.02576,5,0,11,,0,0,0,0,0,0,0,0,0,,23,16,,0,0,0,0
1602215031392,10,1010123456037,78,,1,0,4,1,0,,19.0435,23,0,0.05184,10,0,11.5,,4.6,15,0,0.1,5,20,0,7.43951,31,,62,36,,0,0,0,2.8
1602215031642,10,1010123456037,78,,1,0,4,1,0,,13.9474,19,0,0.031264,8,0,12,,3,3,0,0.1,1,0,0,3.12631,0,,44,30,,0,0,0,2
1602215031892,10,1010123456037,78,,1,0,4,1,0,,5.625,48,387,0.034432,16,0,10.6,,0,0,0,0,0,0,0,0,0,,7,72,,0,0,0,0
1602215032142,10,1010123456037,78,,1,0,4,1,0,,3.80769,78,0,0.042592,33,0,6.25,,0,0,0,0,0,0,0,0,0,,6,124,,0,0,0,0
1602215032392,10,1010123456037,78,,1,0,4,1,0,,18,11,0,0.0258635,5,0,13.25,,0.1,23,0,0.1,9,0,0,5.06652,31,,20,20,,0,0,0,1.13043
1602215032642,10,1010123456037,78,,1,0,4,1,0,,4.71186,59,0,0.038464,24,0,8,,0,0,0,0,0,0,0,0,0,,135,96,,0,0,0,0
1602215032892,10,1010123456037,78,,1,0,4,1,0,,4.97143,70,0,0.038816,27,0,9,,0,0,0,0,0,0,0,0,0,,52,110,,0,0,0,0
1602215033142,10,1010123456037,78,,1,0,4,1,0,,19.6875,16,0,0.046208,8,0,13.3333,,0,0,0,0,0,0,0,0,0,,50,28,,0,0,0,0
1602215033392,10,1010123456037,78,,1,0,4,1,0,,14.2308,26,0,0.042249,11,0,10.5,,0.25,24,0,0.1,9,0,0,3.84674,31,,106,44,,0,0,0,1
1602215033642,10,1010123456037,78,,1,0,4,1,0,,13.5,22,0,0.03136,8,0,10,,0,0,0,0,0,0,0,0,0,,93,32,,0,0,0,0
1602215033892,10,1010123456037,78,,1,0,4,1,0,,3.63846,130,0,0.067072,52,0,9,,0,0,0,0,0,0,0,0,0,,104,204,,0,0,0,0
1602215034142,10,1010123456037,78,,1,0,4,1,0,,18,10,0,0.020608,4,0,13.25,,0,0,0,0,0,0,0,0,0,,33,16,,0,0,0,0
1602215034392,10,1010123456037,78,,1,0,4,1,0,,5.44,75,0,0.04896,29,0,10.5,,8.14286,14,0,0.1,6,50,0,8.64727,31,,98,118,,0,0,0,5.5
1602215034642,10,1010123456037,78,,1,0,4,1,0,,18,15,0,0.036064,7,0,11.6667,,3.36842,19,0,0.1,8,0,0,5.91626,31,,30,24,,0,0,0,2.52632
1602215034892,10,1010123456037,78,,1,0,4,1,0,,5.78,100,0,0.065504,38,0,8.5,,0,0,0,0,0,0,0,0,0,,127,150,,0,0,0,0
1602215035142,10,1010123456037,78,,1,0,4,1,0,,14.0952,21,0,0.03632,9,0,11,,0,0,0,0,0,0,0,0,0,,55,34,,0,0,0,0
1602215035392,10,1010123456037,78,,1,0,4,1,0,,12.3846,26,0,0.036416,10,0,7.83333,,0,0,0,0,0,0,0,0,0,,127,40,,0,0,0,0
1602215035642,10,1010123456037,78,,1,0,4,1,0,,9.55,40,0,0.0425703,15,0,9.8,,1,21,0,0.1,9,0,0,7.2542,31,,58,64,,0,0,0,1.14286
1602215035892,10,1010123456037,78,,1,0,4,1,0,,15.2632,38,0,0.06752,16,0,8.6,,0,0,0,0,0,0,0,0,0,,184,58,,0,0,0,0
1602215036142,10,1010123456037,78,,1,0,4,1,0,,4.24299,107,18,0.070304,37,0,10,,0,0,0,0,0,0,0,0,0,,122,172,,0,0,0,0
1602215036392,10,1010123456037,78,,1,0,4,1,0,,15.15,40,158,0.069856,21,0,13,,14,12,0,0,4,100,0,2.7092,0,,79,62,,0,0,0,10
1602215036642,10,1010123456037,78,,1,0,4,1,0,,3.35433,127,0,0.06704,52,0,5.33333,,0,0,0,0,0,0,0,0,0,,-25,204,,0,0,0,0
1602215036892,10,1010123456037,78,,1,0,4,1,0,,3.67073,82,0,0.030496,30,0,4.33333,,0,0,0,0,0,0,0,0,0,,439,126,,0,0,0,0
1602215037142,10,1010123456037,78,,1,0,4,1,0,,7.61538,26,273,0.030496,9,0,9.5,,0,0,0,0,0,0,0,0,0,,4,48,,0,0,0,0
1602215037392,10,1010123456037,78,,1,0,4,1,0,,13.3125,32,0,0.0521767,17,0,12.1429,,0,0,0,0,0,0,0,0,0,,110,48,,0,0,0,0
1602215037642,10,1010123456037,78,,1,0,4,1,0,,12.8182,22,0,0.026144,8,0,11.5,,0.1,22,0,0.1,9,0,0,3.23788,31,,84,36,,0,0,0,1
1602215037892,10,1010123456037,78,,1,0,4,1,0,,4.87324,71,0,0.0598233,30,0,6,,0,0,0,0,0,0,0,0,0,,8,116,,0,0,0,0
1602215038142,10,1010123456037,78,,1,0,4,1,0,,3.2963,108,0,0.050784,43,0,9.4,,0,0,0,0,0,0,0,0,0,,-26,170,,0,0,0,0
1602215038392,10,1010123456037,78,,1,0,4,1,0,,14.975,40,0,0.062336,16,0,11.4,,0,0,0,0,0,0,0,0,0,,155,62,,0,0,0,0
1602215038642,10,1010123456037,78,,1,0,4,1,0,,19.125,16,0,0.031168,6,0,12.5,,2.78571,28,0,0.1,12,16.6667,0,6.96029,31,,53,22,,0,0,0,2.28571
1602215038892,10,1010123456037,78,,1,0,4,1,0,,19.5,18,0,0.041056,7,0,13,,0,0,0,0,0,0,0,0,0,,36,28,,0,0,0,0
1602215039142,10,1010123456037,78,,1,0,4,1,0,,18,18,0,0.041216,8,0,10,,0,0,0,0,0,0,0,0,0,,55,32,,0,0,0,0
1602215039392,10,1010123456037,78,,1,0,4,1,0,,22,5,0,0.017088,2,0,12.4,,0,0,0,0,0,0,0,0,0,,15,8,,0,0,0,0
1602215039642,10,1010123456037,78,,1,0,4,1,0,,5.82353,51,0,0.038048,21,0,9.75,,12,9,0,0.1,4,25,0,10.8536,31,,69,82,,0,0,0,4.22222
1602215039892,10,1010123456037,78,,1,0,4,1,0,,3.55714,140,0,0.077568,56,0,8.4,,0,0,0,0,0,0,0,0,0,,-5,220,,0,0,0,0
1602215040142,10,1010123456037,78,,1,0,4,1,0,,19.4286,14,0,0.037696,6,0,13,,0,0,0,0,0,0,0,0,0,,38,24,,0,0,0,0
1602215040392,10,1010123456037,78,,1,0,4,1,0,,15.0833,12,158,0.015456,3,0,11.5,,4.76923,26,0,0.1,10,30,0,4.17134,31,,61,20,,0,0,0,4.61538
1602215040642,10,1010123456037,78,,1,0,4,1,0,,14.8889,27,0,0.046848,12,0,13.25,,0,0,0,0,0,0,0,0,0,,68,40,,0,0,0,0
1602215040892,10,1010123456037,78,,1,0,4,1,0,,3.6,70,0,0.033992,28,0,9.25,,0,0,0,0,0,0,0,0,0,,114,116,,0,0,0,0
1602215041142,10,1010123456037,78,,1,0,4,1,0,,17.6,20,158,0.0464,9,0,11,,0,0,0,0,0,0,0,0,0,,58,34,,0,0,0,0
1602215041392,10,1010123456037,78,,1,0,4,1,0,,8.94231,52,0,0.058112,22,0,11.6,,1,18,0,0.1,7,0,0,5.67245,31,,280,84,,0,0,0,1.5
1602215041642,10,1010123456037,78,,1,0,4,1,0,,4.5,78,0,0.042272,29,0,9.6,,0,0,0,0,0,0,0,0,0,,4,120,,0,0,0,0
1602215041892,10,1010123456037,78,,1,0,4,1,0,,14.619,21,0,0.02816,8,0,10.8333,,0,0,0,0,0,0,0,0,0,,28,30,,0,0,0,0
1602215042142,10,1010123456037,78,,1,0,4,1,0,,16.4783,23,0,0.046656,10,0,11,,0,0,0,0,0,0,0,0,0,,62,36,,0,0,0,0
1602215042392,10,1010123456037,78,,1,0,4,1,0,,18,11,0,0.015456,3,0,13.3333,,0,0,0,0,0,0,0,0,0,,11,16,,0,0,0,0
1602215042642,10,1010123456037,78,,1,0,4,1,0,,6.26866,67,0,0.048672,27,0,7.2,,5.44444,27,0,0.1,9,22.2222,0,9.83653,31,,318,102,,0,0,0,3.55556
1602215042892,10,1010123456037,78,,1,0,4,1,0,,17.1538,26,0,0.036352,8,0,11,,0,0,0,0,0,0,0,0,0,,61,32,,0,0,0,0
1602215043142,10,1010123456037,78,,1,0,4,1,0,,5.14286,42,394,0.03408,15,0,10,,0,0,0,0,0,0,0,0,0,,-38,64,,0,0,0,0
1602215043392,10,1010123456037,78,,1,0,4,1,0,,4.09774,133,0,0.0657992,55,0,7.14286,,0.1,19,0,0.1,8,12.5,0,3.60886,31,,318,208,,0,0,0,2.52632
1602215043642,10,1010123456037,78,,1,0,4,1,0,,9.52941,17,137,0.0213976,6,0,9.66667,,0.1,14,0,0.1,5,0,0,5.71951,0,,17,32,,0,0,0,1
1602215043892,10,1010123456037,78,,1,0,4,1,0,,2.29245,106,287,0.040739,42,0,9.8,,0,0,0,0,0,0,0,0,0,,-51,168,,0,0,0,0
1602215044142,10,1010123456037,78,,1,0,4,1,0,,5.4023,87,0,0.059872,36,0,9,,0,0,0,0,0,0,0,0,0,,152,140,,0,0,0,0
1602215044392,10,1010123456037,78,,1,0,4,1,0,,10.125,16,0,0.026144,8,0,10.6667,,0,0,0,0,0,0,0,0,0,,79,28,,0,0,0,0
1602215044642,10,1010123456037,78,,1,0,4,1,0,,17.8696,23,0,0.0416,8,0,10,,3.78571,28,0,0.1,12,16.6667,0,5.09981,31,,75,32,,0,0,0,2.35714
1602215044892,10,1010123456037,78,,1,0,4,1,0,,7.48571,35,0,0.02688,14,0,11.4,,0,0,0,0,0,0,0,0,0,,99,54,,0,0,0,0
1602215045142,10,1010123456037,78,,1,0,4,1,0,,9.66667,24,0,0.025728,9,0,8.25,,0,0,0,0,0,0,0,0,0,,125,40,,0,0,0,0
1602215045392,10,1010123456037,78,,1,0,4,1,0,,11.3571,28,0,0.03776,14,0,11.6,,0,0,0,0,0,0,0,0,0,,147,48,,0,0,0,0
1602215045642,10,1010123456037,78,,1,0,4,1,0,,4,49,273,0.023392,17,0,7.75,,0.1,25,0,0.1,10,0,0,3.59505,31,,168,80,,0,0,0,1.12
1602215045892,10,1010123456037,78,,1,0,4,1,0,,1.43316,187,0,0.049248,77,0,5.25,,0,0,0,0,0,0,0,0,0,,-25,292,,0,0,0,0
1602215046142,10,1010123456037,78,,1,0,4,1,0,,11.2,25,102,0.030912,6,0,11.3333,,0,0,0,0,0,0,0,0,0,,32,40,,0,0,0,0
1602215046392,10,1010123456037,78,,1,0,4,1,0,,8.50588,85,0,0.085216,37,0,13,,0.1,21,0,0.1,8,0,0,5.22659,31,,80,132,,0,0,0,1
1602215046642,10,1010123456037,78,,1,0,4,1,0,,5.98276,58,0,0.043232,24,0,11,,0,0,0,0,0,0,0,0,0,,113,94,,0,0,0,0
1602215046892,10,1010123456037,78,,1,0,4,1,0,,4.5,86,0,0.059808,35,0,9.66667,,0,0,0,0,0,0,0,0,0,,-6,134,,0,0,0,0
1602215047142,10,1010123456037,78,,1,0,4,1,0,,6.45763,59,0,0.0384578,23,0,11,,0,0,0,0,0,0,0,0,0,,43,94,,0,0,0,0
1602215047392,10,1010123456037,78,,1,0,4,1,0,,8,27,0,0.026528,11,0,9.5,,0.1,24,0,0.1,9,0,0,4.2653,31,,189,40,,0,0,0,1
1602215047642,10,1010123456037,78,,1,0,4,1,0,,5.63636,66,158,0.038752,27,0,9,,0,0,0,0,0,0,0,0,0,,288,108,,0,0,0,0
1602215047892,10,1010123456037,78,,1,0,4,1,0,,4.78723,47,0,0.027744,19,0,10,,0,0,0,0,0,0,0,0,0,,9,74,,0,0,0,0
1602215048142,10,1010123456037,78,,1,0,4,1,0,,8.05634,71,158,0.068928,28,0,9.75,,0,0,0,0,0,0,0,0,0,,87,108,,0,0,0,0
1602215048392,10,1010123456037,78,,1,0,4,1,0,,8.09615,52,0,0.0448,20,0,9.4,,0,0,0,0,0,0,0,0,0,,62,80,,0,0,0,0
1602215048642,10,1010123456037,78,,1,0,4,1,0,,1.71429,133,0,0.045376,55,0,7.75,,0.1,24,0,0.1,10,0,0,7.00464,31,,248,212,,0,0,0,1
1602215048892,10,1010123456037,78,,1,0,4,1,0,,2.55,60,168,0.021152,19,0,8.4,,0,0,0,0,0,0,0,0,0,,-17,94,,0,0,0,0
1602215049142,10,1010123456037,78,,1,0,4,1,0,,2.27679,112,0,0.038016,50,0,8,,0,0,0,0,0,0,0,0,0,,114,180,,0,0,0,0
1602215049392,10,1010123456037,78,,1,0,4,1,0,,10.9091,33,0,0.032608,12,0,10.3333,,0.1,23,0,0.1,9,0,0,3.44893,31,,163,52,,0,0,0,1.13043
1602215049642,10,1010123456037,78,,1,0,4,1,0,,18,9,0,0.030016,6,0,8.75,,0,0,0,0,0,0,0,0,0,,23,16,,0,0,0,0
1602215049892,10,1010123456037,78,,1,0,4,1,0,,19.125,16,0,0.035904,6,0,13,,0,0,0,0,0,0,0,0,0,,33,24,,0,0,0,0
1602215050142,10,1010123456037,78,,1,0,4,1,0,,1.97727,132,0,0.047328,54,0,8.5,,0,0,0,0,0,0,0,0,0,,87,216,,0,0,0,0
1602215050392,10,1010123456037,78,,1,0,4,1,0,,1.46809,94,245,0.02688,36,0,7.57143,,0.1,26,0,0.1,10,0,0,2.77782,31,,-40,150,,0,0,0,1
1602215050642,10,1010123456037,78,,1,0,4,1,0,,8.26761,71,0,0.072448,30,0,11.25,,0,0,0,0,0,0,0,0,0,,77,110,,0,0,0,0
1602215050892,10,1010123456037,78,,1,0,4,1,0,,18,17,0,0.036064,7,0,9.33333,,0,0,0,0,0,0,0,0,0,,30,28,,0,0,0,0
1602215051142,10,1010123456037,78,,1,0,4,1,0,,3.05512,127,0,0.057056,51,0,4.66667,,0,0,0,0,0,0,0,0,0,,-67,208,,0,0,0,0
1602215051392,10,1010123456037,78,,1,0,4,1,0,,5.94595,37,0,0.032384,16,0,10.5,,0.1,18,0,0.1,8,0,0,3.14173,31,,7,58,,0,0,0,1.11111
1602215051642,10,1010123456037,78,,1,0,4,1,0,,8.12308,65,0,0.058688,26,0,10.5,,0,0,0,0,0,0,0,0,0,,109,106,,0,0,0,0
1602215051892,10,1010123456037,78,,1,0,4,1,0,,4.22727,88,0,0.0592129,34,0,8.5,,0,0,0,0,0,0,0,0,0,,287,146,,0,0,0,0
1602215052142,10,1010123456037,78,,1,0,4,1,0,,8.55556,27,0,0.028128,15,0,13.5,,0,0,0,0,0,0,0,0,0,,20,42,,0,0,0,0
1602215052392,10,1010123456037,78,,1,0,4,1,0,,18,11,0,0.02576,5,0,9.66667,,0,8,0,0.1,4,25,0,0,31,,39,20,,0,0,0,0
1602215052642,10,1010123456037,78,,1,0,4,1,0,,6.4186,43,0,0.032448,18,0,9.5,,0.1,11,0,0.1,5,0,0,3.07322,0,,268,72,,0,0,0,1.18182
1602215052892,10,1010123456037,78,,1,0,4,1,0,,5,45,0,0.022752,18,0,5.33333,,0,0,0,0,0,0,0,0,0,,234,70,,0,0,0,0
1602215053142,10,1010123456037,78,,1,0,4,1,0,,1.93103,87,224,0.032608,33,0,9.16667,,0,0,0,0,0,0,0,0,0,,-44,136,,0,0,0,0
1602215053392,10,1010123456037,78,,1,0,4,1,0,,4.47619,126,0,0.067712,50,0,8.6,,0.1,20,0,0.1,8,0,0,7.71172,31,,586,198,,0,0,0,1.15
1602215053642,10,1010123456037,78,,1,0,4,1,0,,11.9412,17,0,0.022656,8,0,10.5,,0,0,0,0,0,0,0,0,0,,58,24,,0,0,0,0
1602215053892,10,1010123456037,78,,1,0,4,1,0,,9.35714,28,0,0.03184,12,0,8.33333,,0,0,0,0,0,0,0,0,0,,196,46,,0,0,0,0
1602215054142,10,1010123456037,78,,1,0,4,1,0,,10.8621,29,0,0.031648,11,0,11,,0,0,0,0,0,0,0,0,0,,129,42,,0,0,0,0
1602215054392,10,1010123456037,78,,1,0,4,1,0,,6.18518,54,158,0.032224,20,0,9.66667,,0,0,0,0,0,0,0,0,0,,439,82,,0,0,0,0
1602215054642,10,1010123456037,78,,1,0,4,1,0,,18,13,0,0.026464,6,0,10.5,,0.1,24,0,0.1,9,0,0,3.8661,31,,33,20,,0,0,0,1
1602215054892,10,1010123456037,78,,1,0,4,1,0,,13.3636,22,0,0.036288,9,0,6.25,,0,0,0,0,0,0,0,0,0,,138,36,,0,0,0,0
1602215055142,10,1010123456037,78,,1,0,4,1,0,,4.92754,69,0,0.043616,27,0,10,,0,0,0,0,0,0,0,0,0,,68,106,,0,0,0,0
1602215055392,10,1010123456037,78,,1,0,4,1,0,,4.8806,67,0,0.038496,26,0,11,,0,0,0,0,0,0,0,0,0,,48,106,,0,0,0,0
1602215055642,10,1010123456037,78,,1,0,4,1,0,,18,20,0,0.046368,9,0,13,,0.1,23,0,0.1,9,0,0,4.43888,31,,42,32,,0,0,0,1
1602215055892,10,1010123456037,78,,1,0,4,1,0,,5.62195,82,18,0.057664,29,0,7.4,,0,0,0,0,0,0,0,0,0,,120,122,,0,0,0,0
1602215056142,10,1010123456037,78,,1,0,4,1,0,,3.68696,115,0,0.04784,48,0,6,,0,0,0,0,0,0,0,0,0,,546,182,,0,0,0,0
1602215056392,10,1010123456037,78,,1,0,4,1,0,,7.69231,78,0,0.074752,32,0,10.2,,2.21053,19,0,0.1,8,37.5,0,2.99978,31,,87,126,,0,0,0,4.15789
1602215056642,10,1010123456037,78,,1,0,4,1,0,,10.7083,24,0,0.036672,10,0,10,,0,2,0,0.1,1,0,0,0,0,,20,40,,0,0,0,0
1602215056892,10,1010123456037,78,,1,0,4,1,0,,15.4333,30,0,0.0471325,11,0,11.3333,,0,0,0,0,0,0,0,0,0,,88,44,,0,0,0,0
1602215057142,10,1010123456037,78,,1,0,4,1,0,,0.715789,190,0,0.045344,77,0,5.66667,,0,0,0,0,0,0,0,0,0,,-49,306,,0,0,0,0
1602215057392,10,1010123456037,78,,1,0,4,1,0,,3.71429,63,488,0.036896,23,0,9,,0,0,0,0,0,0,0,0,0,,-3,104,,0,0,0,0
1602215057642,10,1010123456037,78,,1,0,4,1,0,,9.10169,59,0,0.07008,26,0,13,,0,8,0,0,4,100,0,0,0,,60,92,,0,0,0,0
1602215057892,10,1010123456037,78,,1,0,4,1,0,,18,13,0,0.020608,4,0,13.6,,0,0,0,0,0,0,0,0,0,,40,20,,0,0,0,0
1602215058142,10,1010123456037,78,,1,0,4,1,0,,3.22388,67,0,0.033992,28,0,9.66667,,0,0,0,0,0,0,0,0,0,,123,108,,0,0,0,0
1602215058392,10,1010123456037,78,,1,0,4,1,0,,12.9259,27,0,0.021312,8,0,8.5,,0.1,27,0,0.1,10,0,0,5.17496,31,,100,38,,0,0,0,1
1602215058642,10,1010123456037,78,,1,0,4,1,0,,18,18,0,0.0413815,8,0,8.5,,0,0,0,0,0,0,0,0,0,,28,24,,0,0,0,0
1602215058892,10,1010123456037,78,,1,0,4,1,0,,0.361111,108,88,0.016832,41,0,6.25,,0,0,0,0,0,0,0,0,0,,25,178,,0,0,0,0
1602215059142,10,1010123456037,78,,1,0,4,1,0,,1.6729,107,0,0.040096,47,0,9.33333,,0,0,0,0,0,0,0,0,0,,-69,170,,0,0,0,0
1602215059392,10,1010123456037,78,,1,0,4,1,0,,2.77064,109,0,0.045824,43,0,6.25,,0.1,26,0,0.1,10,0,0,4.69409,31,,127,168,,0,0,0,1
1602215059642,10,1010123456037,78,,1,0,4,1,0,,1.55932,118,46,0.024,40,0,5.66667,,0,0,0,0,0,0,0,0,0,,261,182,,0,0,0,0
1602215059892,10,1010123456037,78,,1,0,4,1,0,,7.11765,51,0,0.045792,28,0,10,,0,0,0,0,0,0,0,0,0,,166,84,,0,0,0,0
1602215060142,10,1010123456037,78,,1,0,4,1,0,,11.6923,13,0,0.015712,5,0,11.3333,,0,0,0,0,0,0,0,0,0,,19,18,,0,0,0,0
1602215060392,10,1010123456037,78,,1,0,4,1,0,,4.23944,71,0,0.028704,27,0,6,,0.571429,21,0,0.1,9,0,0,4.63366,31,,256,104,,0,0,0,1.42857
1602215060642,10,1010123456037,78,,1,0,4,1,0,,2.83838,99,158,0.035776,39,0,8.25,,0,0,0,0,0,0,0,0,0,,86,158,,0,0,0,0
1602215060892,10,1010123456037,78,,1,0,4,1,0,,18.7826,23,0,0.05136,9,0,13,,0,0,0,0,0,0,0,0,0,,55,32,,0,0,0,0
1602215061142,10,1010123456037,78,,1,0,4,1,0,,18,19,0,0.036064,7,0,13,,0,0,0,0,0,0,0,0,0,,44,28,,0,0,0,0
1602215061392,10,1010123456037,78,,1,0,4,1,0,,17.5385,26,0,0.051584,10,0,12,,0.1,21,0,0.1,9,0,0,7.22225,31,,82,36,,0,0,0,1
1602215061642,10,1010123456037,78,,1,0,4,1,0,,7.83333,36,0,0.032544,15,0,10,,0,0,0,0,0,0,0,0,0,,96,58,,0,0,0,0
1602215061892,10,1010123456037,78,,1,0,4,1,0,,5.04,75,0,0.0492851,30,0,8,,0,0,0,0,0,0,0,0,0,,103,120,,0,0,0,0
1602215062142,10,1010123456037,78,,1,0,4,1,0,,5.16216,74,0,0.04448,29,0,8.25,,0,0,0,0,0,0,0,0,0,,97,112,,0,0,0,0
1602215062392,10,1010123456037,78,,1,0,4,1,0,,7.61111,72,0,0.058944,28,0,10.3333,,0.1,27,0,0.1,11,0,0,5.97282,31,,74,108,,0,0,0,1
1602215062642,10,1010123456037,78,,1,0,4,1,0,,6.80769,52,0,0.048096,21,0,10.5,,0,0,0,0,0,0,0,0,0,,25,84,,0,0,0,0
1602215062892,10,1010123456037,78,,1,0,4,1,0,,9.8,10,0,0.01056,4,0,8.8,,0,0,0,0,0,0,0,0,0,,35,14,,0,0,0,0
1602215063142,10,1010123456037,78,,1,0,4,1,0,,5.46269,67,0,0.043776,26,0,10.75,,0,0,0,0,0,0,0,0,0,,4,104,,0,0,0,0
1602215063392,10,1010123456037,78,,1,0,4,1,0,,2.75258,97,0,0.0456546,40,0,9,,1.63636,11,0,0.1,4,25,0,3.38681,31,,286,160,,0,0,0,3.45455
1602215063642,10,1010123456037,78,,1,0,4,1,0,,18,12,0,0.02576,5,0,9,,1,18,0,0.1,7,0,0,3.21686,31,,32,20,,0,0,0,1.83333
1602215063892,10,1010123456037,78,,1,0,4,1,0,,7.47761,67,0,0.0621044,25,0,10.5,,0,0,0,0,0,0,0,0,0,,119,102,,0,0,0,0
1602215064142,10,1010123456037,78,,1,0,4,1,0,,16.7778,27,0,0.0518876,11,0,12,,0,0,0,0,0,0,0,0,0,,43,38,,0,0,0,0
1602215064392,10,1010123456037,78,,1,0,4,1,0,,3.16667,60,0,0.023456,24,0,7.5,,0,0,0,0,0,0,0,0,0,,39,94,,0,0,0,0
1602215064642,10,1010123456037,78,,1,0,4,1,0,,6.63636,66,0,0.048896,25,0,8.8,,0.1,28,0,0.1,10,0,0,3.71113,31,,136,102,,0,0,0,1
1602215064892,10,1010123456037,78,,1,0,4,1,0,,4.5,76,0,0.054464,32,0,9,,0,0,0,0,0,0,0,0,0,,137,124,,0,0,0,0
1602215065142,10,1010123456037,78,,1,0,4,1,0,,5.6,45,0,0.032448,18,0,12.75,,0,0,0,0,0,0,0,0,0,,23,72,,0,0,0,0
1602215065392,10,1010123456037,78,,1,0,4,1,0,,1.21311,122,0,0.031648,50,0,6.8,,2,15,0,0.1,7,28.5714,0,7.20752,31,,109,196,,0,0,0,3.4
1602215065642,10,1010123456037,78,,1,0,4,1,0,,6.77273,44,0,0.0376,17,0,11.5,,0,8,0,0.1,4,75,0,0,0,,16,68,,0,0,0,0
1602215065892,10,1010123456037,78,,1,0,4,1,0,,0.645161,186,0,0.033888,73,0,6,,0,0,0,0,0,0,0,0,0,,66,296,,0,0,0,0
1602215066142,10,1010123456037,78,,1,0,4,1,0,,2.83117,77,4,0.027168,25,0,6,,0,0,0,0,0,0,0,0,0,,130,122,,0,0,0,0
1602215066392,10,1010123456037,78,,1,0,4,1,0,,1.4106,151,0,0.039296,66,0,8.66667,,0,0,0,0,0,0,0,0,0,,81,232,,0,0,0,0
1602215066642,10,1010123456037,78,,1,0,4,1,0,,7.2,25,308,0.022784,10,0,7.5,,0.3,20,0,0.1,8,0,0,6.88879,31,,58,40,,0,0,0,1.15
1602215066892,10,1010123456037,78,,1,0,4,1,0,,6.18667,75,0,0.06992,33,0,9.75,,0,0,0,0,0,0,0,0,0,,206,126,,0,0,0,0
1602215067142,10,1010123456037,78,,1,0,4,1,0,,13.5556,18,0,0.031424,8,0,10,,0,0,0,0,0,0,0,0,0,,61,32,,0,0,0,0
1602215067392,10,1010123456037,78,,1,0,4,1,0,,1.31325,83,0,0.015872,32,0,7.4,,0,0,0,0,0,0,0,0,0,,-44,130,,0,0,0,0
1602215067642,10,1010123456037,78,,1,0,4,1,0,,0,8,0,0.029216,5,0,11.5,,15,11,0,0,4,100,0,2.67225,0,,36,16,,0,0,0,10
1602215067892,10,1010123456037,78,,1,0,4,1,0,,4.48235,85,158,0.049984,34,0,7.33333,,0,0,0,0,0,0,0,0,0,,211,134,,0,0,0,0
1602215068142,10,1010123456037,78,,1,0,4,1,0,,7.6875,32,0,0.026816,13,0,12.1667,,0,0,0,0,0,0,0,0,0,,160,52,,0,0,0,0
1602215068392,10,1010123456037,78,,1,0,4,1,0,,18,10,0,0.015456,3,0,10.5,,0.1,13,0,0.1,6,0,0,3.19699,31,,23,16,,0,0,0,1
1602215068642,10,1010123456037,78,,1,0,4,1,0,,0,10,0,0.030912,6,0,10.6667,,0,0,0,0,0,0,0,0,0,,56,20,,0,0,0,0
1602215068892,10,1010123456037,78,,1,0,4,1,0,,18.48,25,0,0.056928,11,0,11.5,,0,0,0,0,0,0,0,0,0,,76,42,,0,0,0,0
1602215069142,10,1010123456037,78,,1,0,4,1,0,,9.90625,64,0,0.07904,25,0,11.4,,0,0,0,0,0,0,0,0,0,,57,100,,0,0,0,0
1602215069392,10,1010123456037,78,,1,0,4,1,0,,4.14706,68,0,0.033504,26,0,11,,0,10,0,0.1,5,0,0,0,31,,40,106,,0,0,0,0
1602215069642,10,1010123456037,78,,1,0,4,1,0,,3.95454,110,0,0.06608,45,0,4.8,,0,0,0,0,0,0,0,0,0,,275,172,,0,0,0,0
1602215069892,10,1010123456037,78,,1,0,4,1,0,,2.22222,135,279,0.04784,55,0,7.4,,0,0,0,0,0,0,0,0,0,,-41,222,,0,0,0,0
1602215070142,10,1010123456037,78,,1,0,4,1,0,,14.9474,19,0,0.036288,9,0,13,,0,0,0,0,0,0,0,0,0,,31,32,,0,0,0,0
1602215070392,10,1010123456037,78,,1,0,4,1,0,,0,10,0,0.02576,5,0,11.3333,,0.1,18,0,0.1,7,0,0,5.34326,31,,28,20,,0,0,0,1
1602215070642,10,1010123456037,78,,1,0,4,1,0,,10,30,0,0.036672,12,0,14,,0,2,0,0.1,1,0,0,0,31,,100,48,,0,0,0,0
1602215070892,10,1010123456037,78,,1,0,4,1,0,,3.40541,37,700,0.0231647,11,0,4.66667,,0,0,0,0,0,0,0,0,0,,-1,68,,0,0,0,0
1602215071142,10,1010123456037,78,,1,0,4,1,0,,5.10667,75,0,0.053248,35,0,6,,0,0,0,0,0,0,0,0,0,,154,112,,0,0,0,0
1602215071392,10,1010123456037,78,,1,0,4,1,0,,18,23,0,0.046368,9,0,12.8,,4.2,30,0,0.1,12,16.6667,0,8.65452,31,,69,40,,0,0,0,2.8
1602215071642,10,1010123456037,78,,1,0,4,1,0,,10.6857,35,0,0.037152,12,0,8.75,,0,0,0,0,0,0,0,0,0,,105,52,,0,0,0,0
1602215071892,10,1010123456037,78,,1,0,4,1,0,,4.21951,82,0,0.0504418,36,0,7,,0,0,0,0,0,0,0,0,0,,275,130,,0,0,0,0
1602215072142,10,1010123456037,78,,1,0,4,1,0,,18,6,0,0.010304,2,0,9.5,,0,0,0,0,0,0,0,0,0,,6,8,,0,0,0,0
1602215072392,10,1010123456037,78,,1,0,4,1,0,,3.37662,77,0,0.03392,28,0,7,,11.8182,11,0,0.1,4,25,0,9.18496,31,,128,128,,0,0,0,3.90909
1602215072642,10,1010123456037,78,,1,0,4,1,0,,13.3333,27,0,0.047168,15,0,13,,0,0,0,0,0,0,0,0,0,,144,42,,0,0,0,0
1602215072892,10,1010123456037,78,,1,0,4,1,0,,1.64234,137,154,0.045024,53,0,5.25,,0,0,0,0,0,0,0,0,0,,-83,232,,0,0,0,0
1602215073142,10,1010123456037,78,,1,0,4,1,0,,3.02113,142,0,0.065568,63,0,11.3333,,0,0,0,0,0,0,0,0,0,,45,226,,0,0,0,0
1602215073392,10,1010123456037,78,,1,0,4,1,0,,4.7377,61,0,0.03344,24,0,6.83333,,0,0,0,0,0,0,0,0,0,,171,94,,0,0,0,0
1602215073642,10,1010123456037,78,,1,0,4,1,0,,6.15714,70,0,0.043808,27,0,14,,0.210526,19,0,0.1,8,0,0,3.5624,31,,392,106,,0,0,0,1.21053
1602215073892,10,1010123456037,78,,1,0,4,1,0,,19.9286,14,0,0.0308755,5,0,7.8,,0,0,0,0,0,0,0,0,0,,27,20,,0,0,0,0
1602215074142,10,1010123456037,78,,1,0,4,1,0,,18,23,0,0.046368,9,0,14,,0,0,0,0,0,0,0,0,0,,43,36,,0,0,0,0
1602215074392,10,1010123456037,78,,1,0,4,1,0,,19.5,18,0,0.041056,7,0,13.5,,0,0,0,0,0,0,0,0,0,,61,28,,0,0,0,0
1602215074642,10,1010123456037,78,,1,0,4,1,0,,14.5,12,0,0.020704,5,0,11.75,,5.875,32,0,0.1,13,30.7692,0,8.23749,31,,56,20,,0,0,0,4.03125
1602215074892,10,1010123456037,78,,1,0,4,1,0,,12.24,25,0,0.031872,10,0,11.4,,0,0,0,0,0,0,0,0,0,,88,40,,0,0,0,0
1602215075142,10,1010123456037,78,,1,0,4,1,0,,7.1087,46,0,0.037568,18,0,10.8,,0,0,0,0,0,0,0,0,0,,19,70,,0,0,0,0
1602215075392,10,1010123456037,78,,1,0,4,1,0,,6.17308,52,0,0.038144,22,0,10,,1.8,15,0,0.1,6,0,0,4.56627,31,,102,84,,0,0,0,1.2
1602215075642,10,1010123456037,78,,1,0,4,1,0,,3.84211,95,144,0.0504,37,0,6.33333,,0,0,0,0,0,0,0,0,0,,55,154,,0,0,0,0
1602215075892,10,1010123456037,78,,1,0,4,1,0,,2.55102,147,0,0.048128,59,0,8,,0,0,0,0,0,0,0,0,0,,14,226,,0,0,0,0
1602215076142,10,1010123456037,78,,1,0,4,1,0,,18,14,0,0.020608,4,0,11.5,,0,0,0,0,0,0,0,0,0,,20,20,,0,0,0,0
1602215076392,10,1010123456037,78,,1,0,4,1,0,,5.17241,29,0,0.021824,12,0,11,,9.6875,16,0,0.1,6,50,0,10.9452,31,,72,42,,0,0,0,5.75
1602215076642,10,1010123456037,78,,1,0,4,1,0,,10.2432,37,0,0.037152,14,0,4.75,,0,2,0,0,1,100,0,0,0,,208,52,,0,0,0,0
1602215076892,10,1010123456037,78,,1,0,4,1,0,,12.6897,29,0,0.031872,10,0,7.66667,,0,0,0,0,0,0,0,0,0,,105,44,,0,0,0,0
1602215077142,10,1010123456037,78,,1,0,4,1,0,,18,24,0,0.046368,9,0,13.6667,,0,0,0,0,0,0,0,0,0,,75,36,,0,0,0,0
1602215077392,10,1010123456037,78,,1,0,4,1,0,,15.0833,12,0,0.026048,6,0,11.3333,,0.1,20,0,0.1,8,0,0,4.86744,31,,28,20,,0,0,0,1
1602215077642,10,1010123456037,78,,1,0,4,1,0,,2.79439,107,0,0.035936,43,0,8.6,,0,0,0,0,0,0,0,0,0,,346,172,,0,0,0,0
1602215077892,10,1010123456037,78,,1,0,4,1,0,,4.76699,103,81,0.056736,37,0,7.4,,0,0,0,0,0,0,0,0,0,,216,160,,0,0,0,0
1602215078142,10,1010123456037,78,,1,0,4,1,0,,2.65772,149,0,0.067936,65,0,10.25,,0,0,0,0,0,0,0,0,0,,124,238,,0,0,0,0
1602215078392,10,1010123456037,78,,1,0,4,1,0,,4.73333,75,0,0.044224,30,0,7,,1.41176,17,0,0.1,7,0,0,6.16612,31,,86,116,,0,0,0,1.47059
1602215078642,10,1010123456037,78,,1,0,4,1,0,,2.29688,64,0,0.028704,25,0,8.25,,0,0,0,0,0,0,0,0,0,,-32,100,,0,0,0,0
1602215078892,10,1010123456037,78,,1,0,4,1,0,,11.7667,30,0,0.0371084,12,0,10,,0,0,0,0,0,0,0,0,0,,108,44,,0,0,0,0
1602215079142,10,1010123456037,78,,1,0,4,1,0,,18,7,0,0.015456,3,0,14,,0,0,0,0,0,0,0,0,0,,16,12,,0,0,0,0
1602215079392,10,1010123456037,78,,1,0,4,1,0,,14.5161,31,0,0.052192,13,0,11.8,,0.1,26,0,0.1,10,0,0,4.54046,31,,109,52,,0,0,0,1
1602215079642,10,1010123456037,78,,1,0,4,1,0,,5.43103,58,0,0.038688,23,0,10,,0,0,0,0,0,0,0,0,0,,-16,96,,0,0,0,0
1602215079892,10,1010123456037,78,,1,0,4,1,0,,19.0588,17,0,0.046208,8,0,13.6667,,0,0,0,0,0,0,0,0,0,,54,28,,0,0,0,0
1602215080142,10,1010123456037,78,,1,0,4,1,0,,4.85227,88,0,0.044864,33,0,8.6,,0,0,0,0,0,0,0,0,0,,69,130,,0,0,0,0
1602215080392,10,1010123456037,78,,1,0,4,1,0,,13.3913,23,0,0.03696,11,0,11.8,,0.1,17,0,0.1,7,0,0,6.61466,31,,84,32,,0,0,0,1
1602215080642,10,1010123456037,78,,1,0,4,1,0,,1.87156,109,0,0.035712,43,0,6.2,,0,0,0,0,0,0,0,0,0,,67,172,,0,0,0,0
1602215080892,10,1010123456037,78,,1,0,4,1,0,,4.86667,60,0,0.043776,26,0,10.5,,0,0,0,0,0,0,0,0,0,,13,106,,0,0,0,0
1602215081142,10,1010123456037,78,,1,0,4,1,0,,5.87179,39,0,0.027456,15,0,9.6,,0,0,0,0,0,0,0,0,0,,110,60,,0,0,0,0
1602215081392,10,1010123456037,78,,1,0,4,1,0,,5.23077,26,0,0.016512,11,0,10.2,,1.74194,31,0,0.1,12,16.6667,0,6.995,31,,196,42,,0,0,0,2.16129
1602215081642,10,1010123456037,78,,1,0,4,1,0,,6.42254,71,0,0.049216,29,0,8.66667,,0,0,0,0,0,0,0,0,0,,460,114,,0,0,0,0
1602215081892,10,1010123456037,78,,1,0,4,1,0,,3.70588,85,130,0.050784,35,0,7.75,,0,0,0,0,0,0,0,0,0,,102,138,,0,0,0,0
1602215082142,10,1010123456037,78,,1,0,4,1,0,,9.68421,38,0,0.03664,15,0,9.6,,0,0,0,0,0,0,0,0,0,,116,58,,0,0,0,0
1602215082392,10,1010123456037,78,,1,0,4,1,0,,12.2353,17,0,0.02128,7,0,7,,0,0,0,0,0,0,0,0,0,,127,32,,0,0,0,0
1602215082642,10,1010123456037,78,,1,0,4,1,0,,7.46154,39,0,0.042912,17,0,7.83333,,10.2857,7,0,0.1,3,33.3333,0,7.2018,31,,48,62,,0,0,0,4.28571
1602215082892,10,1010123456037,78,,1,0,4,1,0,,12.375,16,144,0.020608,4,0,1.5,,0,0,0,0,0,0,0,0,0,,13,28,,0,0,0,0
1602215083142,10,1010123456037,78,,1,0,4,1,0,,5.18033,61,0,0.033248,24,0,8.33333,,0,0,0,0,0,0,0,0,0,,190,94,,0,0,0,0
1602215083392,10,1010123456037,78,,1,0,4,1,0,,17.25,16,158,0.0312,8,0,13.4,,0,0,0,0,0,0,0,0,0,,39,22,,0,0,0,0
1602215083642,10,1010123456037,78,,1,0,4,1,0,,18,22,0,0.046368,9,0,13.25,,0.25,24,0,0.1,10,0,0,4.38478,31,,60,32,,0,0,0,1.125
1602215083892,10,1010123456037,78,,1,0,4,1,0,,18,17,0,0.036064,7,0,10,,0,0,0,0,0,0,0,0,0,,42,28,,0,0,0,0
1602215084142,10,1010123456037,78,,1,0,4,1,0,,5.07143,42,0,0.022336,17,0,8.75,,0,0,0,0,0,0,0,0,0,,191,68,,0,0,0,0
1602215084392,10,1010123456037,78,,1,0,4,1,0,,4.71681,113,0,0.052608,43,0,8.4,,0,10,0,0.1,5,0,0,0,31,,1,182,,0,0,0,0
1602215084642,10,1010123456037,78,,1,0,4,1,0,,15.8387,31,0,0.086592,17,0,10.5,,0,0,0,0,0,0,0,0,0,,103,50,,0,0,0,0
1602215084892,10,1010123456037,78,,1,0,4,1,0,,6,56,0,0.038016,22,0,9.66667,,0,0,0,0,0,0,0,0,0,,94,88,,0,0,0,0
1602215085142,10,1010123456037,78,,1,0,4,1,0,,7.86538,52,0,0.0427952,19,0,10.1667,,0,0,0,0,0,0,0,0,0,,71,78,,0,0,0,0
1602215085392,10,1010123456037,78,,1,0,4,1,0,,1.8895,181,0,0.0702651,73,0,9,,3.625,8,0,0.1,3,0,0,9.5788,31,,12,288,,0,0,0,1.25
1602215085642,10,1010123456037,78,,1,0,4,1,0,,9.77419,31,231,0.041792,9,0,8,,0,0,0,0,0,0,0,0,0,,58,56,,0,0,0,0
1602215085892,10,1010123456037,78,,1,0,4,1,0,,4.21875,64,123,0.03952,29,0,8.66667,,0,0,0,0,0,0,0,0,0,,84,100,,0,0,0,0
1602215086142,10,1010123456037,78,,1,0,4,1,0,,4.45946,37,0,0.021792,17,0,11.6,,0,0,0,0,0,0,0,0,0,,11,58,,0,0,0,0
1602215086392,10,1010123456037,78,,1,0,4,1,0,,9.01887,53,0,0.058208,21,0,9.33333,,0.444444,18,0,0.1,7,0,0,3.26632,31,,56,84,,0,0,0,1.55556
1602215086642,10,1010123456037,78,,1,0,4,1,0,,12.8936,47,0,0.06288,18,0,11.2,,0,0,0,0,0,0,0,0,0,,146,66,,0,0,0,0
1602215086892,10,1010123456037,78,,1,0,4,1,0,,18,17,158,0.036064,7,0,14,,0,0,0,0,0,0,0,0,0,,96,28,,0,0,0,0
1602215087142,10,1010123456037,78,,1,0,4,1,0,,5.31081,74,0,0.043968,29,0,8,,0,0,0,0,0,0,0,0,0,,167,116,,0,0,0,0
1602215087392,10,1010123456037,78,,1,0,4,1,0,,2.93023,86,0,0.040032,38,0,7.6,,0.933333,15,0,0.1,6,0,0,4.8131,31,,191,146,,0,0,0,1.26667
1602215087642,10,1010123456037,78,,1,0,4,1,0,,18,9,0,0.020608,4,0,13.6667,,0,0,0,0,0,0,0,0,0,,33,16,,0,0,0,0
1602215087892,10,1010123456037,78,,1,0,4,1,0,,1.63492,126,0,0.041792,50,0,8.25,,0,0,0,0,0,0,0,0,0,,-13,202,,0,0,0,0
1602215088142,10,1010123456037,78,,1,0,4,1,0,,9.4,15,0,0.01584,6,0,10.6667,,0,0,0,0,0,0,0,0,0,,63,24,,0,0,0,0
1602215088392,10,1010123456037,78,,1,0,4,1,0,,13.7778,36,0,0.05232,14,0,13.6667,,8.47619,21,0,0.1,8,25,0,11.2367,31,,203,54,,0,0,0,3.66667
1602215088642,10,1010123456037,78,,1,0,4,1,0,,16.9167,24,0,0.046528,10,0,10.5,,11.32,25,0,0.1,9,66.6667,0,3.18168,0,,68,38,,0,0,0,7.56
1602215088892,10,1010123456037,78,,1,0,4,1,0,,5,102,0,0.045152,38,0,8.75,,0,0,0,0,0,0,0,0,0,,525,154,,0,0,0,0
1602215089142,10,1010123456037,78,,1,0,4,1,0,,12.6818,22,0,0.0416,11,0,9.4,,0,0,0,0,0,0,0,0,0,,103,40,,0,0,0,0
1602215089392,10,1010123456037,78,,1,0,4,1,0,,9.15625,32,0,0.032,13,0,11.4,,3.11765,17,0,0.1,7,14.2857,0,7.83381,31,,195,50,,0,0,0,3.17647
1602215089642,10,1010123456037,78,,1,0,4,1,0,,18,14,0,0.02576,5,0,10.3333,,0,4,0,0.1,2,50,0,0,0,,27,20,,0,0,0,0
1602215089892,10,1010123456037,78,,1,0,4,1,0,,5.59375,64,0,0.04864,27,0,8.66667,,0,0,0,0,0,0,0,0,0,,73,106,,0,0,0,0
1602215090142,10,1010123456037,78,,1,0,4,1,0,,12.6129,31,0,0.037024,11,0,11.3333,,0,0,0,0,0,0,0,0,0,,151,44,,0,0,0,0
1602215090392,10,1010123456037,78,,1,0,4,1,0,,7.11765,51,0,0.0481285,20,0,6.4,,0,0,0,0,0,0,0,0,0,,10,80,,0,0,0,0
1602215090642,10,1010123456037,78,,1,0,4,1,0,,3.28916,83,0,0.034304,33,0,9.4,,12,12,0,0,4,100,0,2.21583,0,,82,128,,0,0,0,10
1602215090892,10,1010123456037,78,,1,0,4,1,0,,19.08,25,0,0.056512,10,0,13,,0,0,0,0,0,0,0,0,0,,89,40,,0,0,0,0
1602215091142,10,1010123456037,78,,1,0,4,1,0,,18,13,0,0.02576,5,0,14,,0,0,0,0,0,0,0,0,0,,28,20,,0,0,0,0
1602215091396,9,1010123456037,78,,1,0,4,1,0,,14.1,10,0,0.0154646,4,0,10.6667,,0.1,3,200,0.1,1,0,0,3.82363,31,,15,14,,0,0,0,1
1602215091654,7,1010123456037,78,,1,0,4,1,0,,25.5718,355,0,0.012856,23,0,5.8,,0,0,0,0.1,36,5.55556,0,0,31,,-40,88,,0,0,0,0
1602215091892,7,1010123456037,78,,1,0,4,1,0,,17.0312,32,0,0.0597647,11,0,13.25,,0,0,0,0,0,0,0,0,0,,205,44,,0,0,0,0
1602215092142,7,1010123456037,78,,1,0,4,1,0,,18,20,0,0.046368,9,0,13.75,,0,0,0,0,0,0,0,0,0,,47,32,,0,0,0,0
1602215092392,7,1010123456037,78,,1,0,4,1,0,,18,16,0,0.036064,7,0,12.75,,0.1,16,0,0.1,6,0,0,5.13175,31,,36,28,,0,0,0,1
1602215092642,7,1010123456037,78,,1,0,4,1,0,,17.6364,22,0,0.0312,7,0,7.8,,0,0,0,0,0,0,0,0,0,,58,32,,0,0,0,0
1602215092892,7,1010123456037,78,,1,0,4,1,0,,0,14,0,0.046208,8,0,13,,0,0,0,0,0,0,0,0,0,,48,28,,0,0,0,0
1602215093142,7,1010123456037,78,,1,0,4,1,0,,1.09565,115,797,0.029184,42,0,6.5,,0,0,0,0,0,0,0,0,0,,-74,184,,0,0,0,0
1602215093392,7,1010123456037,78,,1,0,4,1,0,,2.15205,171,311,0.059808,70,0,5.2,,12,12,0,0,4,100,0,3.02603,0,,56,282,,0,0,0,10
1602215093642,7,1010123456037,78,,1,0,4,1,0,,2.34343,99,18,0.0456,43,0,9.33333,,0,0,0,0,0,0,0,0,0,,93,164,,0,0,0,0
1602215093892,7,1010123456037,78,,1,0,4,1,0,,6.22222,36,0,0.029024,18,0,7.66667,,0,0,0,0,0,0,0,0,0,,116,58,,0,0,0,0
1602215094142,7,1010123456037,78,,1,0,4,1,0,,4.10769,65,0,0.033824,25,0,6.66667,,0,0,0,0,0,0,0,0,0,,191,100,,0,0,0,0
1602215094392,7,1010123456037,78,,1,0,4,1,0,,11.0588,34,225,0.032128,12,0,7,,0,0,0,0,0,0,0,0,0,,106,50,,0,0,0,0
1602215094642,7,1010123456037,78,,1,0,4,1,0,,5.92308,39,0,0.022272,17,0,5.66667,,1.66667,21,0,0.1,8,0,0,7.22559,31,,295,62,,0,0,0,1.61905
1602215094892,7,1010123456037,78,,1,0,4,1,0,,4.45833,72,0,0.044096,29,0,9,,0,0,0,0,0,0,0,0,0,,92,110,,0,0,0,0
1602215095142,7,1010123456037,78,,1,0,4,1,0,,7.77083,48,0,0.037856,19,0,7.2,,0,0,0,0,0,0,0,0,0,,304,72,,0,0,0,0
1602215095392,7,1010123456037,78,,1,0,4,1,0,,4,28,0,0.013472,11,0,8.4,,3.33333,9,0,0.1,4,25,0,8.35827,31,,-7,46,,0,0,0,3
1602215095642,7,1010123456037,78,,1,0,4,1,0,,2.85,60,324,0.028832,19,0,8.33333,,11.3846,39,0,0.1,15,40,0,9.01751,31,,-30,100,,0,0,0,5.41026
1602215095892,7,1010123456037,78,,1,0,4,1,0,,6.55128,78,0,0.062496,37,0,10,,0,0,0,0,0,0,0,0,0,,233,118,,0,0,0,0
1602215096142,7,1010123456037,78,,1,0,4,1,0,,5.17722,79,0,0.049568,33,0,6.75,,0,0,0,0,0,0,0,0,0,,167,128,,0,0,0,0
1602215096392,7,1010123456037,78,,1,0,4,1,0,,18,16,0,0.030912,6,0,12,,0,0,0,0,0,0,0,0,0,,50,24,,0,0,0,0
1602215096642,7,1010123456037,78,,1,0,4,1,0,,15.2,15,0,0.015744,4,0,13.5,,0,7,0,0,4,100,0,0,0,,34,20,,0,0,0,0
1602215096892,7,1010123456037,78,,1,0,4,1,0,,18,16,0,0.036064,7,0,11.6,,0,0,0,0,0,0,0,0,0,,18,24,,0,0,0,0
1602215097142,7,1010123456037,78,,1,0,4,1,0,,6.23188,69,158,0.048992,27,0,7.4,,0,0,0,0,0,0,0,0,0,,131,106,,0,0,0,0
1602215097392,7,1010123456037,78,,1,0,4,1,0,,18,13,0,0.02576,5,0,9.75,,4.33333,18,0,0.1,7,0,0,8.24962,31,,26,20,,0,0,0,1.88889
1602215097642,7,1010123456037,78,,1,0,4,1,0,,4.12121,33,158,0.022144,14,0,7.5,,0,0,0,0,0,0,0,0,0,,14,56,,0,0,0,0
1602215097892,7,1010123456037,78,,1,0,4,1,0,,3.34694,98,0,0.04544,40,0,10.8,,0,0,0,0,0,0,0,0,0,,-11,162,,0,0,0,0
1602215098142,7,1010123456037,78,,1,0,4,1,0,,10.8261,46,0,0.0632,19,0,9,,0,0,0,0,0,0,0,0,0,,69,70,,0,0,0,0
1602215098392,7,1010123456037,78,,1,0,4,1,0,,15.4706,17,0,0.030944,7,0,7.66667,,4.5,16,14691,0.1,6,16.6667,0,7.64333,31,,71,28,,0,0,0,2.3125
1602215098642,7,1010123456037,78,,1,0,4,1,0,,11.1538,39,0,0.052544,16,0,12.5,,13.2727,44,0,0.1,16,75,0,6.1062,0,,56,62,,0,0,0,7.54545
1602215098892,7,1010123456037,78,,1,0,4,1,0,,10.2857,28,0,0.031584,11,0,11.5,,0,0,0,0,0,0,0,0,0,,143,44,,0,0,0,0
1602215099142,7,1010123456037,78,,1,0,4,1,0,,4.53333,75,0,0.04416,30,0,9.25,,0,0,0,0,0,0,0,0,0,,5,118,,0,0,0,0
1602215099392,7,1010123456037,78,,1,0,4,1,0,,11.1905,42,0,0.059488,17,0,9.6,,0,0,0,0,0,0,0,0,0,,290,68,,0,0,0,0
1602215099642,7,1010123456037,78,,1,0,4,1,0,,15.4828,29,0,0.0416,10,0,11.5,,0.1,22,0,0.1,9,0,0,5.07097,31,,99,44,,0,0,0,1
1602215099892,7,1010123456037,78,,1,0,4,1,0,,2.2069,58,0,0.028512,25,0,7.75,,0,0,0,0,0,0,0,0,0,,-19,96,,0,0,0,0
1602215100142,7,1010123456037,78,,1,0,4,1,0,,3.28283,99,0,0.040448,40,0,8,,0,0,0,0,0,0,0,0,0,,-1,158,,0,0,0,0
1602215100392,7,1010123456037,78,,1,0,4,1,0,,5.32258,62,0,0.038944,24,0,10.5,,0,0,0,0,0,0,0,0,0,,36,98,,0,0,0,0
1602215100642,7,1010123456037,78,,1,0,4,1,0,,9.925,40,0,0.057792,18,0,8.8,,0.933333,15,0,0.1,6,0,0,4.64803,31,,120,60,,0,0,0,1.8
1602215100892,7,1010123456037,78,,1,0,4,1,0,,4.32468,77,0,0.049344,30,0,13,,0,0,0,0,0,0,0,0,0,,-14,120,,0,0,0,0
1602215101142,7,1010123456037,78,,1,0,4,1,0,,18,24,0,0.046368,9,0,9.2,,0,0,0,0,0,0,0,0,0,,42,36,,0,0,0,0
1602215101392,7,1010123456037,78,,1,0,4,1,0,,14.0714,14,0,0.020928,6,0,12.6667,,0,0,0,0,0,0,0,0,0,,38,20,,0,0,0,0
1602215101642,7,1010123456037,78,,1,0,4,1,0,,16.6897,29,0,0.036608,8,0,8.33333,,3.53846,26,0,0.1,11,18.1818,0,8.88846,31,,75,42,,0,0,0,2.38462
1602215101892,7,1010123456037,78,,1,0,4,1,0,,9.08333,24,0,0.036992,12,0,5.75,,0,0,0,0,0,0,0,0,0,,94,36,,0,0,0,0
1602215102142,7,1010123456037,78,,1,0,4,1,0,,2.75581,86,25,0.032672,31,0,7.5,,0,0,0,0,0,0,0,0,0,,75,138,,0,0,0,0
1602215102392,7,1010123456037,78,,1,0,4,1,0,,8.80357,56,0,0.06544,27,0,11.8,,0,8,0,0,4,100,0,0,0,,113,88,,0,0,0,0
1602215102642,7,1010123456037,78,,1,0,4,1,0,,6.39394,33,0,0.02672,13,0,6.2,,0,0,0,0,0,0,0,0,0,,75,50,,0,0,0,0
1602215102892,7,1010123456037,78,,1,0,4,1,0,,8.67924,53,0,0.058208,21,0,10.5,,0,0,0,0,0,0,0,0,0,,78,84,,0,0,0,0
1602215103142,7,1010123456037,78,,1,0,4,1,0,,2.92,75,0,0.02928,30,0,8.2,,0,0,0,0,0,0,0,0,0,,47,114,,0,0,0,0
1602215103392,7,1010123456037,78,,1,0,4,1,0,,19.8,10,0,0.0256,4,0,14,,0,0,0,0,0,0,0,0,0,,32,16,,0,0,0,0
1602215103642,7,1010123456037,78,,1,0,4,1,0,,2.92157,102,0,0.045568,40,0,9.33333,,6,38,0,0.1,15,33.3333,0,8.74163,31,,-10,166,,0,0,0,4.60526
1602215103892,7,1010123456037,78,,1,0,4,1,0,,6.32558,43,0,0.042784,19,0,8,,0,0,0,0,0,0,0,0,0,,16,66,,0,0,0,0
1602215104142,7,1010123456037,78,,1,0,4,1,0,,3.104,125,0,0.051264,48,0,8.5,,0,0,0,0,0,0,0,0,0,,135,192,,0,0,0,0
1602215104392,7,1010123456037,78,,1,0,4,1,0,,8.19444,36,151,0.037216,15,0,6.5,,0,6,151,0.1,3,66.6667,0,0,31,,150,60,,0,0,0,0
1602215104642,7,1010123456037,78,,1,0,4,1,0,,11.5652,23,0,0.041792,12,0,13.75,,0,6,0,0.1,3,0,0,0,31,,6,44,,0,0,0,0
1602215104892,7,1010123456037,78,,1,0,4,1,0,,4.98182,55,0,0.033056,23,0,11.3333,,0,0,0,0,0,0,0,0,0,,42,90,,0,0,0,0
1602215105142,7,1010123456037,78,,1,0,4,1,0,,6.95312,64,0,0.048672,25,0,9.33333,,0,0,0,0,0,0,0,0,0,,167,100,,0,0,0,0
1602215105392,7,1010123456037,78,,1,0,4,1,0,,3.07407,54,0,0.033056,23,0,11.2,,0.3,20,0,0.1,8,12.5,0,6.94108,31,,41,86,,0,0,0,2.35
1602215105642,7,1010123456037,78,,1,0,4,1,0,,5.93617,47,0,0.0376,19,0,9.33333,,0.1,21,0,0.1,8,0,0,4.45723,31,,9,74,,0,0,0,1
1602215105892,7,1010123456037,78,,1,0,4,1,0,,16.6316,19,0,0.031072,7,0,8,,0,0,0,0,0,0,0,0,0,,41,26,,0,0,0,0
1602215106142,7,1010123456037,78,,1,0,4,1,0,,10.5909,22,0,0.0264,9,0,11.6,,0,0,0,0,0,0,0,0,0,,94,34,,0,0,0,0
1602215106392,7,1010123456037,78,,1,0,4,1,0,,5,38,0,0.027648,16,0,9,,0.1,23,0,0.1,9,0,0,4.70276,31,,8,64,,0,0,0,1
1602215106642,7,1010123456037,78,,1,0,4,1,0,,2.28889,135,0,0.047456,53,0,9.33333,,0,0,0,0,0,0,0,0,0,,-68,210,,0,0,0,0
1602215106892,7,1010123456037,78,,1,0,4,1,0,,2.75789,95,0,0.03504,38,0,7.8,,0,0,0,0,0,0,0,0,0,,119,150,,0,0,0,0
1602215107142,7,1010123456037,78,,1,0,4,1,0,,11.4091,44,0,0.052736,17,0,8.8,,0,0,0,0,0,0,0,0,0,,168,66,,0,0,0,0
1602215107392,7,1010123456037,78,,1,0,4,1,0,,7.03797,79,0,0.064512,30,0,9,,0.1,19,0,0.1,8,0,0,4.06245,31,,183,118,,0,0,0,1
1602215107642,7,1010123456037,78,,1,0,4,1,0,,13.0455,22,0,0.031584,9,0,8.75,,0,0,0,0,0,0,0,0,0,,88,36,,0,0,0,0
1602215107892,7,1010123456037,78,,1,0,4,1,0,,16.3125,16,0,0.025984,6,0,9,,0,0,0,0,0,0,0,0,0,,34,22,,0,0,0,0
1602215108142,7,1010123456037,78,,1,0,4,1,0,,20,10,0,0.027392,4,0,8,,0,0,0,0,0,0,0,0,0,,29,16,,0,0,0,0
1602215108392,7,1010123456037,78,,1,0,4,1,0,,13.8108,37,0,0.047872,14,0,11.6667,,0.1,15,0,0.1,6,0,0,7.02831,31,,172,54,,0,0,0,1
1602215108642,7,1010123456037,78,,1,0,4,1,0,,12.4634,41,0,0.06288,18,0,11.75,,0,0,0,0,0,0,0,0,0,,119,64,,0,0,0,0
1602215108892,7,1010123456037,78,,1,0,4,1,0,,18,18,0,0.030912,6,0,12.8,,0,0,0,0,0,0,0,0,0,,32,28,,0,0,0,0
1602215109142,7,1010123456037,78,,1,0,4,1,0,,18,19,0,0.041216,8,0,10.6,,0,0,0,0,0,0,0,0,0,,47,28,,0,0,0,0
1602215109392,7,1010123456037,78,,1,0,4,1,0,,1.48936,94,0,0.025024,37,0,8.5,,0,0,0,0,0,0,0,0,0,,186,146,,0,0,0,0
1602215109642,7,1010123456037,78,,1,0,4,1,0,,10.5,20,0,0.021376,8,0,8.33333,,15,12,0,0,4,100,0,3.93176,0,,93,32,,0,0,0,10
1602215109892,7,1010123456037,78,,1,0,4,1,0,,11.44,50,0,0.057856,19,0,8.75,,0,0,0,0,0,0,0,0,0,,147,74,,0,0,0,0
1602215110142,7,1010123456037,78,,1,0,4,1,0,,9.15,40,0,0.037824,16,0,14,,0,0,0,0,0,0,0,0,0,,175,68,,0,0,0,0
1602215110392,7,1010123456037,78,,1,0,4,1,0,,2.7381,126,0,0.051712,50,0,8.66667,,0.1,13,0,0.1,6,0,0,2.95652,31,,8,200,,0,0,0,1.15385
1602215110642,7,1010123456037,78,,1,0,4,1,0,,4.14634,82,0,0.064864,35,0,11,,0,0,0,0,0,0,0,0,0,,24,132,,0,0,0,0
1602215110892,7,1010123456037,78,,1,0,4,1,0,,18,24,0,0.046368,9,0,0.1,,0,0,0,0,0,0,0,0,0,,53,36,,0,0,0,0
1602215111142,7,1010123456037,78,,1,0,4,1,0,,8.40541,37,137,0.03184,12,0,6.66667,,0,0,0,0,0,0,0,0,0,,125,58,,0,0,0,0
1602215111392,7,1010123456037,78,,1,0,4,1,0,,5.34921,63,0,0.033792,27,0,8,,0,0,0,0,0,0,0,0,0,,245,94,,0,0,0,0
1602215111642,7,1010123456037,78,,1,0,4,1,0,,7.1875,64,0,0.0536,26,0,10.8,,0.1,21,0,0.1,8,0,0,3.83471,31,,490,102,,0,0,0,1
1602215111892,7,1010123456037,78,,1,0,4,1,0,,18,9,0,0.020608,4,0,11.4,,0,0,0,0,0,0,0,0,0,,20,16,,0,0,0,0
1602215112142,7,1010123456037,78,,1,0,4,1,0,,2.57303,178,0,0.064928,72,0,5.75,,0,0,0,0,0,0,0,0,0,,-91,288,,0,0,0,0
1602215112392,7,1010123456037,78,,1,0,4,1,0,,14.25,24,144,0.036064,7,0,8,,0.1,20,0,0.1,8,0,0,3.91956,31,,45,36,,0,0,0,1
1602215112642,7,1010123456037,78,,1,0,4,1,0,,4.41176,68,0,0.043936,29,0,13.3333,,0,0,0,0,0,0,0,0,0,,116,102,,0,0,0,0
1602215112892,7,1010123456037,78,,1,0,4,1,0,,14.2667,30,0,0.052192,13,0,11.75,,0,0,0,0,0,0,0,0,0,,85,52,,0,0,0,0
1602215113142,7,1010123456037,78,,1,0,4,1,0,,16.8462,13,0,0.032832,6,0,12,,0,0,0,0,0,0,0,0,0,,50,24,,0,0,0,0
1602215113392,7,1010123456037,78,,1,0,4,1,0,,19.25,16,0,0.032544,5,0,9,,0,0,0,0,0,0,0,0,0,,24,24,,0,0,0,0
1602215113642,7,1010123456037,78,,1,0,4,1,0,,3.23656,93,0,0.045344,40,0,7.75,,0.1,23,0,0.1,8,0,0,3.18908,31,,252,154,,0,0,0,1
1602215113892,7,1010123456037,78,,1,0,4,1,0,,7.53846,52,0,0.043008,21,0,10.6667,,0,0,0,0,0,0,0,0,0,,211,78,,0,0,0,0
1602215114142,7,1010123456037,78,,1,0,4,1,0,,13.5,26,130,0.041056,7,0,10,,0,0,0,0,0,0,0,0,0,,75,44,,0,0,0,0
1602215114392,7,1010123456037,78,,1,0,4,1,0,,1.57778,90,0,0.025376,40,0,6.2,,0,0,0,0,0,0,0,0,0,,98,140,,0,0,0,0
1602215114642,7,1010123456037,78,,1,0,4,1,0,,2.16154,130,0,0.052416,53,0,7.6,,0.1,22,0,0.1,9,0,0,6.0979,31,,-51,212,,0,0,0,1
1602215114892,7,1010123456037,78,,1,0,4,1,0,,19.8621,29,0,0.066912,11,0,12.5,,0,0,0,0,0,0,0,0,0,,108,44,,0,0,0,0
1602215115142,7,1010123456037,78,,1,0,4,1,0,,14.381,21,0,0.03136,8,0,8.33333,,0,0,0,0,0,0,0,0,0,,69,32,,0,0,0,0
1602215115392,7,1010123456037,78,,1,0,4,1,0,,9.45098,51,0,0.04304,19,0,9,,0.1,15,0,0.1,6,0,0,3.05073,31,,200,76,,0,0,0,1
1602215115642,7,1010123456037,78,,1,0,4,1,0,,12.7179,39,0,0.067488,17,0,10.8,,0,0,0,0,0,0,0,0,0,,57,60,,0,0,0,0
1602215115892,7,1010123456037,78,,1,0,4,1,0,,9.96154,52,0,0.05808,21,0,10,,0,0,0,0,0,0,0,0,0,,157,84,,0,0,0,0
1602215116142,7,1010123456037,78,,1,0,4,1,0,,18,14,158,0.02576,5,0,14,,0,0,0,0,0,0,0,0,0,,34,20,,0,0,0,0
1602215116392,7,1010123456037,78,,1,0,4,1,0,,18,25,0,0.046368,9,0,12.5,,1.3913,23,0,0.1,10,20,0,4.46769,31,,94,40,,0,0,0,3.26087
1602215116642,7,1010123456037,78,,1,0,4,1,0,,20.0769,13,0,0.035904,6,0,7,,0,0,0,0,0,0,0,0,0,,39,20,,0,0,0,0
1602215116892,7,1010123456037,78,,1,0,4,1,0,,16.5385,26,0,0.046464,10,0,13.6667,,0,0,0,0,0,0,0,0,0,,42,40,,0,0,0,0
1602215117142,7,1010123456037,78,,1,0,4,1,0,,13.45,20,0,0.02656,8,0,10.75,,0,0,0,0,0,0,0,0,0,,100,28,,0,0,0,0
1602215117392,7,1010123456037,78,,1,0,4,1,0,,2.63717,113,199,0.038848,41,0,6,,4.03448,29,0,0.1,10,20,0,7.46493,31,,292,174,,0,0,0,2.86207
1602215117642,7,1010123456037,78,,1,0,4,1,0,,5.15,60,273,0.041056,25,0,11.6667,,0,0,0,0,0,0,0,0,0,,-21,98,,0,0,0,0
1602215117892,7,1010123456037,78,,1,0,4,1,0,,2.5,132,0,0.046912,56,0,8.8,,0,0,0,0,0,0,0,0,0,,9,212,,0,0,0,0
1602215118142,7,1010123456037,78,,1,0,4,1,0,,3.02985,67,25,0.032,26,0,7.16667,,0,0,0,0,0,0,0,0,0,,192,120,,0,0,0,0
1602215118392,7,1010123456037,78,,1,0,4,1,0,,13.1786,28,0,0.043744,15,0,12.8333,,0,8,0,0,4,100,0,0,0,,66,42,,0,0,0,0
1602215118642,7,1010123456037,78,,1,0,4,1,0,,18,9,0,0.020608,4,0,12,,0,0,0,0,0,0,0,0,0,,17,16,,0,0,0,0
1602215118892,7,1010123456037,78,,1,0,4,1,0,,7.06383,47,0,0.03296,18,0,9.8,,0,0,0,0,0,0,0,0,0,,47,70,,0,0,0,0
1602215119142,7,1010123456037,78,,1,0,4,1,0,,1.51136,176,0,0.049792,72,0,5,,0,0,0,0,0,0,0,0,0,,-155,288,,0,0,0,0
1602215119392,7,1010123456037,78,,1,0,4,1,0,,6.87059,85,0,0.063872,33,0,11,,12.766,47,0,0.1,20,75,0,7.38616,31,,288,134,,0,0,0,7.91489
1602215119642,7,1010123456037,78,,1,0,4,1,0,,2.57143,35,74,0.014016,11,0,2,,0,0,0,0,0,0,0,0,0,,-19,56,,0,0,0,0
1602215119892,7,1010123456037,78,,1,0,4,1,0,,3.02083,96,0,0.044096,42,0,13.25,,0,0,0,0,0,0,0,0,0,,127,152,,0,0,0,0
1602215120142,7,1010123456037,78,,1,0,4,1,0,,17.3125,32,0,0.058912,12,0,11.25,,0,0,0,0,0,0,0,0,0,,127,44,,0,0,0,0
1602215120392,7,1010123456037,78,,1,0,4,1,0,,13.2424,33,0,0.047072,13,0,9,,0.1,17,0,0.1,7,0,0,3.4628,31,,92,50,,0,0,0,1
1602215120642,7,1010123456037,78,,1,0,4,1,0,,14.9091,22,0,0.031328,8,0,12.5,,0,0,0,0,0,0,0,0,0,,46,28,,0,0,0,0
1602215120892,7,1010123456037,78,,1,0,4,1,0,,20.4545,11,0,0.0256,4,0,9,,0,0,0,0,0,0,0,0,0,,32,16,,0,0,0,0
1602215121142,7,1010123456037,78,,1,0,4,1,0,,8.94737,38,0,0.034912,15,0,8.4,,0,0,0,0,0,0,0,0,0,,254,62,,0,0,0,0
1602215121392,7,1010123456037,78,,1,0,4,1,0,,0,6,0,0.018176,4,0,11.2,,0,0,0,0,0,0,0,0,0,,21,12,,0,0,0,0
1602215121642,7,1010123456037,78,,1,0,4,1,0,,9.66667,39,0,0.03872,12,0,9.8,,7.40625,32,0,0.1,14,42.8571,0,7.09441,31,,82,62,,0,0,0,5.59375
1602215121892,7,1010123456037,78,,1,0,4,1,0,,6.29787,47,0,0.031232,22,0,13.3333,,0,0,0,0,0,0,0,0,0,,135,72,,0,0,0,0
1602215122142,7,1010123456037,78,,1,0,4,1,0,,18,23,0,0.056672,11,0,14.5,,0,0,0,0,0,0,0,0,0,,53,40,,0,0,0,0
1602215122392,7,1010123456037,78,,1,0,4,1,0,,2.58741,143,0,0.035904,57,0,7.83333,,0,0,0,0,0,0,0,0,0,,190,236,,0,0,0,0
1602215122642,7,1010123456037,78,,1,0,4,1,0,,4.17544,57,0,0.055392,27,0,10,,0.1,23,0,0.1,10,0,0,3.22006,31,,-6,96,,0,0,0,1
1602215122892,7,1010123456037,78,,1,0,4,1,0,,6.43902,41,0,0.032096,15,0,6.66667,,0,0,0,0,0,0,0,0,0,,8,58,,0,0,0,0
1602215123142,7,1010123456037,78,,1,0,4,1,0,,12.7241,29,0,0.037024,11,0,10.5,,0,0,0,0,0,0,0,0,0,,64,44,,0,0,0,0
1602215123392,7,1010123456037,78,,1,0,4,1,0,,6.02041,49,0,0.032896,19,0,8.6,,0.1,20,0,0.1,9,0,0,3.65143,31,,133,74,,0,0,0,1.2
1602215123642,7,1010123456037,78,,1,0,4,1,0,,3.58559,111,136,0.055552,42,0,5,,0,0,0,0,0,0,0,0,0,,2,178,,0,0,0,0
1602215123892,7,1010123456037,78,,1,0,4,1,0,,5.05333,75,0,0.050496,33,0,11,,0,0,0,0,0,0,0,0,0,,52,116,,0,0,0,0
1602215124142,7,1010123456037,78,,1,0,4,1,0,,18,21,0,0.046368,9,0,13.3333,,0,0,0,0,0,0,0,0,0,,56,36,,0,0,0,0
1602215124392,7,1010123456037,78,,1,0,4,1,0,,3.18261,115,0,0.061888,48,0,11.25,,0.1,24,0,0.1,9,0,0,3.79557,31,,65,192,,0,0,0,1.125
1602215124642,7,1010123456037,78,,1,0,4,1,0,,12,21,0,0.026144,8,0,9.5,,0,0,0,0,0,0,0,0,0,,83,32,,0,0,0,0
1602215124892,7,1010123456037,78,,1,0,4,1,0,,4.19697,66,0,0.038752,28,0,10.8,,0,0,0,0,0,0,0,0,0,,54,110,,0,0,0,0
1602215125142,7,1010123456037,78,,1,0,4,1,0,,3.80702,114,0,0.06096,44,0,8,,0,0,0,0,0,0,0,0,0,,-12,180,,0,0,0,0
1602215125392,7,1010123456037,78,,1,0,4,1,0,,4.33333,117,0,0.06624,45,0,9,,2.16667,24,0,0.1,10,20,0,4.31506,31,,-14,180,,0,0,0,2.5
1602215125642,7,1010123456037,78,,1,0,4,1,0,,6.11429,70,0,0.064384,29,0,6.83333,,13,5,0,0,2,100,0,3.34244,0,,28,106,,0,0,0,10
1602215125892,7,1010123456037,78,,1,0,4,1,0,,9.97826,46,0,0.0424,16,0,13.2,,0,0,0,0,0,0,0,0,0,,74,68,,0,0,0,0
1602215126142,7,1010123456037,78,,1,0,4,1,0,,18,23,0,0.056672,11,0,12.6,,0,0,0,0,0,0,0,0,0,,43,36,,0,0,0,0
1602215126392,7,1010123456037,78,,1,0,4,1,0,,12.3684,19,0,0.021088,7,0,10.8,,0,0,0,0,0,0,0,0,0,,101,24,,0,0,0,0
1602215126642,7,1010123456037,78,,1,0,4,1,0,,18,11,0,0.020608,4,0,12.75,,0.1,20,0,0.1,9,0,0,3.59853,31,,16,16,,0,0,0,1.15
1602215126892,7,1010123456037,78,,1,0,4,1,0,,18,14,0,0.030912,6,0,12.6667,,0,0,0,0,0,0,0,0,0,,33,24,,0,0,0,0
1602215127142,7,1010123456037,78,,1,0,4,1,0,,9.56757,37,0,0.036992,14,0,9.33333,,0,0,0,0,0,0,0,0,0,,34,54,,0,0,0,0
1602215127392,7,1010123456037,78,,1,0,4,1,0,,11.5926,27,77,0.031936,10,0,8.16667,,5.375,16,0,0.1,6,33.3333,0,8.29334,31,,80,44,,0,0,0,4.375
1602215127642,7,1010123456037,78,,1,0,4,1,0,,6.69231,52,0,0.0448,21,0,9,,0,4,0,0,2,100,0,0,0,,-5,78,,0,0,0,0
1602215127892,7,1010123456037,78,,1,0,4,1,0,,15.2903,31,0,0.056992,13,0,10,,0,0,0,0,0,0,0,0,0,,91,52,,0,0,0,0
1602215128142,7,1010123456037,78,,1,0,4,1,0,,12.5161,31,102,0.046944,10,0,10.5,,0,0,0,0,0,0,0,0,0,,45,52,,0,0,0,0
1602215128392,7,1010123456037,78,,1,0,4,1,0,,11.3478,23,0,0.03152,13,0,12,,0.727273,22,0,0.1,9,0,0,8.48393,31,,57,36,,0,0,0,1
1602215128642,7,1010123456037,78,,1,0,4,1,0,,14.0769,26,0,0.031488,9,0,8.4,,0,0,0,0,0,0,0,0,0,,110,36,,0,0,0,0
1602215128892,7,1010123456037,78,,1,0,4,1,0,,1.66406,128,0,0.041696,51,0,10.3333,,0,0,0,0,0,0,0,0,0,,341,192,,0,0,0,0
1602215129142,7,1010123456037,78,,1,0,4,1,0,,5.06897,58,0,0.04384,24,0,9.33333,,0,0,0,0,0,0,0,0,0,,5,96,,0,0,0,0
1602215129392,7,1010123456037,78,,1,0,4,1,0,,16,21,0,0.03616,8,0,8.8,,5.8,15,0,0.1,5,20,0,8.14853,31,,37,32,,0,0,0,3.2
1602215129642,7,1010123456037,78,,1,0,4,1,0,,8.97778,45,0,0.047904,19,0,12,,0,0,0,0,0,0,0,0,0,,43,72,,0,0,0,0
1602215129892,7,1010123456037,78,,1,0,4,1,0,,8.53125,32,0,0.027072,12,0,5.33333,,0,0,0,0,0,0,0,0,0,,224,50,,0,0,0,0
1602215130142,7,1010123456037,78,,1,0,4,1,0,,4.4918,61,0,0.054112,27,0,9.33333,,0,0,0,0,0,0,0,0,0,,15,104,,0,0,0,0
1602215130392,7,1010123456037,78,,1,0,4,1,0,,2.3662,71,0,0.019808,29,0,9.66667,,0,0,0,0,0,0,0,0,0,,-56,120,,0,0,0,0
1602215130642,7,1010123456037,78,,1,0,4,1,0,,3.05747,87,0,0.054752,37,0,7.6,,15,10,0,0,4,100,0,3.07753,0,,168,144,,0,0,0,10
1602215130892,7,1010123456037,78,,1,0,4,1,0,,18,10,0,0.015456,3,0,13,,0,0,0,0,0,0,0,0,0,,21,16,,0,0,0,0
1602215131142,7,1010123456037,78,,1,0,4,1,0,,18,11,0,0.02576,5,0,13.5,,0,0,0,0,0,0,0,0,0,,29,16,,0,0,0,0
1602215131392,7,1010123456037,78,,1,0,4,1,0,,5.03077,65,137,0.037952,22,0,7.75,,0.8125,16,0,0.1,6,0,0,3.92617,31,,6,98,,0,0,0,1.125
1602215131642,7,1010123456037,78,,1,0,4,1,0,,0.561644,146,0,0.033888,61,0,8.6,,0,0,0,0,0,0,0,0,0,,-11,232,,0,0,0,0
1602215131892,7,1010123456037,78,,1,0,4,1,0,,0,10,0,0.020864,5,0,9.75,,0,0,0,0,0,0,0,0,0,,40,18,,0,0,0,0
1602215132142,7,1010123456037,78,,1,0,4,1,0,,0.764706,102,0,0.020384,41,0,5,,0,0,0,0,0,0,0,0,0,,-69,162,,0,0,0,0
1602215132392,7,1010123456037,78,,1,0,4,1,0,,3.24,75,0,0.028768,29,0,8,,0,0,0,0,0,0,0,0,0,,-25,112,,0,0,0,0
1602215132642,7,1010123456037,78,,1,0,4,1,0,,5.20253,79,0,0.045088,32,0,6.66667,,1.4,20,0,0.1,9,11.1111,0,6.8556,31,,286,122,,0,0,0,2.4
1602215132892,7,1010123456037,78,,1,0,4,1,0,,7.5,40,0,0.032352,16,0,8.25,,0,0,0,0,0,0,0,0,0,,109,66,,0,0,0,0
1602215133142,7,1010123456037,78,,1,0,4,1,0,,1.47541,61,0,0.021792,21,0,2,,0,0,0,0,0,0,0,0,0,,78,100,,0,0,0,0
1602215133392,7,1010123456037,78,,1,0,4,1,0,,10.1569,51,158,0.055232,25,0,11.5,,0.1,21,0,0.1,9,0,0,3.8399,31,,349,76,,0,0,0,1
1602215133642,7,1010123456037,78,,1,0,4,1,0,,3.44954,109,273,0.050656,38,0,8,,0,0,0,0,0,0,0,0,0,,143,168,,0,0,0,0
1602215133892,7,1010123456037,78,,1,0,4,1,0,,2.49254,134,0,0.057664,58,0,9.2,,0,0,0,0,0,0,0,0,0,,-41,208,,0,0,0,0
1602215134142,7,1010123456037,78,,1,0,4,1,0,,15.8846,26,0,0.038368,9,0,11,,0,0,0,0,0,0,0,0,0,,63,30,,0,0,0,0
1602215134392,7,1010123456037,78,,1,0,4,1,0,,10.7647,34,0,0.041984,14,0,11.6,,0.1,18,0,0.1,7,0,0,2.54558,31,,176,56,,0,0,0,2
1602215134642,7,1010123456037,78,,1,0,4,1,0,,3.65517,58,0,0.028192,24,0,9.16667,,0,0,0,0,0,0,0,0,0,,59,94,,0,0,0,0
1602215134892,7,1010123456037,78,,1,0,4,1,0,,5.58537,82,0,0.054432,32,0,9.8,,0,0,0,0,0,0,0,0,0,,18,124,,0,0,0,0
1602215135142,7,1010123456037,78,,1,0,4,1,0,,6.5,36,0,0.027136,14,0,9.25,,0,0,0,0,0,0,0,0,0,,14,52,,0,0,0,0
1602215135392,7,1010123456037,78,,1,0,4,1,0,,11.6,35,0,0.041824,13,0,11.4,,0.1,18,0,0.1,8,12.5,0,3.54822,31,,30,50,,0,0,0,2
1602215135642,7,1010123456037,78,,1,0,4,1,0,,10.7333,15,0,0.021088,6,0,4,,0,2,0,0.1,1,0,0,0,0,,48,22,,0,0,0,0
1602215135892,7,1010123456037,78,,1,0,4,1,0,,3.92308,52,0,0.033536,22,0,13.75,,0,0,0,0,0,0,0,0,0,,-5,88,,0,0,0,0
1602215136142,7,1010123456037,78,,1,0,4,1,0,,3.40187,107,18,0.043232,37,0,6.2,,0,0,0,0,0,0,0,0,0,,199,164,,0,0,0,0
1602215136392,7,1010123456037,78,,1,0,4,1,0,,15.1282,39,0,0.06976,21,0,12.4286,,0.416667,24,0,0.1,9,0,0,3.44805,31,,92,64,,0,0,0,1.41667
1602215136642,7,1010123456037,78,,1,0,4,1,0,,11.8235,34,0,0.05744,17,0,10.25,,0,0,0,0,0,0,0,0,0,,60,62,,0,0,0,0
1602215136892,7,1010123456037,78,,1,0,4,1,0,,6.16176,68,0,0.058944,29,0,9.66667,,0,0,0,0,0,0,0,0,0,,113,114,,0,0,0,0
1602215137142,7,1010123456037,78,,1,0,4,1,0,,17.8421,19,0,0.04128,8,0,9.2,,0,0,0,0,0,0,0,0,0,,90,30,,0,0,0,0
1602215137392,7,1010123456037,78,,1,0,4,1,0,,2.80357,112,0,0.043072,45,0,8.71429,,0.1,19,0,0.1,7,0,0,5.60434,31,,56,184,,0,0,0,1
1602215137642,7,1010123456037,78,,1,0,4,1,0,,6.44898,49,266,0.046688,17,0,6.4,,0,0,0,0,0,0,0,0,0,,14,78,,0,0,0,0
1602215137892,7,1010123456037,78,,1,0,4,1,0,,7.16868,83,158,0.074976,37,0,9,,0,0,0,0,0,0,0,0,0,,131,130,,0,0,0,0
1602215138142,7,1010123456037,78,,1,0,4,1,0,,10.7436,39,0,0.047296,15,0,9.66667,,0,0,0,0,0,0,0,0,0,,177,56,,0,0,0,0
1602215138392,7,1010123456037,78,,1,0,4,1,0,,16.2069,29,0,0.051968,12,0,12.1429,,1.04348,23,0,0.1,9,0,0,6.97556,31,,134,46,,0,0,0,1.13043
1602215138642,7,1010123456037,78,,1,0,4,1,0,,1.09244,119,369,0.03424,48,0,5.66667,,0,0,0,0,0,0,0,0,0,,-81,198,,0,0,0,0
1602215138892,7,1010123456037,78,,1,0,4,1,0,,4.11712,111,0,0.068768,47,0,10.6667,,0,0,0,0,0,0,0,0,0,,112,176,,0,0,0,0
1602215139142,7,1010123456037,78,,1,0,4,1,0,,18,18,0,0.030912,6,0,13.6667,,0,0,0,0,0,0,0,0,0,,80,28,,0,0,0,0
1602215139392,7,1010123456037,78,,1,0,4,1,0,,5.30645,62,523,0.040832,22,0,3.6,,0,0,0,0,0,0,0,0,0,,96,98,,0,0,0,0
1602215139642,7,1010123456037,78,,1,0,4,1,0,,3.98165,109,102,0.059264,42,0,9.5,,1.10526,19,0,0.1,7,0,0,4.23187,31,,9,172,,0,0,0,1.31579
1602215139892,7,1010123456037,78,,1,0,4,1,0,,3.5463,108,0,0.061472,49,0,11,,0,0,0,0,0,0,0,0,0,,-5,176,,0,0,0,0
1602215140142,7,1010123456037,78,,1,0,4,1,0,,7.71429,21,123,0.020608,4,0,5.66667,,0,0,0,0,0,0,0,0,0,,16,36,,0,0,0,0
1602215140392,7,1010123456037,78,,1,0,4,1,0,,3.17593,108,0,0.05168,49,0,9,,0,0,0,0,0,0,0,0,0,,-13,172,,0,0,0,0
1602215140642,7,1010123456037,78,,1,0,4,1,0,,18,22,0,0.046368,9,0,13.8,,0.1,24,0,0.1,9,0,0,8.29716,31,,45,36,,0,0,0,1.125
1602215140892,7,1010123456037,78,,1,0,4,1,0,,19.25,24,0,0.047136,9,0,14,,0,0,0,0,0,0,0,0,0,,54,34,,0,0,0,0
1602215141142,7,1010123456037,78,,1,0,4,1,0,,10.3878,49,0,0.05808,19,0,10,,0,0,0,0,0,0,0,0,0,,206,76,,0,0,0,0
1602215141392,7,1010123456037,78,,1,0,4,1,0,,0,14,0,0.030912,6,0,13.5,,0,0,0,0,0,0,0,0,0,,77,28,,0,0,0,0
1602215141642,7,1010123456037,78,,1,0,4,1,0,,7.42373,59,0,0.05872,25,0,10.4,,14,12,0,0,4,100,0,2.8702,0,,50,92,,0,0,0,10
1602215141892,7,1010123456037,78,,1,0,4,1,0,,3.73636,110,0,0.061216,43,0,6.33333,,0,0,0,0,0,0,0,0,0,,73,172,,0,0,0,0
1602215142142,7,1010123456037,78,,1,0,4,1,0,,18,12,0,0.020608,4,0,12.6667,,0,0,0,0,0,0,0,0,0,,24,20,,0,0,0,0
1602215142392,7,1010123456037,78,,1,0,4,1,0,,11.9394,33,0,0.052192,15,0,11.8333,,4.55556,27,0,0.1,11,36.3636,0,8.38177,31,,117,56,,0,0,0,4.11111
1602215142642,7,1010123456037,78,,1,0,4,1,0,,2.40741,54,0,0.023168,22,0,5.33333,,0,0,0,0,0,0,0,0,0,,-19,88,,0,0,0,0
1602215142892,7,1010123456037,78,,1,0,4,1,0,,9.21053,38,0,0.042144,15,0,11.3333,,0,0,0,0,0,0,0,0,0,,64,60,,0,0,0,0
1602215143142,7,1010123456037,78,,1,0,4,1,0,,1.52632,76,0,0.019072,30,0,6.33333,,0,0,0,0,0,0,0,0,0,,183,120,,0,0,0,0
1602215143392,7,1010123456037,78,,1,0,4,1,0,,3.02222,135,0,0.060192,55,0,9.5,,0.1,17,0,0.1,6,16.6667,0,2.24988,31,,-25,218,,0,0,0,2.58824
1602215143643,7,1010123456037,78,,1,0,4,1,0,,14.3913,23,0,0.038502,10,0,12,,0.1,3,0,0.1,1,0,0,2.97794,0,,60,36,,0,0,0,1
1602215143892,7,1010123456037,78,,1,0,4,1,0,,6.38571,70,0,0.0500241,29,0,6.2,,0,0,0,0,0,0,0,0,0,,182,114,,0,0,0,0
1602215144142,7,1010123456037,78,,1,0,4,1,0,,9.29545,44,0,0.047328,17,0,11,,0,0,0,0,0,0,0,0,0,,46,70,,0,0,0,0
1602215144392,7,1010123456037,78,,1,0,4,1,0,,8.05882,51,0,0.040288,19,0,9.66667,,0,0,0,0,0,0,0,0,0,,53,84,,0,0,0,0
1602215144642,7,1010123456037,78,,1,0,4,1,0,,4.06667,90,0,0.067904,38,0,8,,0.1,28,0,0.1,12,0,0,3.875,31,,113,142,,0,0,0,1
1602215144892,7,1010123456037,78,,1,0,4,1,0,,18,13,0,0.030912,6,0,13.5,,0,0,0,0,0,0,0,0,0,,49,20,,0,0,0,0
1602215145142,7,1010123456037,78,,1,0,4,1,0,,2.36066,61,18,0.025888,19,0,6.75,,0,0,0,0,0,0,0,0,0,,72,96,,0,0,0,0
1602215145392,7,1010123456037,78,,1,0,4,1,0,,8.41791,67,0,0.066656,31,0,13,,0.1,20,0,0.1,8,12.5,0,3.42499,31,,73,100,,0,0,0,2.35
1602215145642,7,1010123456037,78,,1,0,4,1,0,,9.81818,22,130,0.02576,5,0,7.5,,0.1,18,0,0.1,7,0,0,4.50213,31,,24,36,,0,0,0,1.16667
1602215145892,7,1010123456037,78,,1,0,4,1,0,,7.16327,49,0,0.04832,24,0,13.25,,0,0,0,0,0,0,0,0,0,,88,80,,0,0,0,0
1602215146142,7,1010123456037,78,,1,0,4,1,0,,15.6667,18,0,0.031008,7,0,10,,0,0,0,0,0,0,0,0,0,,45,32,,0,0,0,0
1602215146392,7,1010123456037,78,,1,0,4,1,0,,12.1429,14,0,0.026016,7,0,12.25,,0,0,0,0,0,0,0,0,0,,71,22,,0,0,0,0
1602215146642,7,1010123456037,78,,1,0,4,1,0,,9.22222,18,0,0.015968,7,0,9.5,,0.1,21,0,0.1,9,0,0,8.23593,31,,66,24,,0,0,0,1
1602215146892,7,1010123456037,78,,1,0,4,1,0,,2.61176,85,144,0.029408,32,0,6.4,,0,0,0,0,0,0,0,0,0,,276,130,,0,0,0,0
1602215147142,7,1010123456037,78,,1,0,4,1,0,,6.88889,27,0,0.021728,13,0,12,,0,0,0,0,0,0,0,0,0,,6,42,,0,0,0,0
1602215147392,7,1010123456037,78,,1,0,4,1,0,,10.8378,37,144,0.042144,14,0,7,,0,8,0,0,4,100,0,0,0,,101,58,,0,0,0,0
1602215147642,7,1010123456037,78,,1,0,4,1,0,,1.98148,108,0,0.035904,44,0,11.75,,0,0,0,0,0,0,0,0,0,,-33,168,,0,0,0,0
1602215147892,7,1010123456037,78,,1,0,4,1,0,,10.2667,30,0,0.036928,12,0,8.33333,,0,0,0,0,0,0,0,0,0,,94,46,,0,0,0,0
1602215148142,7,1010123456037,78,,1,0,4,1,0,,7.88235,51,408,0.043584,16,0,8.25,,0,0,0,0,0,0,0,0,0,,123,80,,0,0,0,0
1602215148392,7,1010123456037,78,,1,0,4,1,0,,7.69811,53,0,0.052416,25,0,11.1667,,0,0,0,0,0,0,0,0,0,,63,84,,0,0,0,0
1602215148642,7,1010123456037,78,,1,0,4,1,0,,8.17778,45,0,0.052704,19,0,11.25,,1.30435,23,0,0.1,9,0,0,4.31575,31,,354,72,,0,0,0,1.13043
1602215148892,7,1010123456037,78,,1,0,4,1,0,,1.63636,55,324,0.016992,21,0,10.25,,0,0,0,0,0,0,0,0,0,,-45,92,,0,0,0,0
1602215149142,7,1010123456037,78,,1,0,4,1,0,,8.69767,43,0,0.043744,19,0,12,,0,0,0,0,0,0,0,0,0,,61,72,,0,0,0,0
1602215149392,7,1010123456037,78,,1,0,4,1,0,,7.53191,47,0,0.054528,20,0,9.66667,,0.1,19,0,0.1,8,0,0,3.61763,31,,252,76,,0,0,0,1
1602215149642,7,1010123456037,78,,1,0,4,1,0,,15.375,24,0,0.041792,10,0,11.5,,0,0,0,0,0,0,0,0,0,,93,40,,0,0,0,0
1602215149892,7,1010123456037,78,,1,0,4,1,0,,5.38028,71,22,0.033504,26,0,8,,0,0,0,0,0,0,0,0,0,,384,110,,0,0,0,0
1602215150142,7,1010123456037,78,,1,0,4,1,0,,2.86957,138,0,0.059264,56,0,8.25,,0,0,0,0,0,0,0,0,0,,13,214,,0,0,0,0
1602215150392,7,1010123456037,78,,1,0,4,1,0,,19.08,25,0,0.056512,10,0,13.5,,0.925926,27,0,0.1,11,9.09091,0,3.8263,31,,45,40,,0,0,0,1.88889
1602215150642,7,1010123456037,78,,1,0,4,1,0,,2.50549,91,0,0.04048,37,0,10.2,,0,0,0,0,0,0,0,0,0,,108,148,,0,0,0,0
1602215150892,7,1010123456037,78,,1,0,4,1,0,,12.7391,23,0,0.036384,9,0,5.33333,,0,0,0,0,0,0,0,0,0,,62,34,,0,0,0,0
1602215151142,7,1010123456037,78,,1,0,4,1,0,,4.07692,104,158,0.056,43,0,10.25,,0,0,0,0,0,0,0,0,0,,247,164,,0,0,0,0
1602215151392,7,1010123456037,78,,1,0,4,1,0,,11.1852,27,0,0.041728,12,0,11.25,,0.1,18,0,0.1,7,14.2857,0,3.04984,31,,122,48,,0,0,0,2.5
1602215151642,7,1010123456037,78,,1,0,4,1,0,,18,12,0,0.015456,3,0,9.33333,,0.1,3,0,0.1,1,0,0,2.07286,0,,17,16,,0,0,0,1
1602215151892,7,1010123456037,78,,1,0,4,1,0,,11.549,51,0,0.064192,22,0,7.5,,0,0,0,0,0,0,0,0,0,,300,80,,0,0,0,0
1602215152142,7,1010123456037,78,,1,0,4,1,0,,8.2,20,0,0.016416,8,0,8.83333,,0,0,0,0,0,0,0,0,0,,92,32,,0,0,0,0
1602215152392,7,1010123456037,78,,1,0,4,1,0,,4.7619,21,0,0.011264,8,0,9,,0,0,0,0,0,0,0,0,0,,2,30,,0,0,0,0
1602215152642,7,1010123456037,78,,1,0,4,1,0,,18,16,0,0.030912,6,0,13.6667,,0.1,21,0,0.1,9,0,0,3.88399,31,,44,24,,0,0,0,1.09524
1602215152892,7,1010123456037,78,,1,0,4,1,0,,13.3696,46,0,0.073216,19,0,11.75,,0,0,0,0,0,0,0,0,0,,179,74,,0,0,0,0
1602215153142,7,1010123456037,78,,1,0,4,1,0,,2.28431,102,0,0.035808,42,0,7.2,,0,0,0,0,0,0,0,0,0,,40,164,,0,0,0,0
1602215153392,7,1010123456037,78,,1,0,4,1,0,,1.2,60,0,0.0184,25,0,7.5,,12.4286,35,0,0.1,14,42.8571,0,8.27649,31,,95,102,,0,0,0,5.54286
1602215153642,7,1010123456037,78,,1,0,4,1,0,,2.22481,129,0,0.0424,51,0,10,,14,8,0,0.1,3,66.6667,0,3.7342,0,,27,210,,0,0,0,8.25
1602215153892,7,1010123456037,78,,1,0,4,1,0,,10.88,25,0,0.036832,11,0,11.3333,,0,0,0,0,0,0,0,0,0,,107,40,,0,0,0,0
1602215154142,7,1010123456037,78,,1,0,4,1,0,,6.09091,33,0,0.02176,13,0,6.33333,,0,0,0,0,0,0,0,0,0,,190,52,,0,0,0,0
1602215154392,7,1010123456037,78,,1,0,4,1,0,,2.5,58,0,0.028512,25,0,10,,0,0,0,0,0,0,0,0,0,,-8,100,,0,0,0,0
1602215154642,7,1010123456037,78,,1,0,4,1,0,,2.56701,97,0,0.040896,40,0,7.5,,9.57447,47,0,0.1,16,62.5,0,6.92488,31,,-31,160,,0,0,0,6.80851
1602215154892,7,1010123456037,78,,1,0,4,1,0,,4.83333,54,102,0.028448,18,0,8.5,,0,0,0,0,0,0,0,0,0,,139,84,,0,0,0,0
1602215155142,7,1010123456037,78,,1,0,4,1,0,,4.17117,111,0,0.055584,47,0,8.5,,0,0,0,0,0,0,0,0,0,,104,174,,0,0,0,0
1602215155392,7,1010123456037,78,,1,0,4,1,0,,20.0455,22,0,0.051616,9,0,11.25,,0,0,0,0,0,0,0,0,0,,68,30,,0,0,0,0
1602215155642,7,1010123456037,78,,1,0,4,1,0,,11.3214,28,0,0.031648,11,0,9.25,,0.1,27,0,0.1,10,0,0,5.39673,31,,137,42,,0,0,0,1
1602215155892,7,1010123456037,78,,1,0,4,1,0,,5.66667,75,0,0.059584,32,0,8.5,,0,0,0,0,0,0,0,0,0,,65,126,,0,0,0,0
1602215156142,7,1010123456037,78,,1,0,4,1,0,,6.86364,66,0,0.05936,27,0,11,,0,0,0,0,0,0,0,0,0,,67,106,,0,0,0,0
1602215156392,7,1010123456037,78,,1,0,4,1,0,,8.48,50,0,0.047776,20,0,7.75,,0.1,23,0,0.1,9,0,0,5.2707,31,,183,78,,0,0,0,1
1602215156642,7,1010123456037,78,,1,0,4,1,0,,4.33766,77,0,0.050016,31,0,9,,0,0,0,0,0,0,0,0,0,,-15,124,,0,0,0,0
1602215156892,7,1010123456037,78,,1,0,4,1,0,,18,15,0,0.030912,6,0,11.3333,,0,0,0,0,0,0,0,0,0,,32,24,,0,0,0,0
1602215157142,7,1010123456037,78,,1,0,4,1,0,,6.51351,37,0,0.032384,16,0,4.8,,0,0,0,0,0,0,0,0,0,,89,62,,0,0,0,0
1602215157392,7,1010123456037,78,,1,0,4,1,0,,2.9011,91,0,0.034848,36,0,6.33333,,0.1,14,0,0.1,6,0,0,3.12526,31,,118,144,,0,0,0,1
1602215157642,7,1010123456037,78,,1,0,4,1,0,,18,15,0,0.02576,5,0,9.66667,,0,0,0,0,0,0,0,0,0,,42,24,,0,0,0,0
1602215157892,7,1010123456037,78,,1,0,4,1,0,,18,21,0,0.05152,10,0,12.3333,,0,0,0,0,0,0,0,0,0,,76,36,,0,0,0,0
1602215158142,7,1010123456037,78,,1,0,4,1,0,,8.37931,58,74,0.052928,14,0,10.5,,0,0,0,0,0,0,0,0,0,,64,88,,0,0,0,0
1602215158392,7,1010123456037,78,,1,0,4,1,0,,16.5484,31,158,0.056896,20,0,13.6667,,0.1,13,0,0.1,5,20,0,2.62835,31,,39,46,,0,0,0,3.07692
1602215158642,7,1010123456037,78,,1,0,4,1,0,,4.16,75,158,0.038944,29,0,9.5,,0.1,12,0,0.1,5,0,0,2.91835,0,,85,120,,0,0,0,1.16667
1602215158892,7,1010123456037,78,,1,0,4,1,0,,10.8367,49,0,0.057952,18,0,6,,0,0,0,0,0,0,0,0,0,,179,76,,0,0,0,0
1602215159142,7,1010123456037,78,,1,0,4,1,0,,18,23,0,0.05712,13,0,13.6667,,0,0,0,0,0,0,0,0,0,,67,40,,0,0,0,0
1602215159392,7,1010123456037,78,,1,0,4,1,0,,18,12,0,0.02576,5,0,11.2,,0.1,14,0,0.1,7,0,0,3.37758,31,,19,20,,0,0,0,1.21429
1602215159642,7,1010123456037,78,,1,0,4,1,0,,19.1111,18,0,0.037696,6,0,13.6667,,0,0,0,0,0,0,0,0,0,,31,28,,0,0,0,0
1602215159892,7,1010123456037,78,,1,0,4,1,0,,3.76056,71,0,0.03904,28,0,8.33333,,0,0,0,0,0,0,0,0,0,,1,112,,0,0,0,0
1602215160142,7,1010123456037,78,,1,0,4,1,0,,18,17,0,0.041216,8,0,9.66667,,0,0,0,0,0,0,0,0,0,,49,28,,0,0,0,0
1602215160392,7,1010123456037,78,,1,0,4,1,0,,2.88514,148,0,0.062976,59,0,7.5,,2.45455,22,0,0.1,9,22.2222,0,3.86217,31,,-55,236,,0,0,0,3.54545
1602215160642,7,1010123456037,78,,1,0,4,1,0,,2.19697,66,0,0.027936,25,0,6.2,,0,4,0,0,2,100,0,0,0,,83,108,,0,0,0,0
1602215160892,7,1010123456037,78,,1,0,4,1,0,,18,15,0,0.03712,10,0,14,,0,0,0,0,0,0,0,0,0,,25,28,,0,0,0,0
1602215161142,7,1010123456037,78,,1,0,4,1,0,,15.2222,18,0,0.031296,8,0,8,,0,0,0,0,0,0,0,0,0,,83,30,,0,0,0,0
1602215161392,7,1010123456037,78,,1,0,4,1,0,,3.8481,79,0,0.04448,32,0,11,,0.157895,19,0,0.1,8,0,0,6.88315,31,,-17,126,,0,0,0,1
1602215161642,7,1010123456037,78,,1,0,4,1,0,,11.8095,42,0,0.057632,17,0,8.6,,3.2,5,0,0.1,2,0,0,2.9804,0,,36,66,,0,0,0,2
1602215161892,7,1010123456037,78,,1,0,4,1,0,,18,16,0,0.036064,7,0,12.25,,0,0,0,0,0,0,0,0,0,,66,28,,0,0,0,0
1602215162142,7,1010123456037,78,,1,0,4,1,0,,15.6429,28,0,0.046816,11,0,11.8,,0,0,0,0,0,0,0,0,0,,121,44,,0,0,0,0
1602215162392,7,1010123456037,78,,1,0,4,1,0,,15.5,14,0,0.026048,6,0,12,,0.133333,30,0,0.1,12,0,0,5.90619,31,,57,24,,0,0,0,1.23333
1602215162642,7,1010123456037,78,,1,0,4,1,0,,3.13953,43,0,0.012352,16,0,7.8,,0,0,0,0,0,0,0,0,0,,77,66,,0,0,0,0
1602215162892,7,1010123456037,78,,1,0,4,1,0,,18,23,0,0.041216,8,0,13.5,,0,0,0,0,0,0,0,0,0,,62,32,,0,0,0,0
1602215163142,7,1010123456037,78,,1,0,4,1,0,,18,19,0,0.046368,9,0,13.6667,,0,0,0,0,0,0,0,0,0,,42,32,,0,0,0,0
1602215163392,7,1010123456037,78,,1,0,4,1,0,,18,17,0,0.030912,6,0,13.2,,15,12,0,0,4,100,0,2.77875,0,,49,24,,0,0,0,10
1602215163642,7,1010123456037,78,,1,0,4,1,0,,12.3846,13,0,0.015712,5,0,11.2,,0,0,0,0,0,0,0,0,0,,11,22,,0,0,0,0
1602215163892,7,1010123456037,78,,1,0,4,1,0,,3.39474,76,0,0.044192,31,0,4.5,,0.1,3,0,0.1,1,0,0,2.24919,31,,-11,120,,0,0,0,1
1602215164142,7,1010123456037,78,,1,0,4,1,0,,4.35052,97,0,0.060416,38,0,10,,0,0,0,0,0,0,0,0,0,,0,154,,0,0,0,0
1602215164392,7,1010123456037,78,,1,0,4,1,0,,15.8571,14,0,0.031072,7,0,14.3333,,0,0,0,0,0,0,0,0,0,,28,20,,0,0,0,0
1602215164642,7,1010123456037,78,,1,0,4,1,0,,1.88571,70,0,0.018976,27,0,7,,0.1,23,0,0.1,10,0,0,7.90791,31,,127,108,,0,0,0,1
1602215164892,7,1010123456037,78,,1,0,4,1,0,,12.7778,27,0,0.0417671,11,0,11.8,,0,0,0,0,0,0,0,0,0,,97,44,,0,0,0,0
1602215165142,7,1010123456037,78,,1,0,4,1,0,,8.74419,43,0,0.042496,17,0,9.5,,0,0,0,0,0,0,0,0,0,,60,66,,0,0,0,0
1602215165392,7,1010123456037,78,,1,0,4,1,0,,6.52727,55,0,0.048128,22,0,9.33333,,0.1,23,0,0.1,9,0,0,3.49021,31,,54,90,,0,0,0,1
1602215165642,7,1010123456037,78,,1,0,4,1,0,,11.1569,51,0,0.067968,21,0,8,,0,0,0,0,0,0,0,0,0,,113,78,,0,0,0,0
1602215165892,7,1010123456037,78,,1,0,4,1,0,,8.7,30,0,0.026912,12,0,10,,0,0,0,0,0,0,0,0,0,,136,44,,0,0,0,0
1602215166142,7,1010123456037,78,,1,0,4,1,0,,18,25,0,0.05152,10,0,14,,0,0,0,0,0,0,0,0,0,,43,40,,0,0,0,0
1602215166392,7,1010123456037,78,,1,0,4,1,0,,4.30526,95,0,0.045056,37,0,7.16667,,0.1,8,58,0.1,3,0,0,2.33871,31,,92,152,,0,0,0,1
1602215166642,7,1010123456037,78,,1,0,4,1,0,,4.26923,52,0,0.048352,23,0,10.8,,0.142857,14,0,0.1,6,0,0,5.92942,31,,12,84,,0,0,0,1
1602215166892,7,1010123456037,78,,1,0,4,1,0,,18,20,0,0.036064,7,0,10.8,,0,0,0,0,0,0,0,0,0,,30,32,,0,0,0,0
1602215167142,7,1010123456037,78,,1,0,4,1,0,,8.10526,57,0,0.0584,23,0,8.66667,,0,0,0,0,0,0,0,0,0,,55,92,,0,0,0,0
1602215167392,7,1010123456037,78,,1,0,4,1,0,,0.769231,104,0,0.025792,42,0,10.5,,0.1,19,0,0.1,9,0,0,7.92517,31,,74,162,,0,0,0,1
1602215167642,7,1010123456037,78,,1,0,4,1,0,,18,23,0,0.046368,9,0,13,,0,0,0,0,0,0,0,0,0,,57,36,,0,0,0,0
1602215167892,7,1010123456037,78,,1,0,4,1,0,,10.4118,17,0,0.020992,7,0,9,,0,0,0,0,0,0,0,0,0,,90,28,,0,0,0,0
1602215168142,7,1010123456037,78,,1,0,4,1,0,,14.1765,34,0,0.052608,14,0,10.5,,0,0,0,0,0,0,0,0,0,,142,54,,0,0,0,0
1602215168392,7,1010123456037,78,,1,0,4,1,0,,13.85,20,0,0.026112,7,0,11,,0.1,30,0,0.1,11,0,0,5.76079,31,,35,30,,0,0,0,1
1602215168642,7,1010123456037,78,,1,0,4,1,0,,8.12903,31,46,0.03264,9,0,11,,0,0,0,0,0,0,0,0,0,,68,52,,0,0,0,0
1602215168892,7,1010123456037,78,,1,0,4,1,0,,4.10976,82,0,0.04864,37,0,13,,0,0,0,0,0,0,0,0,0,,113,124,,0,0,0,0
1602215169142,7,1010123456037,78,,1,0,4,1,0,,7.25,32,109,0.026848,8,0,6,,0,0,0,0,0,0,0,0,0,,38,46,,0,0,0,0
1602215169392,7,1010123456037,78,,1,0,4,1,0,,6.34667,75,0,0.069344,35,0,11,,0.1,24,0,0.1,10,0,0,3.72724,31,,23,120,,0,0,0,1
1602215169642,7,1010123456037,78,,1,0,4,1,0,,9.2,30,0,0.031776,12,0,8.6,,0,0,0,0,0,0,0,0,0,,40,48,,0,0,0,0
1602215169892,7,1010123456037,78,,1,0,4,1,0,,12.1667,12,0,0.016032,5,0,9.66667,,0,0,0,0,0,0,0,0,0,,34,20,,0,0,0,0
1602215170142,7,1010123456037,78,,1,0,4,1,0,,17.3462,26,0,0.051648,10,0,13.6667,,0,0,0,0,0,0,0,0,0,,57,40,,0,0,0,0
1602215170392,7,1010123456037,78,,1,0,4,1,0,,2.90196,51,0,0.022752,21,0,7.5,,0,0,0,0,0,0,0,0,0,,82,82,,0,0,0,0
1602215170642,7,1010123456037,78,,1,0,4,1,0,,8.51613,31,0,0.027072,12,0,7.8,,0.1,22,0,0.1,9,0,0,4.02023,31,,9,46,,0,0,0,1
1602215170892,7,1010123456037,78,,1,0,4,1,0,,1.76471,51,144,0.012448,19,0,9,,0,0,0,0,0,0,0,0,0,,-8,78,,0,0,0,0
1602215171142,7,1010123456037,78,,1,0,4,1,0,,3.90385,104,252,0.056832,40,0,7.5,,0,0,0,0,0,0,0,0,0,,142,166,,0,0,0,0
1602215171392,7,1010123456037,78,,1,0,4,1,0,,5.14286,49,0,0.036864,22,0,9,,0.1,20,0,0.1,9,0,0,5.4687,31,,4,76,,0,0,0,1
1602215171642,7,1010123456037,78,,1,0,4,1,0,,4,50,0,0.027872,20,0,10,,0,0,0,0,0,0,0,0,0,,67,80,,0,0,0,0
1602215171892,7,1010123456037,78,,1,0,4,1,0,,8.21053,38,109,0.037312,10,0,4,,0,0,0,0,0,0,0,0,0,,36,58,,0,0,0,0
1602215172142,7,1010123456037,78,,1,0,4,1,0,,7.02381,42,0,0.044576,23,0,12,,0,0,0,0,0,0,0,0,0,,82,70,,0,0,0,0
1602215172392,7,1010123456037,78,,1,0,4,1,0,,8.69565,46,0,0.042816,18,0,10.75,,0,0,0,0,0,0,0,0,0,,172,70,,0,0,0,0
1602215172642,7,1010123456037,78,,1,0,4,1,0,,3.35106,94,0,0.045184,38,0,4.2,,2.86364,22,0,0.1,9,33.3333,0,3.16889,31,,122,150,,0,0,0,3.95455
1602215172892,7,1010123456037,78,,1,0,4,1,0,,3.31818,66,102,0.028416,26,0,7.2,,0,0,0,0,0,0,0,0,0,,99,110,,0,0,0,0
1602215173142,7,1010123456037,78,,1,0,4,1,0,,15,35,0,0.062528,17,0,13.25,,0,0,0,0,0,0,0,0,0,,151,52,,0,0,0,0
1602215173392,7,1010123456037,78,,1,0,4,1,0,,19.35,20,0,0.035904,6,0,12.2857,,0.285714,14,0,0.1,6,0,0,4.11984,31,,57,28,,0,0,0,1.42857
1602215173642,7,1010123456037,78,,1,0,4,1,0,,2.57143,63,0,0.028704,27,0,10.8,,0,0,0,0,0,0,0,0,0,,57,104,,0,0,0,0
1602215173892,7,1010123456037,78,,1,0,4,1,0,,18,25,0,0.05152,10,0,12.6667,,0,0,0,0,0,0,0,0,0,,64,40,,0,0,0,0
1602215174142,7,1010123456037,78,,1,0,4,1,0,,0.889535,172,0,0.044096,70,0,8,,0,0,0,0,0,0,0,0,0,,-45,278,,0,0,0,0
1602215174392,7,1010123456037,78,,1,0,4,1,0,,17.1304,23,0,0.046304,9,0,11.3333,,0.1,22,0,0.1,9,0,0,4.67718,31,,81,36,,0,0,0,1
1602215174642,7,1010123456037,78,,1,0,4,1,0,,18,10,0,0.020608,4,0,6,,0,0,0,0,0,0,0,0,0,,24,16,,0,0,0,0
1602215174892,7,1010123456037,78,,1,0,4,1,0,,4.69,100,0,0.060864,43,0,8.2,,0,0,0,0,0,0,0,0,0,,262,168,,0,0,0,0
1602215175142,7,1010123456037,78,,1,0,4,1,0,,8.30769,52,0,0.052896,21,0,6.33333,,0,0,0,0,0,0,0,0,0,,213,84,,0,0,0,0
1602215175392,7,1010123456037,78,,1,0,4,1,0,,18,18,0,0.036064,7,0,11.8,,5.14286,28,0,0.1,11,36.3636,0,4.80965,31,,47,28,,0,0,0,4.42857
1602215175642,7,1010123456037,78,,1,0,4,1,0,,15.8333,12,0,0.020768,5,0,10,,12,5,0,0.1,2,0,0,17.6543,0,,31,18,,0,0,0,1
1602215175892,7,1010123456037,78,,1,0,4,1,0,,4.52941,68,0,0.044,27,0,10.2,,0,0,0,0,0,0,0,0,0,,100,108,,0,0,0,0
1602215176142,7,1010123456037,78,,1,0,4,1,0,,7.16667,48,0,0.0482249,20,0,10.5,,0,0,0,0,0,0,0,0,0,,36,80,,0,0,0,0
1602215176392,7,1010123456037,78,,1,0,4,1,0,,18,28,0,0.056672,11,0,13.5,,10.5714,7,0,0.1,3,33.3333,0,6.86273,31,,78,44,,0,0,0,3.85714
1602215176642,7,1010123456037,78,,1,0,4,1,0,,7.83333,24,0,0.02128,9,0,8.8,,0,0,0,0,0,0,0,0,0,,133,36,,0,0,0,0
1602215176892,7,1010123456037,78,,1,0,4,1,0,,4.375,72,0,0.033728,28,0,11,,0,0,0,0,0,0,0,0,0,,84,114,,0,0,0,0
1602215177142,7,1010123456037,78,,1,0,4,1,0,,11.7,20,0,0.031296,9,0,10.6667,,0,0,0,0,0,0,0,0,0,,62,32,,0,0,0,0
1602215177392,7,1010123456037,78,,1,0,4,1,0,,18,13,0,0.030912,6,0,11.3333,,0.1,19,0,0.1,8,0,0,4.06595,31,,49,24,,0,0,0,1
1602215177642,7,1010123456037,78,,1,0,4,1,0,,18,22,0,0.041216,8,0,12.8333,,0,0,0,0,0,0,0,0,0,,58,32,,0,0,0,0
1602215177892,7,1010123456037,78,,1,0,4,1,0,,1.17582,182,188,0.046496,67,0,5,,0,0,0,0,0,0,0,0,0,,-13,294,,0,0,0,0
1602215178142,7,1010123456037,78,,1,0,4,1,0,,11.9773,44,0,0.0656,24,0,13.25,,0,0,0,0,0,0,0,0,0,,56,70,,0,0,0,0
1602215178392,7,1010123456037,78,,1,0,4,1,0,,2.49618,131,0,0.041344,53,0,7.28571,,0,10,0,0.1,5,0,0,0,31,,77,212,,0,0,0,0
1602215178642,7,1010123456037,78,,1,0,4,1,0,,9.9,40,0,0.043328,15,0,11.2,,0.1,10,0,0.1,4,0,0,2.40197,0,,207,56,,0,0,0,1
1602215178892,7,1010123456037,78,,1,0,4,1,0,,18,9,0,0.02576,5,0,7.25,,0,0,0,0,0,0,0,0,0,,24,16,,0,0,0,0
1602215179142,7,1010123456037,78,,1,0,4,1,0,,6.85,60,0,0.048608,25,0,9.4,,0,0,0,0,0,0,0,0,0,,145,96,,0,0,0,0
1602215179392,7,1010123456037,78,,1,0,4,1,0,,1.71111,90,287,0.025568,35,0,5,,0.1,26,0,0.1,10,0,0,4.84836,31,,-39,142,,0,0,0,1
1602215179642,7,1010123456037,78,,1,0,4,1,0,,2.64925,134,0,0.056928,57,0,7.75,,0,0,0,0,0,0,0,0,0,,97,220,,0,0,0,0
1602215179892,7,1010123456037,78,,1,0,4,1,0,,3.075,80,158,0.029216,31,0,5.33333,,0,0,0,0,0,0,0,0,0,,96,126,,0,0,0,0
1602215180142,7,1010123456037,78,,1,0,4,1,0,,5.89535,86,0,0.060352,34,0,6.66667,,0,0,0,0,0,0,0,0,0,,231,130,,0,0,0,0
1602215180392,7,1010123456037,78,,1,0,4,1,0,,4.80435,46,0,0.022432,18,0,8.33333,,0.5,12,0,0.1,5,0,0,5.94564,31,,222,70,,0,0,0,1
1602215180642,7,1010123456037,78,,1,0,4,1,0,,19.2857,21,0,0.046208,8,0,12.25,,0,0,0,0,0,0,0,0,0,,47,32,,0,0,0,0
1602215180892,7,1010123456037,78,,1,0,4,1,0,,18,18,0,0.036064,7,0,9.66667,,0,0,0,0,0,0,0,0,0,,33,28,,0,0,0,0
1602215181142,7,1010123456037,78,,1,0,4,1,0,,18.1667,18,0,0.025824,5,0,13,,0,0,0,0,0,0,0,0,0,,39,26,,0,0,0,0
1602215181392,7,1010123456037,78,,1,0,4,1,0,,7.59211,76,0,0.069472,31,0,10.5,,1.3125,16,0,0.1,6,0,0,5.10267,31,,64,118,,0,0,0,1.1875
1602215181642,7,1010123456037,78,,1,0,4,1,0,,18,17,0,0.041216,8,0,13.3333,,0,0,0,0,0,0,0,0,0,,27,28,,0,0,0,0
1602215181892,7,1010123456037,78,,1,0,4,1,0,,8.59091,44,4,0.044736,14,0,11.4,,0,0,0,0,0,0,0,0,0,,116,74,,0,0,0,0
1602215182142,7,1010123456037,78,,1,0,4,1,0,,14.78,50,0,0.081024,24,0,12.5,,0,0,0,0,0,0,0,0,0,,102,70,,0,0,0,0
1602215182392,7,1010123456037,78,,1,0,4,1,0,,7.975,40,0,0.034304,16,0,9.5,,0.1,24,0,0.1,9,0,0,7.23556,31,,23,64,,0,0,0,1
1602215182642,7,1010123456037,78,,1,0,4,1,0,,2.6,50,0,0.030912,22,0,9.33333,,0,0,0,0,0,0,0,0,0,,34,84,,0,0,0,0
1602215182892,7,1010123456037,78,,1,0,4,1,0,,2.87368,95,95,0.041056,35,0,5.8,,0,0,0,0,0,0,0,0,0,,185,156,,0,0,0,0
1602215183142,7,1010123456037,78,,1,0,4,1,0,,4.38462,26,158,0.021472,15,0,13.6667,,0,0,0,0,0,0,0,0,0,,56,44,,0,0,0,0
1602215183392,7,1010123456037,78,,1,0,4,1,0,,5.425,80,0,0.049088,30,0,9.4,,0.1,19,0,0.1,7,0,0,4.97576,31,,201,124,,0,0,0,1
1602215183642,7,1010123456037,78,,1,0,4,1,0,,0,10,0,0.030912,6,0,12.4,,0,0,0,0,0,0,0,0,0,,27,20,,0,0,0,0
1602215183892,7,1010123456037,78,,1,0,4,1,0,,7.13115,61,158,0.05376,26,0,8.6,,0,0,0,0,0,0,0,0,0,,11,102,,0,0,0,0
1602215184142,7,1010123456037,78,,1,0,4,1,0,,5.74257,101,158,0.060896,40,0,9,,0,0,0,0,0,0,0,0,0,,342,158,,0,0,0,0
1602215184392,7,1010123456037,78,,1,0,4,1,0,,3.72222,90,0,0.05008,36,0,8.4,,0.1,19,0,0.1,8,0,0,4.58762,31,,101,142,,0,0,0,1.10526
1602215184642,7,1010123456037,78,,1,0,4,1,0,,9.68182,22,0,0.021216,9,0,9.66667,,0,0,0,0,0,0,0,0,0,,22,34,,0,0,0,0
1602215184892,7,1010123456037,78,,1,0,4,1,0,,5.05882,68,0,0.044128,28,0,7.83333,,0,0,0,0,0,0,0,0,0,,189,110,,0,0,0,0
1602215185142,7,1010123456037,78,,1,0,4,1,0,,15.1154,26,0,0.04176,11,0,10.75,,0,0,0,0,0,0,0,0,0,,93,40,,0,0,0,0
1602215185392,7,1010123456037,78,,1,0,4,1,0,,15.7727,22,0,0.041504,9,0,8,,0,0,0,0,0,0,0,0,0,,83,34,,0,0,0,0
1602215185642,7,1010123456037,78,,1,0,4,1,0,,16.2188,32,0,0.053504,11,0,14,,0.1,26,0,0.1,10,0,0,6.81696,31,,95,46,,0,0,0,1
1602215185892,7,1010123456037,78,,1,0,4,1,0,,4.94118,68,0,0.044,28,0,8,,0,0,0,0,0,0,0,0,0,,272,104,,0,0,0,0
1602215186142,7,1010123456037,78,,1,0,4,1,0,,9.57143,28,0,0.036704,11,0,9,,0,0,0,0,0,0,0,0,0,,41,42,,0,0,0,0
1602215186392,7,1010123456037,78,,1,0,4,1,0,,16.2667,15,0,0.02592,6,0,12.3333,,0,0,0,0,0,0,0,0,0,,27,22,,0,0,0,0
1602215186642,7,1010123456037,78,,1,0,4,1,0,,8.39683,63,0,0.05872,24,0,9.66667,,0.1,23,0,0.1,9,0,0,4.59717,31,,132,96,,0,0,0,1
1602215186892,7,1010123456037,78,,1,0,4,1,0,,18,13,0,0.030912,6,0,8.33333,,0,0,0,0,0,0,0,0,0,,27,20,,0,0,0,0
1602215187142,7,1010123456037,78,,1,0,4,1,0,,5.34615,78,0,0.044224,31,0,6.25,,0,0,0,0,0,0,0,0,0,,258,124,,0,0,0,0
1602215187392,7,1010123456037,78,,1,0,4,1,0,,12.2121,66,0,0.079392,25,0,9,,0.1,18,0,0.1,8,0,0,4.16313,31,,272,98,,0,0,0,1
1602215187642,7,1010123456037,78,,1,0,4,1,0,,18,16,0,0.041216,8,0,12,,0,0,0,0,0,0,0,0,0,,42,28,,0,0,0,0
1602215187892,7,1010123456037,78,,1,0,4,1,0,,11.1389,36,18,0.041952,11,0,9.25,,0,0,0,0,0,0,0,0,0,,251,62,,0,0,0,0
1602215188142,7,1010123456037,78,,1,0,4,1,0,,8.7619,63,0,0.059232,29,0,9.5,,0,0,0,0,0,0,0,0,0,,283,98,,0,0,0,0
1602215188392,7,1010123456037,78,,1,0,4,1,0,,17.4667,15,37,0.030912,6,0,11.5,,0.727273,22,0,0.1,9,0,0,4.64691,31,,53,24,,0,0,0,1.40909
1602215188642,7,1010123456037,78,,1,0,4,1,0,,4.71134,97,0,0.055744,40,0,7.5,,0,0,0,0,0,0,0,0,0,,47,144,,0,0,0,0
1602215188892,7,1010123456037,78,,1,0,4,1,0,,9.72727,22,0,0.031424,10,0,10.3333,,0,0,0,0,0,0,0,0,0,,106,40,,0,0,0,0
1602215189142,7,1010123456037,78,,1,0,4,1,0,,1.4878,82,498,0.021984,32,0,4,,0,0,0,0,0,0,0,0,0,,-79,136,,0,0,0,0
1602215189392,7,1010123456037,78,,1,0,4,1,0,,5.2069,87,0,0.068544,39,0,7.2,,2.88235,17,0,0.1,7,0,0,9.57137,31,,186,144,,0,0,0,1
1602215189642,7,1010123456037,78,,1,0,4,1,0,,10,28,0,0.036672,12,0,12.6,,0,0,0,0,0,0,0,0,0,,16,46,,0,0,0,0
1602215189892,7,1010123456037,78,,1,0,4,1,0,,17.2,20,151,0.042848,7,0,10.75,,0,0,0,0,0,0,0,0,0,,37,32,,0,0,0,0
1602215190142,7,1010123456037,78,,1,0,4,1,0,,9.15385,39,0,0.037024,15,0,13.5,,0,0,0,0,0,0,0,0,0,,52,58,,0,0,0,0
1602215190392,7,1010123456037,78,,1,0,4,1,0,,9.42857,28,130,0.036736,12,0,12.1667,,13,4,0,0.1,2,0,0,11.8568,31,,98,48,,0,0,0,1.5
1602215190642,7,1010123456037,78,,1,0,4,1,0,,2.46923,130,0,0.04752,55,0,9.66667,,0,0,0,0,0,0,0,0,0,,347,212,,0,0,0,0
1602215190892,7,1010123456037,78,,1,0,4,1,0,,11,9,0,0.01088,4,0,8.66667,,0,0,0,0,0,0,0,0,0,,57,16,,0,0,0,0
1602215191142,7,1010123456037,78,,1,0,4,1,0,,14.2105,19,144,0.035904,6,0,6.75,,0,0,0,0,0,0,0,0,0,,80,32,,0,0,0,0
1602215191392,7,1010123456037,78,,1,0,4,1,0,,5.69333,75,0,0.060128,33,0,10.8,,0.1,21,0,0.1,9,0,0,3.49621,31,,153,124,,0,0,0,1
1602215191642,7,1010123456037,78,,1,0,4,1,0,,4.15534,103,0,0.045472,42,0,9,,0,0,0,0,0,0,0,0,0,,261,164,,0,0,0,0
1602215191892,7,1010123456037,78,,1,0,4,1,0,,1.58824,34,60,0.014016,12,0,11.4,,0,0,0,0,0,0,0,0,0,,-17,60,,0,0,0,0
1602215192142,7,1010123456037,78,,1,0,4,1,0,,1.3012,83,0,0.022624,37,0,9.66667,,0,0,0,0,0,0,0,0,0,,138,136,,0,0,0,0
1602215192392,7,1010123456037,78,,1,0,4,1,0,,18,14,0,0.030912,6,0,13.25,,0,0,0,0,0,0,0,0,0,,30,24,,0,0,0,0
1602215192642,7,1010123456037,78,,1,0,4,1,0,,18,11,0,0.02576,5,0,9.33333,,4.96,25,0,0.1,12,33.3333,0,5.09702,31,,36,20,,0,0,0,4.12
1602215192892,7,1010123456037,78,,1,0,4,1,0,,12.4375,16,0,0.0176,4,0,9.6,,0,0,0,0,0,0,0,0,0,,54,24,,0,0,0,0
1602215193142,7,1010123456037,78,,1,0,4,1,0,,7.04082,49,0,0.046208,21,0,11.2,,0,0,0,0,0,0,0,0,0,,18,74,,0,0,0,0
1602215193392,7,1010123456037,78,,1,0,4,1,0,,16.84,25,0,0.0413815,8,0,11.75,,0.1,29,0,0.1,11,0,0,3.52927,31,,106,38,,0,0,0,1
1602215193642,7,1010123456037,78,,1,0,4,1,0,,7.57143,42,0,0.03776,19,0,7.4,,0,0,0,0,0,0,0,0,0,,207,64,,0,0,0,0
1602215193892,7,1010123456037,78,,1,0,4,1,0,,16.2857,21,0,0.04144,9,0,10,,0,0,0,0,0,0,0,0,0,,46,34,,0,0,0,0
1602215194142,7,1010123456037,78,,1,0,4,1,0,,7.10526,57,0,0.048,22,0,9,,0,0,0,0,0,0,0,0,0,,0,86,,0,0,0,0
1602215194392,7,1010123456037,78,,1,0,4,1,0,,18,17,0,0.030912,6,0,13.25,,0.1,21,0,0.1,8,0,0,5.50725,31,,28,24,,0,0,0,1
1602215194642,7,1010123456037,78,,1,0,4,1,0,,8.05085,59,144,0.070016,22,0,8.8,,0,0,0,0,0,0,0,0,0,,86,98,,0,0,0,0
1602215194892,7,1010123456037,78,,1,0,4,1,0,,8.4717,53,0,0.058592,23,0,11,,0,0,0,0,0,0,0,0,0,,46,84,,0,0,0,0
1602215195142,7,1010123456037,78,,1,0,4,1,0,,12.5,12,0,0.015968,5,0,6.6,,0,0,0,0,0,0,0,0,0,,81,20,,0,0,0,0
1602215195392,7,1010123456037,78,,1,0,4,1,0,,9.4,15,0,0.01584,6,0,7.5,,0,0,0,0,0,0,0,0,0,,174,24,,0,0,0,0
1602215195642,7,1010123456037,78,,1,0,4,1,0,,2.64671,167,0,0.063968,67,0,5,,0.857143,14,0,0.1,6,0,0,3.66289,31,,313,270,,0,0,0,1.14286
1602215195892,7,1010123456037,78,,1,0,4,1,0,,0.1,54,0,0.013248,24,0,1.5,,0,0,0,0,0,0,0,0,0,,87,94,,0,0,0,0
1602215196142,7,1010123456037,78,,1,0,4,1,0,,4.63736,91,0,0.055232,37,0,7,,0,0,0,0,0,0,0,0,0,,65,144,,0,0,0,0
1602215196392,7,1010123456037,78,,1,0,4,1,0,,18,19,0,0.036064,7,0,13.3333,,0,0,0,0,0,0,0,0,0,,33,28,,0,0,0,0
1602215196642,7,1010123456037,78,,1,0,4,1,0,,7.38462,13,0,0.010688,5,0,8,,0.1,24,0,0.1,9,0,0,5.95418,31,,87,20,,0,0,0,1.375
1602215196892,7,1010123456037,78,,1,0,4,1,0,,16.7273,22,0,0.041504,9,0,10.6,,0,0,0,0,0,0,0,0,0,,69,36,,0,0,0,0
1602215197142,7,1010123456037,78,,1,0,4,1,0,,4.35484,62,0,0.03328,24,0,7.25,,0,0,0,0,0,0,0,0,0,,78,94,,0,0,0,0
1602215197392,7,1010123456037,78,,1,0,4,1,0,,2.43802,121,0,0.047136,52,0,8.5,,1.33333,18,0,0.1,6,0,0,6.60488,31,,239,204,,0,0,0,1.33333
1602215197642,7,1010123456037,78,,1,0,4,1,0,,9.69231,26,280,0.026464,7,0,10,,0,0,0,0,0,0,0,0,0,,6,40,,0,0,0,0
1602215197892,7,1010123456037,78,,1,0,4,1,0,,4.11765,85,0,0.053216,38,0,9.66667,,0,0,0,0,0,0,0,0,0,,-4,138,,0,0,0,0
1602215198142,7,1010123456037,78,,1,0,4,1,0,,8.48936,47,0,0.040448,17,0,7.33333,,0,0,0,0,0,0,0,0,0,,271,78,,0,0,0,0
1602215198392,7,1010123456037,78,,1,0,4,1,0,,9.91489,47,315,0.055743,23,0,10.8571,,0,0,0,0,0,0,0,0,0,,120,78,,0,0,0,0
1602215198642,7,1010123456037,78,,1,0,4,1,0,,10.9211,38,0,0.047584,17,0,11.3333,,0,8,0,0,4,100,0,0,0,,195,62,,0,0,0,0
1602215198892,7,1010123456037,78,,1,0,4,1,0,,19.0385,26,0,0.061664,11,0,7,,0,0,0,0,0,0,0,0,0,,84,44,,0,0,0,0
1602215199142,7,1010123456037,78,,1,0,4,1,0,,4.57143,56,0,0.024576,18,0,8.25,,0,0,0,0,0,0,0,0,0,,130,84,,0,0,0,0
1602215199392,7,1010123456037,78,,1,0,4,1,0,,3.71429,77,144,0.047264,33,0,6.5,,0,0,0,0,0,0,0,0,0,,44,124,,0,0,0,0
1602215199642,7,1010123456037,78,,1,0,4,1,0,,6.67369,95,0,0.08608,42,0,9.5,,0.1,20,0,0.1,9,0,0,3.31605,31,,9,160,,0,0,0,1
1602215199892,7,1010123456037,78,,1,0,4,1,0,,4.74324,74,0,0.049024,30,0,9.75,,0,0,0,0,0,0,0,0,0,,95,118,,0,0,0,0
1602215200142,7,1010123456037,78,,1,0,4,1,0,,13.9048,21,0,0.036576,9,0,9.33333,,0,0,0,0,0,0,0,0,0,,46,34,,0,0,0,0
1602215200392,7,1010123456037,78,,1,0,4,1,0,,15.64,25,0,0.046688,11,0,10.6667,,0.666667,30,0,0.1,12,0,0,4.73656,31,,56,40,,0,0,0,1.16667
1602215200642,7,1010123456037,78,,1,0,4,1,0,,7.80952,42,0,0.027232,15,0,13.25,,0,0,0,0,0,0,0,0,0,,26,66,,0,0,0,0
1602215200892,7,1010123456037,78,,1,0,4,1,0,,18,11,0,0.041056,7,0,10.6667,,0,0,0,0,0,0,0,0,0,,23,20,,0,0,0,0
1602215201142,7,1010123456037,78,,1,0,4,1,0,,2.96154,52,35,0.017216,14,0,10.3333,,0,0,0,0,0,0,0,0,0,,35,88,,0,0,0,0
1602215201392,7,1010123456037,78,,1,0,4,1,0,,15,28,0,0.042144,17,0,12.2857,,0.1,13,0,0.1,6,0,0,6.76088,31,,63,38,,0,0,0,1
1602215201642,7,1010123456037,78,,1,0,4,1,0,,6.31579,57,0,0.048384,24,0,9,,0,0,0,0,0,0,0,0,0,,199,90,,0,0,0,0
1602215201892,7,1010123456037,78,,1,0,4,1,0,,18,8,0,0.015456,3,0,13.3333,,0,0,0,0,0,0,0,0,0,,11,12,,0,0,0,0
1602215202142,7,1010123456037,78,,1,0,4,1,0,,18,13,0,0.020608,4,0,13.5,,0,0,0,0,0,0,0,0,0,,28,20,,0,0,0,0
1602215202392,7,1010123456037,78,,1,0,4,1,0,,5.35556,90,0,0.059616,33,0,8.25,,0,0,0,0,0,0,0,0,0,,121,138,,0,0,0,0
1602215202642,7,1010123456037,78,,1,0,4,1,0,,2.32432,74,0,0.0295582,31,0,7.66667,,15,12,0,0,4,100,0,2.89132,0,,251,108,,0,0,0,10
1602215202892,7,1010123456037,78,,1,0,4,1,0,,7.3913,23,0,0.016128,8,0,9.66667,,0,0,0,0,0,0,0,0,0,,184,36,,0,0,0,0
1602215203142,7,1010123456037,78,,1,0,4,1,0,,18.72,25,0,0.061664,11,0,13.3333,,0,0,0,0,0,0,0,0,0,,87,40,,0,0,0,0
1602215203392,7,1010123456037,78,,1,0,4,1,0,,4.13462,52,0,0.033216,21,0,10,,0.1,21,0,0.1,9,0,0,3.92688,31,,124,84,,0,0,0,1
1602215203642,7,1010123456037,78,,1,0,4,1,0,,13.5,12,0,0.02096,5,0,9,,0,0,0,0,0,0,0,0,0,,25,20,,0,0,0,0
1602215203892,7,1010123456037,78,,1,0,4,1,0,,18,17,0,0.030912,6,0,13,,0,0,0,0,0,0,0,0,0,,30,24,,0,0,0,0
1602215204142,7,1010123456037,78,,1,0,4,1,0,,6.9434,53,0,0.048096,21,0,7,,0,0,0,0,0,0,0,0,0,,27,84,,0,0,0,0
1602215204392,7,1010123456037,78,,1,0,4,1,0,,10.6452,31,0,0.036736,12,0,10.25,,0.1,15,0,0.1,6,16.6667,0,1.74308,31,,56,46,,0,0,0,2.33333
1602215204642,7,1010123456037,78,,1,0,4,1,0,,15.3929,28,0,0.04688,11,0,6.5,,0,2,0,0.1,1,0,0,0,0,,75,40,,0,0,0,0
1602215204892,7,1010123456037,78,,1,0,4,1,0,,5,58,0,0.03328,24,0,10.25,,0,0,0,0,0,0,0,0,0,,80,98,,0,0,0,0
1602215205142,7,1010123456037,78,,1,0,4,1,0,,1.47656,128,213,0.045152,47,0,3.25,,0,0,0,0,0,0,0,0,0,,-36,204,,0,0,0,0
1602215205392,7,1010123456037,78,,1,0,4,1,0,,7.66,50,0,0.046944,25,0,8.16667,,0,0,0,0,0,0,0,0,0,,103,76,,0,0,0,0
1602215205642,7,1010123456037,78,,1,0,4,1,0,,10.5833,24,144,0.026464,9,0,10.2,,0.1,24,0,0.1,9,0,0,3.65574,31,,72,36,,0,0,0,1
1602215205892,7,1010123456037,78,,1,0,4,1,0,,4.71429,63,0,0.044288,26,0,9.2,,0,0,0,0,0,0,0,0,0,,-6,100,,0,0,0,0
1602215206142,7,1010123456037,78,,1,0,4,1,0,,10.4103,39,0,0.05248,17,0,9.2,,0,0,0,0,0,0,0,0,0,,185,64,,0,0,0,0
1602215206392,7,1010123456037,78,,1,0,4,1,0,,18,18,0,0.036064,7,0,13.75,,0.1,25,0,0.1,10,0,0,4.04674,31,,38,28,,0,0,0,1
1602215206642,7,1010123456037,78,,1,0,4,1,0,,2.98361,61,0,0.02864,26,0,9,,0,0,0,0,0,0,0,0,0,,86,102,,0,0,0,0
1602215206892,7,1010123456037,78,,1,0,4,1,0,,2.62143,140,0,0.05776,57,0,4.66667,,0,0,0,0,0,0,0,0,0,,141,230,,0,0,0,0
1602215207142,7,1010123456037,78,,1,0,4,1,0,,18,17,0,0.030912,6,0,13.75,,0,0,0,0,0,0,0,0,0,,35,24,,0,0,0,0
1602215207392,7,1010123456037,78,,1,0,4,1,0,,18,21,0,0.041216,8,0,13.5,,0.1,21,0,0.1,9,0,0,3.49054,31,,51,32,,0,0,0,1.14286
1602215207642,7,1010123456037,78,,1,0,4,1,0,,4.96364,55,0,0.0284016,22,0,8.33333,,0,0,0,0,0,0,0,0,0,,337,88,,0,0,0,0
1602215207892,7,1010123456037,78,,1,0,4,1,0,,13,28,0,0.036832,11,0,10.8,,0,0,0,0,0,0,0,0,0,,108,38,,0,0,0,0
1602215208142,7,1010123456037,78,,1,0,4,1,0,,17.56,25,0,0.041376,9,0,9.5,,0,0,0,0,0,0,0,0,0,,113,32,,0,0,0,0
1602215208392,7,1010123456037,78,,1,0,4,1,0,,4.86207,58,0,0.028288,22,0,9.5,,0.1,16,0,0.1,6,16.6667,0,4.50826,31,,263,90,,0,0,0,2.6875
1602215208642,7,1010123456037,78,,1,0,4,1,0,,3.875,48,158,0.033184,21,0,6.6,,0.1,16,0,0.1,7,0,0,4.29245,31,,3,80,,0,0,0,1
1602215208892,7,1010123456037,78,,1,0,4,1,0,,4.8209,67,0,0.038976,26,0,9,,0,0,0,0,0,0,0,0,0,,38,102,,0,0,0,0
1602215209142,7,1010123456037,78,,1,0,4,1,0,,18,17,0,0.030912,6,0,13,,0,0,0,0,0,0,0,0,0,,26,24,,0,0,0,0
1602215209392,7,1010123456037,78,,1,0,4,1,0,,12.1224,49,0,0.073248,21,0,10,,0.206897,29,0,0.1,11,0,0,4.15855,31,,62,84,,0,0,0,1
1602215209642,7,1010123456037,78,,1,0,4,1,0,,9.2,45,0,0.042528,17,0,11.6,,0,0,0,0,0,0,0,0,0,,12,68,,0,0,0,0
1602215209892,7,1010123456037,78,,1,0,4,1,0,,7.09091,33,259,0.027168,9,0,9.4,,0,0,0,0,0,0,0,0,0,,41,52,,0,0,0,0
1602215210142,7,1010123456037,78,,1,0,4,1,0,,7.12329,73,0,0.064,33,0,10.6,,0,0,0,0,0,0,0,0,0,,173,112,,0,0,0,0
1602215210392,7,1010123456037,78,,1,0,4,1,0,,18,18,0,0.036064,7,0,10.6667,,0.1,16,0,0.1,7,0,0,3.76918,31,,51,28,,0,0,0,1.125
1602215210642,7,1010123456037,78,,1,0,4,1,0,,7.95455,44,0,0.03728,16,0,8,,0,0,0,0,0,0,0,0,0,,18,62,,0,0,0,0
1602215210892,7,1010123456037,78,,1,0,4,1,0,,6.77143,35,0,0.027072,13,0,10.75,,0,0,0,0,0,0,0,0,0,,74,52,,0,0,0,0
1602215211142,7,1010123456037,78,,1,0,4,1,0,,11.9565,46,0,0.069792,18,0,9.33333,,0,0,0,0,0,0,0,0,0,,75,72,,0,0,0,0
1602215211392,7,1010123456037,78,,1,0,4,1,0,,16.8235,17,0,0.036096,7,0,11.2,,0,0,0,0,0,0,0,0,0,,58,26,,0,0,0,0
1602215211642,7,1010123456037,78,,1,0,4,1,0,,11.3333,24,0,0.031264,9,0,9.75,,0.1,19,0,0.1,9,0,0,2.45217,31,,151,36,,0,0,0,1
1602215211892,7,1010123456037,78,,1,0,4,1,0,,2.80992,121,0,0.040192,43,0,7.75,,0,0,0,0,0,0,0,0,0,,326,184,,0,0,0,0
1602215212142,7,1010123456037,78,,1,0,4,1,0,,2.84615,78,0,0.02528,32,0,5.6,,0,0,0,0,0,0,0,0,0,,125,118,,0,0,0,0
1602215212392,7,1010123456037,78,,1,0,4,1,0,,0,0,0,0.005152,1,0,9.6,,0,0,0,0,0,0,0,0,0,,0,0,,0,0,0,0
1602215212642,7,1010123456037,78,,1,0,4,1,0,,5.58242,91,0,0.075424,39,0,9,,4.28571,14,0,0.1,5,0,0,6.9423,31,,48,154,,0,0,0,1.71429
1602215212892,7,1010123456037,78,,1,0,4,1,0,,7.5873,63,0,0.048384,24,0,11,,0,0,0,0,0,0,0,0,0,,352,96,,0,0,0,0
1602215213142,7,1010123456037,78,,1,0,4,1,0,,6.86207,87,158,0.064768,34,0,13.75,,0,0,0,0,0,0,0,0,0,,316,136,,0,0,0,0
1602215213392,7,1010123456037,78,,1,0,4,1,0,,5.68518,54,0,0.043168,23,0,9.75,,4.73684,19,0,0.1,7,28.5714,0,5.00247,31,,127,90,,0,0,0,3.94737
1602215213642,7,1010123456037,78,,1,0,4,1,0,,13.8571,7,0,0.005152,1,0,8,,0,4,0,0.1,2,50,0,0,0,,26,10,,0,0,0,0
1602215213892,7,1010123456037,78,,1,0,4,1,0,,4.46429,84,0,0.054848,35,0,8,,0,0,0,0,0,0,0,0,0,,154,136,,0,0,0,0
1602215214142,7,1010123456037,78,,1,0,4,1,0,,2.06081,148,77,0.064096,57,0,5.8,,0,0,0,0,0,0,0,0,0,,-78,246,,0,0,0,0
1602215214392,7,1010123456037,78,,1,0,4,1,0,,3.76087,92,0,0.041696,41,0,9.33333,,0,0,0,0,0,0,0,0,0,,116,144,,0,0,0,0
1602215214642,7,1010123456037,78,,1,0,4,1,0,,18,14,0,0.03888,7,0,14,,3.85714,21,0,0.1,8,25,0,4.22841,31,,41,24,,0,0,0,4
1602215214892,7,1010123456037,78,,1,0,4,1,0,,15.8333,18,0,0.031168,7,0,11.5,,0,0,0,0,0,0,0,0,0,,31,26,,0,0,0,0
1602215215142,7,1010123456037,78,,1,0,4,1,0,,9.08889,45,0,0.042688,18,0,9.5,,0,0,0,0,0,0,0,0,0,,237,68,,0,0,0,0
1602215215392,7,1010123456037,78,,1,0,4,1,0,,1.58182,55,0,0.018176,24,0,6.8,,0.533333,15,0,0.1,6,0,0,8.428,31,,201,96,,0,0,0,1
1602215215642,7,1010123456037,78,,1,0,4,1,0,,7.25,44,0,0.032576,18,0,5.66667,,0,0,0,0,0,0,0,0,0,,38,68,,0,0,0,0
1602215215892,7,1010123456037,78,,1,0,4,1,0,,2.87387,111,0,0.04592,44,0,8.5,,0,0,0,0,0,0,0,0,0,,55,174,,0,0,0,0
1602215216142,7,1010123456037,78,,1,0,4,1,0,,2.18182,66,0,0.023552,26,0,9.75,,0,0,0,0,0,0,0,0,0,,147,104,,0,0,0,0
1602215216392,7,1010123456037,78,,1,0,4,1,0,,3.35556,90,0,0.045216,37,0,9.83333,,0,0,0,0,0,0,0,0,0,,21,146,,0,0,0,0
1602215216642,7,1010123456037,78,,1,0,4,1,0,,6.8169,71,0,0.064224,29,0,8.5,,0.1,22,0,0.1,9,0,0,4.30455,31,,43,112,,0,0,0,1
1602215216892,7,1010123456037,78,,1,0,4,1,0,,18,3,0,0.005152,1,0,8.33333,,0,0,0,0,0,0,0,0,0,,11,4,,0,0,0,0
1602215217142,7,1010123456037,78,,1,0,4,1,0,,18,9,0,0.020608,4,0,12.5,,0,0,0,0,0,0,0,0,0,,40,16,,0,0,0,0
1602215217392,7,1010123456037,78,,1,0,4,1,0,,18,18,0,0.041216,8,0,11.6,,0.1,23,0,0.1,9,0,0,6.05532,31,,20,32,,0,0,0,1
1602215217642,7,1010123456037,78,,1,0,4,1,0,,7.42105,57,0,0.048416,23,0,10,,0,0,0,0,0,0,0,0,0,,125,86,,0,0,0,0
1602215217892,7,1010123456037,78,,1,0,4,1,0,,2.46842,190,212,0.062976,74,0,3.25,,0,0,0,0,0,0,0,0,0,,288,312,,0,0,0,0
1602215218142,7,1010123456037,78,,1,0,4,1,0,,13.5714,42,0,0.065024,19,0,11.25,,0,0,0,0,0,0,0,0,0,,151,62,,0,0,0,0
1602215218392,7,1010123456037,78,,1,0,4,1,0,,13.1667,30,158,0.041824,12,0,11.8,,0.206897,29,0,0.1,11,0,0,3.88144,31,,148,40,,0,0,0,1.10345
1602215218642,7,1010123456037,78,,1,0,4,1,0,,18,15,0,0.030912,6,0,5.33333,,0,0,0,0,0,0,0,0,0,,35,24,,0,0,0,0
1602215218892,7,1010123456037,78,,1,0,4,1,0,,11.6897,29,0,0.036672,12,0,10.6667,,0,0,0,0,0,0,0,0,0,,44,46,,0,0,0,0
1602215219142,7,1010123456037,78,,1,0,4,1,0,,12.7333,45,0,0.057504,17,0,13,,0,0,0,0,0,0,0,0,0,,281,70,,0,0,0,0
1602215219392,7,1010123456037,78,,1,0,4,1,0,,18,5,0,0.015456,3,0,12.8,,0.1,13,0,0.1,6,0,0,4.09945,31,,10,8,,0,0,0,1
1602215219642,7,1010123456037,78,,1,0,4,1,0,,15.4074,27,0,0.046944,11,0,10,,0,0,0,0,0,0,0,0,0,,69,44,,0,0,0,0
1602215219892,7,1010123456037,78,,1,0,4,1,0,,8.52632,57,0,0.05312,22,0,7.66667,,0,0,0,0,0,0,0,0,0,,19,86,,0,0,0,0
1602215220142,7,1010123456037,78,,1,0,4,1,0,,2.08451,71,0,0.024224,30,0,9.8,,0,0,0,0,0,0,0,0,0,,126,116,,0,0,0,0
1602215220392,7,1010123456037,78,,1,0,4,1,0,,10.7455,55,0,0.058048,21,0,10.6667,,0.1,26,0,0.1,10,0,0,3.28651,31,,327,80,,0,0,0,1.11538
1602215220642,7,1010123456037,78,,1,0,4,1,0,,18.5143,35,0,0.071968,13,0,12,,0,0,0,0,0,0,0,0,0,,117,52,,0,0,0,0
1602215220892,7,1010123456037,78,,1,0,4,1,0,,2.93878,98,0,0.035232,39,0,7.2,,0,0,0,0,0,0,0,0,0,,41,154,,0,0,0,0
1602215221142,7,1010123456037,78,,1,0,4,1,0,,15.7647,34,0,0.05712,13,0,8.5,,0,0,0,0,0,0,0,0,0,,116,52,,0,0,0,0
1602215221392,7,1010123456037,78,,1,0,4,1,0,,13.7692,13,0,0.02112,6,0,8.2,,0.1,23,0,0.1,9,0,0,4.87485,31,,54,22,,0,0,0,1.13043
1602215221642,7,1010123456037,78,,1,0,4,1,0,,3.46914,81,18,0.037088,27,0,4,,0,0,0,0,0,0,0,0,0,,71,126,,0,0,0,0
1602215221892,7,1010123456037,78,,1,0,4,1,0,,7.86667,30,0,0.029248,17,0,8.66667,,0,0,0,0,0,0,0,0,0,,295,48,,0,0,0,0
1602215222142,7,1010123456037,78,,1,0,4,1,0,,11.6042,48,0,0.05872,20,0,10.8333,,0,0,0,0,0,0,0,0,0,,213,76,,0,0,0,0
1602215222392,7,1010123456037,78,,1,0,4,1,0,,18,28,0,0.061824,12,0,13.75,,0,8,0,0,4,100,0,0,0,,51,48,,0,0,0,0
1602215222642,7,1010123456037,78,,1,0,4,1,0,,10.8333,18,0,0.020992,7,0,9.5,,0,0,0,0,0,0,0,0,0,,61,28,,0,0,0,0
1602215222892,7,1010123456037,78,,1,0,4,1,0,,4.6129,62,4,0.034816,19,0,9.5,,0,0,0,0,0,0,0,0,0,,82,98,,0,0,0,0
1602215223142,7,1010123456037,78,,1,0,4,1,0,,10.7143,7,0,0.013984,9,0,9.75,,0,0,0,0,0,0,0,0,0,,11,10,,0,0,0,0
1602215223392,7,1010123456037,78,,1,0,4,1,0,,13.1579,19,0,0.03136,8,0,11.3333,,0,0,0,0,0,0,0,0,0,,49,32,,0,0,0,0
1602215223642,7,1010123456037,78,,1,0,4,1,0,,3.67901,81,0,0.039424,33,0,5.8,,0.1,24,0,0.1,9,0,0,6.76791,31,,94,134,,0,0,0,1
1602215223892,7,1010123456037,78,,1,0,4,1,0,,15.8529,34,0,0.0520161,11,0,12,,0,0,0,0,0,0,0,0,0,,78,46,,0,0,0,0
1602215224142,7,1010123456037,78,,1,0,4,1,0,,4.26471,68,0,0.044448,30,0,9.33333,,0,0,0,0,0,0,0,0,0,,-10,108,,0,0,0,0
1602215224392,7,1010123456037,78,,1,0,4,1,0,,5.21739,23,0,0.016224,9,0,8.5,,12,12,0,0,4,100,0,3.23967,0,,114,32,,0,0,0,10
1602215224642,7,1010123456037,78,,1,0,4,1,0,,18,20,0,0.041216,8,0,13,,0,0,0,0,0,0,0,0,0,,51,32,,0,0,0,0
1602215224892,7,1010123456037,78,,1,0,4,1,0,,18,7,0,0.015456,3,0,13.6667,,0,0,0,0,0,0,0,0,0,,12,12,,0,0,0,0
1602215225142,7,1010123456037,78,,1,0,4,1,0,,1.37705,61,0,0.020032,24,0,10.5,,0,0,0,0,0,0,0,0,0,,62,96,,0,0,0,0
1602215225392,7,1010123456037,78,,1,0,4,1,0,,5.87805,82,0,0.054432,33,0,10.3333,,3.2,20,0,0.1,8,25,0,6.16744,31,,144,132,,0,0,0,3.55
1602215225642,7,1010123456037,78,,1,0,4,1,0,,0.1,5,144,0,0,0,6.75,,12.8,10,0,0.1,4,50,0,10.0478,0,,-4,8,,0,0,0,5.8
1602215225892,7,1010123456037,78,,1,0,4,1,0,,1.46009,213,387,0.04912,84,0,3.5,,0,0,0,0,0,0,0,0,0,,117,342,,0,0,0,0
1602215226142,7,1010123456037,78,,1,0,4,1,0,,5.61983,121,74,0.078528,51,0,9,,0,0,0,0,0,0,0,0,0,,200,196,,0,0,0,0
1602215226392,7,1010123456037,78,,1,0,4,1,0,,4.54545,44,0,0.022944,21,0,9,,0,0,0,0,0,0,0,0,0,,253,70,,0,0,0,0
1602215226642,7,1010123456037,78,,1,0,4,1,0,,17.6471,34,0,0.061856,12,0,10,,10.4,5,0,0.1,2,0,0,8.96281,31,,102,50,,0,0,0,2.2
1602215226892,7,1010123456037,78,,1,0,4,1,0,,18,11,0,0.030912,6,0,8.4,,0,0,0,0,0,0,0,0,0,,49,20,,0,0,0,0
1602215227142,7,1010123456037,78,,1,0,4,1,0,,6.23611,72,0,0.059232,30,0,11.4,,0,0,0,0,0,0,0,0,0,,29,116,,0,0,0,0
1602215227392,7,1010123456037,78,,1,0,4,1,0,,14.7917,24,0,0.0416,10,0,12.6,,0.1,18,0,0.1,7,0,0,5.14043,31,,91,40,,0,0,0,1
1602215227642,7,1010123456037,78,,1,0,4,1,0,,8.75,36,0,0.03712,15,0,7.66667,,0,0,0,0,0,0,0,0,0,,243,60,,0,0,0,0
1602215227892,7,1010123456037,78,,1,0,4,1,0,,10,50,0,0.058496,21,0,9.4,,0,0,0,0,0,0,0,0,0,,225,82,,0,0,0,0
1602215228142,7,1010123456037,78,,1,0,4,1,0,,0.968554,159,70,0.028672,55,0,6.8,,0,0,0,0,0,0,0,0,0,,46,244,,0,0,0,0
1602215228392,7,1010123456037,78,,1,0,4,1,0,,7.06818,44,0,0.032416,25,0,9.33333,,1.86207,29,0,0.1,10,20,0,3.57176,31,,237,68,,0,0,0,2.86207
1602215228642,7,1010123456037,78,,1,0,4,1,0,,0,4,0,0.005152,1,0,9,,9,3,0,0.1,1,0,0,5.1408,0,,6,8,,0,0,0,2
1602215228892,7,1010123456037,78,,1,0,4,1,0,,18,3,0,0.010304,2,0,7.5,,0,0,0,0,0,0,0,0,0,,12,4,,0,0,0,0
1602215229142,7,1010123456037,78,,1,0,4,1,0,,15.6667,15,0,0.026048,6,0,8.25,,0,0,0,0,0,0,0,0,0,,23,24,,0,0,0,0
1602215229392,7,1010123456037,78,,1,0,4,1,0,,3.67532,77,102,0.036704,30,0,9,,0.1,27,0,0.1,9,0,0,2.98192,31,,413,124,,0,0,0,1
1602215229642,7,1010123456037,78,,1,0,4,1,0,,6.44898,49,0,0.042432,22,0,11.3333,,0,0,0,0,0,0,0,0,0,,-2,80,,0,0,0,0
1602215229892,7,1010123456037,78,,1,0,4,1,0,,6.74667,75,0,0.044096,29,0,7,,0,0,0,0,0,0,0,0,0,,407,120,,0,0,0,0
1602215230142,7,1010123456037,78,,1,0,4,1,0,,1.51765,85,0,0.030272,38,0,7.8,,0,0,0,0,0,0,0,0,0,,96,146,,0,0,0,0
1602215230392,7,1010123456037,78,,1,0,4,1,0,,6.81081,74,0,0.07424,31,0,9.66667,,0.190476,21,0,0.1,9,0,0,5.01609,31,,44,118,,0,0,0,1
1602215230642,7,1010123456037,78,,1,0,4,1,0,,8.33333,48,0,0.042688,18,0,9,,0,0,0,0,0,0,0,0,0,,50,74,,0,0,0,0
1602215230892,7,1010123456037,78,,1,0,4,1,0,,0.462687,134,220,0.02896,51,0,3.8,,0,0,0,0,0,0,0,0,0,,-29,214,,0,0,0,0
1602215231142,7,1010123456037,78,,1,0,4,1,0,,10.1667,48,0,0.056544,23,0,12.5,,0,0,0,0,0,0,0,0,0,,109,74,,0,0,0,0
1602215231392,7,1010123456037,78,,1,0,4,1,0,,12.6667,21,0,0.0312,9,0,8.66667,,0.1,25,0,0.1,10,0,0,6.65535,31,,67,36,,0,0,0,1.08
1602215231642,7,1010123456037,78,,1,0,4,1,0,,6.32941,85,0,0.065376,34,0,10.3333,,0,0,0,0,0,0,0,0,0,,219,136,,0,0,0,0
1602215231892,7,1010123456037,78,,1,0,4,1,0,,4.10204,49,0,0.027648,20,0,7.25,,0,0,0,0,0,0,0,0,0,,4,78,,0,0,0,0
1602215232142,7,1010123456037,78,,1,0,4,1,0,,11.3684,38,0,0.0416,11,0,8.5,,0,0,0,0,0,0,0,0,0,,218,60,,0,0,0,0
1602215232392,7,1010123456037,78,,1,0,4,1,0,,8,38,0,0.037792,19,0,7.8,,2,15,0,0.1,6,16.6667,0,6.11034,31,,187,60,,0,0,0,2.4
1602215232642,7,1010123456037,78,,1,0,4,1,0,,13.5714,7,0,0.01056,3,0,9.5,,0,2,0,0.1,1,0,0,0,0,,19,10,,0,0,0,0
1602215232892,7,1010123456037,78,,1,0,4,1,0,,18,19,0,0.036064,7,0,14,,0,0,0,0,0,0,0,0,0,,45,28,,0,0,0,0
1602215233142,7,1010123456037,78,,1,0,4,1,0,,2.97248,109,0,0.05152,44,0,7,,0,0,0,0,0,0,0,0,0,,70,176,,0,0,0,0
1602215233392,7,1010123456037,78,,1,0,4,1,0,,18,25,0,0.05152,10,0,12.5,,4.53571,28,0,0.1,12,25,0,10.1734,31,,54,40,,0,0,0,3.46429
1602215233642,7,1010123456037,78,,1,0,4,1,0,,10.6452,31,0,0.037012,12,0,9.66667,,11.6667,18,0,0.1,7,85.7143,0,4.96395,0,,38,46,,0,0,0,8.5
1602215233892,7,1010123456037,78,,1,0,4,1,0,,13.0303,33,0,0.041792,12,0,10,,0,0,0,0,0,0,0,0,0,,139,48,,0,0,0,0
1602215234142,7,1010123456037,78,,1,0,4,1,0,,4.38095,105,0,0.055808,44,0,8.5,,0,0,0,0,0,0,0,0,0,,-16,178,,0,0,0,0
1602215234392,7,1010123456037,78,,1,0,4,1,0,,1.81395,86,158,0.034976,35,0,7.75,,0,0,0,0,0,0,0,0,0,,-22,136,,0,0,0,0
1602215234642,7,1010123456037,78,,1,0,4,1,0,,5.52174,69,0,0.04432,27,0,9.83333,,0.1,21,0,0.1,8,0,0,4.07442,31,,5,106,,0,0,0,1
1602215234892,7,1010123456037,78,,1,0,4,1,0,,1.27059,85,0,0.025024,34,0,9.66667,,0,0,0,0,0,0,0,0,0,,120,136,,0,0,0,0
1602215235142,7,1010123456037,78,,1,0,4,1,0,,1.47541,61,4,0.01664,20,0,8,,0,0,0,0,0,0,0,0,0,,114,98,,0,0,0,0
1602215235392,7,1010123456037,78,,1,0,4,1,0,,5.7907,43,0,0.033856,20,0,12.75,,0.285714,21,0,0.1,9,0,0,3.43915,31,,0,64,,0,0,0,1
1602215235642,7,1010123456037,78,,1,0,4,1,0,,9.9,20,130,0.02576,5,0,10.75,,0,0,0,0,0,0,0,0,0,,12,36,,0,0,0,0
1602215235892,7,1010123456037,78,,1,0,4,1,0,,2,45,0,0.017984,23,0,10.8333,,0,0,0,0,0,0,0,0,0,,48,74,,0,0,0,0
1602215236142,7,1010123456037,78,,1,0,4,1,0,,18,13,0,0.030912,6,0,13.25,,0,0,0,0,0,0,0,0,0,,28,24,,0,0,0,0
1602215236392,7,1010123456037,78,,1,0,4,1,0,,8.03448,87,0,0.074944,33,0,6.8,,0.1,25,0,0.1,11,0,0,4.18984,31,,171,132,,0,0,0,1.08
1602215236642,7,1010123456037,78,,1,0,4,1,0,,3.80952,63,158,0.033824,25,0,14,,0,0,0,0,0,0,0,0,0,,16,100,,0,0,0,0
1602215236892,7,1010123456037,78,,1,0,4,1,0,,5.9901,101,88,0.06656,35,0,6.2,,0,0,0,0,0,0,0,0,0,,149,156,,0,0,0,0
1602215237142,7,1010123456037,78,,1,0,4,1,0,,8.32609,46,113,0.044672,20,0,11.75,,0,0,0,0,0,0,0,0,0,,194,70,,0,0,0,0
1602215237392,7,1010123456037,78,,1,0,4,1,0,,11.4375,16,0,0.028544,10,0,11.75,,5.25926,27,0,0.1,11,27.2727,0,7.35306,31,,73,28,,0,0,0,3.66667
1602215237642,7,1010123456037,78,,1,0,4,1,0,,12.4737,19,0,0.026624,8,0,10,,16,11,0,0,5,100,0,3.44851,0,,66,32,,0,0,0,10
1602215237892,7,1010123456037,78,,1,0,4,1,0,,9.64286,28,46,0.026176,8,0,9,,0,0,0,0,0,0,0,0,0,,140,46,,0,0,0,0
1602215238142,7,1010123456037,78,,1,0,4,1,0,,5.42308,52,0,0.043456,24,0,7,,0,0,0,0,0,0,0,0,0,,55,80,,0,0,0,0
1602215238392,7,1010123456037,78,,1,0,4,1,0,,2.8642,81,0,0.0248,31,0,7.4,,0,0,0,0,0,0,0,0,0,,20,128,,0,0,0,0
1602215238642,7,1010123456037,78,,1,0,4,1,0,,10.7222,54,0,0.078592,23,0,8,,0.1,22,0,0.1,9,0,0,3.54977,31,,434,84,,0,0,0,1
1602215238892,7,1010123456037,78,,1,0,4,1,0,,13.0909,22,0,0.031392,9,0,14.6667,,0,0,0,0,0,0,0,0,0,,100,40,,0,0,0,0
1602215239142,7,1010123456037,78,,1,0,4,1,0,,4.74074,54,0,0.033632,25,0,3.25,,0,0,0,0,0,0,0,0,0,,270,92,,0,0,0,0
1602215239392,7,1010123456037,78,,1,0,4,1,0,,20.25,12,0,0.0256,4,0,13.4,,0,0,0,0,0,0,0,0,0,,40,16,,0,0,0,0
1602215239642,7,1010123456037,78,,1,0,4,1,0,,10.6957,23,0,0.026656,9,0,9.8,,0.181818,22,0,0.1,9,0,0,4.46917,31,,103,36,,0,0,0,1.09091
1602215239892,7,1010123456037,78,,1,0,4,1,0,,4.44776,67,0,0.039136,27,0,8.75,,0,0,0,0,0,0,0,0,0,,65,106,,0,0,0,0
1602215240142,7,1010123456037,78,,1,0,4,1,0,,18,17,0,0.030912,6,0,12.75,,0,0,0,0,0,0,0,0,0,,29,24,,0,0,0,0
1602215240392,7,1010123456037,78,,1,0,4,1,0,,14.4444,27,180,0.036064,7,0,11.8,,0,0,0,0,0,0,0,0,0,,123,40,,0,0,0,0
1602215240642,7,1010123456037,78,,1,0,4,1,0,,7.80769,78,0,0.06976,34,0,13,,0.214286,28,0,0.1,10,0,0,5.08818,31,,336,124,,0,0,0,1
1602215240892,7,1010123456037,78,,1,0,4,1,0,,2.46575,73,137,0.028704,27,0,7.5,,0,0,0,0,0,0,0,0,0,,113,120,,0,0,0,0
1602215241142,7,1010123456037,78,,1,0,4,1,0,,9.57143,56,0,0.063808,26,0,11.25,,0,0,0,0,0,0,0,0,0,,114,90,,0,0,0,0
1602215241392,7,1010123456037,78,,1,0,4,1,0,,9.65854,41,0,0.039296,16,0,10.8,,0.1,20,0,0.1,7,0,0,3.61715,31,,118,70,,0,0,0,1
1602215241642,7,1010123456037,78,,1,0,4,1,0,,1.45763,118,0,0.049952,50,0,8.33333,,0.1,7,0,0.1,3,0,0,2.82442,0,,36,190,,0,0,0,1
1602215241892,7,1010123456037,78,,1,0,4,1,0,,0.965517,58,0,0.01312,24,0,10.25,,0,0,0,0,0,0,0,0,0,,88,94,,0,0,0,0
1602215242142,7,1010123456037,78,,1,0,4,1,0,,14.1667,18,158,0.02608,7,0,12.25,,0,0,0,0,0,0,0,0,0,,75,26,,0,0,0,0
1602215242392,7,1010123456037,78,,1,0,4,1,0,,3.69595,148,0,0.068,59,0,5.6,,0.1,18,0,0.1,7,0,0,3.6048,31,,211,234,,0,0,0,1
1602215242642,7,1010123456037,78,,1,0,4,1,0,,5.41667,48,0,0.02752,19,0,7.4,,0.1,10,0,0.1,4,0,0,5.26422,0,,191,76,,0,0,0,1
1602215242892,7,1010123456037,78,,1,0,4,1,0,,2.29114,79,0,0.034464,33,0,7.5,,0,0,0,0,0,0,0,0,0,,-30,132,,0,0,0,0
1602215243142,7,1010123456037,78,,1,0,4,1,0,,16.1333,15,0,0.0312,7,0,12,,0,0,0,0,0,0,0,0,0,,53,28,,0,0,0,0
1602215243392,7,1010123456037,78,,1,0,4,1,0,,6.47059,34,0,0.02688,14,0,11.2,,0,0,0,0,0,0,0,0,0,,-2,54,,0,0,0,0
1602215243642,7,1010123456037,78,,1,0,4,1,0,,2.34146,123,133,0.033888,43,0,3.5,,0.1,23,0,0.1,10,0,0,5.16373,31,,207,194,,0,0,0,1
1602215243892,7,1010123456037,78,,1,0,4,1,0,,1.96591,176,0,0.061952,75,0,9,,0,0,0,0,0,0,0,0,0,,206,272,,0,0,0,0
1602215244142,7,1010123456037,78,,1,0,4,1,0,,7.66667,36,0,0.032256,16,0,10.5,,0,0,0,0,0,0,0,0,0,,222,64,,0,0,0,0
1602215244392,7,1010123456037,78,,1,0,4,1,0,,11.2,40,0,0.042272,13,0,6.5,,10.6471,17,0,0.1,6,33.3333,0,16.9052,31,,240,64,,0,0,0,4.17647
1602215244642,7,1010123456037,78,,1,0,4,1,0,,10.6,40,0,0.0432,18,0,10,,0,0,0,0,0,0,0,0,0,,134,60,,0,0,0,0
1602215244892,7,1010123456037,78,,1,0,4,1,0,,5.85,40,81,0.033024,12,0,10,,0,0,0,0,0,0,0,0,0,,6,64,,0,0,0,0
1602215245142,7,1010123456037,78,,1,0,4,1,0,,10.0385,26,0,0.036224,16,0,14,,0,0,0,0,0,0,0,0,0,,12,44,,0,0,0,0
1602215245392,7,1010123456037,78,,1,0,4,1,0,,5.15517,116,144,0.066304,44,0,7.28571,,16,11,0,0,4,100,0,4.1934,0,,362,180,,0,0,0,10
1602215245642,7,1010123456037,78,,1,0,4,1,0,,3.2987,77,0,0.034432,33,0,11,,0,0,0,0,0,0,0,0,0,,111,120,,0,0,0,0
1602215245892,7,1010123456037,78,,1,0,4,1,0,,4.19178,73,0,0.039008,29,0,10.25,,0,0,0,0,0,0,0,0,0,,61,116,,0,0,0,0
1602215246142,7,1010123456037,78,,1,0,4,1,0,,18,11,0,0.02576,5,0,13,,0,0,0,0,0,0,0,0,0,,27,20,,0,0,0,0
1602215246392,7,1010123456037,78,,1,0,4,1,0,,18.1304,23,0,0.046432,9,0,12.6667,,0.1,24,0,0.1,10,10,0,5.0607,31,,115,34,,0,0,0,1.83333
1602215246642,7,1010123456037,78,,1,0,4,1,0,,10.3913,46,130,0.047616,14,0,7.33333,,0,2,0,0.1,1,0,0,0,0,,159,68,,0,0,0,0
1602215246892,7,1010123456037,78,,1,0,4,1,0,,2.42742,124,0,0.042176,52,0,7.2,,0,0,0,0,0,0,0,0,0,,213,200,,0,0,0,0
1602215247142,7,1010123456037,78,,1,0,4,1,0,,6.14286,49,0,0.038464,21,0,2.75,,0,0,0,0,0,0,0,0,0,,231,78,,0,0,0,0
1602215247392,7,1010123456037,78,,1,0,4,1,0,,7.82609,69,158,0.058784,27,0,11.25,,0.25,24,0,0.1,10,0,0,4.56812,31,,316,108,,0,0,0,1
1602215247642,7,1010123456037,78,,1,0,4,1,0,,9.42857,28,0,0.032032,11,0,10.5,,0,0,0,0,0,0,0,0,0,,12,44,,0,0,0,0
1602215247892,7,1010123456037,78,,1,0,4,1,0,,13.9091,22,144,0.036064,7,0,10.5,,0,0,0,0,0,0,0,0,0,,48,36,,0,0,0,0
1602215248142,7,1010123456037,78,,1,0,4,1,0,,5.87234,94,0,0.07584,40,0,9,,0,0,0,0,0,0,0,0,0,,71,150,,0,0,0,0
1602215248392,7,1010123456037,78,,1,0,4,1,0,,18,14,0,0.030912,6,0,13.25,,0,0,0,0,0,0,0,0,0,,31,24,,0,0,0,0
1602215248642,7,1010123456037,78,,1,0,4,1,0,,4.20721,111,0,0.066016,44,0,9,,3.84,25,0,0.1,12,16.6667,0,6.18218,31,,112,174,,0,0,0,2.44
1602215248892,7,1010123456037,78,,1,0,4,1,0,,1.14,100,0,0.025536,42,0,9.66667,,0,0,0,0,0,0,0,0,0,,-22,166,,0,0,0,0
1602215249142,7,1010123456037,78,,1,0,4,1,0,,17.4231,26,0,0.052032,10,0,13,,0,0,0,0,0,0,0,0,0,,90,40,,0,0,0,0
1602215249392,7,1010123456037,78,,1,0,4,1,0,,16.1515,33,0,0.056928,13,0,11.6667,,0,8,0,0,4,100,0,0,0,,134,50,,0,0,0,0
1602215249642,7,1010123456037,78,,1,0,4,1,0,,17.7857,14,0,0.030976,6,0,13,,0,0,0,0,0,0,0,0,0,,26,22,,0,0,0,0
1602215249892,7,1010123456037,78,,1,0,4,1,0,,2.52174,46,0,0.017536,19,0,3.5,,0,0,0,0,0,0,0,0,0,,160,74,,0,0,0,0
1602215250142,7,1010123456037,78,,1,0,4,1,0,,9.02041,49,0,0.042464,18,0,10.25,,0,0,0,0,0,0,0,0,0,,102,70,,0,0,0,0
1602215250392,7,1010123456037,78,,1,0,4,1,0,,7.84091,44,0,0.032096,15,0,13,,1.18182,22,0,0.1,9,0,0,5.18014,31,,22,60,,0,0,0,1
1602215250642,7,1010123456037,78,,1,0,4,1,0,,2.88095,126,0,0.062304,52,0,8.66667,,0,0,0,0,0,0,0,0,0,,103,200,,0,0,0,0
1602215250892,7,1010123456037,78,,1,0,4,1,0,,9.5814,43,0,0.042688,17,0,11.6,,0,0,0,0,0,0,0,0,0,,179,72,,0,0,0,0
1602215251142,7,1010123456037,78,,1,0,4,1,0,,1.87129,101,0,0.040128,40,0,5.33333,,0,0,0,0,0,0,0,0,0,,105,158,,0,0,0,0
1602215251392,7,1010123456037,78,,1,0,4,1,0,,3.78947,76,0,0.049696,32,0,13,,0.1,19,0,0.1,8,12.5,0,4.05075,31,,135,122,,0,0,0,2.42105
1602215251642,7,1010123456037,78,,1,0,4,1,0,,7.71875,64,0,0.05856,26,0,9.33333,,0.1,3,0,0.1,1,0,0,15.5001,0,,35,106,,0,0,0,1
1602215251892,7,1010123456037,78,,1,0,4,1,0,,3,30,88,0.017216,8,0,9.66667,,0,0,0,0,0,0,0,0,0,,-3,48,,0,0,0,0
1602215252142,7,1010123456037,78,,1,0,4,1,0,,9.38461,26,0,0.031008,15,0,10.8,,0,0,0,0,0,0,0,0,0,,24,38,,0,0,0,0
1602215252392,7,1010123456037,78,,1,0,4,1,0,,9.32,50,0,0.04256,18,0,10.1667,,12,12,0,0,4,100,0,2.93147,0,,258,74,,0,0,0,10
1602215252642,7,1010123456037,78,,1,0,4,1,0,,3.40741,54,0,0.03312,23,0,9.66667,,0,0,0,0,0,0,0,0,0,,-19,88,,0,0,0,0
1602215252892,7,1010123456037,78,,1,0,4,1,0,,9.10526,19,0,0.01648,7,0,4,,0,0,0,0,0,0,0,0,0,,54,28,,0,0,0,0
1602215253142,7,1010123456037,78,,1,0,4,1,0,,5.43478,46,116,0.027168,16,0,11.8,,0,0,0,0,0,0,0,0,0,,93,74,,0,0,0,0
1602215253392,7,1010123456037,78,,1,0,4,1,0,,5.77528,89,0,0.05968,37,0,8.5,,0.842105,19,0,0.1,8,12.5,0,4.5489,31,,289,134,,0,0,0,1.94737
1602215253642,7,1010123456037,78,,1,0,4,1,0,,3.90909,55,0,0.02816,23,0,11.6,,0,2,0,0.1,1,0,0,0,0,,53,90,,0,0,0,0
1602215253892,7,1010123456037,78,,1,0,4,1,0,,7.64286,42,0,0.0376,17,0,10.6,,0,0,0,0,0,0,0,0,0,,-1,72,,0,0,0,0
1602215254142,7,1010123456037,78,,1,0,4,1,0,,6.69388,49,0,0.04304,22,0,9.8,,0,0,0,0,0,0,0,0,0,,272,84,,0,0,0,0
1602215254392,7,1010123456037,78,,1,0,4,1,0,,0,6,0,0.015456,3,0,13,,0,0,0,0,0,0,0,0,0,,12,12,,0,0,0,0
1602215254642,7,1010123456037,78,,1,0,4,1,0,,14.3684,38,0,0.067968,15,0,11,,0.1,23,0,0.1,9,0,0,3.57562,31,,80,62,,0,0,0,1.08696
1602215254892,7,1010123456037,78,,1,0,4,1,0,,7.23913,46,238,0.048032,13,0,9.5,,0,0,0,0,0,0,0,0,0,,47,76,,0,0,0,0
1602215255142,7,1010123456037,78,,1,0,4,1,0,,4.3038,79,0,0.044256,37,0,12.25,,0,0,0,0,0,0,0,0,0,,21,128,,0,0,0,0
1602215255392,7,1010123456037,78,,1,0,4,1,0,,3.2963,54,158,0.028224,23,0,9.8,,2.80952,21,0,0.1,8,0,0,5.65553,31,,70,82,,0,0,0,1.28571
1602215255642,7,1010123456037,78,,1,0,4,1,0,,1.05233,172,0,0.044416,69,0,4,,0,0,0,0,0,0,0,0,0,,34,276,,0,0,0,0
1602215255892,7,1010123456037,78,,1,0,4,1,0,,18,13,0,0.02576,5,0,11.8,,0,0,0,0,0,0,0,0,0,,32,20,,0,0,0,0
1602215256142,7,1010123456037,78,,1,0,4,1,0,,18,19,0,0.041248,8,0,13,,0,0,0,0,0,0,0,0,0,,57,30,,0,0,0,0
1602215256392,7,1010123456037,78,,1,0,4,1,0,,18,18,0,0.036064,7,0,14,,3.65217,23,0,0.1,10,20,0,8.82297,31,,55,28,,0,0,0,3.26087
1602215256642,7,1010123456037,78,,1,0,4,1,0,,4.28395,81,0,0.049696,33,0,7,,0,0,0,0,0,0,0,0,0,,25,132,,0,0,0,0
1602215256892,7,1010123456037,78,,1,0,4,1,0,,18.5625,32,0,0.066816,12,0,12,,0,0,0,0,0,0,0,0,0,,134,48,,0,0,0,0
1602215257142,7,1010123456037,78,,1,0,4,1,0,,18,17,0,0.030912,6,0,12,,0,0,0,0,0,0,0,0,0,,37,24,,0,0,0,0
1602215257392,7,1010123456037,78,,1,0,4,1,0,,9.55263,38,0,0.037184,15,0,6.4,,0.222222,18,0,0.1,7,0,0,3.19409,31,,225,58,,0,0,0,1.22222
1602215257642,7,1010123456037,78,,1,0,4,1,0,,2.62941,170,0,0.069376,68,0,6.66667,,0,0,0,0,0,0,0,0,0,,286,266,,0,0,0,0
1602215257892,7,1010123456037,78,,1,0,4,1,0,,18,30,0,0.05152,10,0,13.75,,0,0,0,0,0,0,0,0,0,,76,44,,0,0,0,0
1602215258142,7,1010123456037,78,,1,0,4,1,0,,18,18,0,0.041216,8,0,12.75,,0,0,0,0,0,0,0,0,0,,31,28,,0,0,0,0
1602215258392,7,1010123456037,78,,1,0,4,1,0,,7,78,0,0.069504,30,0,8.57143,,0.1,22,0,0.1,8,0,0,3.9793,31,,137,118,,0,0,0,1
1602215258642,7,1010123456037,78,,1,0,4,1,0,,4.86747,83,0,0.049856,32,0,9.5,,0,0,0,0,0,0,0,0,0,,81,126,,0,0,0,0
1602215258892,7,1010123456037,78,,1,0,4,1,0,,5.6,45,0,0.02736,17,0,10.75,,0,0,0,0,0,0,0,0,0,,12,66,,0,0,0,0
1602215259142,7,1010123456037,78,,1,0,4,1,0,,18,14,0,0.030912,6,0,12.5,,0,0,0,0,0,0,0,0,0,,19,24,,0,0,0,0
1602215259392,7,1010123456037,78,,1,0,4,1,0,,18,23,0,0.041216,8,0,10.6667,,0.1,13,0,0.1,6,0,0,5.37868,31,,50,32,,0,0,0,1
1602215259642,7,1010123456037,78,,1,0,4,1,0,,6.27273,77,158,0.049312,31,0,11.3333,,0,0,0,0,0,0,0,0,0,,375,122,,0,0,0,0
1602215259892,7,1010123456037,78,,1,0,4,1,0,,1.84615,78,110,0.024608,29,0,2,,0,0,0,0,0,0,0,0,0,,-51,128,,0,0,0,0
1602215260142,7,1010123456037,78,,1,0,4,1,0,,3.49333,75,0,0.02848,30,0,10.8333,,0,0,0,0,0,0,0,0,0,,-8,106,,0,0,0,0
1602215260392,7,1010123456037,78,,1,0,4,1,0,,5.5,48,0,0.027488,17,0,8.33333,,6,5,149467,0.1,2,0,0,13.812,31,,9,72,,0,0,0,2.2
1602215260642,7,1010123456037,78,,1,0,4,1,0,,18,16,0,0.041216,8,0,13.75,,1.52381,21,0,0.1,9,0,0,3.42437,0,,30,24,,0,0,0,1.2381
1602215260892,7,1010123456037,78,,1,0,4,1,0,,1.57143,133,14,0.043584,49,0,4,,0,0,0,0,0,0,0,0,0,,-39,220,,0,0,0,0
1602215261142,7,1010123456037,78,,1,0,4,1,0,,1.46847,111,0,0.034784,50,0,8,,0,0,0,0,0,0,0,0,0,,27,174,,0,0,0,0
1602215261392,7,1010123456037,78,,1,0,4,1,0,,1.27857,140,0,0.031296,55,0,6,,0,0,0,0,0,0,0,0,0,,102,222,,0,0,0,0
1602215261642,7,1010123456037,78,,1,0,4,1,0,,5.47059,34,0,0.028256,15,0,11.1667,,0.1,21,0,0.1,9,0,0,5.33193,31,,0,54,,0,0,0,1.14286
1602215261892,7,1010123456037,78,,1,0,4,1,0,,11.4545,33,0,0.026432,10,0,11,,0,0,0,0,0,0,0,0,0,,109,48,,0,0,0,0
1602215262142,7,1010123456037,78,,1,0,4,1,0,,3.17647,51,46,0.035488,19,0,7,,0,0,0,0,0,0,0,0,0,,-12,80,,0,0,0,0
1602215262392,7,1010123456037,78,,1,0,4,1,0,,5.42373,59,18,0.034592,26,0,7.6,,0,0,0,0,0,0,0,0,0,,282,94,,0,0,0,0
1602215262642,7,1010123456037,78,,1,0,4,1,0,,1.46226,106,0,0.027488,44,0,10.5,,7.56522,23,0,0.1,9,44.4444,0,8.20475,31,,138,168,,0,0,0,5.04348
1602215262892,7,1010123456037,78,,1,0,4,1,0,,10.3636,22,0,0.031712,10,0,8.66667,,0,0,0,0,0,0,0,0,0,,72,34,,0,0,0,0
1602215263142,7,1010123456037,78,,1,0,4,1,0,,6.51852,54,0,0.042944,20,0,9.5,,0,0,0,0,0,0,0,0,0,,24,82,,0,0,0,0
1602215263392,7,1010123456037,78,,1,0,4,1,0,,10.8276,29,0,0.036928,12,0,6.75,,15,12,0,0,4,100,0,3.43994,0,,151,44,,0,0,0,10
1602215263642,7,1010123456037,78,,1,0,4,1,0,,20,9,0,0.0256,4,0,14,,0,0,0,0,0,0,0,0,0,,28,16,,0,0,0,0
1602215263892,7,1010123456037,78,,1,0,4,1,0,,18,25,0,0.05152,10,0,12.3333,,0,0,0,0,0,0,0,0,0,,42,40,,0,0,0,0
1602215264142,7,1010123456037,78,,1,0,4,1,0,,3.53731,67,0,0.034016,27,0,7.25,,0,0,0,0,0,0,0,0,0,,111,110,,0,0,0,0
1602215264392,7,1010123456037,78,,1,0,4,1,0,,4.74026,77,0,0.04416,30,0,6.5,,0,0,0,0,0,0,0,0,0,,53,120,,0,0,0,0
1602215264642,7,1010123456037,78,,1,0,4,1,0,,18,14,0,0.02576,5,0,13.6667,,5.12,25,0,0.1,12,33.3333,0,7.55223,31,,22,20,,0,0,0,3.88
1602215264892,7,1010123456037,78,,1,0,4,1,0,,8.77778,27,0,0.026688,10,0,11.6,,0,0,0,0,0,0,0,0,0,,15,40,,0,0,0,0
1602215265142,7,1010123456037,78,,1,0,4,1,0,,20.3684,19,0,0.046048,7,0,13,,0,0,0,0,0,0,0,0,0,,88,28,,0,0,0,0
1602215265392,7,1010123456037,78,,1,0,4,1,0,,18,6,158,0.010304,2,0,9.4,,4.36364,22,0,0.1,8,12.5,0,9.97908,31,,12,8,,0,0,0,2.22727
1602215265642,7,1010123456037,78,,1,0,4,1,0,,3.51087,92,0,0.040608,37,0,10,,16,9,0,0,3,100,0,4.26664,0,,134,144,,0,0,0,10
1602215265892,7,1010123456037,78,,1,0,4,1,0,,2.78448,116,0,0.051744,48,0,9,,0,0,0,0,0,0,0,0,0,,157,188,,0,0,0,0
1602215266142,7,1010123456037,78,,1,0,4,1,0,,7.17647,51,0,0.042816,20,0,9,,0,0,0,0,0,0,0,0,0,,273,80,,0,0,0,0
1602215266392,7,1010123456037,78,,1,0,4,1,0,,17.0968,31,0,0.056928,12,0,12.5,,5.51429,35,0,0.1,14,35.7143,0,8.1057,31,,80,46,,0,0,0,4.34286
1602215266642,7,1010123456037,78,,1,0,4,1,0,,7.07143,56,0,0.053184,22,0,10.75,,0,0,0,0,0,0,0,0,0,,33,86,,0,0,0,0
1602215266892,7,1010123456037,78,,1,0,4,1,0,,18,22,158,0.046368,9,0,13.75,,0,0,0,0,0,0,0,0,0,,51,36,,0,0,0,0
1602215267142,7,1010123456037,78,,1,0,4,1,0,,7.15854,82,0,0.079744,33,0,11.2,,0,0,0,0,0,0,0,0,0,,38,132,,0,0,0,0
1602215267392,7,1010123456037,78,,1,0,4,1,0,,10.5283,53,0,0.058304,20,0,9.6,,3.375,8,0,0.1,3,0,0,6.65659,31,,208,82,,0,0,0,1.375
1602215267642,7,1010123456037,78,,1,0,4,1,0,,5,9,0,0.010688,5,0,3.33333,,0,0,0,0,0,0,0,0,0,,57,16,,0,0,0,0
1602215267892,7,1010123456037,78,,1,0,4,1,0,,14.4444,27,0,0.04688,12,0,12.2,,0,0,0,0,0,0,0,0,0,,138,44,,0,0,0,0
1602215268142,7,1010123456037,78,,1,0,4,1,0,,1.38824,85,290,0.022496,30,0,8.8,,0,0,0,0,0,0,0,0,0,,9,138,,0,0,0,0
1602215268392,7,1010123456037,78,,1,0,4,1,0,,16.7,10,0,0.017728,8,0,13.6667,,0,0,0,0,0,0,0,0,0,,16,16,,0,0,0,0
1602215268642,7,1010123456037,78,,1,0,4,1,0,,18,25,0,0.05152,10,0,14,,0.1,23,0,0.1,9,0,0,4.06046,31,,39,36,,0,0,0,1
1602215268892,7,1010123456037,78,,1,0,4,1,0,,18,17,0,0.030912,6,0,13.6667,,0,0,0,0,0,0,0,0,0,,42,28,,0,0,0,0
1602215269142,7,1010123456037,78,,1,0,4,1,0,,17.3103,29,0,0.061856,12,0,13.5,,0,0,0,0,0,0,0,0,0,,89,42,,0,0,0,0
1602215269392,7,1010123456037,78,,1,0,4,1,0,,5.04762,84,0,0.05456,33,0,10.25,,0,0,0,0,0,0,0,0,0,,40,134,,0,0,0,0
1602215269642,7,1010123456037,78,,1,0,4,1,0,,19.125,16,0,0.041056,7,0,14.3333,,0.1,22,0,0.1,9,0,0,4.00948,31,,52,28,,0,0,0,1
1602215269892,7,1010123456037,78,,1,0,4,1,0,,15.375,24,0,0.052096,12,0,12,,0,0,0,0,0,0,0,0,0,,79,44,,0,0,0,0
1602215270142,7,1010123456037,78,,1,0,4,1,0,,2.04687,64,262,0.018464,21,0,4.66667,,0,0,0,0,0,0,0,0,0,,83,104,,0,0,0,0
1602215270392,7,1010123456037,78,,1,0,4,1,0,,6.15385,78,0,0.060096,38,0,9.4,,0.285714,14,0,0.1,6,16.6667,0,3.61975,31,,281,128,,0,0,0,2.28571
1602215270642,7,1010123456037,78,,1,0,4,1,0,,18,22,0,0.05152,10,0,11.4,,0.1,23,0,0.1,9,0,0,3.98629,31,,56,40,,0,0,0,1
1602215270892,7,1010123456037,78,,1,0,4,1,0,,5.02326,43,0,0.02736,17,0,9.8,,0,0,0,0,0,0,0,0,0,,2,66,,0,0,0,0
1602215271142,7,1010123456037,78,,1,0,4,1,0,,8.14634,41,158,0.042272,16,0,11.2,,0,0,0,0,0,0,0,0,0,,75,64,,0,0,0,0
1602215271392,7,1010123456037,78,,1,0,4,1,0,,18,27,0,0.056672,11,0,13.6,,0.1,26,0,0.1,11,0,0,3.97956,31,,59,44,,0,0,0,1
1602215271642,7,1010123456037,78,,1,0,4,1,0,,3.8,40,0,0.02784,18,0,7.33333,,0,0,0,0,0,0,0,0,0,,-2,72,,0,0,0,0
1602215271892,7,1010123456037,78,,1,0,4,1,0,,18,19,0,0.036096,7,0,12.5,,0,0,0,0,0,0,0,0,0,,58,26,,0,0,0,0
1602215272142,7,1010123456037,78,,1,0,4,1,0,,3.82418,91,0,0.045056,36,0,8.8,,0,0,0,0,0,0,0,0,0,,-6,140,,0,0,0,0
1602215272392,7,1010123456037,78,,1,0,4,1,0,,7.29851,67,0,0.058912,27,0,10.6,,2.58621,29,0,0.1,12,16.6667,0,5.61486,31,,43,106,,0,0,0,2.41379
1602215272642,7,1010123456037,78,,1,0,4,1,0,,16.4783,23,0,0.0362088,7,0,12.25,,0,0,0,0,0,0,0,0,0,,36,36,,0,0,0,0
1602215272892,7,1010123456037,78,,1,0,4,1,0,,16.44,25,0,0.057312,13,0,12.8,,0,0,0,0,0,0,0,0,0,,133,44,,0,0,0,0
1602215273142,7,1010123456037,78,,1,0,4,1,0,,5.05882,34,0,0.02208,14,0,6,,0,0,0,0,0,0,0,0,0,,110,52,,0,0,0,0
1602215273392,7,1010123456037,78,,1,0,4,1,0,,5.31373,51,0,0.043168,22,0,9.6,,4.33333,21,0,0.1,8,0,0,10.3842,31,,31,86,,0,0,0,1.95238
1602215273642,7,1010123456037,78,,1,0,4,1,0,,14.5,10,0,0.0158072,4,0,13.5,,0,0,0,0,0,0,0,0,0,,29,16,,0,0,0,0
1602215273892,7,1010123456037,78,,1,0,4,1,0,,5.63014,73,0,0.049504,29,0,10.2,,0,0,0,0,0,0,0,0,0,,11,118,,0,0,0,0
1602215274142,7,1010123456037,78,,1,0,4,1,0,,18,22,0,0.05152,10,0,13,,0,0,0,0,0,0,0,0,0,,46,36,,0,0,0,0
1602215274392,7,1010123456037,78,,1,0,4,1,0,,5.90909,33,0,0.022144,13,0,7.4,,0,0,0,0,0,0,0,0,0,,12,50,,0,0,0,0
1602215274642,7,1010123456037,78,,1,0,4,1,0,,0,2,0,0.005152,1,0,11,,4.32353,34,0,0.1,14,28.5714,0,7.5526,31,,9,4,,0,0,0,3.82353
1602215274892,7,1010123456037,78,,1,0,4,1,0,,1.93846,65,0,0.023552,26,0,7,,0,0,0,0,0,0,0,0,0,,95,104,,0,0,0,0
1602215275142,7,1010123456037,78,,1,0,4,1,0,,2.48819,127,0,0.0416,50,0,11,,0,0,0,0,0,0,0,0,0,,68,198,,0,0,0,0
1602215275392,7,1010123456037,78,,1,0,4,1,0,,12.75,28,0,0.037024,11,0,6.25,,2.25,16,0,0.1,7,14.2857,0,4.12091,31,,143,44,,0,0,0,2.75
1602215275642,7,1010123456037,78,,1,0,4,1,0,,3.55056,89,0,0.0551968,36,0,11,,0,0,0,0,0,0,0,0,0,,3,144,,0,0,0,0
1602215275892,7,1010123456037,78,,1,0,4,1,0,,18,12,0,0.02576,5,0,13.3333,,0,0,0,0,0,0,0,0,0,,33,20,,0,0,0,0
1602215276142,7,1010123456037,78,,1,0,4,1,0,,8.64865,37,0,0.042432,16,0,8,,0,0,0,0,0,0,0,0,0,,63,64,,0,0,0,0
1602215276392,7,1010123456037,78,,1,0,4,1,0,,5.65,60,0,0.04336,25,0,8,,4.96774,31,0,0.1,13,30.7692,0,8.62622,31,,47,98,,0,0,0,4.19355
1602215276642,7,1010123456037,78,,1,0,4,1,0,,12.9231,39,0,0.057408,16,0,10.3333,,0,0,0,0,0,0,0,0,0,,174,62,,0,0,0,0
1602215276892,7,1010123456037,78,,1,0,4,1,0,,7.10526,38,0,0.03248,16,0,11.8333,,0,0,0,0,0,0,0,0,0,,151,60,,0,0,0,0
1602215277142,7,1010123456037,78,,1,0,4,1,0,,5.0625,80,0,0.049536,32,0,7,,0,0,0,0,0,0,0,0,0,,0,128,,0,0,0,0
1602215277392,7,1010123456037,78,,1,0,4,1,0,,12.4412,34,0,0.057184,15,0,10.6667,,0,8,0,0,4,100,0,0,0,,103,56,,0,0,0,0
1602215277642,7,1010123456037,78,,1,0,4,1,0,,7.2037,54,0,0.038016,20,0,10,,0,2,0,0.1,1,0,0,0,31,,141,84,,0,0,0,0
1602215277892,7,1010123456037,78,,1,0,4,1,0,,3.80822,73,158,0.039168,31,0,4,,0,0,0,0,0,0,0,0,0,,324,116,,0,0,0,0
1602215278142,7,1010123456037,78,,1,0,4,1,0,,10.6207,29,0,0.0420562,13,0,13.4,,0,0,0,0,0,0,0,0,0,,87,52,,0,0,0,0
1602215278392,7,1010123456037,78,,1,0,4,1,0,,4.64815,54,0,0.028096,22,0,10,,0.1,16,0,0.1,6,0,0,6.37671,31,,113,84,,0,0,0,1.375
1602215278642,7,1010123456037,78,,1,0,4,1,0,,7.64444,45,0,0.042464,18,0,10.3333,,0,0,0,0,0,0,0,0,0,,123,70,,0,0,0,0
1602215278892,7,1010123456037,78,,1,0,4,1,0,,14.5882,17,0,0.02096,6,0,10.3333,,0,0,0,0,0,0,0,0,0,,43,26,,0,0,0,0
1602215279142,7,1010123456037,78,,1,0,4,1,0,,8.47273,55,222,0.064672,19,0,1,,0,0,0,0,0,0,0,0,0,,59,96,,0,0,0,0
1602215279392,7,1010123456037,78,,1,0,4,1,0,,15.1724,29,0,0.051136,16,0,9,,4.8,15,0,0.1,6,16.6667,0,6.72954,31,,45,40,,0,0,0,3.4
1602215279642,7,1010123456037,78,,1,0,4,1,0,,5.05479,73,0,0.044,29,0,11.8333,,0,0,0,0,0,0,0,0,0,,23,114,,0,0,0,0
1602215279892,7,1010123456037,78,,1,0,4,1,0,,8,42,0,0.0427309,18,0,7.2,,0,0,0,0,0,0,0,0,0,,212,70,,0,0,0,0
1602215280142,7,1010123456037,78,,1,0,4,1,0,,19.5,12,0,0.030752,5,0,13.5,,0,0,0,0,0,0,0,0,0,,33,20,,0,0,0,0
1602215280392,7,1010123456037,78,,1,0,4,1,0,,4.92632,95,0,0.060288,38,0,7.16667,,3.375,8,0,0.1,3,0,0,11.5887,31,,-15,148,,0,0,0,2.5
1602215280642,7,1010123456037,78,,1,0,4,1,0,,2.11806,144,0,0.062784,58,0,10,,0,0,0,0,0,0,0,0,0,,-68,230,,0,0,0,0
1602215280892,7,1010123456037,78,,1,0,4,1,0,,6,31,0,0.01648,11,0,10.75,,0,0,0,0,0,0,0,0,0,,1,46,,0,0,0,0
1602215281142,7,1010123456037,78,,1,0,4,1,0,,7.25,56,158,0.042976,22,0,7.33333,,0,0,0,0,0,0,0,0,0,,151,82,,0,0,0,0
1602215281392,7,1010123456037,78,,1,0,4,1,0,,15.2727,22,0,0.0416,10,0,10,,0.4,15,0,0.1,6,0,0,4.62769,31,,78,36,,0,0,0,1.4
1602215281642,7,1010123456037,78,,1,0,4,1,0,,13.3333,15,0,0.021184,6,0,12.6,,0,0,0,0,0,0,0,0,0,,51,24,,0,0,0,0
1602215281892,7,1010123456037,78,,1,0,4,1,0,,18,13,0,0.0258635,5,0,12,,0,0,0,0,0,0,0,0,0,,29,20,,0,0,0,0
1602215282142,7,1010123456037,78,,1,0,4,1,0,,18,22,0,0.041216,8,0,13.5,,0,0,0,0,0,0,0,0,0,,62,32,,0,0,0,0
1602215282392,7,1010123456037,78,,1,0,4,1,0,,8.90323,31,0,0.026816,12,0,9,,7.90909,11,0,0.1,4,25,0,12.3532,31,,157,46,,0,0,0,3.90909
1602215282642,7,1010123456037,78,,1,0,4,1,0,,18,5,0,0.010304,2,0,9.66667,,0,0,0,0,0,0,0,0,0,,18,8,,0,0,0,0
1602215282892,7,1010123456037,78,,1,0,4,1,0,,4.67105,76,0,0.039392,33,0,4.5,,0,0,0,0,0,0,0,0,0,,438,130,,0,0,0,0
1602215283142,7,1010123456037,78,,1,0,4,1,0,,6.17143,35,0,0.021952,14,0,8.5,,0,0,0,0,0,0,0,0,0,,221,56,,0,0,0,0
1602215283392,7,1010123456037,78,,1,0,4,1,0,,7.79412,34,116,0.032032,11,0,10.5,,3.29412,34,0,0.1,13,15.3846,0,5.4639,31,,12,56,,0,0,0,2.58824
1602215283642,7,1010123456037,78,,1,0,4,1,0,,4.4434,106,0,0.06096,44,0,12.3333,,0,0,0,0,0,0,0,0,0,,322,156,,0,0,0,0
1602215283892,7,1010123456037,78,,1,0,4,1,0,,2.11111,108,0,0.034784,39,0,7.5,,0,0,0,0,0,0,0,0,0,,82,166,,0,0,0,0
1602215284142,7,1010123456037,78,,1,0,4,1,0,,5.98276,116,0,0.078176,50,0,10,,0,0,0,0,0,0,0,0,0,,302,184,,0,0,0,0
1602215284392,7,1010123456037,78,,1,0,4,1,0,,6.57534,73,0,0.048864,28,0,7.66667,,9.4,5,0,0.1,2,0,0,11.905,31,,256,120,,0,0,0,1
1602215284642,7,1010123456037,78,,1,0,4,1,0,,3.35714,84,39,0.042912,33,0,8,,0,0,0,0,0,0,0,0,0,,103,140,,0,0,0,0
1602215284892,7,1010123456037,78,,1,0,4,1,0,,1.40816,98,151,0.027744,42,0,4.6,,0,0,0,0,0,0,0,0,0,,219,152,,0,0,0,0
1602215285142,7,1010123456037,78,,1,0,4,1,0,,9.675,40,0,0.04224,16,0,13,,0,0,0,0,0,0,0,0,0,,29,58,,0,0,0,0
1602215285392,7,1010123456037,78,,1,0,4,1,0,,6.05128,78,0,0.064416,32,0,10.6,,0.181818,22,0,0.1,9,0,0,3.239,31,,40,126,,0,0,0,1.18182
1602215285642,7,1010123456037,78,,1,0,4,1,0,,18,32,158,0.056672,11,0,13,,0,0,0,0,0,0,0,0,0,,86,48,,0,0,0,0
1602215285892,7,1010123456037,78,,1,0,4,1,0,,18,16,0,0.041216,8,0,11.4,,0,0,0,0,0,0,0,0,0,,69,28,,0,0,0,0
1602215286142,7,1010123456037,78,,1,0,4,1,0,,6.64706,34,0,0.0264,14,0,9.33333,,0,0,0,0,0,0,0,0,0,,147,60,,0,0,0,0
1602215286392,7,1010123456037,78,,1,0,4,1,0,,6.23333,60,0,0.04416,25,0,9.6,,7,36,0,0.1,14,42.8571,0,5.57399,31,,140,90,,0,0,0,5.08333
1602215286642,7,1010123456037,78,,1,0,4,1,0,,3.70423,71,0,0.033568,27,0,9.66667,,0,0,0,0,0,0,0,0,0,,0,110,,0,0,0,0
1602215286892,7,1010123456037,78,,1,0,4,1,0,,8.52632,38,102,0.042272,11,0,10.5,,0,0,0,0,0,0,0,0,0,,27,60,,0,0,0,0
1602215287142,7,1010123456037,78,,1,0,4,1,0,,3.74118,85,0,0.04976,39,0,10.5,,0,0,0,0,0,0,0,0,0,,34,134,,0,0,0,0
1602215287392,7,1010123456037,78,,1,0,4,1,0,,8.67391,46,0,0.043104,20,0,8.83333,,0.1,20,0,0.1,8,12.5,0,3.40366,31,,240,76,,0,0,0,2.35
1602215287642,7,1010123456037,78,,1,0,4,1,0,,6.40816,49,0,0.042944,20,0,10.6,,0.1,18,0,0.1,7,0,0,7.17431,31,,15,80,,0,0,0,1
1602215287892,7,1010123456037,78,,1,0,4,1,0,,16.3529,17,0,0.0312,7,0,9,,0,0,0,0,0,0,0,0,0,,43,28,,0,0,0,0
1602215288142,7,1010123456037,78,,1,0,4,1,0,,15.0588,17,0,0.026336,7,0,9.6,,0,0,0,0,0,0,0,0,0,,34,24,,0,0,0,0
1602215288392,7,1010123456037,78,,1,0,4,1,0,,15.7143,21,0,0.031008,7,0,11.5,,0,0,0,0,0,0,0,0,0,,67,32,,0,0,0,0
1602215288642,7,1010123456037,78,,1,0,4,1,0,,11.575,40,74,0.067456,13,0,8,,0,8,0,0,4,100,0,0,0,,42,66,,0,0,0,0
1602215288892,7,1010123456037,78,,1,0,4,1,0,,3.90196,51,0,0.02816,27,0,14,,0,0,0,0,0,0,0,0,0,,162,80,,0,0,0,0
1602215289142,7,1010123456037,78,,1,0,4,1,0,,9.27273,33,0,0.032032,13,0,10,,0,0,0,0,0,0,0,0,0,,140,50,,0,0,0,0
1602215289392,7,1010123456037,78,,1,0,4,1,0,,7.27419,62,0,0.053728,27,0,9.57143,,0.1,16,0,0.1,7,0,0,8.53891,31,,296,102,,0,0,0,1
1602215289642,7,1010123456037,78,,1,0,4,1,0,,7.5,12,0,0.010688,5,0,7,,0,0,0,0,0,0,0,0,0,,71,20,,0,0,0,0
1602215289892,7,1010123456037,78,,1,0,4,1,0,,10.2857,35,0,0.042176,15,0,9.66667,,0,0,0,0,0,0,0,0,0,,93,60,,0,0,0,0
1602215290142,7,1010123456037,78,,1,0,4,1,0,,5.94118,34,0,0.02224,14,0,4,,0,0,0,0,0,0,0,0,0,,87,54,,0,0,0,0
1602215290392,7,1010123456037,78,,1,0,4,1,0,,5.94545,55,0,0.037952,22,0,8.5,,0,0,0,0,0,0,0,0,0,,88,86,,0,0,0,0
1602215290642,7,1010123456037,78,,1,0,4,1,0,,10.48,25,0,0.03152,11,0,7.33333,,0,16,0,0.1,8,0,0,0,31,,16,42,,0,0,0,0
1602215290892,7,1010123456037,78,,1,0,4,1,0,,7.39241,79,0,0.069472,31,0,11.3333,,0,0,0,0,0,0,0,0,0,,65,122,,0,0,0,0
1602215291142,7,1010123456037,78,,1,0,4,1,0,,18,26,158,0.041216,8,0,13.75,,0,0,0,0,0,0,0,0,0,,63,36,,0,0,0,0
1602215291392,7,1010123456037,78,,1,0,4,1,0,,9,56,0,0.063552,23,0,9.5,,0.4,15,0,0.1,6,16.6667,0,3.70662,31,,58,88,,0,0,0,2.8
1602215291642,7,1010123456037,78,,1,0,4,1,0,,6.47059,51,0,0.035488,19,0,7.25,,0.1,26,0,0.1,10,0,0,3.64174,31,,306,84,,0,0,0,1
1602215291892,7,1010123456037,78,,1,0,4,1,0,,15.75,24,0,0.044,12,0,14,,0,0,0,0,0,0,0,0,0,,73,38,,0,0,0,0
1602215292142,7,1010123456037,78,,1,0,4,1,0,,12.6957,23,116,0.031168,6,0,10.25,,0,0,0,0,0,0,0,0,0,,39,34,,0,0,0,0
1602215292392,7,1010123456037,78,,1,0,4,1,0,,13.5217,23,0,0.036896,12,0,12.6667,,0,0,0,0,0,0,0,0,0,,42,36,,0,0,0,0
1602215292642,7,1010123456037,78,,1,0,4,1,0,,18,24,0,0.046368,9,0,12.8,,0.1,21,0,0.1,9,0,0,4.27863,31,,69,36,,0,0,0,1.14286
1602215292892,7,1010123456037,78,,1,0,4,1,0,,18,22,0,0.041216,8,0,10.3333,,0,0,0,0,0,0,0,0,0,,57,32,,0,0,0,0
1602215293142,7,1010123456037,78,,1,0,4,1,0,,9.52727,55,0,0.0486104,21,0,10.25,,0,0,0,0,0,0,0,0,0,,275,86,,0,0,0,0
1602215293392,7,1010123456037,78,,1,0,4,1,0,,4.8,30,0,0.021856,14,0,7.4,,0,0,0,0,0,0,0,0,0,,229,50,,0,0,0,0
1602215293642,7,1010123456037,78,,1,0,4,1,0,,18,15,0,0.030912,6,0,8,,0.1,24,0,0.1,10,0,0,4.21992,31,,48,24,,0,0,0,1.20833
1602215293892,7,1010123456037,78,,1,0,4,1,0,,18,24,0,0.05152,10,0,13.5,,0,0,0,0,0,0,0,0,0,,40,40,,0,0,0,0
1602215294142,7,1010123456037,78,,1,0,4,1,0,,3.08333,72,0,0.0288,29,0,7.25,,0,0,0,0,0,0,0,0,0,,177,114,,0,0,0,0
1602215294392,7,1010123456037,78,,1,0,4,1,0,,5.12903,62,0,0.044032,24,0,9.33333,,0,0,0,0,0,0,0,0,0,,-4,96,,0,0,0,0
1602215294642,7,1010123456037,78,,1,0,4,1,0,,12.0938,32,0,0.037504,12,0,7.4,,0.148148,27,0,0.1,10,0,0,5.63456,31,,107,48,,0,0,0,1
1602215294892,7,1010123456037,78,,1,0,4,1,0,,6.54348,46,0,0.037472,18,0,13.5,,0,0,0,0,0,0,0,0,0,,159,70,,0,0,0,0
1602215295142,7,1010123456037,78,,1,0,4,1,0,,4.65672,67,0,0.03376,25,0,6.5,,0,0,0,0,0,0,0,0,0,,54,96,,0,0,0,0
1602215295392,7,1010123456037,78,,1,0,4,1,0,,1.85057,174,0,0.05936,69,0,6.4,,0.1,20,0,0.1,8,0,0,4.54621,31,,89,276,,0,0,0,1
1602215295642,7,1010123456037,78,,1,0,4,1,0,,18,25,0,0.056672,11,0,13.75,,0,2,0,0.1,1,0,0,0,0,,60,44,,0,0,0,0
1602215295892,7,1010123456037,78,,1,0,4,1,0,,19.0769,13,0,0.031168,6,0,9.16667,,0,0,0,0,0,0,0,0,0,,28,22,,0,0,0,0
1602215296142,7,1010123456037,78,,1,0,4,1,0,,4.82716,81,0,0.049472,32,0,10,,0,0,0,0,0,0,0,0,0,,114,126,,0,0,0,0
1602215296392,7,1010123456037,78,,1,0,4,1,0,,16.963,27,0,0.05696,12,0,11.75,,2.47059,17,0,0.1,6,16.6667,0,3.97631,31,,157,48,,0,0,0,3.11765
1602215296642,7,1010123456037,78,,1,0,4,1,0,,4.02778,36,0,0.016864,14,0,9,,0,0,0,0,0,0,0,0,0,,104,54,,0,0,0,0
1602215296892,7,1010123456037,78,,1,0,4,1,0,,17.8333,12,158,0.02576,5,0,12.25,,0,0,0,0,0,0,0,0,0,,31,18,,0,0,0,0
1602215297142,7,1010123456037,78,,1,0,4,1,0,,4.23913,46,0,0.022848,20,0,11.6,,0,0,0,0,0,0,0,0,0,,-11,76,,0,0,0,0
1602215297392,7,1010123456037,78,,1,0,4,1,0,,18,28,0,0.046368,9,0,13.3333,,0.588235,17,0,0.1,7,14.2857,0,2.59485,31,,37,40,,0,0,0,2.88235
1602215297642,7,1010123456037,78,,1,0,4,1,0,,18,9,0,0.02576,5,0,12,,0.1,3,0,0.1,1,0,0,4.57173,0,,38,16,,0,0,0,1
1602215297892,7,1010123456037,78,,1,0,4,1,0,,18,12,0,0.02576,5,0,13.75,,0,0,0,0,0,0,0,0,0,,27,20,,0,0,0,0
1602215298142,7,1010123456037,78,,1,0,4,1,0,,14.75,12,0,0.020864,5,0,10.6,,0,0,0,0,0,0,0,0,0,,16,18,,0,0,0,0
1602215298392,7,1010123456037,78,,1,0,4,1,0,,18,13,0,0.02576,5,0,13,,0.1,14,0,0.1,5,0,0,3.77967,31,,26,20,,0,0,0,1
1602215298642,7,1010123456037,78,,1,0,4,1,0,,10.1111,36,0,0.031456,10,0,9.5,,0,0,0,0,0,0,0,0,0,,186,54,,0,0,0,0
1602215298892,7,1010123456037,78,,1,0,4,1,0,,18,23,0,0.051936,13,0,12.3333,,0,0,0,0,0,0,0,0,0,,55,34,,0,0,0,0
1602215299142,7,1010123456037,78,,1,0,4,1,0,,1.78161,87,119,0.023936,29,0,5.4,,0,0,0,0,0,0,0,0,0,,74,136,,0,0,0,0
1602215299392,7,1010123456037,78,,1,0,4,1,0,,18.375,16,0,0.031712,11,0,11,,0,0,0,0,0,0,0,0,0,,23,22,,0,0,0,0
1602215299642,7,1010123456037,78,,1,0,4,1,0,,3.69565,69,0,0.028576,26,0,10,,2.48276,29,0,0.1,12,16.6667,0,4.67348,31,,153,106,,0,0,0,2.31034
1602215299892,7,1010123456037,78,,1,0,4,1,0,,18,12,0,0.030912,6,0,11.5,,0,0,0,0,0,0,0,0,0,,15,20,,0,0,0,0
1602215300142,7,1010123456037,78,,1,0,4,1,0,,1.62632,190,0,0.050016,76,0,3.5,,0,0,0,0,0,0,0,0,0,,544,294,,0,0,0,0
1602215300392,7,1010123456037,78,,1,0,4,1,0,,8.25,44,102,0.043104,14,0,10,,10,8,512,0.1,4,25,0,14.6402,31,,98,68,,0,0,0,3.375
1602215300642,7,1010123456037,78,,1,0,4,1,0,,3.34884,43,158,0.027136,22,0,11.3333,,0,3,0,0.1,2,50,0,0,0,,131,72,,0,0,0,0
1602215300892,7,1010123456037,78,,1,0,4,1,0,,4.38596,57,0,0.033216,22,0,6.8,,0,0,0,0,0,0,0,0,0,,45,88,,0,0,0,0
1602215301142,7,1010123456037,78,,1,0,4,1,0,,8.69231,26,158,0.0264,10,0,11.4,,0,0,0,0,0,0,0,0,0,,16,38,,0,0,0,0
1602215301392,7,1010123456037,78,,1,0,4,1,0,,7.74667,75,0,0.064064,28,0,8.8,,0,0,0,0,0,0,0,0,0,,179,108,,0,0,0,0
1602215301642,7,1010123456037,78,,1,0,4,1,0,,5.35294,51,0,0.042944,22,0,9.6,,8.38095,21,0,0.1,8,37.5,0,5.22772,31,,20,82,,0,0,0,5.2381
1602215301892,7,1010123456037,78,,1,0,4,1,0,,9.36364,77,0,0.069888,29,0,11.5,,0,0,0,0,0,0,0,0,0,,322,112,,0,0,0,0
1602215302142,7,1010123456037,78,,1,0,4,1,0,,8.13333,45,0,0.042528,18,0,11.5,,0,0,0,0,0,0,0,0,0,,72,70,,0,0,0,0
1602215302392,7,1010123456037,78,,1,0,4,1,0,,10.2093,43,0,0.04336,16,0,8.5,,1.68421,19,0,0.1,8,12.5,0,3.76515,31,,87,66,,0,0,0,2.68421
1602215302642,7,1010123456037,78,,1,0,4,1,0,,18,18,0,0.040064,8,0,13.3333,,0,0,0,0,0,0,0,0,0,,46,28,,0,0,0,0
1602215302892,7,1010123456037,78,,1,0,4,1,0,,18,24,0,0.041216,8,0,12.6,,0,0,0,0,0,0,0,0,0,,88,36,,0,0,0,0
1602215303142,7,1010123456037,78,,1,0,4,1,0,,0,2,0,0.010304,2,0,6.5,,0,0,0,0,0,0,0,0,0,,6,4,,0,0,0,0
1602215303392,7,1010123456037,78,,1,0,4,1,0,,1.83471,121,0,0.036064,46,0,7.5,,0.8,25,0,0.1,10,0,0,6.73332,31,,-10,182,,0,0,0,1.16
1602215303642,7,1010123456037,78,,1,0,4,1,0,,13.625,8,0,0.010592,3,0,11.5,,0,0,0,0,0,0,0,0,0,,20,12,,0,0,0,0
1602215303892,7,1010123456037,78,,1,0,4,1,0,,2.5283,53,266,0.023744,20,0,6,,0,0,0,0,0,0,0,0,0,,-12,92,,0,0,0,0
1602215304142,7,1010123456037,78,,1,0,4,1,0,,9.83333,54,0,0.057536,22,0,13.3333,,0,0,0,0,0,0,0,0,0,,52,76,,0,0,0,0
1602215304392,7,1010123456037,78,,1,0,4,1,0,,1.21233,146,679,0.033664,58,0,4.83333,,0,0,0,0,0,0,0,0,0,,-125,234,,0,0,0,0
1602215304642,7,1010123456037,78,,1,0,4,1,0,,3.26471,136,0,0.056384,54,0,9.66667,,3.90909,11,0,0.1,5,20,0,4.23534,31,,113,214,,0,0,0,2.72727
1602215304892,7,1010123456037,78,,1,0,4,1,0,,4.47059,68,0,0.044032,30,0,8.4,,0,0,0,0,0,0,0,0,0,,-20,112,,0,0,0,0
1602215305142,7,1010123456037,78,,1,0,4,1,0,,17.8182,11,0,0.015648,4,0,10.2,,0,0,0,0,0,0,0,0,0,,16,12,,0,0,0,0
1602215305392,7,1010123456037,78,,1,0,4,1,0,,8.3871,31,0,0.02688,12,0,11.2,,0.1,20,0,0.1,8,12.5,0,3.19392,31,,143,46,,0,0,0,2.35
1602215305642,7,1010123456037,78,,1,0,4,1,0,,18,14,0,0.030912,6,0,7.4,,0.1,3,0,0.1,1,0,0,4.20437,0,,36,24,,0,0,0,1
1602215305892,7,1010123456037,78,,1,0,4,1,0,,14.9512,41,0,0.06752,16,0,11.75,,0,0,0,0,0,0,0,0,0,,142,62,,0,0,0,0
1602215306142,7,1010123456037,78,,1,0,4,1,0,,3.07438,121,0,0.051584,49,0,8.25,,0,0,0,0,0,0,0,0,0,,120,196,,0,0,0,0
1602215306392,7,1010123456037,78,,1,0,4,1,0,,18,9,0,0.02576,5,0,11,,8.34783,23,0,0.1,9,33.3333,0,11.5511,31,,21,16,,0,0,0,4.13043
1602215306642,7,1010123456037,78,,1,0,4,1,0,,0.586957,230,0,0.04224,94,0,1.5,,12.7857,14,0,0.1,5,40,0,5.52052,0,,85,374,,0,0,0,6.28571
1602215306892,7,1010123456037,78,,1,0,4,1,0,,5.89474,19,0,0.010976,7,0,10,,0,0,0,0,0,0,0,0,0,,74,28,,0,0,0,0
1602215307142,7,1010123456037,78,,1,0,4,1,0,,18,11,0,0.02576,5,0,13.75,,0,0,0,0,0,0,0,0,0,,23,20,,0,0,0,0
1602215307392,7,1010123456037,78,,1,0,4,1,0,,6.98485,66,0,0.058688,26,0,6.5,,5.42857,7,0,0.1,3,0,0,6.14404,31,,48,102,,0,0,0,1.71429
1602215307642,7,1010123456037,78,,1,0,4,1,0,,14.1818,11,0,0.015552,4,0,10.5,,0,0,0,0,0,0,0,0,0,,25,16,,0,0,0,0
1602215307893,7,1010123456037,78,,1,0,4,1,0,,7.80769,52,158,0.0530996,22,0,9.33333,,0,0,0,0,0,0,0,0,0,,68,88,,0,0,0,0
1602215308142,7,1010123456037,78,,1,0,4,1,0,,2.5463,108,147,0.0336064,35,0,5.75,,0,0,0,0,0,0,0,0,0,,172,168,,0,0,0,0
1602215308392,7,1010123456037,78,,1,0,4,1,0,,15.1923,26,0,0.043936,17,0,12.4,,2.58333,24,0,0.1,10,0,0,7.94894,31,,51,38,,0,0,0,2.04167
1602215308642,7,1010123456037,78,,1,0,4,1,0,,18.3636,22,0,0.046432,9,0,13.5,,0,0,0,0,0,0,0,0,0,,52,34,,0,0,0,0
1602215308892,7,1010123456037,78,,1,0,4,1,0,,14.7826,23,0,0.031296,8,0,8,,0,0,0,0,0,0,0,0,0,,78,36,,0,0,0,0
1602215309142,7,1010123456037,78,,1,0,4,1,0,,4.625,80,0,0.059648,33,0,9.6,,0,0,0,0,0,0,0,0,0,,82,126,,0,0,0,0
1602215309392,7,1010123456037,78,,1,0,4,1,0,,18,25,0,0.05152,10,0,13.5,,11.1,10,0,0.1,4,50,0,11.7033,31,,80,40,,0,0,0,4.6
1602215309642,7,1010123456037,78,,1,0,4,1,0,,14.6333,30,0,0.052288,13,0,11.3333,,0,0,0,0,0,0,0,0,0,,57,46,,0,0,0,0
1602215309892,7,1010123456037,78,,1,0,4,1,0,,18.3846,26,0,0.051648,10,0,13,,0,0,0,0,0,0,0,0,0,,94,36,,0,0,0,0
1602215310142,7,1010123456037,78,,1,0,4,1,0,,5.175,80,0,0.054464,32,0,10.4,,0,0,0,0,0,0,0,0,0,,-5,132,,0,0,0,0
1602215310392,7,1010123456037,78,,1,0,4,1,0,,3.70588,68,158,0.039008,29,0,8.16667,,0,0,0,0,0,0,0,0,0,,56,112,,0,0,0,0
1602215310642,7,1010123456037,78,,1,0,4,1,0,,3.73333,90,0,0.060224,38,0,9.66667,,0,8,0,0,4,100,0,0,0,,5,152,,0,0,0,0
1602215310892,7,1010123456037,78,,1,0,4,1,0,,4.44048,84,0,0.049376,32,0,8.5,,0,0,0,0,0,0,0,0,0,,3,128,,0,0,0,0
1602215311142,7,1010123456037,78,,1,0,4,1,0,,18,22,0,0.046368,9,0,11.8,,0,0,0,0,0,0,0,0,0,,53,36,,0,0,0,0
1602215311392,7,1010123456037,78,,1,0,4,1,0,,4.58065,93,0,0.046624,37,0,7.25,,3.75,24,0,0.1,10,40,0,3.72493,31,,-22,154,,0,0,0,4.75
1602215311642,7,1010123456037,78,,1,0,4,1,0,,8.09302,43,0,0.051008,18,0,10.8,,0,0,0,0,0,0,0,0,0,,233,68,,0,0,0,0
1602215311892,7,1010123456037,78,,1,0,4,1,0,,5.01493,67,0,0.04896,29,0,9.33333,,0,0,0,0,0,0,0,0,0,,93,114,,0,0,0,0
1602215312142,7,1010123456037,78,,1,0,4,1,0,,11.4231,26,0,0.036768,11,0,11,,0,0,0,0,0,0,0,0,0,,73,38,,0,0,0,0
1602215312392,7,1010123456037,78,,1,0,4,1,0,,14.5,24,315,0.036736,10,0,11.4,,2.81818,22,0,0.1,9,0,0,5.39012,31,,98,34,,0,0,0,1.27273
1602215312642,7,1010123456037,78,,1,0,4,1,0,,17.7778,27,0,0.05152,10,0,13.5,,0,0,0,0,0,0,0,0,0,,69,38,,0,0,0,0
1602215312892,7,1010123456037,78,,1,0,4,1,0,,18,22,0,0.041216,8,0,13,,0,0,0,0,0,0,0,0,0,,48,36,,0,0,0,0
1602215313142,7,1010123456037,78,,1,0,4,1,0,,14,20,0,0.03664,9,0,10.3333,,0,0,0,0,0,0,0,0,0,,82,32,,0,0,0,0
1602215313392,7,1010123456037,78,,1,0,4,1,0,,10.375,56,0,0.05888,22,0,7.25,,0,0,0,0,0,0,0,0,0,,255,88,,0,0,0,0
1602215313642,7,1010123456037,78,,1,0,4,1,0,,5.88095,42,0,0.03216,16,0,10.6,,3.875,16,0,0.1,7,0,0,9.63678,31,,-5,62,,0,0,0,2.4375
1602215313892,7,1010123456037,78,,1,0,4,1,0,,4.82955,88,231,0.056288,31,0,7.75,,0,0,0,0,0,0,0,0,0,,15,144,,0,0,0,0
1602215314142,7,1010123456037,78,,1,0,4,1,0,,4.88,75,359,0.056256,32,0,11,,0,0,0,0,0,0,0,0,0,,-2,120,,0,0,0,0
1602215314392,7,1010123456037,78,,1,0,4,1,0,,13.9091,22,0,0.033696,11,0,13,,0,6,0,0.1,3,33.3333,0,0,31,,25,30,,0,0,0,0
1602215314642,7,1010123456037,78,,1,0,4,1,0,,4.25688,109,0,0.050592,42,0,6.8,,0,0,0,0,0,0,0,0,0,,-29,172,,0,0,0,0
1602215314892,7,1010123456037,78,,1,0,4,1,0,,3.33871,62,0,0.038784,28,0,8.5,,0,0,0,0,0,0,0,0,0,,8,104,,0,0,0,0
1602215315142,7,1010123456037,78,,1,0,4,1,0,,18,20,0,0.041216,8,0,13.5,,0,0,0,0,0,0,0,0,0,,56,32,,0,0,0,0
1602215315392,7,1010123456037,78,,1,0,4,1,0,,5.32258,62,0,0.035904,24,0,8.75,,6.375,8,0,0.1,3,0,0,11.7581,31,,84,100,,0,0,0,2.75
1602215315642,7,1010123456037,78,,1,0,4,1,0,,7.48837,43,0,0.045504,18,0,10.6,,0,0,0,0,0,0,0,0,0,,169,68,,0,0,0,0
1602215315892,7,1010123456037,78,,1,0,4,1,0,,0,10,0,0.02576,5,0,9.33333,,0,0,0,0,0,0,0,0,0,,37,20,,0,0,0,0
1602215316142,7,1010123456037,78,,1,0,4,1,0,,5.05102,98,0,0.055392,39,0,6.66667,,0,0,0,0,0,0,0,0,0,,272,154,,0,0,0,0
1602215316392,7,1010123456037,78,,1,0,4,1,0,,18,14,0,0.030912,6,0,13.5,,0.1,16,0,0.1,6,0,0,2.87927,31,,47,24,,0,0,0,1.375
1602215316642,7,1010123456037,78,,1,0,4,1,0,,13.6786,28,0,0.046944,11,0,11,,0,0,0,0,0,0,0,0,0,,115,44,,0,0,0,0
1602215316892,7,1010123456037,78,,1,0,4,1,0,,5.51282,39,0,0.027328,16,0,7.33333,,0,0,0,0,0,0,0,0,0,,7,62,,0,0,0,0
1602215317142,7,1010123456037,78,,1,0,4,1,0,,10.0408,49,0,0.068576,22,0,11.25,,0,0,0,0,0,0,0,0,0,,221,86,,0,0,0,0
1602215317392,7,1010123456037,78,,1,0,4,1,0,,11.5,30,0,0.036832,12,0,11.3333,,0,0,0,0,0,0,0,0,0,,103,46,,0,0,0,0
1602215317642,7,1010123456037,78,,1,0,4,1,0,,13.5652,23,0,0.036736,10,0,11.2,,0.230769,26,0,0.1,10,0,0,5.75696,31,,153,40,,0,0,0,1
1602215317892,7,1010123456037,78,,1,0,4,1,0,,20.0455,22,0,0.056352,9,0,13.25,,0,0,0,0,0,0,0,0,0,,50,40,,0,0,0,0
1602215318142,7,1010123456037,78,,1,0,4,1,0,,4.85915,71,0,0.054176,31,0,10.3333,,0,0,0,0,0,0,0,0,0,,69,118,,0,0,0,0
1602215318392,7,1010123456037,78,,1,0,4,1,0,,18,23,0,0.046368,9,0,13.25,,0.1,22,0,0.1,8,0,0,4.26451,31,,111,36,,0,0,0,1
1602215318642,7,1010123456037,78,,1,0,4,1,0,,2.97744,133,0,0.054432,50,0,8.5,,0,0,0,0,0,0,0,0,0,,246,212,,0,0,0,0
1602215318892,7,1010123456037,78,,1,0,4,1,0,,19.6875,16,158,0.0439839,10,0,10.3333,,0,0,0,0,0,0,0,0,0,,36,28,,0,0,0,0
1602215319142,7,1010123456037,78,,1,0,4,1,0,,3.95238,63,0,0.039168,26,0,9.66667,,0,0,0,0,0,0,0,0,0,,33,102,,0,0,0,0
1602215319392,7,1010123456037,78,,1,0,4,1,0,,6.56,75,0,0.059232,29,0,10.6,,0.1,21,0,0.1,8,0,0,3.15792,31,,43,116,,0,0,0,1
1602215319642,7,1010123456037,78,,1,0,4,1,0,,15.2,25,0,0.036608,10,0,9.75,,0,0,0,0,0,0,0,0,0,,60,38,,0,0,0,0
1602215319892,7,1010123456037,78,,1,0,4,1,0,,7.125,48,0,0.042816,20,0,9.8,,0,0,0,0,0,0,0,0,0,,12,74,,0,0,0,0
1602215320142,7,1010123456037,78,,1,0,4,1,0,,5.17073,41,0,0.022304,16,0,8.5,,0,0,0,0,0,0,0,0,0,,160,64,,0,0,0,0
1602215320392,7,1010123456037,78,,1,0,4,1,0,,13.5,26,0,0.031584,9,0,10.75,,0.96,25,0,0.1,10,0,0,4.79627,31,,82,34,,0,0,0,1.32
1602215320642,7,1010123456037,78,,1,0,4,1,0,,3.68627,51,0,0.033024,22,0,10.75,,0,0,0,0,0,0,0,0,0,,5,86,,0,0,0,0
1602215320892,7,1010123456037,78,,1,0,4,1,0,,2.53191,94,0,0.040288,39,0,6,,0,0,0,0,0,0,0,0,0,,-39,156,,0,0,0,0
1602215321142,7,1010123456037,78,,1,0,4,1,0,,0.904762,63,88,0.013856,21,0,4.6,,0,0,0,0,0,0,0,0,0,,80,102,,0,0,0,0
1602215321392,7,1010123456037,78,,1,0,4,1,0,,6.50909,55,0,0.04272,28,0,11.2,,0,0,0,0,0,0,0,0,0,,291,90,,0,0,0,0
1602215321642,7,1010123456037,78,,1,0,4,1,0,,14.8261,23,0,0.0416,10,0,12.25,,3.84,25,0,0.1,10,20,0,8.97626,31,,67,40,,0,0,0,2.76
1602215321892,7,1010123456037,78,,1,0,4,1,0,,18,14,0,0.030912,6,0,13,,0,0,0,0,0,0,0,0,0,,22,24,,0,0,0,0
1602215322142,7,1010123456037,78,,1,0,4,1,0,,11.6842,19,0,0.026432,8,0,6,,0,0,0,0,0,0,0,0,0,,139,30,,0,0,0,0
1602215322392,7,1010123456037,78,,1,0,4,1,0,,2.95714,70,0,0.034656,29,0,8.6,,12,12,0,0,4,100,0,3.24861,0,,-40,116,,0,0,0,10
1602215322642,7,1010123456037,78,,1,0,4,1,0,,18,20,0,0.036064,7,0,13.75,,0,0,0,0,0,0,0,0,0,,32,28,,0,0,0,0
1602215322892,7,1010123456037,78,,1,0,4,1,0,,5.25,56,0,0.038304,23,0,11.3333,,0,0,0,0,0,0,0,0,0,,10,90,,0,0,0,0
1602215323142,7,1010123456037,78,,1,0,4,1,0,,18,14,0,0.02576,5,0,13.6667,,0,0,0,0,0,0,0,0,0,,16,24,,0,0,0,0
1602215323392,7,1010123456037,78,,1,0,4,1,0,,5.44068,59,0,0.034432,23,0,7.66667,,1.875,24,0,0.1,10,20,0,6.6864,31,,101,90,,0,0,0,2.20833
1602215323642,7,1010123456037,78,,1,0,4,1,0,,14.7692,13,0,0.024576,4,0,6.66667,,0,0,0,0,0,0,0,0,0,,23,20,,0,0,0,0
1602215323892,7,1010123456037,78,,1,0,4,1,0,,3.82558,86,144,0.0448,35,0,7,,0,0,0,0,0,0,0,0,0,,143,136,,0,0,0,0
1602215324142,7,1010123456037,78,,1,0,4,1,0,,7.18868,53,0,0.048256,24,0,13.2,,0,0,0,0,0,0,0,0,0,,-19,86,,0,0,0,0
1602215324392,7,1010123456037,78,,1,0,4,1,0,,0,6,0,0.010592,3,0,9.5,,0,0,0,0,0,0,0,0,0,,18,12,,0,0,0,0
1602215324642,7,1010123456037,78,,1,0,4,1,0,,13.6667,33,0,0.052224,14,0,11.5,,3,18,0,0.1,7,14.2857,0,3.8575,31,,147,56,,0,0,0,3
1602215324892,7,1010123456037,78,,1,0,4,1,0,,18,13,0,0.02576,5,0,11.25,,0,0,0,0,0,0,0,0,0,,38,20,,0,0,0,0
1602215325142,7,1010123456037,78,,1,0,4,1,0,,18,11,0,0.02576,5,0,7.33333,,0,0,0,0,0,0,0,0,0,,74,20,,0,0,0,0
1602215325392,7,1010123456037,78,,1,0,4,1,0,,2.98039,51,158,0.017696,19,0,9.8,,0.1,19,0,0.1,8,0,0,4.10927,31,,16,78,,0,0,0,1
1602215325642,7,1010123456037,78,,1,0,4,1,0,,6.06667,45,0,0.04272,19,0,4.5,,0,0,0,0,0,0,0,0,0,,87,70,,0,0,0,0
1602215325892,7,1010123456037,78,,1,0,4,1,0,,18.1333,15,0,0.036128,7,0,12.5,,0,0,0,0,0,0,0,0,0,,22,26,,0,0,0,0
1602215326142,7,1010123456037,78,,1,0,4,1,0,,2.07527,93,0,0.027808,33,0,3,,0,0,0,0,0,0,0,0,0,,139,146,,0,0,0,0
1602215326392,7,1010123456037,78,,1,0,4,1,0,,13.9118,34,158,0.054496,18,0,11.5,,1,25,0,0.1,10,0,0,5.3694,31,,120,56,,0,0,0,1.48
1602215326642,7,1010123456037,78,,1,0,4,1,0,,4.16667,72,0,0.039456,29,0,9.4,,0,0,0,0,0,0,0,0,0,,185,116,,0,0,0,0
1602215326892,7,1010123456037,78,,1,0,4,1,0,,2.53012,83,0,0.03488,35,0,9,,0,0,0,0,0,0,0,0,0,,104,136,,0,0,0,0
1602215327142,7,1010123456037,78,,1,0,4,1,0,,18,24,0,0.05152,10,0,14,,0,0,0,0,0,0,0,0,0,,90,40,,0,0,0,0
1602215327392,7,1010123456037,78,,1,0,4,1,0,,0,4,0,0.010304,2,0,12.25,,3.6,30,0,0.1,11,18.1818,0,6.56813,31,,9,8,,0,0,0,2.8
1602215327642,7,1010123456037,78,,1,0,4,1,0,,9.6,50,0,0.048,20,0,7,,0,0,0,0,0,0,0,0,0,,70,72,,0,0,0,0
1602215327892,7,1010123456037,78,,1,0,4,1,0,,9.01695,59,0,0.053568,22,0,11.5,,0,0,0,0,0,0,0,0,0,,127,90,,0,0,0,0
1602215328142,7,1010123456037,78,,1,0,4,1,0,,18,13,0,0.041216,8,0,14,,0,0,0,0,0,0,0,0,0,,45,24,,0,0,0,0
1602215328392,7,1010123456037,78,,1,0,4,1,0,,1.29412,85,0,0.019424,34,0,4,,0,8,0,0,4,100,0,0,0,,71,134,,0,0,0,0
1602215328642,7,1010123456037,78,,1,0,4,1,0,,2.31818,110,109,0.03552,37,0,4.75,,0,0,0,0,0,0,0,0,0,,70,170,,0,0,0,0
1602215328892,7,1010123456037,78,,1,0,4,1,0,,9.2931,58,0,0.058752,28,0,9.75,,0,0,0,0,0,0,0,0,0,,28,86,,0,0,0,0
1602215329142,7,1010123456037,78,,1,0,4,1,0,,6.72414,58,0,0.05328,24,0,9.66667,,0,0,0,0,0,0,0,0,0,,98,92,,0,0,0,0
1602215329392,7,1010123456037,78,,1,0,4,1,0,,7.3125,48,0,0.042496,18,0,8.33333,,1.55556,27,0,0.1,10,10,0,4.16186,31,,47,70,,0,0,0,2.22222
1602215329642,7,1010123456037,78,,1,0,4,1,0,,9.57143,42,0,0.042272,16,0,13.6667,,0,0,0,0,0,0,0,0,0,,411,64,,0,0,0,0
1602215329892,7,1010123456037,78,,1,0,4,1,0,,20,9,0,0.0256,4,0,12.5,,0,0,0,0,0,0,0,0,0,,32,16,,0,0,0,0
1602215330142,7,1010123456037,78,,1,0,4,1,0,,19.125,16,0,0.035904,6,0,13.25,,0,0,0,0,0,0,0,0,0,,56,24,,0,0,0,0
1602215330392,7,1010123456037,78,,1,0,4,1,0,,16.0769,26,206,0.041504,9,0,9.5,,1.27273,11,0,0.1,5,0,0,5.20526,31,,127,40,,0,0,0,1.18182
1602215330642,7,1010123456037,78,,1,0,4,1,0,,8,68,158,0.059104,27,0,11,,0,0,0,0,0,0,0,0,0,,72,102,,0,0,0,0
1602215330892,7,1010123456037,78,,1,0,4,1,0,,18,25,0,0.056672,11,0,0.1,,0,0,0,0,0,0,0,0,0,,73,40,,0,0,0,0
1602215331142,7,1010123456037,78,,1,0,4,1,0,,6.08929,56,128,0.042784,20,0,5.2,,0,0,0,0,0,0,0,0,0,,244,96,,0,0,0,0
1602215331392,7,1010123456037,78,,1,0,4,1,0,,8.5098,51,0,0.043136,23,0,11.1429,,0.1,24,0,0.1,10,0,0,5.04093,31,,247,72,,0,0,0,1.08333
1602215331642,7,1010123456037,78,,1,0,4,1,0,,8.90323,31,0,0.031872,12,0,7,,0,0,0,0,0,0,0,0,0,,30,48,,0,0,0,0
1602215331892,7,1010123456037,78,,1,0,4,1,0,,18,13,0,0.02576,5,0,13.6,,0,0,0,0,0,0,0,0,0,,27,20,,0,0,0,0
1602215332142,7,1010123456037,78,,1,0,4,1,0,,7.76471,85,0,0.069568,33,0,11,,0,0,0,0,0,0,0,0,0,,125,134,,0,0,0,0
1602215332392,7,1010123456037,78,,1,0,4,1,0,,17.5556,18,0,0.0465863,9,0,12,,0,0,0,0,0,0,0,0,0,,52,30,,0,0,0,0
1602215332642,7,1010123456037,78,,1,0,4,1,0,,2.52525,99,0,0.04096,40,0,8.25,,0.1,25,0,0.1,11,0,0,3.67563,31,,49,160,,0,0,0,1
1602215332892,7,1010123456037,78,,1,0,4,1,0,,5.22222,72,158,0.043872,28,0,10,,0,0,0,0,0,0,0,0,0,,302,110,,0,0,0,0
1602215333142,7,1010123456037,78,,1,0,4,1,0,,5.35526,76,137,0.053792,28,0,5.66667,,0,0,0,0,0,0,0,0,0,,25,122,,0,0,0,0
1602215333392,7,1010123456037,78,,1,0,4,1,0,,11.7073,41,0,0.054432,19,0,9.25,,9.27273,22,0,0.1,9,33.3333,0,6.90255,31,,124,58,,0,0,0,4.54545
1602215333642,7,1010123456037,78,,1,0,4,1,0,,19.4211,19,0,0.041056,7,0,5.25,,9,19,0,0.1,8,62.5,0,4.56818,0,,46,28,,0,0,0,7.05263
1602215333892,7,1010123456037,78,,1,0,4,1,0,,18.0385,26,158,0.056928,11,0,13.3333,,0,0,0,0,0,0,0,0,0,,72,40,,0,0,0,0
1602215334142,7,1010123456037,78,,1,0,4,1,0,,18.25,16,0,0.03104,7,0,11,,0,0,0,0,0,0,0,0,0,,82,26,,0,0,0,0
1602215334392,7,1010123456037,78,,1,0,4,1,0,,19.5,18,158,0.041056,7,0,14,,0.1,23,0,0.1,9,0,0,3.55073,31,,52,28,,0,0,0,1
1602215334642,7,1010123456037,78,,1,0,4,1,0,,15.7895,19,0,0.031008,7,0,8.5,,0,0,0,0,0,0,0,0,0,,42,28,,0,0,0,0
1602215334892,7,1010123456037,78,,1,0,4,1,0,,19.5385,39,0,0.090848,15,0,14,,0,0,0,0,0,0,0,0,0,,121,64,,0,0,0,0
1602215335142,7,1010123456037,78,,1,0,4,1,0,,17.7391,23,0,0.051776,10,0,12,,0,0,0,0,0,0,0,0,0,,54,36,,0,0,0,0
1602215335392,7,1010123456037,78,,1,0,4,1,0,,18,20,0,0.041216,8,0,9.8,,0,0,0,0,0,0,0,0,0,,36,32,,0,0,0,0
1602215335642,7,1010123456037,78,,1,0,4,1,0,,5.38461,78,44,0.052,25,0,11,,2.04545,22,0,0.1,11,18.1818,0,5.15907,31,,217,122,,0,0,0,2.22727
1602215335892,7,1010123456037,78,,1,0,4,1,0,,3.4375,112,0,0.052864,48,0,7.8,,0,0,0,0,0,0,0,0,0,,216,168,,0,0,0,0
1602215336142,7,1010123456037,78,,1,0,4,1,0,,18.0833,24,158,0.0569639,11,0,13.25,,0,0,0,0,0,0,0,0,0,,79,40,,0,0,0,0
1602215336392,7,1010123456037,78,,1,0,4,1,0,,11.5263,19,0,0.021024,7,0,8.5,,0,8,0,0,4,100,0,0,0,,14,26,,0,0,0,0
1602215336642,7,1010123456037,78,,1,0,4,1,0,,18,18,0,0.036064,7,0,13.6667,,0,0,0,0,0,0,0,0,0,,47,28,,0,0,0,0
1602215336892,7,1010123456037,78,,1,0,4,1,0,,16.7037,27,0,0.046656,10,0,10.5,,0,0,0,0,0,0,0,0,0,,81,40,,0,0,0,0
1602215337142,7,1010123456037,78,,1,0,4,1,0,,1.29197,137,123,0.03648,49,0,4.75,,0,0,0,0,0,0,0,0,0,,87,214,,0,0,0,0
1602215337392,7,1010123456037,78,,1,0,4,1,0,,3.19672,61,0,0.03424,31,0,7.83333,,3.47368,19,0,0.1,7,14.2857,0,6.79588,31,,156,104,,0,0,0,2.42105
1602215337642,7,1010123456037,78,,1,0,4,1,0,,4.02632,38,137,0.022016,15,0,7.5,,7,3,0,0.1,1,0,0,3.81818,0,,80,70,,0,0,0,3
1602215337892,7,1010123456037,78,,1,0,4,1,0,,5.84483,58,0,0.04336,25,0,13,,0,0,0,0,0,0,0,0,0,,55,86,,0,0,0,0
1602215338142,7,1010123456037,78,,1,0,4,1,0,,3.57353,68,0,0.038848,28,0,5.25,,0,0,0,0,0,0,0,0,0,,-23,112,,0,0,0,0
1602215338392,7,1010123456037,78,,1,0,4,1,0,,18,25,0,0.046368,9,0,13.8,,0.1,21,0,0.1,8,0,0,5.14187,31,,79,36,,0,0,0,1
1602215338642,7,1010123456037,78,,1,0,4,1,0,,7.53846,26,58,0.0206908,4,0,7,,0,0,0,0,0,0,0,0,0,,19,44,,0,0,0,0
1602215338892,7,1010123456037,78,,1,0,4,1,0,,6.75385,65,0,0.054624,32,0,9.5,,0,0,0,0,0,0,0,0,0,,213,100,,0,0,0,0
1602215339142,7,1010123456037,78,,1,0,4,1,0,,3.91429,70,0,0.03888,29,0,10.5,,0,0,0,0,0,0,0,0,0,,170,112,,0,0,0,0
1602215339392,7,1010123456037,78,,1,0,4,1,0,,18,22,0,0.036064,7,0,10.5,,1.33333,12,0,0.1,5,0,0,6.37122,31,,41,32,,0,0,0,1.16667
1602215339642,7,1010123456037,78,,1,0,4,1,0,,5.46296,54,0,0.043168,23,0,8,,0,0,0,0,0,0,0,0,0,,8,86,,0,0,0,0
1602215339892,7,1010123456037,78,,1,0,4,1,0,,3.22917,96,0,0.040128,37,0,9,,0,0,0,0,0,0,0,0,0,,198,146,,0,0,0,0
1602215340142,7,1010123456037,78,,1,0,4,1,0,,15.7895,19,0,0.0312,7,0,11.6,,0,0,0,0,0,0,0,0,0,,161,28,,0,0,0,0
1602215340392,7,1010123456037,78,,1,0,4,1,0,,2.25,64,467,0.022496,23,0,7.5,,0,0,0,0,0,0,0,0,0,,-35,104,,0,0,0,0
1602215340642,7,1010123456037,78,,1,0,4,1,0,,3.85567,97,0,0.056672,42,0,7.6,,2.25,16,0,0.1,7,14.2857,0,4.51387,31,,4,152,,0,0,0,2.625
1602215340892,7,1010123456037,78,,1,0,4,1,0,,8.10959,73,0,0.064576,29,0,11.5,,0,0,0,0,0,0,0,0,0,,312,118,,0,0,0,0
1602215341142,7,1010123456037,78,,1,0,4,1,0,,4.53571,28,0,0.022016,12,0,4.83333,,0,0,0,0,0,0,0,0,0,,28,46,,0,0,0,0
1602215341392,7,1010123456037,78,,1,0,4,1,0,,0,0,0,0,0,0,6.75,,0,0,0,0,0,0,0,0,0,,0,0,,0,0,0,0
1602215341642,7,1010123456037,78,,1,0,4,1,0,,0.543103,116,0,0.02672,49,0,10,,12,12,0,0,4,100,0,3.52275,0,,51,194,,0,0,0,10
1602215341892,7,1010123456037,78,,1,0,4,1,0,,16.8182,22,0,0.041376,9,0,10.5,,0,0,0,0,0,0,0,0,0,,62,34,,0,0,0,0
1602215342142,7,1010123456037,78,,1,0,4,1,0,,12.3659,41,144,0.04752,13,0,10,,0,0,0,0,0,0,0,0,0,,173,56,,0,0,0,0
1602215342392,7,1010123456037,78,,1,0,4,1,0,,8.27848,79,0,0.096992,35,0,12.8,,0.1,23,0,0.1,8,0,0,3.93853,31,,161,130,,0,0,0,1
1602215342642,7,1010123456037,78,,1,0,4,1,0,,19.5,18,0,0.041056,7,0,13,,0,0,0,0,0,0,0,0,0,,61,28,,0,0,0,0
1602215342892,7,1010123456037,78,,1,0,4,1,0,,10.5833,36,0,0.036832,13,0,9.33333,,0,0,0,0,0,0,0,0,0,,36,54,,0,0,0,0
1602215343142,7,1010123456037,78,,1,0,4,1,0,,13.5714,21,144,0.041984,10,0,9,,0,0,0,0,0,0,0,0,0,,26,34,,0,0,0,0
1602215343392,7,1010123456037,78,,1,0,4,1,0,,4.76623,154,0,0.07328,59,0,5.66667,,8.57143,35,0,0.1,14,35.7143,0,8.84194,31,,712,242,,0,0,0,4.31429
1602215343642,7,1010123456037,78,,1,0,4,1,0,,4.06667,90,189,0.047552,33,0,6.33333,,0,0,0,0,0,0,0,0,0,,301,138,,0,0,0,0
1602215343892,7,1010123456037,78,,1,0,4,1,0,,3.19595,148,0,0.081024,66,0,10.5,,0,0,0,0,0,0,0,0,0,,-16,246,,0,0,0,0
1602215344142,7,1010123456037,78,,1,0,4,1,0,,10.4062,32,0,0.036832,13,0,9.5,,0,0,0,0,0,0,0,0,0,,95,48,,0,0,0,0
1602215344392,7,1010123456037,78,,1,0,4,1,0,,4.54762,84,0,0.044512,34,0,9.33333,,0,8,0,0,4,100,0,0,0,,327,130,,0,0,0,0
1602215344642,7,1010123456037,78,,1,0,4,1,0,,10.2,45,0,0.052544,18,0,10.5,,0,0,0,0,0,0,0,0,0,,43,70,,0,0,0,0
1602215344892,7,1010123456037,78,,1,0,4,1,0,,6.17073,41,130,0.027104,15,0,6.66667,,0,0,0,0,0,0,0,0,0,,307,68,,0,0,0,0
1602215345142,7,1010123456037,78,,1,0,4,1,0,,6.91139,79,0,0.070432,34,0,9.25,,0,0,0,0,0,0,0,0,0,,47,128,,0,0,0,0
1602215345392,7,1010123456037,78,,1,0,4,1,0,,18,26,0,0.056672,11,0,11.6667,,0.1,25,0,0.1,10,0,0,9.31849,31,,89,44,,0,0,0,1
1602215345642,7,1010123456037,78,,1,0,4,1,0,,5.75439,57,0,0.043648,23,0,8.8,,0,0,0,0,0,0,0,0,0,,18,92,,0,0,0,0
1602215345892,7,1010123456037,78,,1,0,4,1,0,,5.34615,52,0,0.033024,21,0,4,,0,0,0,0,0,0,0,0,0,,213,82,,0,0,0,0
1602215346142,7,1010123456037,78,,1,0,4,1,0,,5.14943,87,0,0.05456,35,0,8.66667,,0,0,0,0,0,0,0,0,0,,152,138,,0,0,0,0
1602215346392,7,1010123456037,78,,1,0,4,1,0,,2.77647,85,158,0.034848,34,0,7.33333,,15,8,0,0,4,100,0,2.8601,0,,134,132,,0,0,0,10
1602215346642,7,1010123456037,78,,1,0,4,1,0,,11.96,50,0,0.0632,19,0,13.75,,0,0,0,0,0,0,0,0,0,,213,80,,0,0,0,0
1602215346892,7,1010123456037,78,,1,0,4,1,0,,14.2222,27,0,0.04592,11,0,11.5,,0,0,0,0,0,0,0,0,0,,93,44,,0,0,0,0
1602215347142,7,1010123456037,78,,1,0,4,1,0,,6.17073,82,0,0.058304,30,0,9.2,,0,0,0,0,0,0,0,0,0,,167,126,,0,0,0,0
1602215347392,7,1010123456037,78,,1,0,4,1,0,,18,16,0,0.033248,9,0,13.3333,,1.09091,22,0,0.1,9,0,0,10.5227,31,,54,24,,0,0,0,1.18182
1602215347642,7,1010123456037,78,,1,0,4,1,0,,7.57895,38,0,0.03216,16,0,10.6667,,0,0,0,0,0,0,0,0,0,,187,62,,0,0,0,0
1602215347892,7,1010123456037,78,,1,0,4,1,0,,7.01887,53,0,0.042848,21,0,8.66667,,0,0,0,0,0,0,0,0,0,,10,82,,0,0,0,0
1602215348142,7,1010123456037,78,,1,0,4,1,0,,18,9,0,0.015456,3,0,9.66667,,0,0,0,0,0,0,0,0,0,,34,16,,0,0,0,0
1602215348392,7,1010123456037,78,,1,0,4,1,0,,3.53704,54,0,0.028288,23,0,7.8,,0,8,0,0,4,100,0,0,0,,214,86,,0,0,0,0
1602215348642,7,1010123456037,78,,1,0,4,1,0,,9.16418,67,0,0.078688,26,0,11,,0,0,0,0,0,0,0,0,0,,29,106,,0,0,0,0
1602215348892,7,1010123456037,78,,1,0,4,1,0,,18,7,0,0.020608,4,0,8,,0,0,0,0,0,0,0,0,0,,15,12,,0,0,0,0
1602215349142,7,1010123456037,78,,1,0,4,1,0,,19.125,16,0,0.041056,7,0,11.25,,0,0,0,0,0,0,0,0,0,,37,28,,0,0,0,0
1602215349392,7,1010123456037,78,,1,0,4,1,0,,3.14583,48,0,0.020448,17,0,9.83333,,0.1,11,0,0.1,5,0,0,3.38687,31,,25,72,,0,0,0,1
1602215349642,7,1010123456037,78,,1,0,4,1,0,,12.4286,21,0,0.023136,9,0,13,,0.1,8,0,0.1,3,0,0,6.60021,0,,102,32,,0,0,0,1
1602215349892,7,1010123456037,78,,1,0,4,1,0,,6.57143,56,0,0.048768,24,0,7.8,,0,0,0,0,0,0,0,0,0,,96,90,,0,0,0,0
1602215350142,7,1010123456037,78,,1,0,4,1,0,,18,22,0,0.041216,8,0,13.25,,0,0,0,0,0,0,0,0,0,,38,36,,0,0,0,0
1602215350392,7,1010123456037,78,,1,0,4,1,0,,1.02451,204,0,0.055904,83,0,6,,0.2,20,0,0.1,9,0,0,5.8123,31,,339,324,,0,0,0,1
1602215350642,7,1010123456037,78,,1,0,4,1,0,,3.3125,96,0,0.04016,37,0,7.25,,0,0,0,0,0,0,0,0,0,,48,144,,0,0,0,0
1602215350892,7,1010123456037,78,,1,0,4,1,0,,5.35227,88,0,0.049632,33,0,9.2,,0,0,0,0,0,0,0,0,0,,137,134,,0,0,0,0
1602215351142,7,1010123456037,78,,1,0,4,1,0,,15.5385,26,0,0.047072,11,0,11.5,,0,0,0,0,0,0,0,0,0,,100,38,,0,0,0,0
1602215351392,7,1010123456037,78,,1,0,4,1,0,,18,16,0,0.030912,6,0,13.5,,0.1,28,0,0.1,11,0,0,4.02186,31,,54,24,,0,0,0,1.07143
1602215351642,7,1010123456037,78,,1,0,4,1,0,,18,14,0,0.02576,5,0,14,,0,0,0,0,0,0,0,0,0,,14,20,,0,0,0,0
1602215351892,7,1010123456037,78,,1,0,4,1,0,,18,26,0,0.0568996,11,0,13.3333,,0,0,0,0,0,0,0,0,0,,100,44,,0,0,0,0
1602215352142,7,1010123456037,78,,1,0,4,1,0,,18,24,0,0.0517269,10,0,11.25,,0,0,0,0,0,0,0,0,0,,56,40,,0,0,0,0
1602215352392,7,1010123456037,78,,1,0,4,1,0,,3.85047,107,0,0.05104,44,0,8.33333,,0.1,14,0,0.1,5,0,0,2.55121,31,,290,178,,0,0,0,1.64286
1602215352642,7,1010123456037,78,,1,0,4,1,0,,1,54,0,0.018048,23,0,6.25,,0.1,3,0,0.1,1,0,0,5.6653,0,,54,86,,0,0,0,1
1602215352892,7,1010123456037,78,,1,0,4,1,0,,18,17,0,0.030912,6,0,13,,0,0,0,0,0,0,0,0,0,,30,24,,0,0,0,0
1602215353142,7,1010123456037,78,,1,0,4,1,0,,2.62857,70,161,0.027648,25,0,6.33333,,0,0,0,0,0,0,0,0,0,,0,110,,0,0,0,0
1602215353392,7,1010123456037,78,,1,0,4,1,0,,1.08108,111,0,0.032416,50,0,11.5,,4.16129,31,0,0.1,13,30.7692,0,8.54565,31,,6,186,,0,0,0,3.6129
1602215353642,7,1010123456037,78,,1,0,4,1,0,,6.125,72,0,0.048864,29,0,9,,0,0,0,0,0,0,0,0,0,,120,112,,0,0,0,0
1602215353892,7,1010123456037,78,,1,0,4,1,0,,18.5,24,0,0.046624,9,0,13,,0,0,0,0,0,0,0,0,0,,63,34,,0,0,0,0
1602215354142,7,1010123456037,78,,1,0,4,1,0,,15.2727,22,0,0.03136,8,0,6.16667,,0,0,0,0,0,0,0,0,0,,69,28,,0,0,0,0
1602215354392,7,1010123456037,78,,1,0,4,1,0,,18,11,0,0.02576,5,0,12.75,,3.57143,21,0,0.1,9,22.2222,0,3.77135,31,,29,20,,0,0,0,3.57143
1602215354642,7,1010123456037,78,,1,0,4,1,0,,5.31944,72,0,0.04384,27,0,9.2,,0,0,0,0,0,0,0,0,0,,107,108,,0,0,0,0
1602215354892,7,1010123456037,78,,1,0,4,1,0,,10.8462,39,0,0.047136,15,0,7.75,,0,0,0,0,0,0,0,0,0,,167,56,,0,0,0,0
1602215355142,7,1010123456037,78,,1,0,4,1,0,,5.95082,61,224,0.043712,17,0,9.75,,0,0,0,0,0,0,0,0,0,,85,96,,0,0,0,0
1602215355392,7,1010123456037,78,,1,0,4,1,0,,3.36508,63,0,0.038944,33,0,9.83333,,0,0,0,0,0,0,0,0,0,,-2,104,,0,0,0,0
1602215355642,7,1010123456037,78,,1,0,4,1,0,,7.45238,42,245,0.03296,14,0,7.66667,,4.34783,23,0,0.1,10,40,0,7.89577,31,,268,68,,0,0,0,4.13043
1602215355892,7,1010123456037,78,,1,0,4,1,0,,6.40741,81,0,0.058816,34,0,9.66667,,0,0,0,0,0,0,0,0,0,,178,118,,0,0,0,0
1602215356142,7,1010123456037,78,,1,0,4,1,0,,8.71875,32,116,0.031712,9,0,10,,0,0,0,0,0,0,0,0,0,,42,52,,0,0,0,0
1602215356392,7,1010123456037,78,,1,0,4,1,0,,10.7917,72,0,0.0944,33,0,11.8333,,9.4,30,0,0.1,12,41.6667,0,5.8281,31,,185,114,,0,0,0,4.9
1602215356642,7,1010123456037,78,,1,0,4,1,0,,2.88406,69,0,0.03376,28,0,7.75,,0,0,0,0,0,0,0,0,0,,40,108,,0,0,0,0
1602215356892,7,1010123456037,78,,1,0,4,1,0,,5.44,50,0,0.03296,21,0,9.2,,0,0,0,0,0,0,0,0,0,,100,80,,0,0,0,0
1602215357142,7,1010123456037,78,,1,0,4,1,0,,12.1622,37,0,0.036736,12,0,9.66667,,0,0,0,0,0,0,0,0,0,,109,56,,0,0,0,0
1602215357392,7,1010123456037,78,,1,0,4,1,0,,9.14894,47,0,0.057856,20,0,11,,0.375,16,0,0.1,7,0,0,3.059,31,,256,70,,0,0,0,1.375
1602215357642,7,1010123456037,78,,1,0,4,1,0,,10.5882,17,0,0.020992,7,0,6.75,,0,0,0,0,0,0,0,0,0,,65,28,,0,0,0,0
1602215357892,7,1010123456037,78,,1,0,4,1,0,,11.2692,26,23,0.026208,7,0,10.2,,0,0,0,0,0,0,0,0,0,,134,40,,0,0,0,0
1602215358142,7,1010123456037,78,,1,0,4,1,0,,9.46296,54,0,0.0584,24,0,10.6667,,0,0,0,0,0,0,0,0,0,,190,86,,0,0,0,0
1602215358392,7,1010123456037,78,,1,0,4,1,0,,12.5217,23,0,0.031136,8,0,12.5,,3.28571,28,0,0.1,11,18.1818,0,5.36983,31,,99,32,,0,0,0,2.92857
1602215358642,7,1010123456037,78,,1,0,4,1,0,,5.63636,33,0,0.027232,15,0,10.25,,15,6,0,0,2,100,0,3.99852,0,,-8,54,,0,0,0,10
1602215358892,7,1010123456037,78,,1,0,4,1,0,,9.35294,34,0,0.036992,14,0,11.4,,0,0,0,0,0,0,0,0,0,,30,54,,0,0,0,0
1602215359142,7,1010123456037,78,,1,0,4,1,0,,10.9167,48,0,0.0528,18,0,7.25,,0,0,0,0,0,0,0,0,0,,226,76,,0,0,0,0
1602215359392,7,1010123456037,78,,1,0,4,1,0,,18,4,0,0.015456,3,0,9.75,,0,0,0,0,0,0,0,0,0,,25,8,,0,0,0,0
1602215359642,7,1010123456037,78,,1,0,4,1,0,,9.25714,35,0,0.03216,14,0,10.5,,0,18,0,0.1,9,0,0,0,31,,231,52,,0,0,0,0
1602215359892,7,1010123456037,78,,1,0,4,1,0,,18,5,0,0.010304,2,0,8.75,,0,0,0,0,0,0,0,0,0,,9,8,,0,0,0,0
1602215360142,7,1010123456037,78,,1,0,4,1,0,,3,37,81,0.013472,12,0,9.25,,0,0,0,0,0,0,0,0,0,,4,58,,0,0,0,0
1602215360392,7,1010123456037,78,,1,0,4,1,0,,1.54074,135,0,0.040896,56,0,7.66667,,0.1,16,0,0.1,8,0,0,3.42307,31,,238,210,,0,0,0,1
1602215360642,7,1010123456037,78,,1,0,4,1,0,,4.53731,67,0,0.033632,27,0,8.25,,0,0,0,0,0,0,0,0,0,,279,102,,0,0,0,0
1602215360892,7,1010123456037,78,,1,0,4,1,0,,1.84076,157,0,0.053504,64,0,7.25,,0,0,0,0,0,0,0,0,0,,-36,256,,0,0,0,0
1602215361142,7,1010123456037,78,,1,0,4,1,0,,7.97872,47,0,0.042944,18,0,9,,0,0,0,0,0,0,0,0,0,,34,80,,0,0,0,0
1602215361392,7,1010123456037,78,,1,0,4,1,0,,14.7333,15,0,0.031296,8,0,11.1667,,0,0,0,0,0,0,0,0,0,,42,22,,0,0,0,0
1602215361642,7,1010123456037,78,,1,0,4,1,0,,3.05263,38,0,0.017216,16,0,7.66667,,0.1,21,0,0.1,8,0,0,4.09106,31,,166,62,,0,0,0,1
1602215361892,7,1010123456037,78,,1,0,4,1,0,,10.8,35,0,0.037696,14,0,11.3333,,0,0,0,0,0,0,0,0,0,,226,56,,0,0,0,0
1602215362142,7,1010123456037,78,,1,0,4,1,0,,9.4375,32,0,0.03744,14,0,8.8,,0,0,0,0,0,0,0,0,0,,89,54,,0,0,0,0
1602215362392,7,1010123456037,78,,1,0,4,1,0,,10.9667,30,42,0.03392,8,0,8.25,,0.1,17,0,0.1,7,0,0,10.2524,31,,67,52,,0,0,0,1
1602215362642,7,1010123456037,78,,1,0,4,1,0,,3.64341,129,0,0.05456,53,0,11.2,,0,0,0,0,0,0,0,0,0,,402,196,,0,0,0,0
1602215362892,7,1010123456037,78,,1,0,4,1,0,,18,8,0,0.02576,5,0,9.2,,0,0,0,0,0,0,0,0,0,,11,12,,0,0,0,0
1602215363142,7,1010123456037,78,,1,0,4,1,0,,7.95122,41,130,0.037312,17,0,11,,0,0,0,0,0,0,0,0,0,,259,70,,0,0,0,0
1602215363392,7,1010123456037,78,,1,0,4,1,0,,6.8983,59,0,0.048448,25,0,8.5,,0.24,25,0,0.1,9,0,0,3.671,31,,460,94,,0,0,0,1.12
1602215363642,7,1010123456037,78,,1,0,4,1,0,,8.73684,19,0,0.013792,6,0,11.6667,,0,0,0,0,0,0,0,0,0,,68,28,,0,0,0,0
1602215363892,7,1010123456037,78,,1,0,4,1,0,,12.717,53,0,0.075904,22,0,13,,0,0,0,0,0,0,0,0,0,,191,84,,0,0,0,0
1602215364142,7,1010123456037,78,,1,0,4,1,0,,9.22727,44,0,0.042848,18,0,9.4,,0,0,0,0,0,0,0,0,0,,257,76,,0,0,0,0
1602215364392,7,1010123456037,78,,1,0,4,1,0,,6.80488,41,0,0.0376,18,0,10,,2.90323,31,0,0.1,12,16.6667,0,4.0972,31,,169,66,,0,0,0,3
1602215364642,7,1010123456037,78,,1,0,4,1,0,,8.78049,41,95,0.042976,13,0,9.66667,,0,0,0,0,0,0,0,0,0,,38,68,,0,0,0,0
1602215364892,7,1010123456037,78,,1,0,4,1,0,,4.76087,46,0,0.032256,22,0,10.5,,0,0,0,0,0,0,0,0,0,,76,72,,0,0,0,0
1602215365142,7,1010123456037,78,,1,0,4,1,0,,12.1333,30,0,0.031264,8,0,11.25,,0,0,0,0,0,0,0,0,0,,91,42,,0,0,0,0
1602215365393,7,1010123456037,78,,1,0,4,1,0,,7.27778,54,0,0.0383108,22,0,8.83333,,5.41935,31,0,0.1,11,45.4545,0,4.8185,31,,206,78,,0,0,0,5.35484
1602215365642,7,1010123456037,78,,1,0,4,1,0,,17.875,32,0,0.0728032,14,0,11.3333,,0,0,0,0,0,0,0,0,0,,71,52,,0,0,0,0
1602215365892,7,1010123456037,78,,1,0,4,1,0,,18,35,0,0.066976,13,0,14,,0,0,0,0,0,0,0,0,0,,102,52,,0,0,0,0
1602215366142,7,1010123456037,78,,1,0,4,1,0,,3.16327,98,0,0.037376,38,0,3.75,,0,0,0,0,0,0,0,0,0,,249,158,,0,0,0,0
1602215366392,7,1010123456037,78,,1,0,4,1,0,,6.19178,73,0,0.056992,32,0,9.71429,,0.1,15,0,0.1,6,0,0,5.16951,31,,350,114,,0,0,0,1
1602215366642,7,1010123456037,78,,1,0,4,1,0,,1.14286,63,0,0.0184,25,0,8,,0,0,0,0,0,0,0,0,0,,136,100,,0,0,0,0
1602215366892,7,1010123456037,78,,1,0,4,1,0,,4.13889,108,0,0.056192,41,0,9.5,,0,0,0,0,0,0,0,0,0,,-6,166,,0,0,0,0
1602215367142,7,1010123456037,78,,1,0,4,1,0,,19.8,30,0,0.07696,13,0,14,,0,0,0,0,0,0,0,0,0,,118,48,,0,0,0,0
1602215367392,7,1010123456037,78,,1,0,4,1,0,,16,21,0,0.036352,8,0,8.75,,0.272727,22,0,0.1,10,0,0,4.42194,31,,91,32,,0,0,0,1
1602215367642,7,1010123456037,78,,1,0,4,1,0,,6.05556,36,0,0.021952,14,0,10.3333,,0,0,0,0,0,0,0,0,0,,124,56,,0,0,0,0
1602215367892,7,1010123456037,78,,1,0,4,1,0,,18,17,0,0.036064,7,0,13.3333,,0,0,0,0,0,0,0,0,0,,35,32,,0,0,0,0
1602215368142,7,1010123456037,78,,1,0,4,1,0,,18,25,0,0.046368,9,0,12.3333,,0,0,0,0,0,0,0,0,0,,56,36,,0,0,0,0
1602215368392,7,1010123456037,78,,1,0,4,1,0,,3.54545,55,0,0.028064,23,0,8.5,,0.1,27,0,0.1,9,0,0,3.60307,31,,118,90,,0,0,0,1
1602215368642,7,1010123456037,78,,1,0,4,1,0,,5.78125,64,0,0.038688,25,0,9,,0,0,0,0,0,0,0,0,0,,261,96,,0,0,0,0
1602215368892,7,1010123456037,78,,1,0,4,1,0,,10.2414,29,289,0.027712,9,0,9,,0,0,0,0,0,0,0,0,0,,138,48,,0,0,0,0
1602215369142,7,1010123456037,78,,1,0,4,1,0,,7.40789,76,0,0.0584,31,0,9.33333,,0,0,0,0,0,0,0,0,0,,144,106,,0,0,0,0
1602215369392,7,1010123456037,78,,1,0,4,1,0,,13,31,0,0.036576,10,0,8.5,,0.1,19,0,0.1,8,0,0,5.13922,31,,85,44,,0,0,0,1
1602215369642,7,1010123456037,78,,1,0,4,1,0,,11.6875,16,0,0.026304,9,0,11,,0,0,0,0,0,0,0,0,0,,79,26,,0,0,0,0
1602215369892,7,1010123456037,78,,1,0,4,1,0,,2.875,56,49,0.025728,17,0,10.3333,,0,0,0,0,0,0,0,0,0,,36,84,,0,0,0,0
1602215370142,7,1010123456037,78,,1,0,4,1,0,,9.7027,37,0,0.041312,19,0,10,,0,0,0,0,0,0,0,0,0,,63,58,,0,0,0,0
1602215370392,7,1010123456037,78,,1,0,4,1,0,,5.92188,64,123,0.041728,25,0,9,,0.1,7,0,0.1,3,0,0,2.99759,31,,134,108,,0,0,0,1
1602215370642,7,1010123456037,78,,1,0,4,1,0,,17.6522,23,0,0.053824,10,0,5.25,,0.1,13,0,0.1,5,0,0,3.97086,0,,139,32,,0,0,0,1
1602215370892,7,1010123456037,78,,1,0,4,1,0,,3.59821,112,0,0.06112,45,0,10.5,,0,0,0,0,0,0,0,0,0,,88,178,,0,0,0,0
1602215371142,7,1010123456037,78,,1,0,4,1,0,,5.9589,73,0,0.04912,29,0,11.4,,0,0,0,0,0,0,0,0,0,,74,120,,0,0,0,0
1602215371392,7,1010123456037,78,,1,0,4,1,0,,1.91139,79,0,0.034304,33,0,8.6,,0.153846,26,0,0.1,10,0,0,4.60627,31,,39,126,,0,0,0,1.07692
1602215371642,7,1010123456037,78,,1,0,4,1,0,,20.4545,11,0,0.0256,4,0,13.75,,0,0,0,0,0,0,0,0,0,,17,16,,0,0,0,0
1602215371892,7,1010123456037,78,,1,0,4,1,0,,2.00877,114,0,0.041184,47,0,6.75,,0,0,0,0,0,0,0,0,0,,-52,188,,0,0,0,0
1602215372142,7,1010123456037,78,,1,0,4,1,0,,17.8235,17,0,0.036512,7,0,13,,0,0,0,0,0,0,0,0,0,,76,26,,0,0,0,0
1602215372392,7,1010123456037,78,,1,0,4,1,0,,13.4,15,0,0.02096,6,0,11.5,,0.1,16,0,0.1,7,0,0,3.33338,31,,70,26,,0,0,0,1
1602215372642,7,1010123456037,78,,1,0,4,1,0,,4,41,29,0.025152,14,0,8,,0,0,0,0,0,0,0,0,0,,143,68,,0,0,0,0
1602215372892,7,1010123456037,78,,1,0,4,1,0,,2.43939,66,0,0.025984,32,0,10.5,,0,0,0,0,0,0,0,0,0,,56,108,,0,0,0,0
1602215373142,7,1010123456037,78,,1,0,4,1,0,,19.2857,21,0,0.056512,10,0,13.75,,0,0,0,0,0,0,0,0,0,,58,40,,0,0,0,0
1602215373392,7,1010123456037,78,,1,0,4,1,0,,11.2105,19,0,0.026144,8,0,10.3333,,0.1,21,0,0.1,8,0,0,4.93139,31,,58,32,,0,0,0,1
1602215373642,7,1010123456037,78,,1,0,4,1,0,,8.81481,54,0,0.048,21,0,10.4,,4.8,5,0,0.1,2,0,0,3.99378,0,,286,80,,0,0,0,1.6
1602215373892,7,1010123456037,78,,1,0,4,1,0,,18,21,0,0.036064,7,0,11.5,,0,0,0,0,0,0,0,0,0,,51,36,,0,0,0,0
1602215374142,7,1010123456037,78,,1,0,4,1,0,,16.7647,17,0,0.03616,8,0,10.6,,0,0,0,0,0,0,0,0,0,,62,22,,0,0,0,0
1602215374392,7,1010123456037,78,,1,0,4,1,0,,0,8,0,0.020608,4,0,10.3333,,0,0,0,0,0,0,0,0,0,,32,16,,0,0,0,0
1602215374642,7,1010123456037,78,,1,0,4,1,0,,20.25,8,0,0.020448,3,0,10.5,,5.5,24,0,0.1,10,40,0,7.04945,31,,25,16,,0,0,0,5.125
1602215374892,7,1010123456037,78,,1,0,4,1,0,,17.4,15,0,0.025984,6,0,8.33333,,0,0,0,0,0,0,0,0,0,,40,22,,0,0,0,0
1602215375142,7,1010123456037,78,,1,0,4,1,0,,3.34286,70,0,0.033856,28,0,9.75,,0,0,0,0,0,0,0,0,0,,115,112,,0,0,0,0
1602215375392,7,1010123456037,78,,1,0,4,1,0,,15.8125,16,0,0.036352,8,0,12.2,,15,11,0,0,4,100,0,3.13533,0,,98,28,,0,0,0,10
1602215375642,7,1010123456037,78,,1,0,4,1,0,,3.99107,112,0,0.056352,46,0,8.5,,0,0,0,0,0,0,0,0,0,,259,182,,0,0,0,0
1602215375892,7,1010123456037,78,,1,0,4,1,0,,18,5,0,0.010304,2,0,14,,0,0,0,0,0,0,0,0,0,,14,8,,0,0,0,0
1602215376142,7,1010123456037,78,,1,0,4,1,0,,18,17,0,0.036064,7,0,9.66667,,0,0,0,0,0,0,0,0,0,,41,28,,0,0,0,0
1602215376392,7,1010123456037,78,,1,0,4,1,0,,2.05978,184,0,0.054496,73,0,8,,3.33333,18,0,0.1,6,0,0,6.46881,31,,88,294,,0,0,0,1.5
1602215376642,7,1010123456037,78,,1,0,4,1,0,,18,17,0,0.036576,7,0,9.66667,,0,0,0,0,0,0,0,0,0,,36,24,,0,0,0,0
1602215376892,7,1010123456037,78,,1,0,4,1,0,,4.6087,115,0,0.061312,46,0,5.75,,0,0,0,0,0,0,0,0,0,,114,180,,0,0,0,0
1602215377142,7,1010123456037,78,,1,0,4,1,0,,18,11,0,0.020608,4,0,14,,0,0,0,0,0,0,0,0,0,,18,16,,0,0,0,0
1602215377392,7,1010123456037,78,,1,0,4,1,0,,3.24194,124,0,0.056896,51,0,7.4,,2.38095,21,0,0.1,9,0,0,8.69723,31,,202,202,,0,0,0,1.28571
1602215377642,7,1010123456037,78,,1,0,4,1,0,,1.13971,136,25,0.03104,54,0,6,,0,0,0,0,0,0,0,0,0,,188,222,,0,0,0,0
1602215377892,7,1010123456037,78,,1,0,4,1,0,,3.05455,55,158,0.029792,25,0,13,,0,0,0,0,0,0,0,0,0,,10,92,,0,0,0,0
1602215378142,7,1010123456037,78,,1,0,4,1,0,,7.34694,49,0,0.037984,19,0,6.66667,,0,0,0,0,0,0,0,0,0,,96,74,,0,0,0,0
1602215378392,7,1010123456037,78,,1,0,4,1,0,,10.6304,46,0,0.052576,17,0,9,,3.17647,17,0,0.1,7,14.2857,0,5.17046,31,,283,66,,0,0,0,3.11765
1602215378642,7,1010123456037,78,,1,0,4,1,0,,6.91892,74,0,0.059104,29,0,10,,0,0,0,0,0,0,0,0,0,,136,114,,0,0,0,0
1602215378892,7,1010123456037,78,,1,0,4,1,0,,13.7778,18,0,0.020992,6,0,12,,0,0,0,0,0,0,0,0,0,,69,28,,0,0,0,0
1602215379142,7,1010123456037,78,,1,0,4,1,0,,8.25,36,0,0.037408,16,0,5.66667,,0,0,0,0,0,0,0,0,0,,177,60,,0,0,0,0
1602215379392,7,1010123456037,78,,1,0,4,1,0,,1.58394,137,0,0.042048,54,0,6.83333,,0,0,0,0,0,0,0,0,0,,4,216,,0,0,0,0
1602215379642,7,1010123456037,78,,1,0,4,1,0,,14.381,21,0,0.036512,9,0,9.33333,,8.29412,34,0,0.1,14,28.5714,0,9.63796,31,,65,36,,0,0,0,4.05882
1602215379892,7,1010123456037,78,,1,0,4,1,0,,6.72414,29,49,0.026528,11,0,8,,0,0,0,0,0,0,0,0,0,,21,48,,0,0,0,0
1602215380142,7,1010123456037,78,,1,0,4,1,0,,9.95,20,0,0.02144,9,0,10.6667,,0,0,0,0,0,0,0,0,0,,87,28,,0,0,0,0
1602215380392,7,1010123456037,78,,1,0,4,1,0,,1.69091,55,0,0.017888,22,0,10.2,,0,8,0,0,4,100,0,0,0,,24,86,,0,0,0,0
1602215380642,7,1010123456037,78,,1,0,4,1,0,,2.61728,81,0,0.029504,33,0,7.2,,0,0,0,0,0,0,0,0,0,,155,130,,0,0,0,0
1602215380892,7,1010123456037,78,,1,0,4,1,0,,4.39216,51,0,0.022784,20,0,11,,0,0,0,0,0,0,0,0,0,,72,80,,0,0,0,0
1602215381142,7,1010123456037,78,,1,0,4,1,0,,3.5625,80,102,0.039968,29,0,8.25,,0,0,0,0,0,0,0,0,0,,48,122,,0,0,0,0
1602215381392,7,1010123456037,78,,1,0,4,1,0,,15.7143,21,0,0.040576,12,0,13,,0.1,18,0,0.1,7,0,0,3.38518,31,,48,34,,0,0,0,1
1602215381642,7,1010123456037,78,,1,0,4,1,0,,12.25,36,151,0.052192,14,0,7,,0,0,0,0,0,0,0,0,0,,193,58,,0,0,0,0
1602215381892,7,1010123456037,78,,1,0,4,1,0,,5.91463,82,0,0.055008,33,0,10,,0,0,0,0,0,0,0,0,0,,37,124,,0,0,0,0
1602215382142,7,1010123456037,78,,1,0,4,1,0,,18,21,0,0.041216,8,0,13.5,,0,0,0,0,0,0,0,0,0,,67,32,,0,0,0,0
1602215382392,7,1010123456037,78,,1,0,4,1,0,,4,84,0,0.044864,34,0,11,,2.45455,22,0,0.1,8,25,0,4.90945,31,,136,134,,0,0,0,3.59091
1602215382642,7,1010123456037,78,,1,0,4,1,0,,2.11538,78,144,0.023648,28,0,4.6,,9,6,0,0,2,100,0,2.53058,0,,77,120,,0,0,0,10
1602215382892,7,1010123456037,78,,1,0,4,1,0,,0.709302,172,0,0.039264,71,0,7.75,,0,0,0,0,0,0,0,0,0,,16,272,,0,0,0,0
1602215383142,7,1010123456037,78,,1,0,4,1,0,,5.76136,88,0,0.07008,37,0,8.25,,0,0,0,0,0,0,0,0,0,,391,144,,0,0,0,0
1602215383392,7,1010123456037,78,,1,0,4,1,0,,12.36,25,93,0.036672,10,0,8,,8.04545,22,0,0.1,9,22.2222,0,10.6737,31,,94,42,,0,0,0,2.90909
1602215383642,7,1010123456037,78,,1,0,4,1,0,,10.2667,30,0,0.03184,12,0,11.6,,11.3438,32,0,0.1,12,75,0,3.20326,0,,142,42,,0,0,0,8.6875
1602215383892,7,1010123456037,78,,1,0,4,1,0,,9.50685,73,0,0.069152,28,0,7,,0,0,0,0,0,0,0,0,0,,552,110,,0,0,0,0
1602215384142,7,1010123456037,78,,1,0,4,1,0,,3.82979,94,0,0.055232,38,0,14,,0,0,0,0,0,0,0,0,0,,99,152,,0,0,0,0
1602215384392,7,1010123456037,78,,1,0,4,1,0,,12.5714,14,0,0.019744,5,0,9,,3.55556,27,0,0.1,12,16.6667,0,6.47991,31,,41,24,,0,0,0,2.33333
1602215384642,7,1010123456037,78,,1,0,4,1,0,,14.5806,31,0,0.0430843,12,0,13.3333,,0,0,0,0,0,0,0,0,0,,78,48,,0,0,0,0
1602215384892,7,1010123456037,78,,1,0,4,1,0,,18,11,0,0.032544,5,0,14,,0,0,0,0,0,0,0,0,0,,23,20,,0,0,0,0
1602215385142,7,1010123456037,78,,1,0,4,1,0,,18,13,0,0.030912,6,0,13.6667,,0,0,0,0,0,0,0,0,0,,29,20,,0,0,0,0
1602215385392,7,1010123456037,78,,1,0,4,1,0,,0.854054,185,0,0.039808,76,0,4.6,,0,4,0,0.1,2,0,0,0,31,,-36,306,,0,0,0,0
1602215385642,7,1010123456037,78,,1,0,4,1,0,,18,9,0,0.02576,5,0,9.33333,,0,0,0,0,0,0,0,0,0,,38,16,,0,0,0,0
1602215385892,7,1010123456037,78,,1,0,4,1,0,,2.93243,74,0,0.03424,31,0,8.33333,,0,0,0,0,0,0,0,0,0,,84,122,,0,0,0,0
1602215386142,7,1010123456037,78,,1,0,4,1,0,,3.075,80,0,0.039584,33,0,8.83333,,0,0,0,0,0,0,0,0,0,,96,132,,0,0,0,0
1602215386392,7,1010123456037,78,,1,0,4,1,0,,12.878,41,0,0.047168,14,0,10.75,,0,8,0,0,4,100,0,0,0,,47,62,,0,0,0,0
1602215386642,7,1010123456037,78,,1,0,4,1,0,,3.8254,63,77,0.04352,26,0,9.6,,0.1,3,0,0.1,1,0,0,2.07173,0,,118,98,,0,0,0,1
1602215386892,7,1010123456037,78,,1,0,4,1,0,,10.1875,32,144,0.036832,11,0,6.66667,,0,0,0,0,0,0,0,0,0,,58,48,,0,0,0,0
1602215387142,7,1010123456037,78,,1,0,4,1,0,,8.23077,39,0,0.042752,18,0,13.6667,,0,0,0,0,0,0,0,0,0,,41,64,,0,0,0,0
1602215387392,7,1010123456037,78,,1,0,4,1,0,,19.5,12,0,0.030752,5,0,13.6667,,0.1,19,0,0.1,8,12.5,0,2.10215,31,,37,20,,0,0,0,2.05263
1602215387642,7,1010123456037,78,,1,0,4,1,0,,3.42857,49,0,0.022688,20,0,5,,0.1,15,0,0.1,7,0,0,5.14783,31,,161,78,,0,0,0,1
1602215387892,7,1010123456037,78,,1,0,4,1,0,,3.69136,81,0,0.034528,34,0,8.6,,0,0,0,0,0,0,0,0,0,,231,130,,0,0,0,0
1602215388142,7,1010123456037,78,,1,0,4,1,0,,14.7692,13,0,0.020704,5,0,6,,0,0,0,0,0,0,0,0,0,,30,20,,0,0,0,0
1602215388392,7,1010123456037,78,,1,0,4,1,0,,2.46154,78,0,0.029504,31,0,10,,0,0,0,0,0,0,0,0,0,,112,122,,0,0,0,0
1602215388642,7,1010123456037,78,,1,0,4,1,0,,1.47541,61,0,0.0184,25,0,9,,7.0625,16,0,0.1,7,28.5714,0,4.90518,31,,93,100,,0,0,0,3.375
1602215388892,7,1010123456037,78,,1,0,4,1,0,,8.475,40,0,0.037216,16,0,9.4,,0,0,0,0,0,0,0,0,0,,171,64,,0,0,0,0
1602215389142,7,1010123456037,78,,1,0,4,1,0,,18,20,0,0.041216,8,0,13.1667,,0,0,0,0,0,0,0,0,0,,40,32,,0,0,0,0
1602215389392,7,1010123456037,78,,1,0,4,1,0,,3.23684,114,0,0.056736,47,0,5.33333,,0.1,19,0,0.1,8,0,0,3.37437,31,,-44,190,,0,0,0,1.10526
1602215389642,7,1010123456037,78,,1,0,4,1,0,,18,19,158,0.030912,6,0,13.3333,,0,0,0,0,0,0,0,0,0,,63,28,,0,0,0,0
1602215389892,7,1010123456037,78,,1,0,4,1,0,,10.4,60,0,0.068896,23,0,8.66667,,0,0,0,0,0,0,0,0,0,,250,86,,0,0,0,0
1602215390142,7,1010123456037,78,,1,0,4,1,0,,9.77143,35,0,0.041984,14,0,9.33333,,0,0,0,0,0,0,0,0,0,,28,56,,0,0,0,0
1602215390392,7,1010123456037,78,,1,0,4,1,0,,6.04478,67,158,0.048576,26,0,11.7143,,3.71429,14,0,0.1,6,0,0,11.9297,31,,7,102,,0,0,0,1.35714
1602215390642,7,1010123456037,78,,1,0,4,1,0,,5.96364,55,0,0.043584,22,0,10.5,,0,0,0,0,0,0,0,0,0,,29,88,,0,0,0,0
1602215390892,7,1010123456037,78,,1,0,4,1,0,,0,6,0,0.020448,3,0,14,,0,0,0,0,0,0,0,0,0,,17,12,,0,0,0,0
1602215391142,7,1010123456037,78,,1,0,4,1,0,,19.9286,14,158,0.030752,5,0,0.1,,0,0,0,0,0,0,0,0,0,,31,24,,0,0,0,0
1602215391392,7,1010123456037,78,,1,0,4,1,0,,18,25,0,0.056672,11,0,13.8333,,0,8,0,0,4,100,0,0,0,,55,44,,0,0,0,0
1602215391642,7,1010123456037,78,,1,0,4,1,0,,2.59375,32,0,0.016864,14,0,8.8,,0,0,0,0,0,0,0,0,0,,50,50,,0,0,0,0
1602215391892,7,1010123456037,78,,1,0,4,1,0,,4.14474,76,0,0.039232,30,0,7.5,,0,0,0,0,0,0,0,0,0,,97,118,,0,0,0,0
1602215392142,7,1010123456037,78,,1,0,4,1,0,,8.66667,27,68,0.02128,9,0,10.6667,,0,0,0,0,0,0,0,0,0,,178,44,,0,0,0,0
1602215392392,7,1010123456037,78,,1,0,4,1,0,,11.3333,42,0,0.057824,19,0,13.5,,3.85714,14,0,0.1,6,0,0,8.06936,31,,161,64,,0,0,0,1.42857
1602215392642,7,1010123456037,78,,1,0,4,1,0,,2.7803,132,0,0.057664,52,0,7.2,,0,0,0,0,0,0,0,0,0,,5,208,,0,0,0,0
1602215392892,7,1010123456037,78,,1,0,4,1,0,,1.46486,185,0,0.049696,71,0,5.5,,0,0,0,0,0,0,0,0,0,,58,296,,0,0,0,0
1602215393142,7,1010123456037,78,,1,0,4,1,0,,18,15,0,0.041664,10,0,13,,0,0,0,0,0,0,0,0,0,,77,28,,0,0,0,0
1602215393392,7,1010123456037,78,,1,0,4,1,0,,18,19,0,0.036064,7,0,13.1667,,4.57143,14,0,0.1,6,0,0,11.0752,31,,55,28,,0,0,0,1
1602215393642,7,1010123456037,78,,1,0,4,1,0,,11.5238,42,74,0.052672,12,0,11.6,,0,0,0,0,0,0,0,0,0,,83,64,,0,0,0,0
1602215393892,7,1010123456037,78,,1,0,4,1,0,,3.55932,59,0,0.033472,30,0,9.5,,0,0,0,0,0,0,0,0,0,,185,102,,0,0,0,0
1602215394142,7,1010123456037,78,,1,0,4,1,0,,1.7971,69,0,0.018912,28,0,7,,0,0,0,0,0,0,0,0,0,,147,108,,0,0,0,0
1602215394392,7,1010123456037,78,,1,0,4,1,0,,2.66265,83,554,0.030112,31,0,8.6,,0,0,0,0,0,0,0,0,0,,41,136,,0,0,0,0
1602215394642,7,1010123456037,78,,1,0,4,1,0,,5.69231,91,231,0.07024,34,0,9.83333,,12,12,0,0,4,100,0,2.79748,0,,103,142,,0,0,0,10
1602215394892,7,1010123456037,78,,1,0,4,1,0,,9.6,55,158,0.072672,27,0,13,,0,0,0,0,0,0,0,0,0,,72,88,,0,0,0,0
1602215395142,7,1010123456037,78,,1,0,4,1,0,,16.0588,17,158,0.031072,7,0,9.4,,0,0,0,0,0,0,0,0,0,,37,26,,0,0,0,0
1602215395392,7,1010123456037,78,,1,0,4,1,0,,3.15556,90,0,0.050048,36,0,6.75,,0.1,21,0,0.1,8,0,0,3.21666,31,,-48,142,,0,0,0,1
1602215395642,7,1010123456037,78,,1,0,4,1,0,,3.34483,87,0,0.039744,34,0,8,,0,0,0,0,0,0,0,0,0,,38,134,,0,0,0,0
1602215395892,7,1010123456037,78,,1,0,4,1,0,,6.53571,56,0,0.048288,23,0,7.66667,,0,0,0,0,0,0,0,0,0,,77,92,,0,0,0,0
1602215396142,7,1010123456037,78,,1,0,4,1,0,,16.4167,24,0,0.041312,9,0,12.2,,0,0,0,0,0,0,0,0,0,,64,40,,0,0,0,0
1602215396392,7,1010123456037,78,,1,0,4,1,0,,9.04348,23,113,0.026528,10,0,9.25,,0,0,0,0,0,0,0,0,0,,153,40,,0,0,0,0
1602215396642,7,1010123456037,78,,1,0,4,1,0,,5,86,72,0.044416,33,0,7.75,,7.21951,41,0,0.1,16,50,0,5.74576,31,,339,140,,0,0,0,5.39024
1602215396892,7,1010123456037,78,,1,0,4,1,0,,9.90476,63,0,0.0688,27,0,13.75,,0,0,0,0,0,0,0,0,0,,113,92,,0,0,0,0
1602215397142,7,1010123456037,78,,1,0,4,1,0,,12.4,20,0,0.02656,8,0,11.8,,0,0,0,0,0,0,0,0,0,,56,32,,0,0,0,0
1602215397392,7,1010123456037,78,,1,0,4,1,0,,11.8571,21,0,0.031296,9,0,12.1667,,0.666667,15,0,0.1,6,0,0,3.97306,31,,74,36,,0,0,0,1.53333
1602215397642,7,1010123456037,78,,1,0,4,1,0,,2.30481,187,0,0.0699438,73,0,6.5,,0,0,0,0,0,0,0,0,0,,60,294,,0,0,0,0
1602215397892,7,1010123456037,78,,1,0,4,1,0,,4.09091,44,0,0.032608,19,0,11,,0,0,0,0,0,0,0,0,0,,10,70,,0,0,0,0
1602215398142,7,1010123456037,78,,1,0,4,1,0,,4.80952,84,0,0.049888,35,0,7.66667,,0,0,0,0,0,0,0,0,0,,262,134,,0,0,0,0
1602215398392,7,1010123456037,78,,1,0,4,1,0,,11.8696,23,0,0.031744,10,0,10.2,,0.1,21,0,0.1,9,0,0,3.14023,31,,40,34,,0,0,0,1
1602215398642,7,1010123456037,78,,1,0,4,1,0,,18,28,0,0.056672,11,0,13.5,,0,0,0,0,0,0,0,0,0,,48,44,,0,0,0,0
1602215398892,7,1010123456037,78,,1,0,4,1,0,,2.20755,53,0,0.022912,20,0,5,,0,0,0,0,0,0,0,0,0,,17,80,,0,0,0,0
1602215399142,7,1010123456037,78,,1,0,4,1,0,,13.8537,41,0,0.068256,17,0,10.6667,,0,0,0,0,0,0,0,0,0,,166,68,,0,0,0,0
1602215399392,7,1010123456037,78,,1,0,4,1,0,,10.1,30,0,0.03152,11,0,9,,5.34375,32,0,0.1,13,30.7692,0,8.71454,31,,36,42,,0,0,0,3.90625
1602215399642,7,1010123456037,78,,1,0,4,1,0,,14.1935,31,0,0.047104,12,0,11.6,,0,0,0,0,0,0,0,0,0,,53,48,,0,0,0,0
1602215399892,7,1010123456037,78,,1,0,4,1,0,,5.59459,37,0,0.027168,16,0,3,,0,0,0,0,0,0,0,0,0,,113,62,,0,0,0,0
1602215400142,7,1010123456037,78,,1,0,4,1,0,,10.3421,38,0,0.047488,17,0,10,,0,0,0,0,0,0,0,0,0,,240,64,,0,0,0,0
1602215400392,7,1010123456037,78,,1,0,4,1,0,,6.53247,77,0,0.059712,31,0,8.4,,12,12,0,0,4,100,0,3.46602,0,,217,124,,0,0,0,10
1602215400642,7,1010123456037,78,,1,0,4,1,0,,20.1176,17,0,0.046048,7,0,8.5,,0,0,0,0,0,0,0,0,0,,51,28,,0,0,0,0
1602215400892,7,1010123456037,78,,1,0,4,1,0,,1.89474,76,123,0.023552,26,0,7.75,,0,0,0,0,0,0,0,0,0,,119,124,,0,0,0,0
1602215401142,7,1010123456037,78,,1,0,4,1,0,,3.14074,135,0,0.052832,59,0,7.8,,0,0,0,0,0,0,0,0,0,,97,212,,0,0,0,0
1602215401392,7,1010123456037,78,,1,0,4,1,0,,15.2,20,0,0.036576,9,0,12,,0,0,0,0,0,0,0,0,0,,43,32,,0,0,0,0
1602215401642,7,1010123456037,78,,1,0,4,1,0,,2.72414,58,0,0.02304,23,0,8.2,,3.52174,23,0,0.1,10,20,0,9.00832,31,,64,90,,0,0,0,2.95652
1602215401892,7,1010123456037,78,,1,0,4,1,0,,6.2234,94,0,0.065152,36,0,8.5,,0,0,0,0,0,0,0,0,0,,90,146,,0,0,0,0
1602215402142,7,1010123456037,78,,1,0,4,1,0,,15,38,0,0.067424,15,0,10.25,,0,0,0,0,0,0,0,0,0,,84,60,,0,0,0,0
1602215402392,7,1010123456037,78,,1,0,4,1,0,,6.46154,39,0,0.027136,16,0,7.2,,13.3333,12,0,0.1,5,60,0,10.7337,31,,167,60,,0,0,0,6.75
1602215402642,7,1010123456037,78,,1,0,4,1,0,,9.48077,52,0,0.058112,21,0,13.2,,3.42857,21,0,0.1,9,33.3333,0,3.11129,31,,35,82,,0,0,0,3.71429
1602215402892,7,1010123456037,78,,1,0,4,1,0,,2.19091,110,0,0.036512,45,0,6.8,,0,0,0,0,0,0,0,0,0,,69,184,,0,0,0,0
1602215403142,7,1010123456037,78,,1,0,4,1,0,,3.50413,121,0,0.056768,50,0,5.75,,0,0,0,0,0,0,0,0,0,,255,194,,0,0,0,0
1602215403392,7,1010123456037,78,,1,0,4,1,0,,5.22353,85,0,0.05408,34,0,7.2,,0,0,0,0,0,0,0,0,0,,149,136,,0,0,0,0
1602215403642,7,1010123456037,78,,1,0,4,1,0,,4.38889,90,266,0.066336,36,0,8.8,,6.6,40,0,0.1,16,37.5,0,6.41117,31,,-9,146,,0,0,0,4.275
1602215403892,7,1010123456037,78,,1,0,4,1,0,,2.31522,92,0,0.0308434,36,0,9.6,,0,0,0,0,0,0,0,0,0,,17,142,,0,0,0,0
1602215404142,7,1010123456037,78,,1,0,4,1,0,,7.78571,42,0,0.041696,20,0,8.5,,0,0,0,0,0,0,0,0,0,,126,68,,0,0,0,0
1602215404392,7,1010123456037,78,,1,0,4,1,0,,4.54,100,0,0.060736,41,0,8,,0.1,16,0,0.1,6,0,0,4.30959,31,,62,154,,0,0,0,1.1875
1602215404642,7,1010123456037,78,,1,0,4,1,0,,10.4737,38,0,0.042144,15,0,12,,0,0,0,0,0,0,0,0,0,,140,58,,0,0,0,0
1602215404892,7,1010123456037,78,,1,0,4,1,0,,3.04762,105,317,0.047904,39,0,7.75,,0,0,0,0,0,0,0,0,0,,123,176,,0,0,0,0
1602215405142,7,1010123456037,78,,1,0,4,1,0,,10.0811,37,0,0.055616,21,0,12.6,,0,0,0,0,0,0,0,0,0,,39,62,,0,0,0,0
1602215405392,7,1010123456037,78,,1,0,4,1,0,,10.8438,32,0,0.042304,13,0,11.6,,2.56,25,0,0.1,10,0,0,6.23899,31,,105,50,,0,0,0,1.48
1602215405642,7,1010123456037,78,,1,0,4,1,0,,1.87179,117,0,0.036032,46,0,6.5,,0,0,0,0,0,0,0,0,0,,-38,182,,0,0,0,0
1602215405892,7,1010123456037,78,,1,0,4,1,0,,12.96,25,46,0.031936,7,0,10.6667,,0,0,0,0,0,0,0,0,0,,142,40,,0,0,0,0
1602215406142,7,1010123456037,78,,1,0,4,1,0,,4.95385,65,0,0.038208,30,0,10.8,,0,0,0,0,0,0,0,0,0,,70,106,,0,0,0,0
1602215406392,7,1010123456037,78,,1,0,4,1,0,,7.77049,61,0,0.060704,25,0,9.8,,4.08,25,0,0.1,11,27.2727,0,8.6679,31,,15,92,,0,0,0,3.52
1602215406642,7,1010123456037,78,,1,0,4,1,0,,2.38356,73,158,0.029152,29,0,7.75,,0,2,0,0.1,1,0,0,0,0,,77,116,,0,0,0,0
1602215406892,7,1010123456037,78,,1,0,4,1,0,,2.95,100,105,0.04016,34,0,6,,0,0,0,0,0,0,0,0,0,,69,158,,0,0,0,0
1602215407142,7,1010123456037,78,,1,0,4,1,0,,5.53659,41,0,0.02768,22,0,10.4,,0,0,0,0,0,0,0,0,0,,40,62,,0,0,0,0
1602215407392,7,1010123456037,78,,1,0,4,1,0,,18,9,0,0.020608,4,0,10,,0,0,0,0,0,0,0,0,0,,32,16,,0,0,0,0
1602215407642,7,1010123456037,78,,1,0,4,1,0,,9.17647,17,0,0.01616,7,0,12.5,,0,8,0,0,4,100,0,0,0,,90,26,,0,0,0,0
1602215407892,7,1010123456037,78,,1,0,4,1,0,,18,27,0,0.056672,11,0,12.6667,,0,0,0,0,0,0,0,0,0,,83,44,,0,0,0,0
1602215408142,7,1010123456037,78,,1,0,4,1,0,,2.79121,91,0,0.047264,37,0,10.75,,0,0,0,0,0,0,0,0,0,,6,148,,0,0,0,0
1602215408392,7,1010123456037,78,,1,0,4,1,0,,14.4,10,151,0.020448,3,0,9.33333,,0.666667,24,0,0.1,10,0,0,5.09823,31,,17,16,,0,0,0,1.16667
1602215408642,7,1010123456037,78,,1,0,4,1,0,,3.22388,67,0,0.033856,28,0,12.3333,,0,0,0,0,0,0,0,0,0,,127,112,,0,0,0,0
1602215408892,7,1010123456037,78,,1,0,4,1,0,,4.94595,74,0,0.049792,30,0,9.2,,0,0,0,0,0,0,0,0,0,,97,112,,0,0,0,0
1602215409142,7,1010123456037,78,,1,0,4,1,0,,18,19,0,0.041216,8,0,13.75,,0,0,0,0,0,0,0,0,0,,103,32,,0,0,0,0
1602215409392,7,1010123456037,78,,1,0,4,1,0,,18,16,0,0.02576,5,0,12.3333,,0.1,24,0,0.1,10,10,0,4.12744,31,,36,24,,0,0,0,1.75
1602215409642,7,1010123456037,78,,1,0,4,1,0,,10.5333,30,0,0.036672,12,0,10,,0,2,0,0.1,1,0,0,0,0,,5,42,,0,0,0,0
1602215409892,7,1010123456037,78,,1,0,4,1,0,,12.3636,33,0,0.052224,15,0,11.5,,0,0,0,0,0,0,0,0,0,,143,58,,0,0,0,0
1602215410142,7,1010123456037,78,,1,0,4,1,0,,18,11,0,0.02576,5,0,12.6667,,0,0,0,0,0,0,0,0,0,,33,20,,0,0,0,0
1602215410392,7,1010123456037,78,,1,0,4,1,0,,9.92857,56,0,0.05792,21,0,11.4,,0.1,16,0,0.1,6,0,0,2.88623,31,,210,82,,0,0,0,1.1875
1602215410642,7,1010123456037,78,,1,0,4,1,0,,4.20779,77,0,0.039008,29,0,11.3333,,0,0,0,0,0,0,0,0,0,,83,120,,0,0,0,0
1602215410892,7,1010123456037,78,,1,0,4,1,0,,5.4,40,0,0.037504,18,0,10.6667,,0,0,0,0,0,0,0,0,0,,17,66,,0,0,0,0
1602215411142,7,1010123456037,78,,1,0,4,1,0,,18,9,0,0.020608,4,0,9.33333,,0,0,0,0,0,0,0,0,0,,16,16,,0,0,0,0
1602215411392,7,1010123456037,78,,1,0,4,1,0,,2.55102,98,0,0.032928,38,0,6.33333,,0,0,0,0,0,0,0,0,0,,119,152,,0,0,0,0
1602215411642,7,1010123456037,78,,1,0,4,1,0,,12.9032,31,0,0.0448,13,0,11.75,,0.1,29,0,0.1,11,0,0,4.01026,31,,88,46,,0,0,0,1.27586
1602215411892,7,1010123456037,78,,1,0,4,1,0,,13.25,8,0,0.0104,3,0,11,,0,0,0,0,0,0,0,0,0,,18,12,,0,0,0,0
1602215412142,7,1010123456037,78,,1,0,4,1,0,,15.9412,17,0,0.036352,8,0,11,,0,0,0,0,0,0,0,0,0,,64,32,,0,0,0,0
1602215412392,7,1010123456037,78,,1,0,4,1,0,,6.45161,62,158,0.038144,23,0,9.5,,7.27273,11,0,0.1,5,80,0,7.21015,31,,259,90,,0,0,0,7.54545
1602215412642,7,1010123456037,78,,1,0,4,1,0,,5.91026,78,0,0.060256,30,0,7.75,,2,8,0,0.1,3,0,0,4.94157,0,,65,118,,0,0,0,1
1602215412892,7,1010123456037,78,,1,0,4,1,0,,6.15789,57,46,0.04528,19,0,10.6,,0,0,0,0,0,0,0,0,0,,24,92,,0,0,0,0
1602215413142,7,1010123456037,78,,1,0,4,1,0,,10.4865,37,158,0.049952,19,0,12.6,,0,0,0,0,0,0,0,0,0,,167,58,,0,0,0,0
1602215413392,7,1010123456037,78,,1,0,4,1,0,,10.38,50,0,0.05776,20,0,10.6667,,0.1,23,0,0.1,9,0,0,4.34622,31,,133,78,,0,0,0,1
1602215413642,7,1010123456037,78,,1,0,4,1,0,,18,30,0,0.061824,12,0,13.8,,0,0,0,0,0,0,0,0,0,,91,48,,0,0,0,0
1602215413892,7,1010123456037,78,,1,0,4,1,0,,18,19,0,0.041216,8,0,13.5,,0,0,0,0,0,0,0,0,0,,63,32,,0,0,0,0
1602215414142,7,1010123456037,78,,1,0,4,1,0,,7.10256,39,4,0.037248,17,0,10.6,,0,0,0,0,0,0,0,0,0,,121,68,,0,0,0,0
1602215414392,7,1010123456037,78,,1,0,4,1,0,,8.08823,34,0,0.023328,13,0,11,,0,8,0,0.1,4,25,0,0,31,,36,48,,0,0,0,0
1602215414642,7,1010123456037,78,,1,0,4,1,0,,7.64865,74,0,0.073216,32,0,10.3333,,0.1,14,0,0.1,6,0,0,3.88427,0,,81,122,,0,0,0,1
1602215414892,7,1010123456037,78,,1,0,4,1,0,,9.73684,19,0,0.021376,8,0,10.75,,0,0,0,0,0,0,0,0,0,,220,30,,0,0,0,0
1602215415142,7,1010123456037,78,,1,0,4,1,0,,11.6176,34,0,0.047104,14,0,10,,0,0,0,0,0,0,0,0,0,,115,54,,0,0,0,0
1602215415392,7,1010123456037,78,,1,0,4,1,0,,1.97222,144,245,0.049728,57,0,7,,0.1,23,0,0.1,8,0,0,7.03066,31,,-70,234,,0,0,0,1
1602215415642,7,1010123456037,78,,1,0,4,1,0,,5.42188,64,0,0.047392,30,0,12.75,,0,0,0,0,0,0,0,0,0,,36,108,,0,0,0,0
1602215415892,7,1010123456037,78,,1,0,4,1,0,,16.3333,21,0,0.041504,9,0,9.6,,0,0,0,0,0,0,0,0,0,,48,36,,0,0,0,0
1602215416142,7,1010123456037,78,,1,0,4,1,0,,4.01562,64,0,0.03872,26,0,9.83333,,0,0,0,0,0,0,0,0,0,,26,104,,0,0,0,0
1602215416392,7,1010123456037,78,,1,0,4,1,0,,18,20,0,0.041216,8,0,9.5,,11.4,15,0,0.1,5,80,0,6.96789,31,,52,32,,0,0,0,8.2
1602215416642,7,1010123456037,78,,1,0,4,1,0,,6.8,65,0,0.053536,25,0,10.25,,5.45455,22,0,0.1,9,44.4444,0,5.20287,31,,13,98,,0,0,0,5.09091
1602215416892,7,1010123456037,78,,1,0,4,1,0,,7.97872,47,0,0.0379438,18,0,6.75,,0,0,0,0,0,0,0,0,0,,278,72,,0,0,0,0
1602215417142,7,1010123456037,78,,1,0,4,1,0,,19.3043,23,0,0.058304,10,0,13,,0,0,0,0,0,0,0,0,0,,49,40,,0,0,0,0
1602215417392,7,1010123456037,78,,1,0,4,1,0,,5.71429,56,0,0.033248,22,0,9.16667,,1.92857,14,0,0.1,5,0,0,3.86681,31,,-9,86,,0,0,0,1.64286
1602215417642,7,1010123456037,78,,1,0,4,1,0,,19.125,24,0,0.056512,10,0,12.6667,,0,0,0,0,0,0,0,0,0,,82,40,,0,0,0,0
1602215417892,7,1010123456037,78,,1,0,4,1,0,,1.73958,96,0,0.03024,39,0,10.25,,0,0,0,0,0,0,0,0,0,,90,156,,0,0,0,0
1602215418142,7,1010123456037,78,,1,0,4,1,0,,5.25714,35,0,0.021952,14,0,7.6,,0,0,0,0,0,0,0,0,0,,184,56,,0,0,0,0
1602215418392,7,1010123456037,78,,1,0,4,1,0,,0.1,58,0,0.008096,23,0,7.16667,,0,0,0,0,0,0,0,0,0,,46,92,,0,0,0,0
1602215418642,7,1010123456037,78,,1,0,4,1,0,,13.8125,16,0,0.026272,7,0,11.75,,0.1,24,0,0.1,9,0,0,4.2768,31,,59,28,,0,0,0,1
1602215418892,7,1010123456037,78,,1,0,4,1,0,,9.34694,49,18,0.04352,16,0,7.5,,0,0,0,0,0,0,0,0,0,,217,76,,0,0,0,0
1602215419142,7,1010123456037,78,,1,0,4,1,0,,0,2,0,0.0048,5,0,10,,0,0,0,0,0,0,0,0,0,,6,4,,0,0,0,0
1602215419392,7,1010123456037,78,,1,0,4,1,0,,4.75,72,324,0.057184,25,0,9,,1,16,0,0.1,7,0,0,8.45361,31,,15,116,,0,0,0,1.1875
1602215419642,7,1010123456037,78,,1,0,4,1,0,,3.55963,109,77,0.057536,46,0,11.5,,0,0,0,0,0,0,0,0,0,,61,170,,0,0,0,0
1602215419892,7,1010123456037,78,,1,0,4,1,0,,14.9688,32,0,0.057344,14,0,11.2,,0,0,0,0,0,0,0,0,0,,112,56,,0,0,0,0
1602215420142,7,1010123456037,78,,1,0,4,1,0,,18,14,0,0.030912,6,0,11,,0,0,0,0,0,0,0,0,0,,60,24,,0,0,0,0
1602215420392,7,1010123456037,78,,1,0,4,1,0,,5.58,50,0,0.038048,21,0,9.8,,13.8,5,0,0.1,2,0,0,16.4593,31,,23,78,,0,0,0,4.2
1602215420642,7,1010123456037,78,,1,0,4,1,0,,1.31944,144,0,0.038208,59,0,4.8,,0,0,0,0,0,0,0,0,0,,210,234,,0,0,0,0
1602215420892,7,1010123456037,78,,1,0,4,1,0,,7.73684,19,0,0.02112,8,0,8.75,,0,0,0,0,0,0,0,0,0,,19,30,,0,0,0,0
1602215421142,7,1010123456037,78,,1,0,4,1,0,,5.72727,55,0,0.043488,23,0,9.33333,,0,0,0,0,0,0,0,0,0,,12,92,,0,0,0,0
1602215421392,7,1010123456037,78,,1,0,4,1,0,,14.1333,30,0,0.042016,11,0,9.8,,0.421053,19,0,0.1,8,0,0,8.11625,31,,94,40,,0,0,0,1.21053
1602215421642,7,1010123456037,78,,1,0,4,1,0,,18,3,0,0.005152,1,0,11.4,,0,0,0,0,0,0,0,0,0,,28,4,,0,0,0,0
1602215421892,7,1010123456037,78,,1,0,4,1,0,,11.6585,41,0,0.04256,15,0,7,,0,0,0,0,0,0,0,0,0,,151,60,,0,0,0,0
1602215422142,7,1010123456037,78,,1,0,4,1,0,,11.7931,29,130,0.041216,8,0,10.25,,0,0,0,0,0,0,0,0,0,,41,44,,0,0,0,0
1602215422392,7,1010123456037,78,,1,0,4,1,0,,4.47368,57,0,0.039008,27,0,10.6667,,16,9,0,0,4,100,0,5.28284,0,,-1,92,,0,0,0,10
1602215422642,7,1010123456037,78,,1,0,4,1,0,,4.13793,87,158,0.039392,33,0,8.2,,0,0,0,0,0,0,0,0,0,,-9,132,,0,0,0,0
1602215422892,7,1010123456037,78,,1,0,4,1,0,,15.5278,36,0,0.062272,14,0,11.25,,0,0,0,0,0,0,0,0,0,,70,52,,0,0,0,0
1602215423142,7,1010123456037,78,,1,0,4,1,0,,7.36364,44,18,0.032864,14,0,8.6,,0,0,0,0,0,0,0,0,0,,153,70,,0,0,0,0
1602215423392,7,1010123456037,78,,1,0,4,1,0,,10.0645,31,0,0.036384,16,0,6.33333,,1.05263,19,0,0.1,8,0,0,9.82949,31,,137,48,,0,0,0,1.10526
1602215423642,7,1010123456037,78,,1,0,4,1,0,,9.4,50,0,0.057376,21,0,10.3333,,0,0,0,0,0,0,0,0,0,,155,88,,0,0,0,0
1602215423892,7,1010123456037,78,,1,0,4,1,0,,4.21918,73,0,0.056416,31,0,10,,0,0,0,0,0,0,0,0,0,,96,120,,0,0,0,0
1602215424142,7,1010123456037,78,,1,0,4,1,0,,17.5,16,0,0.03104,6,0,12.8,,0,0,0,0,0,0,0,0,0,,40,24,,0,0,0,0
1602215424392,7,1010123456037,78,,1,0,4,1,0,,3.76,50,0,0.028032,21,0,8.4,,0,0,0,0,0,0,0,0,0,,5,80,,0,0,0,0
1602215424642,7,1010123456037,78,,1,0,4,1,0,,2.57718,149,0,0.058464,61,0,8.5,,1.4,15,0,0.1,5,0,0,2.40483,31,,260,244,,0,0,0,1.4
1602215424892,7,1010123456037,78,,1,0,4,1,0,,12.5429,35,0,0.046976,14,0,10,,0,0,0,0,0,0,0,0,0,,117,50,,0,0,0,0
1602215425142,7,1010123456037,78,,1,0,4,1,0,,18,7,0,0.015456,3,0,9.4,,0,0,0,0,0,0,0,0,0,,44,12,,0,0,0,0
1602215425392,7,1010123456037,78,,1,0,4,1,0,,10.8696,23,0,0.026432,9,0,8.66667,,0.1,19,0,0.1,8,0,0,5.76676,31,,105,36,,0,0,0,1
1602215425642,7,1010123456037,78,,1,0,4,1,0,,15.1481,27,0,0.0416,10,0,8.66667,,0,0,0,0,0,0,0,0,0,,78,40,,0,0,0,0
1602215425892,7,1010123456037,78,,1,0,4,1,0,,6.75,40,88,0.038176,13,0,7,,0,0,0,0,0,0,0,0,0,,22,68,,0,0,0,0
1602215426142,7,1010123456037,78,,1,0,4,1,0,,8.28261,46,0,0.046688,22,0,10.75,,0,0,0,0,0,0,0,0,0,,95,70,,0,0,0,0
1602215426392,7,1010123456037,78,,1,0,4,1,0,,19.8,10,0,0.0256,4,0,9,,12.48,25,0,0.1,10,60,0,10.3669,31,,21,16,,0,0,0,6.76
1602215426642,7,1010123456037,78,,1,0,4,1,0,,4.15,40,0,0.027328,16,0,10,,0,0,0,0,0,0,0,0,0,,183,66,,0,0,0,0
1602215426892,7,1010123456037,78,,1,0,4,1,0,,1.90361,83,196,0.032,30,0,6,,0,0,0,0,0,0,0,0,0,,-40,134,,0,0,0,0
1602215427142,7,1010123456037,78,,1,0,4,1,0,,3.34513,113,0,0.058848,47,0,11.2,,0,0,0,0,0,0,0,0,0,,7,170,,0,0,0,0
1602215427392,7,1010123456037,78,,1,0,4,1,0,,5.76829,82,40,0.058624,32,0,9.83333,,8.625,8,0,0.1,3,0,0,22.3577,31,,44,132,,0,0,0,1
1602215427642,7,1010123456037,78,,1,0,4,1,0,,18.625,24,0,0.052704,9,0,13,,0,0,0,0,0,0,0,0,0,,78,38,,0,0,0,0
1602215427892,7,1010123456037,78,,1,0,4,1,0,,13.25,32,0,0.047552,13,0,11.3333,,0,0,0,0,0,0,0,0,0,,105,46,,0,0,0,0
1602215428142,7,1010123456037,78,,1,0,4,1,0,,12.3571,14,0,0.026208,7,0,8.75,,0,0,0,0,0,0,0,0,0,,33,24,,0,0,0,0
1602215428392,7,1010123456037,78,,1,0,4,1,0,,3.48113,106,0,0.050592,41,0,9.66667,,15,9,0,0,4,100,0,3.71602,0,,362,164,,0,0,0,10
1602215428642,7,1010123456037,78,,1,0,4,1,0,,11.9583,24,0,0.031328,9,0,11,,0,0,0,0,0,0,0,0,0,,56,34,,0,0,0,0
1602215428892,7,1010123456037,78,,1,0,4,1,0,,0.923077,78,266,0.02016,30,0,9.66667,,0,0,0,0,0,0,0,0,0,,51,128,,0,0,0,0
1602215429142,7,1010123456037,78,,1,0,4,1,0,,3.31858,113,291,0.058208,43,0,9.5,,0,0,0,0,0,0,0,0,0,,166,184,,0,0,0,0
1602215429392,7,1010123456037,78,,1,0,4,1,0,,3.83051,59,0,0.03088,29,0,13.25,,0.1,18,0,0.1,7,14.2857,0,2.84358,31,,71,90,,0,0,0,2.66667
1602215429642,7,1010123456037,78,,1,0,4,1,0,,10.4167,36,0,0.03888,14,0,8.6,,0.1,3,0,0.1,1,0,0,2.3954,0,,194,50,,0,0,0,1
1602215429892,7,1010123456037,78,,1,0,4,1,0,,18.6667,15,0,0.042848,7,0,12.5,,0,0,0,0,0,0,0,0,0,,66,28,,0,0,0,0
1602215430142,7,1010123456037,78,,1,0,4,1,0,,2.87023,131,0,0.046528,50,0,6.75,,0,0,0,0,0,0,0,0,0,,295,200,,0,0,0,0
1602215430392,7,1010123456037,78,,1,0,4,1,0,,3.34615,78,0,0.034784,31,0,7.83333,,0.1,21,0,0.1,9,0,0,5.97388,31,,137,124,,0,0,0,1
1602215430642,7,1010123456037,78,,1,0,4,1,0,,12.4,20,0,0.03136,9,0,9,,0,0,0,0,0,0,0,0,0,,72,30,,0,0,0,0
1602215430892,7,1010123456037,78,,1,0,4,1,0,,5.925,40,0,0.0322892,16,0,9.66667,,0,0,0,0,0,0,0,0,0,,145,62,,0,0,0,0
1602215431142,7,1010123456037,78,,1,0,4,1,0,,18,11,0,0.020608,4,0,13.2,,0,0,0,0,0,0,0,0,0,,25,16,,0,0,0,0
1602215431392,7,1010123456037,78,,1,0,4,1,0,,18.25,16,0,0.036128,7,0,11.2,,0.1,19,0,0.1,7,0,0,4.76004,31,,46,26,,0,0,0,1
1602215431642,7,1010123456037,78,,1,0,4,1,0,,18,30,0,0.056672,11,0,11,,0,0,0,0,0,0,0,0,0,,89,44,,0,0,0,0
1602215431892,7,1010123456037,78,,1,0,4,1,0,,3.80734,109,0,0.060736,42,0,7.5,,0,0,0,0,0,0,0,0,0,,40,168,,0,0,0,0
1602215432142,7,1010123456037,78,,1,0,4,1,0,,7.42308,52,0,0.047936,21,0,10.1667,,0,0,0,0,0,0,0,0,0,,119,82,,0,0,0,0
1602215432392,7,1010123456037,78,,1,0,4,1,0,,0.254545,165,46,0.02544,61,0,4,,1.92857,14,0,0.1,5,0,0,4.50966,31,,35,264,,0,0,0,1.21429
1602215432642,7,1010123456037,78,,1,0,4,1,0,,9.17308,52,0,0.05616,25,0,10,,0,0,0,0,0,0,0,0,0,,187,80,,0,0,0,0
1602215432892,7,1010123456037,78,,1,0,4,1,0,,5.9881,84,0,0.065824,33,0,7.33333,,0,0,0,0,0,0,0,0,0,,164,138,,0,0,0,0
1602215433142,7,1010123456037,78,,1,0,4,1,0,,8.42683,82,0,0.074784,33,0,11,,0,0,0,0,0,0,0,0,0,,117,128,,0,0,0,0
1602215433392,7,1010123456037,78,,1,0,4,1,0,,6.16327,49,0,0.03552,20,0,10,,2.625,8,0,0.1,3,0,0,4.59988,31,,23,80,,0,0,0,3.25
1602215433642,7,1010123456037,78,,1,0,4,1,0,,3.47619,63,0,0.03616,25,0,5.33333,,0,0,0,0,0,0,0,0,0,,33,94,,0,0,0,0
1602215433892,7,1010123456037,78,,1,0,4,1,0,,16.3846,26,0,0.046464,10,0,11.3333,,0,0,0,0,0,0,0,0,0,,75,40,,0,0,0,0
1602215434142,7,1010123456037,78,,1,0,4,1,0,,7.26786,56,0,0.053568,23,0,9.8,,0,0,0,0,0,0,0,0,0,,43,92,,0,0,0,0
1602215434392,7,1010123456037,78,,1,0,4,1,0,,2.15625,160,0,0.056128,62,0,7.8,,0,18,0,0.1,9,0,0,0,31,,-66,252,,0,0,0,0
1602215434642,7,1010123456037,78,,1,0,4,1,0,,8.76786,56,0,0.057408,24,0,7,,0,0,0,0,0,0,0,0,0,,287,90,,0,0,0,0
1602215434892,7,1010123456037,78,,1,0,4,1,0,,3.17073,41,231,0.01888,14,0,8.75,,0,0,0,0,0,0,0,0,0,,-3,66,,0,0,0,0
1602215435142,7,1010123456037,78,,1,0,4,1,0,,5.2963,81,0,0.058336,35,0,11.6667,,0,0,0,0,0,0,0,0,0,,10,128,,0,0,0,0
1602215435392,7,1010123456037,78,,1,0,4,1,0,,8.05,40,0,0.032352,14,0,9,,0,0,0,0,0,0,0,0,0,,74,58,,0,0,0,0
1602215435642,7,1010123456037,78,,1,0,4,1,0,,18,5,0,0.015456,3,0,11.1667,,0.1,21,0,0.1,8,0,0,3.2681,31,,9,8,,0,0,0,1
1602215435892,7,1010123456037,78,,1,0,4,1,0,,17.8148,27,0,0.062208,12,0,12.8,,0,0,0,0,0,0,0,0,0,,71,48,,0,0,0,0
1602215436142,7,1010123456037,78,,1,0,4,1,0,,3.2,80,446,0.034304,30,0,7.5,,0,0,0,0,0,0,0,0,0,,33,128,,0,0,0,0
1602215436392,7,1010123456037,78,,1,0,4,1,0,,3.91549,71,0,0.04464,33,0,9,,0,0,0,0,0,0,0,0,0,,148,118,,0,0,0,0
1602215436642,7,1010123456037,78,,1,0,4,1,0,,18,7,0,0.015456,3,0,9,,0.1,23,0,0.1,9,0,0,4.68872,31,,15,12,,0,0,0,1
1602215436892,7,1010123456037,78,,1,0,4,1,0,,2.10638,94,88,0.031168,34,0,7.5,,0,0,0,0,0,0,0,0,0,,76,148,,0,0,0,0
1602215437142,7,1010123456037,78,,1,0,4,1,0,,9.4,45,0,0.051424,21,0,13.5,,0,0,0,0,0,0,0,0,0,,133,70,,0,0,0,0
1602215437392,7,1010123456037,78,,1,0,4,1,0,,5.16176,68,182,0.0423133,25,0,9.25,,4.09091,33,0,0.1,13,30.7692,0,6.14856,31,,80,106,,0,0,0,3.72727
1602215437642,7,1010123456037,78,,1,0,4,1,0,,3.34615,52,0,0.029952,24,0,13.5,,0,0,0,0,0,0,0,0,0,,-4,84,,0,0,0,0
1602215437892,7,1010123456037,78,,1,0,4,1,0,,4.37069,116,0,0.061184,46,0,9.33333,,0,0,0,0,0,0,0,0,0,,86,186,,0,0,0,0
1602215438142,7,1010123456037,78,,1,0,4,1,0,,18,7,0,0.015456,3,0,13,,0,0,0,0,0,0,0,0,0,,8,12,,0,0,0,0
1602215438392,7,1010123456037,78,,1,0,4,1,0,,3,77,488,0.038208,30,0,5,,0,0,0,0,0,0,0,0,0,,-35,122,,0,0,0,0
1602215438642,7,1010123456037,78,,1,0,4,1,0,,6.80263,76,0,0.065408,32,0,9.33333,,0,10,0,0.1,5,40,0,0,31,,43,122,,0,0,0,0
1602215438892,7,1010123456037,78,,1,0,4,1,0,,9,56,81,0.063936,18,0,10.8,,0,0,0,0,0,0,0,0,0,,41,88,,0,0,0,0
1602215439142,7,1010123456037,78,,1,0,4,1,0,,0.615721,229,0,0.052128,97,0,6.75,,0,0,0,0,0,0,0,0,0,,-65,368,,0,0,0,0
1602215439392,7,1010123456037,78,,1,0,4,1,0,,0.975,40,0,0.00704,16,0,8.83333,,0,0,0,0,0,0,0,0,0,,-20,62,,0,0,0,0
1602215439642,7,1010123456037,78,,1,0,4,1,0,,10.1905,42,0,0.042784,17,0,6,,0.909091,22,0,0.1,9,0,0,6.63514,31,,163,64,,0,0,0,1.36364
1602215439892,7,1010123456037,78,,1,0,4,1,0,,1.56349,126,0,0.036384,48,0,8.66667,,0,0,0,0,0,0,0,0,0,,166,186,,0,0,0,0
1602215440142,7,1010123456037,78,,1,0,4,1,0,,2.15686,153,0,0.053504,60,0,8.6,,0,0,0,0,0,0,0,0,0,,87,238,,0,0,0,0
1602215440392,7,1010123456037,78,,1,0,4,1,0,,9.56604,53,0,0.055392,21,0,11.8571,,0,4,0,0.1,2,0,0,0,31,,34,86,,0,0,0,0
1602215440642,7,1010123456037,78,,1,0,4,1,0,,18,21,0,0.044,9,0,12.4,,0,0,0,0,0,0,0,0,0,,31,32,,0,0,0,0
1602215440892,7,1010123456037,78,,1,0,4,1,0,,18,20,0,0.041216,8,0,13.6667,,0,0,0,0,0,0,0,0,0,,51,36,,0,0,0,0
1602215441142,7,1010123456037,78,,1,0,4,1,0,,19.1739,23,0,0.056512,10,0,13,,0,0,0,0,0,0,0,0,0,,96,36,,0,0,0,0
1602215441392,7,1010123456037,78,,1,0,4,1,0,,2.47222,72,0,0.024256,28,0,10.25,,0.1,14,0,0.1,5,0,0,3.54219,31,,-28,116,,0,0,0,1
1602215441642,7,1010123456037,78,,1,0,4,1,0,,6.56897,58,0,0.057728,24,0,10.6,,0.1,6,0,0.1,2,0,0,3.04338,0,,32,90,,0,0,0,1
1602215441892,7,1010123456037,78,,1,0,4,1,0,,18,20,0,0.041216,8,0,13.8,,0,0,0,0,0,0,0,0,0,,45,32,,0,0,0,0
1602215442142,7,1010123456037,78,,1,0,4,1,0,,6.01176,85,0,0.070112,35,0,10,,0,0,0,0,0,0,0,0,0,,50,138,,0,0,0,0
1602215442392,7,1010123456037,78,,1,0,4,1,0,,4.38889,72,166,0.043264,28,0,6,,1.17647,17,0,0.1,6,0,0,5.90073,31,,167,124,,0,0,0,1.23529
1602215442642,7,1010123456037,78,,1,0,4,1,0,,5.1039,77,0,0.043759,30,0,8.2,,0,0,0,0,0,0,0,0,0,,69,120,,0,0,0,0
1602215442892,7,1010123456037,78,,1,0,4,1,0,,8.33333,30,0,0.039392,15,0,10,,0,0,0,0,0,0,0,0,0,,10,46,,0,0,0,0
1602215443142,7,1010123456037,78,,1,0,4,1,0,,2.4,30,385,0.01312,10,0,9.66667,,0,0,0,0,0,0,0,0,0,,-16,56,,0,0,0,0
1602215443392,7,1010123456037,78,,1,0,4,1,0,,10.2162,37,0,0.051904,18,0,9.4,,0,0,0,0,0,0,0,0,0,,148,56,,0,0,0,0
1602215443642,7,1010123456037,78,,1,0,4,1,0,,4.87,100,0,0.0660562,40,0,8.25,,0.1,26,0,0.1,9,0,0,4.23401,31,,191,158,,0,0,0,1
1602215443892,7,1010123456037,78,,1,0,4,1,0,,18,9,0,0.015456,3,0,10.6667,,0,0,0,0,0,0,0,0,0,,14,12,,0,0,0,0
1602215444142,7,1010123456037,78,,1,0,4,1,0,,18,21,0,0.041216,8,0,13.3333,,0,0,0,0,0,0,0,0,0,,82,32,,0,0,0,0
1602215444392,7,1010123456037,78,,1,0,4,1,0,,7.85714,49,0,0.03904,19,0,10,,0,0,0,0,0,0,0,0,0,,166,80,,0,0,0,0
1602215444642,7,1010123456037,78,,1,0,4,1,0,,11.7619,21,23,0.024896,6,0,8.66667,,0.727273,22,0,0.1,9,0,0,5.06304,31,,87,32,,0,0,0,1.09091
1602215444892,7,1010123456037,78,,1,0,4,1,0,,10.2353,51,0,0.059392,22,0,12.75,,0,0,0,0,0,0,0,0,0,,184,80,,0,0,0,0
1602215445142,7,1010123456037,78,,1,0,4,1,0,,9.18519,27,0,0.041504,13,0,10.8,,0,0,0,0,0,0,0,0,0,,33,48,,0,0,0,0
1602215445392,7,1010123456037,78,,1,0,4,1,0,,7.94872,39,0,0.037184,16,0,7.5,,0.1,24,0,0.1,11,0,0,6.12149,31,,22,62,,0,0,0,1
1602215445642,7,1010123456037,78,,1,0,4,1,0,,1,125,0,0.026592,50,0,5.5,,0,0,0,0,0,0,0,0,0,,313,196,,0,0,0,0
1602215445892,7,1010123456037,78,,1,0,4,1,0,,5.97674,43,0,0.03216,16,0,6,,0,0,0,0,0,0,0,0,0,,45,62,,0,0,0,0
1602215446142,7,1010123456037,78,,1,0,4,1,0,,11.2174,46,0,0.052448,17,0,13.5,,0,0,0,0,0,0,0,0,0,,36,70,,0,0,0,0
1602215446392,7,1010123456037,78,,1,0,4,1,0,,3.06383,94,0,0.050368,40,0,5,,0,0,0,0,0,0,0,0,0,,23,154,,0,0,0,0
1602215446642,7,1010123456037,78,,1,0,4,1,0,,2.58784,148,0,0.058144,59,0,10.25,,0.1,21,0,0.1,9,0,0,3.41988,31,,-14,232,,0,0,0,1
1602215446892,7,1010123456037,78,,1,0,4,1,0,,18.8182,22,0,0.05136,9,0,10,,0,0,0,0,0,0,0,0,0,,88,40,,0,0,0,0
1602215447142,7,1010123456037,78,,1,0,4,1,0,,6.25714,70,0,0.059072,30,0,6.66667,,0,0,0,0,0,0,0,0,0,,17,114,,0,0,0,0
1602215447392,7,1010123456037,78,,1,0,4,1,0,,6.87931,58,0,0.048256,23,0,8.66667,,0.1,21,0,0.1,9,0,0,5.67933,31,,152,92,,0,0,0,1
1602215447642,7,1010123456037,78,,1,0,4,1,0,,9.36,25,0,0.026432,10,0,11.2,,0,0,0,0,0,0,0,0,0,,85,40,,0,0,0,0
1602215447892,7,1010123456037,78,,1,0,4,1,0,,4.75,32,0,0.017216,13,0,3.33333,,0,0,0,0,0,0,0,0,0,,37,50,,0,0,0,0
1602215448142,7,1010123456037,78,,1,0,4,1,0,,5.92857,56,0,0.032928,21,0,11,,0,0,0,0,0,0,0,0,0,,9,86,,0,0,0,0
1602215448392,7,1010123456037,78,,1,0,4,1,0,,6.45455,77,0,0.059456,31,0,10.8333,,0,0,0,0,0,0,0,0,0,,27,114,,0,0,0,0
1602215448642,7,1010123456037,78,,1,0,4,1,0,,3.65306,49,0,0.027552,19,0,8.8,,0.583333,24,0,0.1,10,0,0,6.4453,31,,-12,76,,0,0,0,1.33333
1602215448892,7,1010123456037,78,,1,0,4,1,0,,6.35849,53,0,0.043104,21,0,10.2,,0,0,0,0,0,0,0,0,0,,23,84,,0,0,0,0
1602215449142,7,1010123456037,78,,1,0,4,1,0,,2.88571,70,65,0.030176,24,0,5,,0,0,0,0,0,0,0,0,0,,47,110,,0,0,0,0
1602215449392,7,1010123456037,78,,1,0,4,1,0,,2.87356,87,0,0.038208,38,0,9.33333,,12,12,0,0,4,100,0,3.65277,0,,-56,130,,0,0,0,10
1602215449642,7,1010123456037,78,,1,0,4,1,0,,19.0588,17,0,0.035904,6,0,13.6667,,0,0,0,0,0,0,0,0,0,,45,28,,0,0,0,0
1602215449892,7,1010123456037,78,,1,0,4,1,0,,3.57419,155,0,0.0738313,63,0,6,,0,0,0,0,0,0,0,0,0,,612,244,,0,0,0,0
1602215450142,7,1010123456037,78,,1,0,4,1,0,,0.1,146,54,0.0194378,55,0,1,,0,0,0,0,0,0,0,0,0,,48,240,,0,0,0,0
1602215450392,7,1010123456037,78,,1,0,4,1,0,,9.63158,19,0,0.0197912,12,0,11.75,,0,0,0,0,0,0,0,0,0,,68,26,,0,0,0,0
1602215450642,7,1010123456037,78,,1,0,4,1,0,,1.75926,162,0,0.053751,65,0,7.33333,,0,16,0,0.1,8,0,0,0,31,,40,254,,0,0,0,0
1602215450892,7,1010123456037,78,,1,0,4,1,0,,4.725,80,0,0.049312,31,0,9.75,,0,0,0,0,0,0,0,0,0,,88,130,,0,0,0,0
1602215451142,7,1010123456037,78,,1,0,4,1,0,,14.25,28,0,0.047232,12,0,11.6667,,0,0,0,0,0,0,0,0,0,,131,44,,0,0,0,0
1602215451392,7,1010123456037,78,,1,0,4,1,0,,10.1818,33,0,0.042336,14,0,8.83333,,0.1,23,0,0.1,8,0,0,7.12021,31,,130,56,,0,0,0,1
1602215451642,7,1010123456037,78,,1,0,4,1,0,,16.7778,18,0,0.036448,7,0,13.5,,0,0,0,0,0,0,0,0,0,,76,28,,0,0,0,0
1602215451892,7,1010123456037,78,,1,0,4,1,0,,1.4359,78,0,0.024576,33,0,4.5,,0,0,0,0,0,0,0,0,0,,153,132,,0,0,0,0
1602215452142,7,1010123456037,78,,1,0,4,1,0,,5.01562,64,0,0.038688,26,0,10.75,,0,0,0,0,0,0,0,0,0,,178,100,,0,0,0,0
1602215452392,7,1010123456037,78,,1,0,4,1,0,,14.1935,31,0,0.036768,11,0,11.6667,,0,0,0,0,0,0,0,0,0,,91,36,,0,0,0,0
1602215452642,7,1010123456037,78,,1,0,4,1,0,,11.9388,49,0,0.064128,19,0,12.2,,0,8,0,0,4,100,0,0,0,,254,72,,0,0,0,0
1602215452892,7,1010123456037,78,,1,0,4,1,0,,18,16,0,0.036064,7,0,13.5,,0,0,0,0,0,0,0,0,0,,56,28,,0,0,0,0
1602215453142,7,1010123456037,78,,1,0,4,1,0,,12.6774,31,0,0.037312,12,0,8.25,,0,0,0,0,0,0,0,0,0,,150,52,,0,0,0,0
1602215453392,7,1010123456037,78,,1,0,4,1,0,,5.17544,57,0,0.033152,23,0,10.6,,2.16,25,0,0.1,10,10,0,6.56432,31,,90,88,,0,0,0,2.44
1602215453642,7,1010123456037,78,,1,0,4,1,0,,7.64407,59,0,0.048384,23,0,7.66667,,0,2,0,0.1,1,0,0,0,0,,61,90,,0,0,0,0
1602215453892,7,1010123456037,78,,1,0,4,1,0,,0,5,0,0.020608,4,0,12.8,,0,0,0,0,0,0,0,0,0,,32,12,,0,0,0,0
1602215454142,7,1010123456037,78,,1,0,4,1,0,,8.94118,17,175,0.011328,3,0,10.75,,0,0,0,0,0,0,0,0,0,,95,28,,0,0,0,0
1602215454392,7,1010123456037,78,,1,0,4,1,0,,5.72222,36,0,0.026592,18,0,11.5714,,0,0,0,0,0,0,0,0,0,,8,54,,0,0,0,0
1602215454642,7,1010123456037,78,,1,0,4,1,0,,11.2941,34,0,0.041888,13,0,11.6,,7,9,0,0,4,100,0,2.49661,0,,131,56,,0,0,0,10
1602215454892,7,1010123456037,78,,1,0,4,1,0,,19.7727,22,0,0.063296,10,0,14,,0,0,0,0,0,0,0,0,0,,113,36,,0,0,0,0
1602215455142,7,1010123456037,78,,1,0,4,1,0,,18,14,0,0.02576,5,0,14,,0,0,0,0,0,0,0,0,0,,20,20,,0,0,0,0
1602215455392,7,1010123456037,78,,1,0,4,1,0,,9.75,40,0,0.036704,16,0,10.6667,,0,0,0,0,0,0,0,0,0,,279,70,,0,0,0,0
1602215455642,7,1010123456037,78,,1,0,4,1,0,,1.01538,65,74,0.02464,21,0,5.66667,,0.1,27,0,0.1,11,0,0,2.78177,31,,-55,104,,0,0,0,1
1602215455892,7,1010123456037,78,,1,0,4,1,0,,2.46269,134,0,0.05216,62,0,6,,0,0,0,0,0,0,0,0,0,,192,218,,0,0,0,0
1602215456142,7,1010123456037,78,,1,0,4,1,0,,11.4615,39,0,0.0421526,14,0,10.6667,,0,0,0,0,0,0,0,0,0,,165,64,,0,0,0,0
1602215456392,7,1010123456037,78,,1,0,4,1,0,,12.4615,39,0,0.057344,16,0,11.6,,0.8,25,0,0.1,10,0,0,4.68754,31,,104,60,,0,0,0,1.2
1602215456642,7,1010123456037,78,,1,0,4,1,0,,19.5,12,0,0.035904,6,0,8.25,,0,0,0,0,0,0,0,0,0,,25,20,,0,0,0,0
1602215456892,7,1010123456037,78,,1,0,4,1,0,,18,16,0,0.036064,7,0,13.6667,,0,0,0,0,0,0,0,0,0,,49,28,,0,0,0,0
1602215457142,7,1010123456037,78,,1,0,4,1,0,,9.80952,42,0,0.042784,17,0,9.6,,0,0,0,0,0,0,0,0,0,,73,66,,0,0,0,0
1602215457392,7,1010123456037,78,,1,0,4,1,0,,3.66667,60,0,0.033312,25,0,11,,0.222222,18,0,0.1,7,0,0,4.09366,31,,84,98,,0,0,0,1.16667
1602215457642,7,1010123456037,78,,1,0,4,1,0,,4.30189,106,158,0.06592,42,0,7.33333,,0,0,0,0,0,0,0,0,0,,19,168,,0,0,0,0
1602215457892,7,1010123456037,78,,1,0,4,1,0,,6.53731,67,0,0.048864,26,0,10.3333,,0,0,0,0,0,0,0,0,0,,73,98,,0,0,0,0
1602215458142,7,1010123456037,78,,1,0,4,1,0,,14.5,18,0,0.026336,7,0,9.2,,0,0,0,0,0,0,0,0,0,,77,28,,0,0,0,0
1602215458392,7,1010123456037,78,,1,0,4,1,0,,3.86885,61,0,0.027264,23,0,4.5,,1.23529,17,0,0.1,7,14.2857,0,4.72027,31,,146,94,,0,0,0,2.58824
1602215458642,7,1010123456037,78,,1,0,4,1,0,,6.13953,43,0,0.028928,17,0,9.25,,3.5,6,0,0.1,2,0,0,3.41488,0,,29,60,,0,0,0,4.5
1602215458892,7,1010123456037,78,,1,0,4,1,0,,4.07843,51,0,0.02784,21,0,5.75,,0,0,0,0,0,0,0,0,0,,116,82,,0,0,0,0
1602215459142,7,1010123456037,78,,1,0,4,1,0,,1.39623,106,0,0.0362088,45,0,10,,0,0,0,0,0,0,0,0,0,,-46,180,,0,0,0,0
1602215459392,7,1010123456037,78,,1,0,4,1,0,,4.7541,61,0,0.03824,24,0,8.6,,1.14286,14,0,0.1,6,0,0,6.21183,31,,140,92,,0,0,0,1
1602215459642,7,1010123456037,78,,1,0,4,1,0,,18,7,0,0.015456,3,0,13.6667,,0,0,0,0,0,0,0,0,0,,11,12,,0,0,0,0
1602215459892,7,1010123456037,78,,1,0,4,1,0,,3.18841,69,0,0.029152,27,0,8,,0,0,0,0,0,0,0,0,0,,125,108,,0,0,0,0
1602215460142,7,1010123456037,78,,1,0,4,1,0,,12.7097,31,0,0.04688,13,0,11.8333,,0,0,0,0,0,0,0,0,0,,40,50,,0,0,0,0
1602215460392,7,1010123456037,78,,1,0,4,1,0,,5.42857,70,0,0.038752,27,0,7,,0.1,15,0,0.1,7,0,0,6.55578,31,,131,100,,0,0,0,1.13333
1602215460642,7,1010123456037,78,,1,0,4,1,0,,6.66667,63,0,0.043328,24,0,11.5,,0,0,0,0,0,0,0,0,0,,338,96,,0,0,0,0
1602215460892,7,1010123456037,78,,1,0,4,1,0,,18,12,0,0.02576,5,0,13,,0,0,0,0,0,0,0,0,0,,16,20,,0,0,0,0
1602215461142,7,1010123456037,78,,1,0,4,1,0,,18,18,0,0.036064,7,0,13,,0,0,0,0,0,0,0,0,0,,39,28,,0,0,0,0
1602215461392,7,1010123456037,78,,1,0,4,1,0,,1.2,120,0,0.026496,48,0,9.2,,2.36364,22,0,0.1,9,22.2222,0,8.23769,31,,148,196,,0,0,0,3.04545
1602215461642,7,1010123456037,78,,1,0,4,1,0,,18,29,0,0.066976,13,0,14,,4,11,0,0.1,4,75,0,0.928418,0,,54,48,,0,0,0,8.54545
1602215461892,7,1010123456037,78,,1,0,4,1,0,,3.32,75,0,0.039104,30,0,10.25,,0,0,0,0,0,0,0,0,0,,-24,118,,0,0,0,0
1602215462142,7,1010123456037,78,,1,0,4,1,0,,8.70968,31,116,0.031424,10,0,7.33333,,0,0,0,0,0,0,0,0,0,,99,50,,0,0,0,0
1602215462392,7,1010123456037,78,,1,0,4,1,0,,4.17045,88,114,0.050336,36,0,9,,0,0,0,0,0,0,0,0,0,,212,144,,0,0,0,0
1602215462642,7,1010123456037,78,,1,0,4,1,0,,6.5,34,0,0.0324498,17,0,11,,0.1,25,0,0.1,9,0,0,4.38994,31,,180,54,,0,0,0,1
1602215462892,7,1010123456037,78,,1,0,4,1,0,,3.85714,70,0,0.039456,28,0,9.33333,,0.1,3,0,0.1,1,0,0,2.12075,31,,114,110,,0,0,0,1
1602215463142,7,1010123456037,78,,1,0,4,1,0,,8.41429,70,0,0.07488,27,0,8,,0,0,0,0,0,0,0,0,0,,127,110,,0,0,0,0
1602215463392,7,1010123456037,78,,1,0,4,1,0,,4.76923,78,0,0.0513735,35,0,10.2857,,0.1,23,0,0.1,10,10,0,3.61673,31,,150,134,,0,0,0,1.91304
1602215463642,7,1010123456037,78,,1,0,4,1,0,,9.01786,56,0,0.063456,23,0,9,,0,2,0,0.1,1,0,0,0,0,,158,90,,0,0,0,0
1602215463892,7,1010123456037,78,,1,0,4,1,0,,5.50704,71,68,0.038976,27,0,6.2,,0,0,0,0,0,0,0,0,0,,229,116,,0,0,0,0
1602215464142,7,1010123456037,78,,1,0,4,1,0,,2.12632,95,102,0.035488,38,0,7.25,,0,0,0,0,0,0,0,0,0,,17,154,,0,0,0,0
1602215464392,7,1010123456037,78,,1,0,4,1,0,,5.74576,59,0,0.048896,28,0,11,,0.1,23,0,0.1,9,0,0,3.27732,31,,20,98,,0,0,0,1
1602215464642,7,1010123456037,78,,1,0,4,1,0,,3.57143,14,0,0.005824,6,0,7.25,,0,0,0,0,0,0,0,0,0,,103,24,,0,0,0,0
1602215464892,7,1010123456037,78,,1,0,4,1,0,,3.92,75,0,0.034112,30,0,10.75,,0,0,0,0,0,0,0,0,0,,68,116,,0,0,0,0
1602215465142,7,1010123456037,78,,1,0,4,1,0,,15.5294,17,0,0.026048,6,0,11.3333,,0,0,0,0,0,0,0,0,0,,42,24,,0,0,0,0
1602215465392,7,1010123456037,78,,1,0,4,1,0,,3.5814,86,0,0.02672,31,0,6.75,,2,7,0,0.1,3,0,0,10.4094,31,,42,128,,0,0,0,1
1602215465642,7,1010123456037,78,,1,0,4,1,0,,8.14286,14,0,0.026368,6,0,9,,0.1,5,0,0.1,2,0,0,4.96969,0,,77,24,,0,0,0,1
1602215465892,7,1010123456037,78,,1,0,4,1,0,,19.4118,17,0,0.037792,8,0,11,,0,0,0,0,0,0,0,0,0,,43,24,,0,0,0,0
1602215466142,7,1010123456037,78,,1,0,4,1,0,,18,9,0,0.015456,3,0,10.5,,0,0,0,0,0,0,0,0,0,,15,16,,0,0,0,0
1602215466392,7,1010123456037,78,,1,0,4,1,0,,11.6111,36,0,0.052544,16,0,11,,0,0,0,0,0,0,0,0,0,,323,60,,0,0,0,0
1602215466642,7,1010123456037,78,,1,0,4,1,0,,5.83696,92,77,0.05456,35,0,5.25,,0.1,24,0,0.1,9,0,0,3.23521,31,,384,152,,0,0,0,1
1602215466892,7,1010123456037,78,,1,0,4,1,0,,4.62069,29,0,0.02784,16,0,10.5,,0,0,0,0,0,0,0,0,0,,20,50,,0,0,0,0
1602215467142,7,1010123456037,78,,1,0,4,1,0,,4.29825,57,0,0.033376,22,0,8,,0,0,0,0,0,0,0,0,0,,148,88,,0,0,0,0
1602215467392,7,1010123456037,78,,1,0,4,1,0,,1.96226,106,158,0.035584,42,0,7.71429,,14.9062,64,0,0.144448,25,60,0,8.46215,31,,-17,166,,0,0,0,6.75
1602215467642,7,1010123456037,78,,1,0,4,1,0,,18.9756,41,14,0.082336,15,0,13,,0,0,0,0,0,0,0,0,0,,130,60,,0,0,0,0
1602215467892,7,1010123456037,78,,1,0,4,1,0,,8.76136,88,0,0.074528,32,0,9.66667,,0,0,0,0,0,0,0,0,0,,91,126,,0,0,0,0
1602215468142,7,1010123456037,78,,1,0,4,1,0,,10.8293,41,32,0.051712,16,0,9.6,,0,0,0,0,0,0,0,0,0,,145,62,,0,0,0,0
1602215468392,7,1010123456037,78,,1,0,4,1,0,,10.375,48,0,0.06944,22,0,10.6,,0.1,18,0,0.1,8,0,0,2.58231,31,,59,74,,0,0,0,1.83333
1602215468642,7,1010123456037,78,,1,0,4,1,0,,0,2,0,0.005152,1,0,11.25,,0,0,0,0,0,0,0,0,0,,12,4,,0,0,0,0
1602215468892,7,1010123456037,78,,1,0,4,1,0,,18,26,0,0.046368,9,0,12.5,,0,0,0,0,0,0,0,0,0,,51,40,,0,0,0,0
1602215469142,7,1010123456037,78,,1,0,4,1,0,,10.9091,22,0,0.032128,11,0,10.25,,0,0,0,0,0,0,0,0,0,,129,38,,0,0,0,0
1602215469392,7,1010123456037,78,,1,0,4,1,0,,2.15596,109,0,0.041408,46,0,8.57143,,0.1,19,0,0.1,7,14.2857,0,2.76071,31,,174,178,,0,0,0,2.42105
1602215469642,7,1010123456037,78,,1,0,4,1,0,,18,10,0,0.020608,4,0,10,,0.1,3,0,0.1,1,0,0,15.1136,0,,18,16,,0,0,0,1
1602215469892,7,1010123456037,78,,1,0,4,1,0,,2.59701,67,0,0.023424,26,0,5.25,,0,0,0,0,0,0,0,0,0,,149,104,,0,0,0,0
1602215470142,7,1010123456037,78,,1,0,4,1,0,,2.50602,83,102,0.0344,33,0,6.6,,0,0,0,0,0,0,0,0,0,,106,136,,0,0,0,0
1602215470392,7,1010123456037,78,,1,0,4,1,0,,4.37288,59,0,0.02832,25,0,6.5,,0,0,0,0,0,0,0,0,0,,184,88,,0,0,0,0
1602215470642,7,1010123456037,78,,1,0,4,1,0,,4.67647,68,0,0.043808,27,0,10.25,,11.6364,11,0,0.1,5,40,0,12.1694,31,,121,108,,0,0,0,5.90909
1602215470892,7,1010123456037,78,,1,0,4,1,0,,16.8214,28,0,0.05168,11,0,12,,0,0,0,0,0,0,0,0,0,,109,42,,0,0,0,0
1602215471142,7,1010123456037,78,,1,0,4,1,0,,3.67606,71,0,0.03872,28,0,7.16667,,0,0,0,0,0,0,0,0,0,,106,110,,0,0,0,0
1602215471392,7,1010123456037,78,,1,0,4,1,0,,7.53086,81,144,0.0696,29,0,7.66667,,0,8,0,0,4,100,0,0,0,,145,122,,0,0,0,0
1602215471642,7,1010123456037,78,,1,0,4,1,0,,2.65934,182,0,0.061024,73,0,4.25,,0,0,0,0,0,0,0,0,0,,197,284,,0,0,0,0
1602215471892,7,1010123456037,78,,1,0,4,1,0,,6.55714,70,0,0.063744,32,0,9.2,,0,0,0,0,0,0,0,0,0,,36,116,,0,0,0,0
1602215472142,7,1010123456037,78,,1,0,4,1,0,,6.78,50,0,0.037888,21,0,9.5,,0,0,0,0,0,0,0,0,0,,349,84,,0,0,0,0
1602215472392,7,1010123456037,78,,1,0,4,1,0,,3.67021,94,203,0.042464,35,0,4.6,,0.1,22,0,0.1,8,12.5,0,2.79444,31,,-13,152,,0,0,0,2.22727
1602215472642,7,1010123456037,78,,1,0,4,1,0,,2.7069,58,266,0.026304,23,0,5.5,,0.1,8,0,0.1,3,0,0,5.53101,0,,77,100,,0,0,0,1.375
1602215472892,7,1010123456037,78,,1,0,4,1,0,,1.91824,159,0,0.048832,67,0,6.66667,,0,0,0,0,0,0,0,0,0,,181,244,,0,0,0,0
1602215473142,7,1010123456037,78,,1,0,4,1,0,,15.16,25,124,0.034304,8,0,11,,0,0,0,0,0,0,0,0,0,,248,36,,0,0,0,0
1602215473392,7,1010123456037,78,,1,0,4,1,0,,16.35,20,0,0.03824,9,0,8.4,,0.1,20,0,0.1,7,0,0,3.05755,31,,94,30,,0,0,0,1.3
1602215473642,7,1010123456037,78,,1,0,4,1,0,,4.5042,119,5,0.051104,43,0,4,,0.1,3,0,0.1,1,0,0,3.29412,0,,394,190,,0,0,0,1
1602215473892,7,1010123456037,78,,1,0,4,1,0,,16.0645,31,0,0.056928,16,0,12.25,,0,0,0,0,0,0,0,0,0,,69,46,,0,0,0,0
1602215474142,7,1010123456037,78,,1,0,4,1,0,,6.65217,46,0,0.042816,20,0,9,,0,0,0,0,0,0,0,0,0,,8,74,,0,0,0,0
1602215474392,7,1010123456037,78,,1,0,4,1,0,,17.6667,18,0,0.03632,7,0,13,,2.14286,28,0,0.1,11,18.1818,0,3.82129,31,,54,28,,0,0,0,3.75
1602215474642,7,1010123456037,78,,1,0,4,1,0,,18,5,0,0.010304,2,0,8.5,,0.1,3,0,0.1,1,0,0,4.66041,0,,15,8,,0,0,0,1
1602215474892,7,1010123456037,78,,1,0,4,1,0,,2.69231,78,60,0.032064,30,0,9,,0,0,0,0,0,0,0,0,0,,-37,124,,0,0,0,0
1602215475142,7,1010123456037,78,,1,0,4,1,0,,1.54737,95,294,0.027936,37,0,5.66667,,0,0,0,0,0,0,0,0,0,,192,148,,0,0,0,0
1602215475392,7,1010123456037,78,,1,0,4,1,0,,2.21296,108,0,0.032384,42,0,7,,0,0,0,0,0,0,0,0,0,,-59,162,,0,0,0,0
1602215475642,7,1010123456037,78,,1,0,4,1,0,,18,13,0,0.034016,7,0,13,,0.1,24,0,0.1,9,0,0,4.59975,31,,42,24,,0,0,0,1
1602215475892,7,1010123456037,78,,1,0,4,1,0,,18,20,0,0.041216,8,0,13,,0,0,0,0,0,0,0,0,0,,63,32,,0,0,0,0
1602215476142,7,1010123456037,78,,1,0,4,1,0,,3.64865,74,0,0.039008,29,0,10.5,,0,0,0,0,0,0,0,0,0,,74,116,,0,0,0,0
1602215476392,7,1010123456037,78,,1,0,4,1,0,,18,20,0,0.0413815,8,0,13.6667,,0.8,25,0,0.1,10,0,0,5.54526,31,,72,32,,0,0,0,1.24
1602215476642,7,1010123456037,78,,1,0,4,1,0,,1.86207,58,0,0.023552,26,0,8.2,,0,0,0,0,0,0,0,0,0,,44,104,,0,0,0,0
1602215476892,7,1010123456037,78,,1,0,4,1,0,,3.11538,104,0,0.0408,42,0,10.5,,0,0,0,0,0,0,0,0,0,,380,166,,0,0,0,0
1602215477142,7,1010123456037,78,,1,0,4,1,0,,18,7,0,0.015456,3,0,12.5,,0,0,0,0,0,0,0,0,0,,15,12,,0,0,0,0
1602215477392,7,1010123456037,78,,1,0,4,1,0,,8.15094,53,158,0.044384,20,0,8.16667,,0.1,20,0,0.1,7,14.2857,0,6.57464,31,,33,82,,0,0,0,2.35
1602215477642,7,1010123456037,78,,1,0,4,1,0,,18,26,0,0.060928,12,0,11.2,,0.1,3,0,0.1,1,0,0,1.18536,0,,45,44,,0,0,0,2
1602215477892,7,1010123456037,78,,1,0,4,1,0,,3.48649,74,0,0.034368,30,0,8.5,,0,0,0,0,0,0,0,0,0,,181,118,,0,0,0,0
1602215478142,7,1010123456037,78,,1,0,4,1,0,,18,24,0,0.046368,9,0,13.5,,0,0,0,0,0,0,0,0,0,,51,36,,0,0,0,0
1602215478392,7,1010123456037,78,,1,0,4,1,0,,18,20,0,0.036064,7,0,13.6667,,0.363636,22,0,0.1,9,0,0,3.48588,31,,51,28,,0,0,0,1.13636
1602215478642,7,1010123456037,78,,1,0,4,1,0,,13.9615,26,0,0.03728,11,0,11.5,,0,0,0,0,0,0,0,0,0,,104,38,,0,0,0,0
1602215478892,7,1010123456037,78,,1,0,4,1,0,,3.35484,62,0,0.033568,26,0,7.75,,0,0,0,0,0,0,0,0,0,,44,98,,0,0,0,0
1602215479142,7,1010123456037,78,,1,0,4,1,0,,3.91304,69,0,0.033856,28,0,8.5,,0,0,0,0,0,0,0,0,0,,99,116,,0,0,0,0
1602215479392,7,1010123456037,78,,1,0,4,1,0,,1.10526,57,0,0.018112,24,0,10.5,,0,0,0,0,0,0,0,0,0,,58,90,,0,0,0,0
1602215479642,7,1010123456037,78,,1,0,4,1,0,,0,0,0,0,0,0,3,,0,0,0,0,0,0,0,0,0,,0,0,,0,0,0,0
1602215479892,7,1010123456037,78,,1,0,4,1,0,,0,0,0,0,0,0,5.66667,,0,0,0,0,0,0,0,0,0,,0,0,,0,0,0,0
1602215480142,7,1010123456037,78,,1,0,4,1,0,,0,0,0,0,0,0,9,,0,0,0,0,0,0,0,0,0,,0,0,,0,0,0,0
1602215480392,7,1010123456037,78,,1,0,4,1,0,,0,0,0,0,0,0,7.5,,0,0,0,0,0,0,0,0,0,,0,0,,0,0,0,0
1602215480642,7,1010123456037,78,,1,0,4,1,0,,0,0,0,0,0,0,6.5,,0,0,0,0,0,0,0,0,0,,0,0,,0,0,0,0
1602215480892,7,1010123456037,78,,1,0,4,1,0,,0,0,0,0,0,0,12,,0,0,0,0,0,0,0,0,0,,0,0,,0,0,0,0
1602215481142,7,1010123456037,78,,1,0,4,1,0,,0,0,0,0,0,0,13.6667,,0,0,0,0,0,0,0,0,0,,0,0,,0,0,0,0
1602215481392,7,1010123456037,78,,1,0,4,1,0,,0,0,0,0,0,0,6.83333,,0,0,0,0,0,0,0,0,0,,0,0,,0,0,0,0
1602215481642,7,1010123456037,78,,1,0,4,1,0,,0,0,0,0,0,0,8,,0,0,0,0,0,0,0,0,0,,0,0,,0,0,0,0
1602215481892,7,1010123456037,78,,1,0,4,1,0,,0,0,0,0,0,0,6.25,,0,0,0,0,0,0,0,0,0,,0,0,,0,0,0,0
1602215482142,7,1010123456037,78,,1,0,4,1,0,,0,0,0,0,0,0,2.5,,0,0,0,0,0,0,0,0,0,,0,0,,0,0,0,0
1602215482392,7,1010123456037,78,,1,0,4,1,0,,0,0,0,0,0,0,9.5,,0,0,0,0,0,0,0,0,0,,0,0,,0,0,0,0
1602215482642,7,1010123456037,78,,1,0,4,1,0,,0,0,0,0,0,0,10.25,,0,0,0,0,0,0,0,0,0,,0,0,,0,0,0,0
1602215482892,7,1010123456037,78,,1,0,4,1,0,,0,0,0,0,0,0,10,,0,2,0,0.1,1,0,0,0,31,,0,0,,0,0,0,0
1602215483142,7,1010123456037,78,,1,0,4,1,0,,0,0,0,0,0,0,6.33333,,0,0,0,0,0,0,0,0,0,,0,0,,0,0,0,0
1602215483392,7,1010123456037,78,,1,0,4,1,0,,0,0,0,0,0,0,13.5,,0,0,0,0,0,0,0,0,0,,0,0,,0,0,0,0
1602215483642,7,1010123456037,78,,1,0,4,1,0,,0,0,0,0,0,0,8.75,,0,0,0,0,0,0,0,0,0,,0,0,,0,0,0,0
1602215483892,7,1010123456037,78,,1,0,4,1,0,,0,0,0,0,0,0,3.33333,,0,0,0,0,0,0,0,0,0,,0,0,,0,0,0,0
1602215484142,7,1010123456037,78,,1,0,4,1,0,,0,0,0,0,0,0,5,,0,0,0,0,0,0,0,0,0,,0,0,,0,0,0,0
1602215484392,7,1010123456037,78,,1,0,4,1,0,,0,0,0,0,0,0,10.5,,0,0,0,0,0,0,0,0,0,,0,0,,0,0,0,0
1602215484642,7,1010123456037,78,,1,0,4,1,0,,0,0,0,0,0,0,12.25,,0,0,0,0,0,0,0,0,0,,0,0,,0,0,0,0
1602215484892,7,1010123456037,78,,1,0,4,1,0,,0,0,0,0,0,0,10.3333,,0,0,0,0,0,0,0,0,0,,0,0,,0,0,0,0
1602215485142,7,1010123456037,78,,1,0,4,1,0,,0,0,0,0,0,0,0.5,,0,0,0,0,0,0,0,0,0,,0,0,,0,0,0,0
1602215485392,7,1010123456037,78,,1,0,4,1,0,,0,0,0,0,0,0,0.1,,0,0,0,0,0,0,0,0,0,,0,0,,0,0,0,0
1602215485642,7,1010123456037,78,,1,0,4,1,0,,0,0,0,0,0,0,0.5,,0,0,0,0,0,0,0,0,0,,0,0,,0,0,0,0
1602215485892,7,1010123456037,78,,1,0,4,1,0,,0,0,0,0,0,0,0.1,,0,0,0,0,0,0,0,0,0,,0,0,,0,0,0,0
1602215486142,7,1010123456037,78,,1,0,4,1,0,,0,0,0,0,0,0,4.5,,0,0,0,0,0,0,0,0,0,,0,0,,0,0,0,0
1602215486392,7,1010123456037,78,,1,0,4,1,0,,0,0,0,0,0,0,0.1,,0,0,0,0,0,0,0,0,0,,0,0,,0,0,0,0
1602215486642,7,1010123456037,78,,1,0,4,1,0,,0,0,0,0,0,0,0.1,,0,0,0,0,0,0,0,0,0,,0,0,,0,0,0,0
1602215486892,7,1010123456037,78,,1,0,4,1,0,,0,0,0,0,0,0,0.1,,0,0,0,0,0,0,0,0,0,,0,0,,0,0,0,0
1602215487142,7,1010123456037,78,,1,0,4,1,0,,0,0,0,0,0,0,1,,0,0,0,0,0,0,0,0,0,,0,0,,0,0,0,0
1602215487392,7,1010123456037,78,,1,0,4,1,0,,0,0,0,0,0,0,1.5,,0,0,0,0,0,0,0,0,0,,0,0,,0,0,0,0
1602215487642,7,1010123456037,78,,1,0,4,1,0,,0,0,0,0,0,0,0.1,,0,0,0,0,0,0,0,0,0,,0,0,,0,0,0,0
1602215487892,7,1010123456037,78,,1,0,4,1,0,,0,0,0,0,0,0,0.1,,0,0,0,0,0,0,0,0,0,,0,0,,0,0,0,0
1602215488142,7,1010123456037,78,,1,0,4,1,0,,0,0,0,0,0,0,0.5,,0,0,0,0,0,0,0,0,0,,0,0,,0,0,0,0
1602215488392,7,1010123456037,78,,1,0,4,1,0,,0,0,0,0,0,0,0.1,,0,0,0,0,0,0,0,0,0,,0,0,,0,0,0,0
1602215488642,7,1010123456037,78,,1,0,4,1,0,,0,0,0,0,0,0,1,,0,0,0,0,0,0,0,0,0,,0,0,,0,0,0,0
1602215488892,7,1010123456037,78,,1,0,4,1,0,,0,0,0,0,0,0,0.1,,0,0,0,0,0,0,0,0,0,,0,0,,0,0,0,0
1602215489142,7,1010123456037,78,,1,0,4,1,0,,0,0,0,0,0,0,2,,0,0,0,0,0,0,0,0,0,,0,0,,0,0,0,0
1602215489392,7,1010123456037,78,,1,0,4,1,0,,0,0,0,0,0,0,0.1,,0,0,0,0,0,0,0,0,0,,0,0,,0,0,0,0
1602215489642,7,1010123456037,78,,1,0,4,1,0,,0,0,0,0,0,0,0.1,,0,0,0,0,0,0,0,0,0,,0,0,,0,0,0,0
1602215489892,7,1010123456037,78,,1,0,4,1,0,,0,0,0,0,0,0,8,,0,0,0,0,0,0,0,0,0,,0,0,,0,0,0,0
1602215490142,7,1010123456037,78,,1,0,4,1,0,,0,0,0,0,0,0,0.1,,0,0,0,0,0,0,0,0,0,,0,0,,0,0,0,0
1602215490392,7,1010123456037,78,,1,0,4,1,0,,0,0,0,0,0,0,1,,0,0,0,0,0,0,0,0,0,,0,0,,0,0,0,0
1602215490642,7,1010123456037,78,,1,0,4,1,0,,0,0,0,0,0,0,0.1,,0,0,0,0,0,0,0,0,0,,0,0,,0,0,0,0
1602215490892,7,1010123456037,78,,1,0,4,1,0,,0,0,0,0,0,0,2,,0,0,0,0,0,0,0,0,0,,0,0,,0,0,0,0
1602215491142,7,1010123456037,78,,1,0,4,1,0,,0,0,0,0,0,0,0.1,,0,0,0,0,0,0,0,0,0,,0,0,,0,0,0,0
1602215491392,7,1010123456037,78,,1,0,4,1,0,,0,0,0,0,0,0,0.1,,0,0,0,0,0,0,0,0,0,,0,0,,0,0,0,0
1602215491642,7,1010123456037,78,,1,0,4,1,0,,0,0,0,0,0,0,0.1,,0,0,0,0,0,0,0,0,0,,0,0,,0,0,0,0
1602215491892,7,1010123456037,78,,1,0,4,1,0,,0,0,0,0,0,0,0.1,,0,0,0,0,0,0,0,0,0,,0,0,,0,0,0,0
1602215492142,7,1010123456037,78,,1,0,4,1,0,,0,0,0,0,0,0,3,,0,0,0,0,0,0,0,0,0,,0,0,,0,0,0,0
1602215492392,7,1010123456037,78,,1,0,4,1,0,,0,0,0,0,0,0,2,,0,0,0,0,0,0,0,0,0,,0,0,,0,0,0,0
1602215492642,7,1010123456037,78,,1,0,4,1,0,,0,0,0,0,0,0,0.1,,0,0,0,0,0,0,0,0,0,,0,0,,0,0,0,0
1602215492892,7,1010123456037,78,,1,0,4,1,0,,0,0,0,0,0,0,0.1,,0,0,0,0,0,0,0,0,0,,0,0,,0,0,0,0
1602215493142,7,1010123456037,78,,1,0,4,1,0,,0,0,0,0,0,0,10,,0,0,0,0,0,0,0,0,0,,0,0,,0,0,0,0
1602215493392,7,1010123456037,78,,1,0,4,1,0,,0,0,0,0,0,0,9,,0,0,0,0,0,0,0,0,0,,0,0,,0,0,0,0
1602215493642,7,1010123456037,78,,1,0,4,1,0,,0,0,0,0,0,0,0.1,,0,0,0,0,0,0,0,0,0,,0,0,,0,0,0,0
1602215493892,7,1010123456037,78,,1,0,4,1,0,,0,0,0,0,0,0,6.25,,0,0,0,0,0,0,0,0,0,,0,0,,0,0,0,0
1602215494142,7,1010123456037,78,,1,0,4,1,0,,0,0,0,0,0,0,5.5,,0,0,0,0,0,0,0,0,0,,0,0,,0,0,0,0
1602215494392,7,1010123456037,78,,1,0,4,1,0,,0,0,0,0,0,0,1.33333,,0,0,0,0,0,0,0,0,0,,0,0,,0,0,0,0
1602215494642,7,1010123456037,78,,1,0,4,1,0,,0,0,0,0,0,0,4.5,,0,0,0,0,0,0,0,0,0,,0,0,,0,0,0,0
1602215494892,7,1010123456037,78,,1,0,4,1,0,,0,0,0,0,0,0,7.5,,0,0,0,0,0,0,0,0,0,,0,0,,0,0,0,0
1602215495142,7,1010123456037,78,,1,0,4,1,0,,0,0,0,0,0,0,10.3333,,0,0,0,0,0,0,0,0,0,,0,0,,0,0,0,0
1602215495392,7,1010123456037,78,,1,0,4,1,0,,0,0,0,0,0,0,6,,0,0,0,0,0,0,0,0,0,,0,0,,0,0,0,0
1602215495642,7,1010123456037,78,,1,0,4,1,0,,0,0,0,0,0,0,6.5,,0,0,0,0,0,0,0,0,0,,0,0,,0,0,0,0
1602215495892,7,1010123456037,78,,1,0,4,1,0,,0,0,0,0,0,0,5.5,,0,0,0,0,0,0,0,0,0,,0,0,,0,0,0,0
1602215496142,7,1010123456037,78,,1,0,4,1,0,,0,0,0,0,0,0,3.33333,,0,0,0,0,0,0,0,0,0,,0,0,,0,0,0,0
1602215496392,7,1010123456037,78,,1,0,4,1,0,,0,0,0,0,0,0,7.5,,0,0,0,0,0,0,0,0,0,,0,0,,0,0,0,0
1602215496642,7,1010123456037,78,,1,0,4,1,0,,0,0,0,0,0,0,14.5,,0,0,0,0,0,0,0,0,0,,0,0,,0,0,0,0
1602215496892,7,1010123456037,78,,1,0,4,1,0,,0,0,0,0,0,0,10,,0,0,0,0,0,0,0,0,0,,0,0,,0,0,0,0
1602215497142,7,1010123456037,78,,1,0,4,1,0,,0,0,0,0,0,0,9,,0,0,0,0,0,0,0,0,0,,0,0,,0,0,0,0
1602215497392,7,1010123456037,78,,1,0,4,1,0,,0,0,0,0,0,0,0.1,,0,0,0,0,0,0,0,0,0,,0,0,,0,0,0,0
1602215497642,7,1010123456037,78,,1,0,4,1,0,,0,0,0,0,0,0,1.5,,0,0,0,0,0,0,0,0,0,,0,0,,0,0,0,0
1602215497892,7,1010123456037,78,,1,0,4,1,0,,0,0,0,0,0,0,13,,0,0,0,0,0,0,0,0,0,,0,0,,0,0,0,0
1602215498142,7,1010123456037,78,,1,0,4,1,0,,0,0,0,0,0,0,8.75,,0,0,0,0,0,0,0,0,0,,0,0,,0,0,0,0
1602215498392,7,1010123456037,78,,1,0,4,1,0,,0,0,0,0,0,0,11,,0,0,0,0,0,0,0,0,0,,0,0,,0,0,0,0
1602215498642,7,1010123456037,78,,1,0,4,1,0,,0,0,0,0,0,0,3.5,,0,0,0,0,0,0,0,0,0,,0,0,,0,0,0,0
1602215498892,7,1010123456037,78,,1,0,4,1,0,,0,0,0,0,0,0,9.66667,,0,0,0,0,0,0,0,0,0,,0,0,,0,0,0,0
1602215499142,7,1010123456037,78,,1,0,4,1,0,,0,0,0,0,0,0,10.5,,0,0,0,0,0,0,0,0,0,,0,0,,0,0,0,0
1602215499392,7,1010123456037,78,,1,0,4,1,0,,0,0,0,0,0,0,4.66667,,0,0,0,0,0,0,0,0,0,,0,0,,0,0,0,0
1602215499642,7,1010123456037,78,,1,0,4,1,0,,0,0,0,0,0,0,8.5,,0,0,0,0,0,0,0,0,0,,0,0,,0,0,0,0
1602215499892,7,1010123456037,78,,1,0,4,1,0,,0,0,0,0,0,0,4,,0,0,0,0,0,0,0,0,0,,0,0,,0,0,0,0
1602215500142,7,1010123456037,78,,1,0,4,1,0,,0,0,0,0,0,0,10,,0,0,0,0,0,0,0,0,0,,0,0,,0,0,0,0
1602215500392,7,1010123456037,78,,1,0,4,1,0,,0,0,0,0,0,0,13,,0,0,0,0,0,0,0,0,0,,0,0,,0,0,0,0
1602215500642,7,1010123456037,78,,1,0,4,1,0,,0,0,0,0,0,0,5,,0,0,0,0,0,0,0,0,0,,0,0,,0,0,0,0
1602215500892,7,1010123456037,78,,1,0,4,1,0,,0,0,0,0,0,0,0.1,,0,0,0,0,0,0,0,0,0,,0,0,,0,0,0,0
1602215501142,7,1010123456037,78,,1,0,4,1,0,,0,0,0,0,0,0,4.5,,0,0,0,0,0,0,0,0,0,,0,0,,0,0,0,0
1602215501392,7,1010123456037,78,,1,0,4,1,0,,0,0,0,0,0,0,4,,0,0,0,0,0,0,0,0,0,,0,0,,0,0,0,0
1602215501642,7,1010123456037,78,,1,0,4,1,0,,0,0,0,0,0,0,11,,0,0,0,0,0,0,0,0,0,,0,0,,0,0,0,0
1602215501892,7,1010123456037,78,,1,0,4,1,0,,0,0,0,0,0,0,7.33333,,0,0,0,0,0,0,0,0,0,,0,0,,0,0,0,0
1602215502142,7,1010123456037,78,,1,0,4,1,0,,0,0,0,0,0,0,4,,0,0,0,0,0,0,0,0,0,,0,0,,0,0,0,0
