time,cc,pci,earfcn,rsrp,pl,cfo,dl_mcs,dl_snr,dl_turbo,dl_brate,dl_bler,ul_ta,ul_mcs,ul_buff,ul_brate,ul_bler,rf_o,rf_u,rf_l,is_attached
0,0,0,4294967295,0.0,0.0,0.0,0.0,0.0,0.0,0.0,0.0,0.0,0.0,0.0,0.0,0.0,0.0,0.0,0.0,0.0
248,0,0,3400,0.0,0.0,0.0,0.0,0.0,0.0,0.0,0.0,0.0,0.0,0.0,0.0,0.0,0.0,0.0,0.0,0.0
497,0,0,3400,0.0,0.0,0.0,0.0,0.0,0.0,0.0,0.0,0.0,0.0,0.0,0.0,0.0,0.0,0.0,0.0,0.0
746,0,1,3400,0.0,0.0,0.0,0.0,0.0,0.0,0.0,0.0,0.0,0.0,0.0,0.0,0.0,0.0,0.0,0.0,0.0
995,0,1,3400,-59,59,-244,0.0,27,0.0,0.0,0.0,0.0,0.0,0.0,0.0,0.0,0.0,0.0,0.0,0.0
1244,0,1,3400,-59,59,-256,3.2,26,0.33,4908.366699,0,0.0,1.2,24,19665.337891,0,0.0,0.0,0.0,1.0
1493,0,1,3400,-59,59,-259,3.4,27,0.50,1344.000000,0,27,12,0.0,27648.000000,0,0.0,0.0,0.0,1.0
1742,0,1,3400,-59,59,-256,2.4,27,0.50,896,0,27,11,31,0.0,80,0.0,0.0,0.0,1.0
1991,0,1,3400,-59,59,-256,3.7,27,0.50,1376.000000,0,27,9.0,0.0,24832.000000,8,0.0,0.0,0.0,1.0
2240,0,1,3400,-59,59,-256,7.3,26,0.50,7171.314941,0,27,8.5,0.0,43760.957031,14,0.0,0.0,0.0,1.0
2489,0,1,3400,-59,59,-257,9.7,26,0.62,10464.000000,0,27,11,0.0,30528.000000,0,0.0,0.0,0.0,1.0
2738,0,1,3400,-59,59,-257,13,26,0.65,15584.000000,0,27,14,112,0.0,67,0.0,0.0,0.0,1.0
2987,0,1,3400,-59,59,-254,17,27,0.50,31360.000000,0,27,9.5,0.0,100224.000000,10,0.0,0.0,0.0,1.0
3236,0,1,3400,-59,59,-261,6.2,26,0.50,21450.199219,0,27,7.9,0.0,0.0,0.0,0.0,0.0,0.0,1.0
3485,0,1,3400,-59,59,-261,20,27,0.50,5152.000000,0,27,9.4,0.0,17056.000000,0,0.0,0.0,0.0,1.0
3734,0,1,3400,-59,59,-259,17,27,0.50,31325.300781,0,27,8.7,0.0,22136.546875,0,0.0,0.0,0.0,1.0
3983,0,1,3400,-59,59,-261,21,27,0.50,0.0,0.0,27,3.5,0.0,0.0,0.0,0.0,0.0,0.0,1.0
4232,0,1,3400,-59,59,-257,15,26,0.50,10454.183594,0,27,3.8,0.0,4239.043945,0,0.0,0.0,0.0,1.0
4481,0,1,3400,-59,59,-258,7.6,27,0.50,24000.000000,0,27,4.6,0.0,28960.000000,0,0.0,0.0,0.0,1.0
4730,0,1,3400,-59,59,-255,12,27,0.50,16192.000000,0,27,8.5,0.0,0.0,0.0,0.0,0.0,0.0,1.0
4979,0,1,3400,-59,59,-256,5.7,27,0.50,5536.000000,0,27,8.5,0.0,0.0,0.0,0.0,0.0,0.0,1.0
5228,0,1,3400,-59,59,-258,4.5,27,0.50,0.0,0.0,27,8.5,0.0,0.0,0.0,0.0,0.0,0.0,1.0
5477,0,1,3400,-59,59,-259,7.5,27,0.50,10804.781250,0,27,9.9,0.0,34262.949219,0,0.0,0.0,0.0,1.0
5726,0,1,3400,-59,59,-257,12,27,0.50,9248.000000,0,27,11,0.0,0.0,0.0,0.0,0.0,0.0,1.0
5975,0,1,3400,-59,59,-254,6.5,27,0.50,7232.000000,0,27,11,0.0,0.0,0.0,0.0,0.0,0.0,1.0
6224,0,1,3400,-59,59,-255,6.7,27,0.50,18007.968750,0,27,11,0.0,15458.166992,33,0.0,0.0,0.0,1.0
6473,0,1,3400,-59,59,-257,11,27,0.50,24128.000000,0,27,11,0.0,13792.000000,0,0.0,0.0,0.0,1.0
6722,0,1,3400,-59,59,-257,5.1,27,0.50,15840.000000,0,27,8.9,0.0,0.0,67,0.0,0.0,0.0,1.0
6971,0,1,3400,-59,59,-255,12,27,0.50,27520.000000,0,27,5.5,0.0,8512.000000,0,0.0,0.0,0.0,1.0
7220,0,1,3400,-59,59,-259,13,27,0.50,21386.455078,0,27,5.5,0.0,0.0,0.0,0.0,0.0,0.0,1.0
7469,0,1,3400,-59,59,-261,14,27,0.50,21440.000000,0,27,6.1,186,11936.000000,33,0.0,0.0,0.0,1.0
7718,0,1,3400,-59,59,-257,8.3,27,0.50,5856.000000,0,27,12,0.0,21952.000000,0,0.0,0.0,0.0,1.0
7967,0,1,3400,-59,59,-257,5.0,27,0.51,17600.000000,0,27,8.0,0.0,11456.000000,0,0.0,0.0,0.0,1.0
8216,0,1,3400,-59,59,-254,16,26,0.56,15904.382812,0,27,8.0,0.0,0.0,0.0,0.0,0.0,0.0,1.0
8465,0,1,3400,-59,59,-255,16,27,0.50,0.0,0.0,27,8.0,0.0,0.0,0.0,0.0,0.0,0.0,1.0
8714,0,1,3400,-59,59,-253,14,27,0.50,21632.000000,0,27,9.9,0.0,15808.000000,0,0.0,0.0,0.0,1.0
8963,0,1,3400,-59,59,-255,15,27,0.50,17280.000000,0,27,12,0.0,17056.000000,0,0.0,0.0,0.0,1.0
9212,0,1,3400,-59,59,-256,16,27,0.50,15936.254883,0,27,13,0.0,16988.046875,33,0.0,0.0,0.0,1.0
9461,0,1,3400,-59,59,-257,15,27,0.50,16352.000000,0,27,13,186,0.0,0.0,0.0,0.0,0.0,1.0
9710,0,1,3400,-59,59,-255,13,26,0.50,32032.000000,0,27,2.4,0.0,16224.000000,25,0.0,0.0,0.0,1.0
9959,0,1,3400,-59,59,-256,13,26,0.50,22112.000000,0,27,4.0,0.0,15520.000000,0,0.0,0.0,0.0,1.0
10208,0,1,3400,-59,59,-261,15,27,0.50,10784.000000,0,27,7.0,0.0,0.0,0.0,0.0,0.0,0.0,1.0
10457,0,1,3400,-59,59,-257,16,27,0.50,10624.000000,0,27,7.0,0.0,9120.000000,0,0.0,0.0,0.0,1.0
10706,0,1,3400,-59,59,-254,13,27,0.50,16192.000000,0,27,9.2,0.0,23488.000000,0,0.0,0.0,0.0,1.0
10955,0,1,3400,-59,59,-258,17,27,0.50,21600.000000,0,27,14,0.0,0.0,0.0,0.0,0.0,0.0,1.0
11204,0,1,3400,-59,59,-259,10.0,27,0.57,27250.996094,0,27,13,0.0,15458.166992,0,0.0,0.0,0.0,1.0
11453,0,1,3400,-59,59,-255,12,27,0.50,21024.000000,0,27,13,0.0,21952.000000,0,0.0,0.0,0.0,1.0
11702,0,1,3400,-59,59,-257,18,27,0.50,21312.000000,0,27,13,0.0,0.0,0.0,0.0,0.0,0.0,1.0
11951,0,1,3400,-59,59,-257,14,27,0.50,22688.000000,0,27,13,0.0,0.0,0.0,0.0,0.0,0.0,1.0
12200,0,1,3400,-59,59,-259,16,27,0.50,0.0,0.0,27,13,0.0,16920.634766,0,0.0,0.0,0.0,1.0
12449,0,1,3400,-59,59,-257,12,27,0.50,8096.000000,0,27,14,186,15520.000000,0,0.0,0.0,0.0,1.0
12698,0,1,3400,-59,59,-257,0.0,27,0.50,0.0,0.0,27,13,0.0,21952.000000,0,0.0,0.0,0.0,1.0
12947,0,1,3400,-59,59,-258,3.7,27,0.50,5312.000000,0,27,13,0.0,0.0,0.0,0.0,0.0,0.0,1.0
13196,0,1,3400,-59,59,-258,13,26,0.50,24063.744141,0,27,13,0.0,0.0,0.0,0.0,0.0,0.0,1.0
13445,0,1,3400,-59,59,-259,16,27,0.50,10560.000000,0,27,12,0.0,18880.000000,0,0.0,0.0,0.0,1.0
13694,0,1,3400,-59,59,-254,10,27,0.50,13248.000000,0,27,11,0.0,0.0,0.0,0.0,0.0,0.0,1.0
13943,0,1,3400,-59,59,-253,5.9,27,0.50,16288.000000,0,27,12,0.0,17056.000000,50,0.0,0.0,0.0,1.0
14192,0,1,3400,-59,59,-257,15,27,0.88,9536.000000,25,27,12,0.0,0.0,0.0,0.0,0.0,0.0,1.0
14441,0,1,3400,-59,59,-259,14,27,0.98,16031.872070,0,27,12,0.0,27633.466797,0,0.0,0.0,0.0,1.0
14690,0,1,3400,-59,59,-256,6.5,27,0.50,0.0,0.0,27,8.0,0.0,0.0,0.0,0.0,0.0,0.0,1.0
14939,0,1,3400,-59,59,-253,11,27,0.50,10624.000000,0,27,8.0,0.0,0.0,0.0,0.0,0.0,0.0,1.0
15188,0,1,3400,-59,59,-252,14,27,0.50,15488.000000,0,27,8.0,0.0,0.0,0.0,0.0,0.0,0.0,1.0
15437,0,1,3400,-59,59,-253,8.7,27,0.50,26677.291016,0,27,9.9,0.0,18294.820312,0,0.0,0.0,0.0,1.0
15686,0,1,3400,-59,59,-253,5.1,27,0.50,5280.000000,0,27,12,0.0,0.0,0.0,0.0,0.0,0.0,1.0
15935,0,1,3400,-59,59,-258,15,27,0.50,26592.000000,0,27,12,0.0,0.0,0.0,0.0,0.0,0.0,1.0
16184,0,1,3400,-59,59,-258,10,27,0.50,16321.285156,0,27,12,0.0,0.0,0.0,0.0,0.0,0.0,1.0
16433,0,1,3400,-59,59,-257,9.5,27,0.50,10517.928711,0,27,12,0.0,23394.421875,0,0.0,0.0,0.0,1.0
16682,0,1,3400,-59,59,-260,14,27,0.50,6208.000000,0,27,14,0.0,15520.000000,33,0.0,0.0,0.0,1.0
16931,0,1,3400,-59,59,-259,8.4,27,0.50,11616.000000,0,27,14,0.0,0.0,0.0,0.0,0.0,0.0,1.0
17180,0,1,3400,-59,59,-253,14,27,0.50,23456.000000,0,27,15,0.0,10912.000000,50,0.0,0.0,0.0,1.0
17429,0,1,3400,-59,59,-256,7.5,27,0.50,0.0,0.0,27,15,0.0,0.0,0.0,0.0,0.0,0.0,1.0
17678,0,1,3400,-59,59,-254,15,27,0.50,15936.000000,0,27,8.1,0.0,30464.000000,0,0.0,0.0,0.0,1.0
17927,0,1,3400,-59,59,-253,16,27,0.91,30656.000000,8,27,4.0,0.0,0.0,0.0,0.0,0.0,0.0,1.0
18176,0,1,3400,-59,59,-255,11,27,0.50,11872.000000,0,27,4.0,0.0,0.0,0.0,0.0,0.0,0.0,1.0
18425,0,1,3400,-59,59,-255,8.8,26,0.50,18804.781250,0,27,8.9,0.0,147760.953125,4,0.0,0.0,0.0,1.0
18674,0,1,3400,-59,59,-252,15,27,0.50,10581.672852,0,27,14,0.0,0.0,0,0.0,0.0,0.0,1.0
18923,0,1,3400,-59,59,-253,16,27,0.50,15872.000000,0,27,14,0.0,19776.000000,0,0.0,0.0,0.0,1.0
19172,0,1,3400,-59,59,-257,4.2,27,0.50,5952.000000,0,27,9.0,0.0,0.0,0.0,0.0,0.0,0.0,1.0
19421,0,1,3400,-59,59,-256,14,27,0.50,5290.836426,0,27,11,0.0,9338.645508,0,0.0,0.0,0.0,1.0
19670,0,1,3400,-59,59,-258,13,27,0.50,16576.000000,0,27,12,0.0,39008.000000,0,0.0,0.0,0.0,1.0
19919,0,1,3400,-59,59,-257,8.9,27,0.50,5344.000000,0,27,13,0.0,0.0,0.0,0.0,0.0,0.0,1.0
20168,0,1,3400,-59,59,-253,8.0,27,0.50,24032.000000,0,27,13,0.0,0.0,0.0,0.0,0.0,0.0,1.0
20417,0,1,3400,-59,59,-253,15,27,0.50,22374.501953,0,27,13,0.0,126501.992188,0,0.0,0.0,0.0,1.0
20666,0,1,3400,-59,59,-258,11,27,0.50,22240.000000,0,27,15,0.0,0.0,0.0,0.0,0.0,0.0,1.0
20915,0,1,3400,-59,59,-258,13,27,0.50,16576.000000,0,27,15,0.0,9120.000000,0,0.0,0.0,0.0,1.0
21164,0,1,3400,-59,59,-258,17,27,0.50,32256.000000,0,27,15,0.0,7200.000000,0,0.0,0.0,0.0,1.0
21413,0,1,3400,-59,59,-256,16,27,0.50,10581.672852,0,27,10,0.0,20812.748047,0,0.0,0.0,0.0,1.0
21662,0,1,3400,-59,59,-255,16,27,0.50,15872.000000,0,27,6.8,0.0,7200.000000,0,0.0,0.0,0.0,1.0
21911,0,1,3400,-59,59,-257,15,27,0.50,10560.000000,0,27,5.5,0.0,0.0,0.0,0.0,0.0,0.0,1.0
22160,0,1,3400,-59,59,-253,18,27,0.50,5312.000000,0,27,8.1,0.0,10912.000000,50,0.0,0.0,0.0,1.0
22409,0,1,3400,-59,59,-256,16,27,0.50,5258.964355,0,27,12,0.0,16988.046875,50,0.0,0.0,0.0,1.0
22658,0,1,3400,-59,59,-256,15,27,0.50,6688.000000,0,27,15,0.0,0.0,0,0.0,0.0,0.0,1.0
22907,0,1,3400,-59,59,-259,9.4,27,0.50,16642.570312,0,27,8.8,0.0,27855.421875,14,0.0,0.0,0.0,1.0
23156,0,1,3400,-59,59,-258,8.8,27,0.50,10880.000000,0,27,9.4,0.0,17056.000000,0,0.0,0.0,0.0,1.0
23405,0,1,3400,-59,59,-260,14,26,0.50,10613.545898,0,27,5.1,0.0,61067.730469,0,0.0,0.0,0.0,1.0
23654,0,1,3400,-59,59,-257,9.9,27,0.50,24960.000000,0,27,2.4,0.0,16192.000000,0,0.0,0.0,0.0,1.0
23903,0,1,3400,-59,59,-257,13,27,0.50,14880.000000,0,27,6.0,0.0,0.0,0.0,0.0,0.0,0.0,1.0
24152,0,1,3400,-59,59,-254,16,27,0.50,1024.000000,0,27,6.0,0.0,0.0,0.0,0.0,0.0,0.0,1.0
24401,0,1,3400,-59,59,-253,14,27,0.50,10613.545898,0,27,7.0,0.0,21864.541016,20,0.0,0.0,0.0,1.0
24650,0,1,3400,-59,59,-254,14,28,0.50,0.0,0.0,27,8.1,0.0,4256.000000,0,0.0,0.0,0.0,1.0
24899,0,1,3400,-59,59,-254,12,27,0.50,11232.000000,0,27,9.4,0.0,10912.000000,0,0.0,0.0,0.0,1.0
25148,0,1,3400,-59,59,-253,8.3,27,0.50,11314.741211,0,27,11,0.0,7171.314941,0,0.0,0.0,0.0,1.0
25397,0,1,3400,-59,59,-255,15,27,0.50,21099.601562,0,27,11,0.0,22119.521484,0,0.0,0.0,0.0,1.0
25646,0,1,3400,-59,59,-257,10,27,0.50,16064.000000,0,27,11,0.0,0.0,0.0,0.0,0.0,0.0,1.0
25895,0,1,3400,-59,59,-254,11,27,0.50,10592.000000,0,27,11,0.0,7200.000000,0,0.0,0.0,0.0,1.0
26144,0,1,3400,-59,59,-257,10,27,0.50,8096.000000,0,27,10,0.0,0.0,0.0,0.0,0.0,0.0,1.0
26393,0,1,3400,-59,59,-254,11,27,0.50,21163.345703,0,27,7.1,0.0,13673.306641,0,0.0,0.0,0.0,1.0
26642,0,1,3400,-59,59,-253,16,27,0.50,0.0,0.0,27,3.5,0.0,0.0,0.0,0.0,0.0,0.0,1.0
26891,0,1,3400,-59,59,-254,15,27,0.50,5312.000000,0,27,3.2,0.0,2592.000000,0,0.0,0.0,0.0,1.0
27140,0,1,3400,-59,59,-259,15,27,0.50,21408.000000,0,27,3.2,0.0,1632.000000,0,0.0,0.0,0.0,1.0
27389,0,1,3400,-59,59,-259,11,27,0.50,5832.669434,0,27,6.7,0.0,89752.984375,0,0.0,0.0,0.0,1.0
27638,0,1,3400,-59,59,-251,6.0,27,0.50,0.0,0.0,27,14,0.0,0.0,0.0,0.0,0.0,0.0,1.0
27887,0,1,3400,-59,59,-255,6.0,27,0.50,0.0,0.0,27,14,0.0,15520.000000,0,0.0,0.0,0.0,1.0
28136,0,1,3400,-59,59,-255,10,27,0.50,27200.000000,0,27,14,0.0,31040.000000,0,0.0,0.0,0.0,1.0
28385,0,1,3400,-59,59,-256,3.5,27,0.50,8063.745117,0,27,14,0.0,0.0,0.0,0.0,0.0,0.0,1.0
28634,0,1,3400,-59,59,-258,5.3,27,0.50,10688.000000,0,27,14,0.0,21952.000000,0,0.0,0.0,0.0,1.0
28883,0,1,3400,-59,59,-259,9.3,27,0.50,5440.000000,0,27,13,0.0,9120.000000,0,0.0,0.0,0.0,1.0
29132,0,1,3400,-59,59,-253,11,27,0.50,39742.972656,0,27,14,0.0,0.0,0.0,0.0,0.0,0.0,1.0
29381,0,1,3400,-59,59,-254,13,27,0.50,11187.250977,0,27,12,0.0,16000.000000,0,0.0,0.0,0.0,1.0
29630,0,1,3400,-59,59,-254,16,27,0.50,0.0,0.0,27,0.028,0.0,0.0,0.0,0.0,0.0,0.0,1.0
29879,0,1,3400,-59,59,-251,16,27,0.50,15968.000000,0,27,0.0,0.0,0.0,0.0,0.0,0.0,0.0,1.0
30128,0,1,3400,-59,59,-256,14,27,0.50,5280.000000,0,27,1.8,0.0,2528.000000,0,0.0,0.0,0.0,1.0
30377,0,1,3400,-59,59,-259,15,27,0.50,15968.127930,0,27,3.0,0.0,67250.992188,0,0.0,0.0,0.0,1.0
30626,0,1,3400,-59,59,-255,17,27,0.64,15681.274414,0,27,13,0.0,15458.166992,0,0.0,0.0,0.0,1.0
30875,0,1,3400,-59,59,-256,12,27,0.50,16032.000000,0,27,13,0.0,17056.000000,0,0.0,0.0,0.0,1.0
31124,0,1,3400,-59,59,-257,15,27,0.50,16128.000000,0,27,15,0.0,17056.000000,0,0.0,0.0,0.0,1.0
31373,0,1,3400,-59,59,-255,15,27,0.50,15904.000000,0,27,15,0.0,21952.000000,0,0.0,0.0,0.0,1.0
31622,0,1,3400,-59,59,-254,16,27,0.50,5258.964355,0,27,13,0.0,0.0,0.0,0.0,0.0,0.0,1.0
31871,0,1,3400,-59,59,-253,15,28,0.50,15872.509766,0,27,13,0.0,0.0,0.0,0.0,0.0,0.0,1.0
32120,0,1,3400,-59,59,-259,14,27,0.50,11008.000000,0,27,13,0.0,0.0,0.0,0.0,0.0,0.0,1.0
32369,0,1,3400,-59,59,-256,16,27,0.50,0.0,0.0,27,13,0.0,0.0,0.0,0.0,0.0,0.0,1.0
32618,0,1,3400,-59,59,-254,16,27,0.50,0.0,0.0,27,13,0.0,0.0,0.0,0.0,0.0,0.0,1.0
32867,0,1,3400,-59,59,-255,8.3,27,0.50,26688.000000,0,27,13,0.0,39520.000000,14,0.0,0.0,0.0,1.0
33116,0,1,3400,-59,59,-259,10.0,27,0.50,0.0,0.0,27,12,0.0,0.0,0.0,0.0,0.0,0.0,1.0
33365,0,1,3400,-59,59,-257,13,27,0.50,28128.000000,0,27,12,0.0,39520.000000,0,0.0,0.0,0.0,1.0
33614,0,1,3400,-59,59,-250,13,27,0.50,15776.892578,0,27,12,0.0,0.0,0.0,0.0,0.0,0.0,1.0
33863,0,1,3400,-59,59,-250,9.1,27,0.50,22112.000000,0,27,13,0.0,17056.000000,0,0.0,0.0,0.0,1.0
34112,0,1,3400,-59,59,-252,7.6,27,0.50,20448.000000,0,27,13,0.0,21312.000000,0,0.0,0.0,0.0,1.0
34361,0,1,3400,-59,59,-253,9.0,27,0.50,17248.000000,0,27,9.4,0.0,17056.000000,57,0.0,0.0,0.0,1.0
34610,0,1,3400,-59,59,-256,16,27,0.50,10613.545898,0,27,9.0,0.0,0.0,0.0,0.0,0.0,0.0,1.0
34859,0,1,3400,-59,59,-260,16,27,0.50,21440.000000,0,27,12,0.0,35168.000000,14,0.0,0.0,0.0,1.0
35108,0,1,3400,-59,59,-255,14,27,0.50,0.0,0.0,27,15,0.0,10912.000000,0,0.0,0.0,0.0,1.0
35357,0,1,3400,-59,59,-255,14,27,0.50,10624.000000,0,27,14,0.0,15808.000000,20,0.0,0.0,0.0,1.0
35606,0,1,3400,-59,59,-250,9.9,27,0.50,7040.000000,0,27,10,0.0,0.0,0.0,0.0,0.0,0.0,1.0
35855,0,1,3400,-59,59,-253,0.0,27,0.50,0.0,0.0,27,10,0.0,0.0,0.0,0.0,0.0,0.0,1.0
36104,0,1,3400,-59,59,-255,6.8,27,0.57,21344.000000,0,27,13,0.0,15520.000000,0,0.0,0.0,0.0,1.0
36353,0,1,3400,-59,59,-254,9.0,27,0.50,17344.000000,0,27,13,0.0,23488.000000,0,0.0,0.0,0.0,1.0
36602,0,1,3400,-59,59,-254,4.6,26,0.50,48478.085938,0,27,13,0.0,0.0,0.0,0.0,0.0,0.0,1.0
36851,0,1,3400,-59,59,-254,11,28,0.50,0.0,0.0,27,14,0.0,0.0,0.0,0.0,0.0,0.0,1.0
37100,0,1,3400,-59,59,-254,14,27,0.50,16288.000000,0,27,14,0.0,0.0,0.0,0.0,0.0,0.0,1.0
37349,0,1,3400,-59,59,-256,9.1,27,0.50,32704.000000,0,27,14,0.0,34912.000000,0,0.0,0.0,0.0,1.0
37598,0,1,3400,-59,59,-253,13,27,0.51,13258.963867,17,27,15,0.0,0.0,0.0,0.0,0.0,0.0,1.0
37847,0,1,3400,-59,59,-251,10,27,0.50,21312.000000,0,27,15,0.0,0.0,0.0,0.0,0.0,0.0,1.0
38096,0,1,3400,-59,59,-254,2.8,27,0.50,5536.000000,0,27,15,0.0,0.0,0.0,0.0,0.0,0.0,1.0
38345,0,1,3400,-59,59,-254,14,27,0.50,21482.072266,0,27,12,0.0,19219.123047,0,0.0,0.0,0.0,1.0
38594,0,1,3400,-59,59,-255,16,26,0.50,37322.710938,0,27,13,0.0,16988.046875,0,0.0,0.0,0.0,1.0
38843,0,1,3400,-59,59,-256,17,27,0.50,16128.000000,0,27,14,0.0,9120.000000,0,0.0,0.0,0.0,1.0
39092,0,1,3400,-59,59,-254,6.0,27,0.50,17632.000000,0,27,12,0.0,7200.000000,0,0.0,0.0,0.0,1.0
39341,0,1,3400,-59,59,-257,14,27,0.50,5312.000000,0,27,13,0.0,33888.000000,14,0.0,0.0,0.0,1.0
39590,0,1,3400,-59,59,-256,15,27,0.50,5322.708984,0,27,12,0.0,0.0,0.0,0.0,0.0,0.0,1.0
39839,0,1,3400,-59,59,-254,19,27,0.50,5152.000000,0,27,14,0.0,27968.000000,0,0.0,0.0,0.0,1.0
40088,0,1,3400,-59,59,-252,22,28,0.50,0.0,0.0,27,16,0.0,0.0,0.0,0.0,0.0,0.0,1.0
40337,0,1,3400,-59,59,-256,14,27,0.50,18656.000000,0,27,15,0.0,23488.000000,0,0.0,0.0,0.0,1.0
40586,0,1,3400,-59,59,-253,9.7,27,0.50,12430.279297,0,27,13,0.0,27346.613281,0,0.0,0.0,0.0,1.0
40835,0,1,3400,-59,59,-251,14,26,0.50,22592.000000,0,27,13,0.0,49632.000000,25,0.0,0.0,0.0,1.0
41084,0,1,3400,-59,59,-248,7.8,27,0.50,11008.000000,0,27,13,0.0,0.0,0.0,0.0,0.0,0.0,1.0
41333,0,1,3400,-59,59,-251,8.9,27,0.50,22112.000000,0,27,13,0.0,32608.000000,14,0.0,0.0,0.0,1.0
41582,0,1,3400,-59,59,-257,16,27,0.50,26517.927734,0,27,14,0.0,15458.166992,50,0.0,0.0,0.0,1.0
41831,0,1,3400,-59,59,-257,13,27,0.50,10688.000000,0,27,14,0.0,17056.000000,50,0.0,0.0,0.0,1.0
42080,0,1,3400,-59,59,-256,13,27,0.50,21440.000000,0,27,11,0.0,2528.000000,0,0.0,0.0,0.0,1.0
42329,0,1,3400,-59,59,-256,15,27,0.50,10666.666992,0,27,11,0.0,160610.437500,0,0.0,0.0,0.0,1.0
42578,0,1,3400,-59,59,-250,17,27,0.50,10613.545898,0,27,15,0.0,0.0,0.0,0.0,0.0,0.0,1.0
42827,0,1,3400,-59,59,-256,17,27,0.50,10720.000000,0,27,15,0.0,17056.000000,0,0.0,0.0,0.0,1.0
43076,0,1,3400,-59,59,-255,11,27,0.50,5312.000000,0,27,16,0.0,17056.000000,0,0.0,0.0,0.0,1.0
43325,0,1,3400,-59,59,-256,15,27,0.50,21824.000000,0,27,15,0.0,34400.000000,14,0.0,0.0,0.0,1.0
43574,0,1,3400,-59,59,-254,14,26,0.50,31904.382812,0,27,13,0.0,0.0,0.0,0.0,0.0,0.0,1.0
43823,0,1,3400,-59,59,-257,12,27,0.50,32800.000000,0,27,14,0.0,17056.000000,0,0.0,0.0,0.0,1.0
44072,0,1,3400,-59,59,-255,2.8,27,0.50,18944.000000,0,27,13,0.0,15520.000000,0,0.0,0.0,0.0,1.0
44321,0,1,3400,-59,59,-254,13,27,0.50,5312.000000,0,27,13,0.0,0.0,0.0,0.0,0.0,0.0,1.0
44570,0,1,3400,-59,59,-250,15,27,0.50,10560.000000,0,27,12,0.0,23712.000000,0,0.0,0.0,0.0,1.0
44819,0,1,3400,-59,59,-251,15,27,0.50,16539.681641,0,27,9.5,0.0,0.0,0.0,0.0,0.0,0.0,1.0
45068,0,1,3400,-59,59,-254,15,27,0.50,0.0,0.0,27,9.5,0.0,0.0,0.0,0.0,0.0,0.0,1.0
45317,0,1,3400,-59,59,-255,7.3,27,0.50,11648.000000,0,27,10,0.0,32576.000000,0,0.0,0.0,0.0,1.0
45566,0,1,3400,-59,59,-252,15,27,0.50,10944.000000,0,27,13,0.0,23488.000000,0,0.0,0.0,0.0,1.0
45815,0,1,3400,-59,59,-257,15,27,0.60,26709.164062,0,27,13,0.0,15458.166992,0,0.0,0.0,0.0,1.0
46064,0,1,3400,-59,59,-256,5.6,27,0.50,12320.000000,0,27,13,0.0,0.0,0.0,0.0,0.0,0.0,1.0
46313,0,1,3400,-59,59,-252,4.1,27,0.50,12096.000000,0,27,12,0.0,39104.000000,11,0.0,0.0,0.0,1.0
46562,0,1,3400,-59,59,-251,7.9,27,0.50,10528.000000,0,27,3.5,0.0,0.0,0.0,0.0,0.0,0.0,1.0
46811,0,1,3400,-59,59,-256,17,27,0.50,5290.836426,0,27,3.5,0.0,0.0,0.0,0.0,0.0,0.0,1.0
47060,0,1,3400,-59,59,-252,16,27,0.50,10560.000000,0,27,3.5,0.0,0.0,0.0,0.0,0.0,0.0,1.0
47309,0,1,3400,-59,59,-252,2.3,27,0.50,14720.000000,0,27,8.4,0.0,52384.000000,9,0.0,0.0,0.0,1.0
47558,0,1,3400,-59,59,-253,8.9,27,0.50,10752.000000,0,27,12,0.0,9376.000000,0,0.0,0.0,0.0,1.0
47807,0,1,3400,-59,59,-253,16,27,0.50,10613.545898,0,27,15,0.0,33976.093750,25,0.0,0.0,0.0,1.0
48056,0,1,3400,-59,59,-255,12,27,0.50,32480.000000,0,27,15,0.0,45024.000000,0,0.0,0.0,0.0,1.0
48305,0,1,3400,-59,59,-254,7.6,27,0.50,17824.000000,0,27,14,0.0,30304.000000,0,0.0,0.0,0.0,1.0
48554,0,1,3400,-59,59,-249,13,27,0.50,26528.000000,0,27,12,0.0,17056.000000,0,0.0,0.0,0.0,1.0
48803,0,1,3400,-59,59,-254,19,27,0.50,5440.000000,0,27,15,0.0,17056.000000,33,0.0,0.0,0.0,1.0
49052,0,1,3400,-59,59,-255,15,27,0.50,15968.000000,0,27,15,0.0,0.0,0.0,0.0,0.0,0.0,1.0
49301,0,1,3400,-59,59,-255,15,27,0.54,10688.000000,0,27,15,186,0.0,0.0,0.0,0.0,0.0,1.0
49550,0,1,3400,-59,59,-253,15,27,0.58,10560.000000,0,27,14,0.0,81888.000000,7,0.0,0.0,0.0,1.0
49799,0,1,3400,-59,59,-254,12,27,0.51,32000.000000,0,27,14,0.0,0.0,0.0,0.0,0.0,0.0,1.0
50048,0,1,3400,-59,59,-257,13,27,1.3,15136.000000,11,27,14,0.0,24640.000000,20,0.0,0.0,0.0,1.0
50297,0,1,3400,-59,59,-253,9.0,27,0.50,0.0,0.0,27,14,0.0,17056.000000,0,0.0,0.0,0.0,1.0
50546,0,1,3400,-59,59,-253,16,27,0.50,5312.000000,0,27,14,0.0,23488.000000,0,0.0,0.0,0.0,1.0
50795,0,1,3400,-59,59,-253,13,27,0.50,21928.287109,0,27,13,0.0,0.0,0.0,0.0,0.0,0.0,1.0
51044,0,1,3400,-59,59,-257,11,26,0.50,27360.000000,0,27,13,0.0,0.0,0.0,0.0,0.0,0.0,1.0
51293,0,1,3400,-59,59,-253,16,27,0.50,15968.000000,0,27,11,186,9376.000000,0,0.0,0.0,0.0,1.0
51542,0,1,3400,-59,59,-249,17,27,0.50,16095.617188,0,27,6.0,0.0,17784.861328,0,0.0,0.0,0.0,1.0
51791,0,1,3400,-59,59,-253,18,27,0.50,16382.469727,0,27,5.5,0.0,0.0,0.0,0.0,0.0,0.0,1.0
52040,0,1,3400,-59,59,-253,7.5,27,0.50,13440.000000,0,27,5.5,0.0,0.0,0.0,0.0,0.0,0.0,1.0
52289,0,1,3400,-59,59,-253,16,27,0.50,15840.000000,0,27,5.8,0.0,12160.000000,0,0.0,0.0,0.0,1.0
52538,0,1,3400,-59,59,-252,14,26,1.5,20992.000000,7,27,6.5,0.0,0.0,0.0,0.0,0.0,0.0,1.0
52787,0,1,3400,-59,59,-253,7.5,27,0.50,11187.250977,0,27,6.5,0.0,0.0,0.0,0.0,0.0,0.0,1.0
53036,0,1,3400,-59,59,-254,11,27,0.50,10592.000000,0,27,8.1,0.0,10912.000000,0,0.0,0.0,0.0,1.0
53285,0,1,3400,-59,59,-255,16,27,0.50,5376.000000,0,27,13,186,9376.000000,0,0.0,0.0,0.0,1.0
53534,0,1,3400,-59,59,-253,10,27,0.50,16256.000000,0,27,8.2,0.0,1568.000000,57,0.0,0.0,0.0,1.0
53783,0,1,3400,-59,59,-253,13,27,0.50,10581.672852,0,27,12,0.0,15458.166992,0,0.0,0.0,0.0,1.0
54032,0,1,3400,-59,59,-251,15,27,0.50,21536.000000,0,27,13,0.0,15520.000000,0,0.0,0.0,0.0,1.0
54281,0,1,3400,-59,59,-252,5.5,27,0.50,21280.000000,0,27,13,0.0,35424.000000,0,0.0,0.0,0.0,1.0
54530,0,1,3400,-59,59,-255,9.5,28,0.50,0.0,0.0,27,12,0.0,0.0,0.0,0.0,0.0,0.0,1.0
54779,0,1,3400,-59,59,-250,15,27,0.65,15872.509766,0,27,12,0.0,0.0,0.0,0.0,0.0,0.0,1.0
55028,0,1,3400,-59,59,-248,12,27,0.69,11360.000000,0,27,12,0.0,17056.000000,0,0.0,0.0,0.0,1.0
55277,0,1,3400,-59,59,-249,4.3,27,0.50,12401.606445,0,27,13,0.0,18441.767578,0,0.0,0.0,0.0,1.0
55526,0,1,3400,-59,59,-252,13,27,0.66,17344.000000,0,27,11,0.0,8832.000000,20,0.0,0.0,0.0,1.0
55775,0,1,3400,-59,59,-250,16,27,0.50,23328.000000,0,27,9.5,0.0,0.0,0.0,0.0,0.0,0.0,1.0
56024,0,1,3400,-59,59,-253,11,27,0.50,25115.537109,0,27,9.4,0.0,0.0,0.0,0.0,0.0,0.0,1.0
56273,0,1,3400,-59,59,-253,13,27,0.50,17440.000000,0,27,7.6,0.0,30880.000000,0,0.0,0.0,0.0,1.0
56522,0,1,3400,-59,59,-256,16,27,0.50,15968.000000,0,27,7.5,0.0,0.0,0.0,0.0,0.0,0.0,1.0
56771,0,1,3400,-59,59,-253,13,27,0.58,16096.000000,0,27,7.5,0.0,0.0,0.0,0.0,0.0,0.0,1.0
57020,0,1,3400,-59,59,-254,8.8,26,0.51,22215.138672,0,27,7.5,0.0,0.0,0.0,0.0,0.0,0.0,1.0
57269,0,1,3400,-59,59,-252,7.8,27,0.50,2944.000000,0,27,7.5,0.0,0.0,0.0,0.0,0.0,0.0,1.0
57518,0,1,3400,-59,59,-253,2.5,27,0.50,23200.000000,0,27,12,0.0,39008.000000,0,0.0,0.0,0.0,1.0
57767,0,1,3400,-59,59,-253,3.5,27,0.50,0.0,0.0,27,13,0.0,0.0,0.0,0.0,0.0,0.0,1.0
58016,0,1,3400,-59,59,-255,3.5,27,0.50,14857.142578,0,27,13,0.0,16920.634766,0,0.0,0.0,0.0,1.0
58265,0,1,3400,-59,59,-256,7.8,27,0.50,8224.000000,0,27,14,0.0,0.0,0.0,0.0,0.0,0.0,1.0
58514,0,1,3400,-59,59,-253,11,27,0.58,26528.000000,0,27,12,0.0,18368.000000,0,0.0,0.0,0.0,1.0
58763,0,1,3400,-59,59,-252,0.67,27,0.50,11616.000000,0,27,13,0.0,17056.000000,50,0.0,0.0,0.0,1.0
59012,0,1,3400,-59,59,-253,4.2,27,0.50,16733.068359,0,27,13,0.0,0.0,0.0,0.0,0.0,0.0,1.0
59261,0,1,3400,-59,59,-253,5.6,27,0.50,11136.000000,0,27,13,186,15520.000000,0,0.0,0.0,0.0,1.0
59510,0,1,3400,-59,59,-253,15,27,0.50,31904.000000,0,27,13,0.0,23488.000000,20,0.0,0.0,0.0,1.0
59759,0,1,3400,-59,59,-253,17,27,0.50,5280.000000,0,27,13,0.0,0.0,0.0,0.0,0.0,0.0,1.0
60008,0,1,3400,-59,59,-252,7.8,26,0.50,11219.123047,0,27,13,0.0,0.0,0.0,0.0,0.0,0.0,1.0
60257,0,1,3400,-59,59,-254,2.8,27,0.50,7136.000000,0,27,13,0.0,0.0,0.0,0.0,0.0,0.0,1.0
60506,0,1,3400,-59,59,-255,0.83,27,0.50,5312.000000,0,27,13,186,0.0,0.0,0.0,0.0,0.0,1.0
60755,0,1,3400,-59,59,-257,10,27,0.50,18816.000000,0,27,13,0.0,62880.000000,17,0.0,0.0,0.0,1.0
61004,0,1,3400,-59,59,-254,9.2,27,0.50,16924.302734,0,27,11,0.0,1625.498047,0,0.0,0.0,0.0,1.0
61253,0,1,3400,-59,59,-251,11,27,0.50,5280.000000,0,27,8.7,0.0,21952.000000,0,0.0,0.0,0.0,1.0
61502,0,1,3400,-59,59,-249,14,27,0.50,10859.437500,0,27,13,0.0,0.0,0.0,0.0,0.0,0.0,1.0
61751,0,1,3400,-59,59,-253,8.6,27,0.50,16573.705078,0,27,13,0.0,0.0,0.0,0.0,0.0,0.0,1.0
62000,0,1,3400,-59,59,-253,12,26,0.50,25344.000000,0,27,13,0.0,0.0,0.0,0.0,0.0,0.0,1.0
62249,0,1,3400,-59,59,-254,8.4,27,0.50,23968.000000,0,27,13,0.0,52480.000000,0,0.0,0.0,0.0,1.0
62498,0,1,3400,-59,59,-250,6.5,27,0.50,11104.000000,0,27,14,0.0,17056.000000,0,0.0,0.0,0.0,1.0
62747,0,1,3400,-59,59,-250,16,27,0.50,21216.000000,0,27,15,0.0,0.0,0.0,0.0,0.0,0.0,1.0
62996,0,1,3400,-59,59,-252,16,27,1.6,4239.043945,50,27,15,0.0,0.0,0.0,0.0,0.0,0.0,1.0
63245,0,1,3400,-59,59,-251,15,27,0.50,5344.000000,0,27,15,0.0,0.0,0.0,0.0,0.0,0.0,1.0
63494,0,1,3400,-59,59,-252,5.2,27,0.50,5888.000000,0,27,6.1,0.0,11392.000000,0,0.0,0.0,0.0,1.0
63743,0,1,3400,-59,59,-251,11,26,0.86,22816.000000,4,27,2.6,0.0,1568.000000,0,0.0,0.0,0.0,1.0
63992,0,1,3400,-59,59,-254,17,26,0.50,21322.708984,0,27,2.0,0.0,0.0,0.0,0.0,0.0,0.0,1.0
64241,0,1,3400,-59,59,-252,8.3,27,0.50,16192.000000,0,27,2.3,0.0,33120.000000,0,0.0,0.0,0.0,1.0
64490,0,1,3400,-59,59,-252,13,27,0.50,32764.939453,0,27,4.0,0.0,0.0,0.0,0.0,0.0,0.0,1.0
64739,0,1,3400,-59,59,-254,7.9,27,0.50,16192.000000,0,27,4.0,0.0,0.0,0.0,0.0,0.0,0.0,1.0
64988,0,1,3400,-59,59,-257,1.7,27,0.50,10996.015625,0,27,4.0,0.0,0.0,0.0,0.0,0.0,0.0,1.0
65237,0,1,3400,-59,59,-257,9.5,26,0.50,35360.000000,0,27,6.0,0.0,119712.000000,24,0.0,0.0,0.0,1.0
65486,0,1,3400,-59,59,-258,9.2,27,0.50,13376.000000,0,27,6.1,0.0,2592.000000,0,0.0,0.0,0.0,1.0
65735,0,1,3400,-59,59,-255,2.0,27,0.50,5376.000000,0,27,3.0,0.0,0.0,0.0,0.0,0.0,0.0,1.0
65984,0,1,3400,-59,59,-254,6.9,27,0.50,20896.000000,0,27,3.0,0.0,0.0,0.0,0.0,0.0,0.0,1.0
66233,0,1,3400,-59,59,-251,1.8,27,0.50,7681.274902,0,27,3.0,0.0,0.0,0.0,0.0,0.0,0.0,1.0
66482,0,1,3400,-59,59,-250,15,28,0.50,10624.000000,0,27,4.8,0.0,23456.000000,0,0.0,0.0,0.0,1.0
66731,0,1,3400,-59,59,-252,13,28,0.50,5408.000000,0,27,5.0,0.0,0.0,0.0,0.0,0.0,0.0,1.0
66980,0,1,3400,-59,59,-250,9.6,27,0.50,12000.000000,0,27,3.6,0.0,6848.000000,0,0.0,0.0,0.0,1.0
67229,0,1,3400,-59,59,-250,15,27,0.50,10549.800781,0,27,3.7,0.0,17370.517578,25,0.0,0.0,0.0,1.0
67478,0,1,3400,-59,59,-252,11,27,0.64,11328.000000,0,27,8.9,0.0,24896.000000,0,0.0,0.0,0.0,1.0
67727,0,1,3400,-59,59,-254,12,27,0.50,15744.000000,0,27,11,0.0,14528.000000,43,0.0,0.0,0.0,1.0
67976,0,1,3400,-59,59,-250,16,27,0.50,0.0,0.0,27,7.0,0.0,0.0,0.0,0.0,0.0,0.0,1.0
68225,0,1,3400,-59,59,-250,4.0,27,0.50,41880.476562,0,27,8.7,0.0,111713.148438,31,0.0,0.0,0.0,1.0
68474,0,1,3400,-59,59,-253,11,28,0.50,10592.000000,0,27,8.8,0.0,2592.000000,0,0.0,0.0,0.0,1.0
68723,0,1,3400,-59,59,-249,10,28,0.50,5504.000000,0,27,8.9,0.0,1568.000000,0,0.0,0.0,0.0,1.0
68972,0,1,3400,-59,59,-252,15,28,0.63,15968.000000,0,27,8.0,0.0,0.0,0.0,0.0,0.0,0.0,1.0
69221,0,1,3400,-59,59,-251,3.7,27,0.50,13290.836914,0,27,8.2,186,12462.151367,0,0.0,0.0,0.0,1.0
69470,0,1,3400,-59,59,-255,11,27,0.50,5344.000000,0,27,14,0.0,167392.000000,5,0.0,0.0,0.0,1.0
69719,0,1,3400,-59,59,-249,7.9,28,0.50,17824.000000,0,27,15,0.0,0.0,0.0,0.0,0.0,0.0,1.0
69968,0,1,3400,-59,59,-251,13,27,0.50,20000.000000,0,27,15,0.0,0.0,0.0,0.0,0.0,0.0,1.0
70217,0,1,3400,-59,59,-255,13,27,0.50,10677.291016,0,27,11,0.0,892,57,0.0,0.0,0.0,1.0
70466,0,1,3400,-59,59,-250,7.8,27,0.50,17440.000000,0,27,8.3,0.0,57248.000000,10,0.0,0.0,0.0,1.0
70715,0,1,3400,-59,59,-249,13,28,0.50,26528.000000,0,27,10,0.0,17056.000000,57,0.0,0.0,0.0,1.0
70964,0,1,3400,-59,59,-251,7.4,27,0.50,5792.000000,0,27,14,0.0,0.0,0.0,0.0,0.0,0.0,1.0
71213,0,1,3400,-59,59,-250,5.2,27,0.50,1746.031738,0,27,14,0.0,0.0,0.0,0.0,0.0,0.0,1.0
71462,0,1,3400,-59,59,-249,1.7,27,0.50,27424.000000,0,27,12,0.0,21728.000000,0,0.0,0.0,0.0,1.0
71711,0,1,3400,-59,59,-250,8.1,28,0.50,33280.000000,0,27,11,0.0,9376.000000,0,0.0,0.0,0.0,1.0
71960,0,1,3400,-59,59,-245,13,27,0.50,0.0,0.0,27,10,0.0,0.0,0.0,0.0,0.0,0.0,1.0
72209,0,1,3400,-59,59,-250,11,27,0.50,10581.672852,0,27,12,186,28876.494141,0,0.0,0.0,0.0,1.0
72458,0,1,3400,-59,59,-253,15,27,0.50,10592.000000,0,27,14,0.0,23488.000000,0,0.0,0.0,0.0,1.0
72707,0,1,3400,-59,59,-252,8.6,28,0.50,22656.000000,0,27,13,0.0,0.0,0.0,0.0,0.0,0.0,1.0
72956,0,1,3400,-59,59,-252,4.0,28,0.50,11264.000000,0,27,14,0.0,0.0,0.0,0.0,0.0,0.0,1.0
73205,0,1,3400,-59,59,-247,7.1,27,0.50,18964.142578,0,27,13,0.0,10645.417969,44,0.0,0.0,0.0,1.0
73454,0,1,3400,-59,59,-247,13,27,0.50,23712.000000,0,27,14,0.0,0.0,0.0,0.0,0.0,0.0,1.0
73703,0,1,3400,-59,59,-249,15,28,0.50,5312.000000,0,27,14,0.0,0.0,50,0.0,0.0,0.0,1.0
73952,0,1,3400,-59,59,-249,15,27,0.50,5280.000000,0,27,11,0.0,1632.000000,67,0.0,0.0,0.0,1.0
74201,0,1,3400,-59,59,-248,8.9,27,0.50,11392.000000,0,27,10,0.0,26176.000000,0,0.0,0.0,0.0,1.0
74450,0,1,3400,-59,59,-249,4.2,27,0.50,29696.000000,0,27,14,0.0,0.0,0,0.0,0.0,0.0,1.0
74699,0,1,3400,-59,59,-245,13,28,0.50,10624.000000,0,27,7.9,0.0,5152.000000,0,0.0,0.0,0.0,1.0
74948,0,1,3400,-59,59,-249,14,28,0.50,0.0,0.0,27,6.4,0.0,2592.000000,0,0.0,0.0,0.0,1.0
75197,0,1,3400,-59,59,-254,14,27,0.50,5312.000000,0,27,6.6,0.0,24000.000000,0,0.0,0.0,0.0,1.0
75446,0,1,3400,-59,59,-250,15,27,0.50,0.0,0.0,27,6.0,0.0,0.0,0.0,0.0,0.0,0.0,1.0
75695,0,1,3400,-59,59,-251,14,28,0.50,3520.000000,0,27,9.5,0.0,34112.000000,0,0.0,0.0,0.0,1.0
75944,0,1,3400,-59,59,-254,6.0,28,0.50,10176.000000,0,27,12,0.0,0.0,0.0,0.0,0.0,0.0,1.0
76193,0,1,3400,-59,59,-254,13,27,0.50,5312.000000,0,27,12,0.0,0.0,0.0,0.0,0.0,0.0,1.0
76442,0,1,3400,-59,59,-254,15,27,0.50,10613.545898,0,27,7.7,0.0,13705.179688,11,0.0,0.0,0.0,1.0
76691,0,1,3400,-59,59,-249,11,27,0.50,16384.000000,0,27,1.5,0.0,0.0,0.0,0.0,0.0,0.0,1.0
76940,0,1,3400,-59,59,-247,16,28,0.50,10592.000000,0,27,1.7,0.0,2592.000000,0,0.0,0.0,0.0,1.0
77189,0,1,3400,-59,59,-252,5.8,27,0.50,12672.000000,0,27,2.6,0.0,4160.000000,44,0.0,0.0,0.0,1.0
77438,0,1,3400,-59,59,-253,9.5,27,0.50,30119.521484,0,27,7.9,0.0,0.0,80,0.0,0.0,0.0,1.0
77687,0,1,3400,-59,59,-251,13,28,0.50,5354.581543,0,27,8.0,0.0,2581.673340,0,0.0,0.0,0.0,1.0
77936,0,1,3400,-59,59,-255,11,28,0.50,13696.000000,0,27,8.0,0.0,0.0,0.0,0.0,0.0,0.0,1.0
78185,0,1,3400,-59,59,-254,10,28,0.50,15520.000000,0,27,9.0,0.0,1568.000000,57,0.0,0.0,0.0,1.0
78434,0,1,3400,-59,59,-252,9.1,27,0.50,21195.218750,0,27,0.14,0.0,1561.752930,0,0.0,0.0,0.0,1.0
78683,0,1,3400,-59,59,-250,9.8,28,0.50,15840.000000,0,27,0.056,0.0,0.0,0.0,0.0,0.0,0.0,1.0
78932,0,1,3400,-59,59,-250,0.90,28,0.50,21984.000000,0,27,0.0,0.0,0.0,0.0,0.0,0.0,0.0,1.0
79181,0,1,3400,-59,59,-253,2.8,28,0.50,8448.000000,0,27,7.6,0.0,32256.000000,0,0.0,0.0,0.0,1.0
79430,0,1,3400,-59,59,-252,10,27,0.50,23936.255859,0,27,9.3,0.0,2517.928223,0,0.0,0.0,0.0,1.0
79679,0,1,3400,-59,59,-252,6.5,28,0.50,14016.000000,0,27,5.8,0.0,4256.000000,0,0.0,0.0,0.0,1.0
79928,0,1,3400,-59,59,-251,10,28,0.50,5376.000000,0,27,7.7,0.0,15520.000000,0,0.0,0.0,0.0,1.0
80177,0,1,3400,-59,59,-252,13,27,0.50,3168.000000,0,27,11,0.0,32576.000000,43,0.0,0.0,0.0,1.0
80426,0,1,3400,-59,59,-252,5.9,27,0.50,3442.230957,0,27,9.9,0.0,1561.752930,57,0.0,0.0,0.0,1.0
80675,0,1,3400,-59,59,-251,11,27,0.61,20320.000000,10,27,7.5,0.0,0.0,0.0,0.0,0.0,0.0,1.0
80924,0,1,3400,-59,59,-250,12,28,0.50,16000.000000,0,27,7.5,0.0,0.0,0.0,0.0,0.0,0.0,1.0
81173,0,1,3400,-59,59,-249,14,28,0.50,5312.000000,0,27,6.2,0.0,24928.000000,0,0.0,0.0,0.0,1.0
81422,0,1,3400,-59,59,-252,11,27,0.50,16768.000000,0,27,7.2,0.0,22720.000000,0,0.0,0.0,0.0,1.0
81671,0,1,3400,-59,59,-253,5.3,27,0.50,24223.107422,0,27,5.5,0.0,4239.043945,0,0.0,0.0,0.0,1.0
81920,0,1,3400,-59,59,-252,14,28,0.50,10464.000000,0,27,4.0,0.0,0.0,0.0,0.0,0.0,0.0,1.0
82169,0,1,3400,-59,59,-250,2.3,27,0.50,29600.000000,0,27,4.0,0.0,24512.000000,8,0.0,0.0,0.0,1.0
82418,0,1,3400,-59,59,-250,4.9,27,0.50,8096.000000,0,27,9.5,0.0,4256.000000,57,0.0,0.0,0.0,1.0
82667,0,1,3400,-59,59,-252,0.0,27,0.50,3155.378418,0,27,9.5,0.0,0.0,0.0,0.0,0.0,0.0,1.0
82916,0,1,3400,-59,59,-255,9.4,28,0.50,15584.000000,0,27,9.5,0.0,0.0,0.0,0.0,0.0,0.0,1.0
83165,0,1,3400,-59,59,-250,7.1,28,0.50,43296.000000,0,27,10,0.0,74496.000000,6,0.0,0.0,0.0,1.0
83414,0,1,3400,-59,59,-250,9.5,27,0.50,10688.000000,0,27,13,0.0,0.0,0,0.0,0.0,0.0,1.0
83663,0,1,3400,-59,59,-248,12,27,0.50,4717.131348,0,27,7.5,0.0,1561.752930,0,0.0,0.0,0.0,1.0
83912,0,1,3400,-59,59,-252,1.1,28,0.50,13376.000000,0,27,7.5,0.0,0.0,0.0,0.0,0.0,0.0,1.0
84161,0,1,3400,-59,59,-249,5.0,28,0.50,10932.270508,0,27,12,0.0,35537.847656,36,0.0,0.0,0.0,1.0
84410,0,1,3400,-59,59,-246,7.8,27,0.50,19328.000000,0,27,7.5,0.0,17056.000000,0,0.0,0.0,0.0,1.0
84659,0,1,3400,-59,59,-248,3.4,27,0.50,18964.142578,0,27,13,0.0,16988.046875,0,0.0,0.0,0.0,1.0
84908,0,1,3400,-59,59,-248,12,27,0.50,43104.000000,0,27,15,0.0,7200.000000,0,0.0,0.0,0.0,1.0
85157,0,1,3400,-59,59,-250,14,28,0.50,10560.000000,0,27,10,0.0,43264.000000,0,0.0,0.0,0.0,1.0
85406,0,1,3400,-59,59,-249,13,27,0.50,16704.000000,0,27,14,0.0,0.0,0.0,0.0,0.0,0.0,1.0
85655,0,1,3400,-59,59,-249,19,27,0.50,10868.526367,0,27,15,0.0,0.0,0.0,0.0,0.0,0.0,1.0
85904,0,1,3400,-59,59,-249,4.2,28,0.50,6336.000000,0,27,14,0.0,0.0,0.0,0.0,0.0,0.0,1.0
86153,0,1,3400,-59,59,-248,2.3,28,0.50,18720.000000,0,27,14,186,28992.000000,0,0.0,0.0,0.0,1.0
86402,0,1,3400,-59,59,-244,0.0,28,0.50,28512.000000,0,27,13,0.0,24000.000000,0,0.0,0.0,0.0,1.0
86651,0,1,3400,-59,59,-245,1.4,27,0.50,5322.708984,0,27,9.4,0.0,7362.549805,40,0.0,0.0,0.0,1.0
86900,0,1,3400,-59,59,-251,16,27,0.50,15904.000000,0,27,7.5,0.0,1568.000000,0,0.0,0.0,0.0,1.0
87149,0,1,3400,-59,59,-250,12,28,0.50,18944.000000,0,27,7.3,0.0,0.0,80,0.0,0.0,0.0,1.0
87398,0,1,3400,-59,59,-248,8.4,28,0.50,17510.041016,0,27,7.0,0.0,0.0,0.0,0.0,0.0,0.0,1.0
87647,0,1,3400,-59,59,-242,13,27,0.50,17728.000000,0,27,7.7,0.0,20704.000000,0,0.0,0.0,0.0,1.0
87896,0,1,3400,-59,59,-248,16,27,0.50,0.0,0.0,27,8.0,0.0,9083.665039,0,0.0,0.0,0.0,1.0
88145,0,1,3400,-59,59,-254,11,28,0.50,24096.000000,0,27,7.5,0.0,43072.000000,0,0.0,0.0,0.0,1.0
88394,0,1,3400,-59,59,-249,14,28,0.50,7968.000000,0,27,12,0.0,2528.000000,0,0.0,0.0,0.0,1.0
88643,0,1,3400,-59,59,-251,3.2,27,0.50,5440.000000,0,27,8.0,0.0,4256.000000,0,0.0,0.0,0.0,1.0
88892,0,1,3400,-59,59,-247,11,27,0.50,11187.250977,0,27,8.0,0.0,0.0,0.0,0.0,0.0,0.0,1.0
89141,0,1,3400,-59,59,-243,3.7,28,0.50,5152.000000,0,27,5.9,186,18624.000000,20,0.0,0.0,0.0,1.0
89390,0,1,3400,-59,59,-248,13,28,0.50,10624.000000,0,27,9.5,0.0,25056.000000,0,0.0,0.0,0.0,1.0
89639,0,1,3400,-59,59,-250,13,27,0.50,21664.000000,0,27,14,0.0,10912.000000,0,0.0,0.0,0.0,1.0
89888,0,1,3400,-59,59,-246,17,27,0.50,0.0,0.0,27,15,0.0,0.0,0.0,0.0,0.0,0.0,1.0
90137,0,1,3400,-59,59,-247,15,28,0.50,15840.000000,0,27,15,186,0.0,0.0,0.0,0.0,0.0,1.0
90386,0,1,3400,-59,59,-248,8.6,28,0.50,19904.000000,0,27,13,0.0,39008.000000,0,0.0,0.0,0.0,1.0
90635,0,1,3400,-59,59,-248,1.4,28,0.50,22272.000000,0,27,14,0.0,32576.000000,0,0.0,0.0,0.0,1.0
90884,0,1,3400,-59,59,-250,14,27,0.50,10507.936523,0,27,14,0.0,16920.634766,0,0.0,0.0,0.0,1.0
91133,0,1,3400,-59,59,-251,2.5,28,0.50,20128.000000,0,27,14,0.0,11936.000000,57,0.0,0.0,0.0,1.0
91382,0,1,3400,-59,59,-254,1.9,28,0.50,11424.000000,0,27,12,0.0,1568.000000,0,0.0,0.0,0.0,1.0
91631,0,1,3400,-59,59,-248,8.3,28,0.50,10592.000000,0,27,7.5,0.0,0.0,0.0,0.0,0.0,0.0,1.0
91880,0,1,3400,-59,59,-251,4.3,27,0.50,30820.716797,0,27,7.5,0.0,0.0,0.0,0.0,0.0,0.0,1.0
92129,0,1,3400,-59,59,-252,14,27,0.50,0.0,0.0,27,7.5,0.0,0.0,0.0,0.0,0.0,0.0,1.0
92378,0,1,3400,-59,59,-250,11,28,0.50,10656.000000,0,27,11,0.0,15808.000000,44,0.0,0.0,0.0,1.0
92627,0,1,3400,-59,59,-251,13,28,0.50,6720.000000,0,27,7.9,0.0,1568.000000,0,0.0,0.0,0.0,1.0
92876,0,1,3400,-59,59,-248,15,27,0.50,10549.800781,0,27,7.0,0.0,0.0,0.0,0.0,0.0,0.0,1.0
93125,0,1,3400,-59,59,-250,20,27,0.50,20992.000000,0,27,5.1,0.0,10720.000000,0,0.0,0.0,0.0,1.0
93374,0,1,3400,-59,59,-251,16,28,0.50,16000.000000,0,27,3.0,0.0,0.0,0.0,0.0,0.0,0.0,1.0
93623,0,1,3400,-59,59,-252,14,28,0.50,10666.666992,0,27,3.4,0.0,4273.092285,0,0.0,0.0,0.0,1.0
93872,0,1,3400,-59,59,-249,10.0,27,0.50,23968.126953,0,27,3.5,0.0,0.0,0.0,0.0,0.0,0.0,1.0
94121,0,1,3400,-59,59,-248,12,28,0.50,19264.000000,0,27,5.2,186,32608.000000,0,0.0,0.0,0.0,1.0
94370,0,1,3400,-59,59,-253,0.0040,28,0.50,10560.000000,0,27,7.8,0.0,40544.000000,0,0.0,0.0,0.0,1.0
94619,0,1,3400,-59,59,-247,10,28,0.50,10464.000000,0,27,9.0,0.0,0.0,0.0,0.0,0.0,0.0,1.0
94868,0,1,3400,-59,59,-247,13,27,0.50,20160.000000,0,27,9.0,0.0,0.0,0.0,0.0,0.0,0.0,1.0
95117,0,1,3400,-59,59,-249,5.1,27,0.50,14438.247070,0,27,9.7,0.0,22374.501953,20,0.0,0.0,0.0,1.0
95366,0,1,3400,-59,59,-250,15,28,0.50,10592.000000,0,27,12,0.0,17056.000000,40,0.0,0.0,0.0,1.0
95615,0,1,3400,-59,59,-251,14,28,0.50,5312.000000,0,27,8.1,0.0,17152.000000,40,0.0,0.0,0.0,1.0
95864,0,1,3400,-59,59,-251,8.8,28,0.50,19616.000000,0,27,12,0.0,0.0,0.0,0.0,0.0,0.0,1.0
96113,0,1,3400,-59,59,-255,12,27,0.50,26900.398438,0,27,12,0.0,48701.195312,25,0.0,0.0,0.0,1.0
96362,0,1,3400,-59,59,-252,16,28,0.50,10592.000000,0,27,15,0.0,15520.000000,67,0.0,0.0,0.0,1.0
96611,0,1,3400,-59,59,-246,15,28,0.50,15936.000000,0,27,8.0,0.0,1568.000000,0,0.0,0.0,0.0,1.0
96860,0,1,3400,-59,59,-249,11,27,0.50,17280.000000,0,27,8.1,0.0,0.0,0.0,0.0,0.0,0.0,1.0
97109,0,1,3400,-59,59,-249,6.8,27,0.50,15936.254883,0,27,11,0.0,18581.673828,36,0.0,0.0,0.0,1.0
97358,0,1,3400,-59,59,-248,2.0,28,0.50,15075.697266,0,27,15,0.0,0.0,0,0.0,0.0,0.0,1.0
97607,0,1,3400,-59,59,-244,6.2,28,0.50,5312.000000,0,27,15,0.0,26176.000000,0,0.0,0.0,0.0,1.0
97856,0,1,3400,-59,59,-244,14,28,0.50,0.0,0.0,27,14,0.0,0.0,0.0,0.0,0.0,0.0,1.0
98105,0,1,3400,-59,59,-247,12,27,0.50,18581.673828,0,27,13,0.0,194071.718750,0,0.0,0.0,0.0,1.0
98354,0,1,3400,-59,59,-252,0.11,28,0.50,5984.000000,0,27,13,0.0,17056.000000,0,0.0,0.0,0.0,1.0
98603,0,1,3400,-59,59,-249,11,28,0.50,10688.000000,0,27,11,0.0,1504.000000,57,0.0,0.0,0.0,1.0
98852,0,1,3400,-59,59,-246,5.7,28,0.50,11424.000000,0,27,8.5,0.0,0.0,0.0,0.0,0.0,0.0,1.0
99101,0,1,3400,-59,59,-246,14,27,0.50,5290.836426,0,27,9.0,0.0,4239.043945,0,0.0,0.0,0.0,1.0
99350,0,1,3400,-59,59,-248,6.0,27,0.50,24384.000000,0,27,13,0.0,59040.000000,9,0.0,0.0,0.0,1.0
99599,0,1,3400,-59,59,-245,6.4,28,0.50,11424.000000,0,27,14,0.0,0.0,0.0,0.0,0.0,0.0,1.0
99848,0,1,3400,-59,59,-248,13,28,0.50,21504.000000,0,27,13,0.0,24896.000000,0,0.0,0.0,0.0,1.0
100097,0,1,3400,-59,59,-247,12,27,0.50,22112.000000,0,27,12,0.0,24000.000000,0,0.0,0.0,0.0,1.0
100346,0,1,3400,-59,59,-249,18,27,0.50,10688.000000,0,27,13,0.0,9120.000000,50,0.0,0.0,0.0,1.0
100595,0,1,3400,-59,59,-250,13,28,0.50,12640.000000,0,27,13,0.0,2592.000000,67,0.0,0.0,0.0,1.0
100844,0,1,3400,-59,59,-249,9.5,28,0.50,21152.000000,0,27,8.9,0.0,0.0,0.0,0.0,0.0,0.0,1.0
101093,0,1,3400,-59,59,-248,8.9,27,0.50,15936.000000,0,27,11,0.0,21952.000000,44,0.0,0.0,0.0,1.0
101342,0,1,3400,-59,59,-248,22,27,0.50,5131.474121,0,27,9.5,0.0,1561.752930,0,0.0,0.0,0.0,1.0
101591,0,1,3400,-59,59,-245,22,28,0.50,5312.000000,0,27,7.5,0.0,0.0,0.0,0.0,0.0,0.0,1.0
101840,0,1,3400,-59,59,-246,16,28,0.50,44384.000000,0,27,7.4,0.0,1568.000000,0,0.0,0.0,0.0,1.0
102089,0,1,3400,-59,59,-249,6.0,27,0.50,8096.000000,0,27,7.6,0.0,62080.000000,4,0.0,0.0,0.0,1.0
102338,0,1,3400,-59,59,-246,8.2,27,0.50,5258.964355,0,27,12,0.0,0.0,80,0.0,0.0,0.0,1.0
102587,0,1,3400,-59,59,-247,17,28,0.50,5312.000000,0,27,10,0.0,1504.000000,0,0.0,0.0,0.0,1.0
102836,0,1,3400,-59,59,-253,17,28,0.50,10688.000000,0,27,5.1,0.0,4256.000000,0,0.0,0.0,0.0,1.0
103085,0,1,3400,-59,59,-250,1.3,28,0.50,30304.000000,0,27,2.5,0.0,24896.000000,0,0.0,0.0,0.0,1.0
103334,0,1,3400,-59,59,-251,1.6,27,0.50,18071.712891,0,27,13,0.0,41784.859375,25,0.0,0.0,0.0,1.0
103583,0,1,3400,-59,59,-248,12,28,0.50,13376.000000,0,27,15,0.0,0.0,0.0,0.0,0.0,0.0,1.0
103832,0,1,3400,-59,59,-245,7.2,28,0.50,12079.681641,0,27,15,0.0,0.0,0.0,0.0,0.0,0.0,1.0
104081,0,1,3400,-59,59,-246,5.3,28,0.50,28064.000000,0,27,13,0.0,30784.000000,20,0.0,0.0,0.0,1.0
104330,0,1,3400,-59,59,-247,7.0,27,0.50,16956.175781,0,27,5.5,0.0,0.0,0.0,0.0,0.0,0.0,1.0
104579,0,1,3400,-59,59,-250,4.3,27,0.50,27136.000000,0,27,3.0,0.0,1568.000000,0,0.0,0.0,0.0,1.0
104828,0,1,3400,-59,59,-253,11,28,0.50,5376.000000,0,27,2.0,0.0,0.0,0.0,0.0,0.0,0.0,1.0
105077,0,1,3400,-59,59,-252,12,28,0.50,16224.000000,0,27,12,0.0,119072.000000,29,0.0,0.0,0.0,1.0
105326,0,1,3400,-59,59,-242,14,27,0.50,20812.748047,0,27,13,0.0,1498.007935,0,0.0,0.0,0.0,1.0
105575,0,1,3400,-59,59,-246,18,27,0.50,0.0,0.0,27,11,0.0,11936.000000,0,0.0,0.0,0.0,1.0
105824,0,1,3400,-59,59,-248,6.6,27,0.50,25888.000000,0,27,13,0.0,0.0,0.0,0.0,0.0,0.0,1.0
106073,0,1,3400,-59,59,-250,5.7,28,0.50,8096.000000,0,27,13,0.0,23488.000000,0,0.0,0.0,0.0,1.0
106322,0,1,3400,-59,59,-253,2.1,27,0.50,18464.000000,0,27,7.3,0.0,1568.000000,0,0.0,0.0,0.0,1.0
106571,0,1,3400,-59,59,-250,7.7,27,0.50,27537.847656,0,27,11,0.0,15458.166992,0,0.0,0.0,0.0,1.0
106820,0,1,3400,-59,59,-247,5.1,28,0.50,31807.228516,0,27,13,0.0,0.0,0.0,0.0,0.0,0.0,1.0
107069,0,1,3400,-59,59,-250,12,28,0.50,5312.000000,0,27,13,0.0,23488.000000,0,0.0,0.0,0.0,1.0
107318,0,1,3400,-59,59,-253,8.4,27,0.50,22400.000000,0,27,13,0.0,0.0,0.0,0.0,0.0,0.0,1.0
107567,0,1,3400,-59,59,-251,13,27,0.50,15840.637695,0,27,13,0.0,0.0,0.0,0.0,0.0,0.0,1.0
107816,0,1,3400,-59,59,-251,7.3,28,0.50,6080.000000,0,27,14,0.0,0.0,0.0,0.0,0.0,0.0,1.0
108065,0,1,3400,-59,59,-249,11,28,0.50,5312.000000,0,27,7.6,0.0,11008.000000,0,0.0,0.0,0.0,1.0
108314,0,1,3400,-59,59,-247,14,27,0.50,15936.000000,0,27,0.0,0.0,0.0,0.0,0.0,0.0,0.0,1.0
108563,0,1,3400,-59,59,-244,12,27,0.50,10741.036133,0,27,0.0,0.0,0.0,0.0,0.0,0.0,0.0,1.0
108812,0,1,3400,-59,59,-246,9.7,28,0.50,16160.000000,0,27,0.0,0.0,0.0,0.0,0.0,0.0,0.0,1.0
109061,0,1,3400,-59,59,-251,9.2,28,0.50,8096.000000,0,27,0.62,0.0,25056.000000,0,0.0,0.0,0.0,1.0
109310,0,1,3400,-59,59,-249,9.2,27,0.50,31296.000000,0,27,15,0.0,66432.000000,25,0.0,0.0,0.0,1.0
109559,0,1,3400,-59,59,-249,11,27,0.50,17243.027344,0,27,15,0.0,0.0,0.0,0.0,0.0,0.0,1.0
109808,0,1,3400,-59,59,-250,14,27,0.50,5312.000000,0,27,14,0.0,0.0,80,0.0,0.0,0.0,1.0
110057,0,1,3400,-59,59,-246,13,28,0.50,5312.000000,0,27,8.8,0.0,9664.000000,0,0.0,0.0,0.0,1.0
110306,0,1,3400,-59,59,-246,16,27,0.50,10592.000000,0,27,2.8,0.0,10208.000000,0,0.0,0.0,0.0,1.0
110555,0,1,3400,-59,59,-254,7.9,27,0.50,28666.666016,0,27,4.0,0.0,0.0,0.0,0.0,0.0,0.0,1.0
110804,0,1,3400,-59,59,-252,5.0,27,0.50,25120.000000,0,27,4.0,0.0,0.0,0.0,0.0,0.0,0.0,1.0
111053,0,1,3400,-59,59,-250,0.60,28,0.50,33056.000000,0,27,5.3,0.0,97120.000000,24,0.0,0.0,0.0,1.0
111302,0,1,3400,-59,59,-248,6.5,27,0.50,9216.000000,0,27,5.4,0.0,2592.000000,0,0.0,0.0,0.0,1.0
111551,0,1,3400,-59,59,-247,3.5,27,0.50,19187.251953,0,27,3.0,0.0,0.0,0.0,0.0,0.0,0.0,1.0
111800,0,1,3400,-59,59,-247,12,27,0.50,5280.000000,0,27,3.0,0.0,0.0,0.0,0.0,0.0,0.0,1.0
112049,0,1,3400,-59,59,-247,15,28,0.50,5344.000000,0,27,3.0,0.0,0.0,0.0,0.0,0.0,0.0,1.0
112298,0,1,3400,-59,59,-250,11,28,0.50,19360.000000,0,27,3.9,0.0,21952.000000,29,0.0,0.0,0.0,1.0
112547,0,1,3400,-59,59,-253,3.3,27,0.50,22144.000000,0,27,7.0,0.0,6944.000000,0,0.0,0.0,0.0,1.0
112796,0,1,3400,-59,59,-246,8.3,27,0.50,16669.322266,0,27,7.0,0.0,0.0,0.0,0.0,0.0,0.0,1.0
113045,0,1,3400,-59,59,-245,6.4,28,0.50,15357.429688,0,27,11,0.0,40706.828125,0,0.0,0.0,0.0,1.0
113294,0,1,3400,-59,59,-248,5.2,28,0.50,10624.000000,0,27,14,0.0,0.0,0.0,0.0,0.0,0.0,1.0
113543,0,1,3400,-59,59,-247,14,27,0.50,0.0,0.0,27,11,0.0,9728.000000,0,0.0,0.0,0.0,1.0
113792,0,1,3400,-59,59,-248,6.2,27,0.50,19282.869141,0,27,9.4,0.0,0.0,0.0,0.0,0.0,0.0,1.0
114041,0,1,3400,-59,59,-251,5.5,28,0.50,17728.000000,0,27,9.5,0.0,4256.000000,0,0.0,0.0,0.0,1.0
114290,0,1,3400,-59,59,-249,1.8,28,0.50,14208.000000,0,27,14,0.0,56064.000000,0,0.0,0.0,0.0,1.0
114539,0,1,3400,-59,59,-246,13,27,0.50,22208.000000,0,27,15,0.0,0.0,0.0,0.0,0.0,0.0,1.0
114788,0,1,3400,-59,59,-245,13,27,0.50,21418.326172,0,27,9.8,0.0,13450.199219,44,0.0,0.0,0.0,1.0
115037,0,1,3400,-59,59,-243,10,27,0.50,41600.000000,0,27,8.1,0.0,21952.000000,0,0.0,0.0,0.0,1.0
115286,0,1,3400,-59,59,-247,6.0,28,0.50,17856.000000,0,27,11,0.0,7200.000000,0,0.0,0.0,0.0,1.0
115535,0,1,3400,-59,59,-247,14,27,0.50,5376.000000,0,27,10,0.0,15520.000000,33,0.0,0.0,0.0,1.0
115784,0,1,3400,-59,59,-247,17,27,0.50,16318.725586,0,27,14,0.0,15458.166992,0,0.0,0.0,0.0,1.0
116033,0,1,3400,-59,59,-252,15,27,0.50,13376.000000,0,27,13,0.0,32032.000000,43,0.0,0.0,0.0,1.0
116282,0,1,3400,-59,59,-255,16,28,0.50,0.0,0.0,27,8.2,0.0,1568.000000,0,0.0,0.0,0.0,1.0
116531,0,1,3400,-59,59,-251,16,27,0.50,5312.000000,0,27,7.0,0.0,17056.000000,0,0.0,0.0,0.0,1.0
116780,0,1,3400,-59,59,-247,4.2,27,0.50,19282.869141,0,27,7.5,0.0,0.0,0.0,0.0,0.0,0.0,1.0
117029,0,1,3400,-59,59,-246,8.2,27,0.50,13322.708984,0,27,8.5,0.0,0.0,80,0.0,0.0,0.0,1.0
117278,0,1,3400,-59,59,-247,4.1,28,0.50,10400.000000,0,27,15,0.0,0.0,0.0,0.0,0.0,0.0,1.0
117527,0,1,3400,-59,59,-246,13,28,0.50,16256.000000,0,27,15,0.0,0.0,0.0,0.0,0.0,0.0,1.0
117776,0,1,3400,-59,59,-247,16,27,0.50,32192.000000,0,27,13,0.0,896,0,0.0,0.0,0.0,1.0
118025,0,1,3400,-59,59,-245,9.6,27,0.50,6788.844727,0,27,8.7,0.0,53577.687500,41,0.0,0.0,0.0,1.0
118274,0,1,3400,-59,59,-245,2.8,28,0.50,30720.000000,0,27,9.2,0.0,13376.000000,0,0.0,0.0,0.0,1.0
118523,0,1,3400,-59,59,-243,0.97,28,0.50,13920.000000,0,27,12,0.0,61568.000000,33,0.0,0.0,0.0,1.0
118772,0,1,3400,-59,59,-250,0.0,27,0.50,8096.000000,0,27,9.3,0.0,1568.000000,57,0.0,0.0,0.0,1.0
119021,0,1,3400,-59,59,-250,13,27,0.50,11091.633789,0,27,7.3,0.0,1498.007935,0,0.0,0.0,0.0,1.0
119270,0,1,3400,-59,59,-248,9.0,28,0.50,13856.000000,0,27,11,0.0,51488.000000,29,0.0,0.0,0.0,1.0
119519,0,1,3400,-59,59,-247,5.0,28,0.50,5783.132324,0,27,14,0.0,1574.297241,0,0.0,0.0,0.0,1.0
119768,0,1,3400,-59,59,-250,10,27,0.50,21408.000000,0,27,8.0,0.0,0.0,0.0,0.0,0.0,0.0,1.0
120017,0,1,3400,-59,59,-248,9.2,27,0.50,24159.363281,0,27,10,0.0,23394.421875,20,0.0,0.0,0.0,1.0
120266,0,1,3400,-59,59,-244,12,28,0.50,21088.000000,0,27,13,0.0,0.0,0.0,0.0,0.0,0.0,1.0
120515,0,1,3400,-59,59,-246,3.2,28,0.50,25920.000000,0,27,14,0.0,17056.000000,0,0.0,0.0,0.0,1.0
120764,0,1,3400,-59,59,-248,15,27,0.50,10624.000000,0,27,14,0.0,0.0,0.0,0.0,0.0,0.0,1.0
121013,0,1,3400,-59,59,-248,8.6,27,0.50,23298.804688,0,27,14,0.0,21227.091797,44,0.0,0.0,0.0,1.0
121262,0,1,3400,-59,59,-246,12,27,0.50,35232.000000,0,27,12,0.0,24384.000000,43,0.0,0.0,0.0,1.0
121511,0,1,3400,-59,59,-248,2.0,28,0.50,0.0,0.0,27,12,0.0,896,0,0.0,0.0,0.0,1.0
121760,0,1,3400,-59,59,-243,2.0,28,0.50,0.0,0.0,27,9.5,0.0,0.0,0.0,0.0,0.0,0.0,1.0
122009,0,1,3400,-59,59,-246,8.6,27,0.50,5290.836426,0,27,6.2,0.0,60270.917969,0,0.0,0.0,0.0,1.0
122258,0,1,3400,-59,59,-249,11,27,0.50,11232.000000,0,27,3.5,0.0,0.0,0.0,0.0,0.0,0.0,1.0
122507,0,1,3400,-59,59,-242,9.1,28,0.50,5504.000000,0,27,4.4,0.0,5760.000000,44,0.0,0.0,0.0,1.0
122756,0,1,3400,-59,59,-243,15,28,0.50,22112.000000,0,27,3.1,0.0,0.0,0.0,0.0,0.0,0.0,1.0
123005,0,1,3400,-59,59,-246,18,27,0.50,11840.000000,0,27,6.5,0.0,48928.000000,20,0.0,0.0,0.0,1.0
123254,0,1,3400,-59,59,-241,8.7,27,0.50,25784.861328,0,27,14,0.0,0.0,0.0,0.0,0.0,0.0,1.0
123503,0,1,3400,-59,59,-240,13,28,0.50,5705.179199,0,27,13,0.0,0.0,0.0,0.0,0.0,0.0,1.0
123752,0,1,3400,-59,59,-248,8.0,28,0.50,5856.000000,0,27,3.6,0.0,4032.000000,0,0.0,0.0,0.0,1.0
124001,0,1,3400,-59,59,-246,5.7,27,0.57,29248.000000,0,27,4.6,0.0,56576.000000,16,0.0,0.0,0.0,1.0
124250,0,1,3400,-59,59,-245,5.4,27,0.50,5290.836426,0,27,12,0.0,0.0,0.0,0.0,0.0,0.0,1.0
124499,0,1,3400,-59,59,-248,16,28,0.50,5312.000000,0,27,8.8,0.0,6848.000000,0,0.0,0.0,0.0,1.0
124748,0,1,3400,-59,59,-248,15,28,0.50,10624.000000,0,27,3.0,0.0,0.0,0.0,0.0,0.0,0.0,1.0
124997,0,1,3400,-59,59,-244,14,28,0.50,0.0,0.0,27,6.9,0.0,15520.000000,0,0.0,0.0,0.0,1.0
125246,0,1,3400,-59,59,-242,15,27,0.50,10549.800781,0,27,4.4,0.0,21896.414062,0,0.0,0.0,0.0,1.0
125495,0,1,3400,-59,59,-249,15,28,0.50,21248.000000,0,27,3.0,0.0,0.0,0.0,0.0,0.0,0.0,1.0
125744,0,1,3400,-59,59,-250,24,28,0.50,5718.875488,0,27,3.0,0.0,0.0,0.0,0.0,0.0,0.0,1.0
125993,0,1,3400,-59,59,-248,12,27,0.50,5312.000000,0,27,6.8,0.0,28000.000000,36,0.0,0.0,0.0,1.0
126242,0,1,3400,-59,59,-249,8.1,27,0.50,18900.398438,0,27,5.9,0.0,2517.928223,0,0.0,0.0,0.0,1.0
126491,0,1,3400,-59,59,-248,0.60,27,0.50,14080.000000,0,27,4.1,0.0,2592.000000,0,0.0,0.0,0.0,1.0
126740,0,1,3400,-59,59,-245,1.1,27,0.50,15424.000000,0,27,3.8,0.0,4256.000000,0,0.0,0.0,0.0,1.0
126989,0,1,3400,-59,59,-245,13,27,0.50,32704.000000,0,27,4.1,0.0,33888.000000,0,0.0,0.0,0.0,1.0
127238,0,1,3400,-59,59,-242,11,27,0.50,30055.777344,0,27,4.0,0.0,0.0,0.0,0.0,0.0,0.0,1.0
127487,0,1,3400,-59,59,-242,8.9,27,0.50,21792.000000,0,27,4.1,0.0,0.0,0.0,0.0,0.0,0.0,1.0
127736,0,1,3400,-59,59,-240,1.4,27,0.50,39392.000000,0,27,4.0,0.0,0.0,0.0,0.0,0.0,0.0,1.0
127985,0,1,3400,-59,59,-243,12,27,0.50,10624.000000,0,27,2.9,0.0,18624.000000,0,0.0,0.0,0.0,1.0
128234,0,1,3400,-59,59,-250,15,27,0.50,19712.000000,0,27,0.0,0.0,0.0,0.0,0.0,0.0,0.0,1.0
128483,0,1,3400,-59,59,-248,11,27,0.50,13864.541992,0,27,0.060,0.0,1561.752930,0,0.0,0.0,0.0,1.0
128732,0,1,3400,-59,59,-248,14,27,0.50,5312.000000,0,27,0.18,0.0,1568.000000,0,0.0,0.0,0.0,1.0
128981,0,1,3400,-59,59,-250,15,27,0.50,5280.000000,0,27,0.060,186,0.0,0.0,0.0,0.0,0.0,1.0
129230,0,1,3400,-59,59,-248,15,27,0.50,6176.000000,0,27,11,0.0,54560.000000,27,0.0,0.0,0.0,1.0
129479,0,1,3400,-59,59,-250,11,27,0.50,10836.653320,0,27,9.8,0.0,2581.673340,0,0.0,0.0,0.0,1.0
129728,0,1,3400,-59,59,-248,15,27,0.50,31808.000000,0,27,8.1,0.0,0.0,0.0,0.0,0.0,0.0,1.0
129977,0,1,3400,-59,59,-245,14,28,0.50,26528.000000,0,27,3.4,0.0,8864.000000,0,0.0,0.0,0.0,1.0
130226,0,1,3400,-59,59,-245,15,27,0.50,15713.147461,0,27,0.0,0.0,0.0,0.0,0.0,0.0,0.0,1.0
130475,0,1,3400,-59,59,-242,9.1,27,0.50,18836.654297,0,27,0.12,0.0,0.0,0.0,0.0,0.0,0.0,1.0
130724,0,1,3400,-59,59,-244,5.2,27,0.50,15552.000000,0,27,0.060,0.0,0.0,0.0,0.0,0.0,0.0,1.0
130973,0,1,3400,-59,59,-248,8.7,27,0.50,10688.000000,0,27,0.91,0.0,20736.000000,0,0.0,0.0,0.0,1.0
131222,0,1,3400,-59,59,-247,17,27,0.50,5504.000000,0,27,4.0,0.0,0.0,0.0,0.0,0.0,0.0,1.0
131471,0,1,3400,-59,59,-246,17,27,0.50,5258.964355,0,27,4.1,0.0,0.0,0.0,0.0,0.0,0.0,1.0
131720,0,1,3400,-59,59,-242,14,27,0.50,5280.000000,0,27,4.0,0.0,0.0,0.0,0.0,0.0,0.0,1.0
131969,0,1,3400,-59,59,-240,14,27,0.50,16257.028320,0,27,4.3,0.0,30425.703125,0,0.0,0.0,0.0,1.0
132218,0,1,3400,-59,59,-240,14,27,0.50,10592.000000,0,27,8.0,0.0,0.0,0.0,0.0,0.0,0.0,1.0
132467,0,1,3400,-59,59,-245,17,27,0.50,5504.000000,0,27,9.9,0.0,38368.000000,0,0.0,0.0,0.0,1.0
132716,0,1,3400,-59,59,-244,13,27,0.50,11760.956055,0,27,15,0.0,0.0,0.0,0.0,0.0,0.0,1.0
132965,0,1,3400,-59,59,-242,14,27,0.50,10624.000000,0,27,8.7,0.0,16640.000000,0,0.0,0.0,0.0,1.0
133214,0,1,3400,-59,59,-244,17,27,0.50,10816.000000,0,27,0.18,0.0,0.0,0,0.0,0.0,0.0,1.0
133463,0,1,3400,-59,59,-246,16,27,0.50,36992.000000,0,27,7.6,0.0,0.0,100.000000,0.0,0.0,0.0,1.0
133712,0,1,3400,-59,59,-245,19,27,0.50,0.0,0.0,27,7.5,0.0,1561.752930,0,0.0,0.0,0.0,1.0
133961,0,1,3400,-59,59,-248,18,27,0.50,5280.000000,0,27,7.4,0.0,28608.000000,0,0.0,0.0,0.0,1.0
134210,0,1,3400,-59,59,-247,3.1,27,0.50,18880.000000,0,27,4.1,0.0,0.0,0.0,0.0,0.0,0.0,1.0
134459,0,1,3400,-59,59,-244,6.5,27,0.52,10816.000000,0,27,4.0,0.0,2528.000000,0,0.0,0.0,0.0,1.0
134708,0,1,3400,-59,59,-244,8.4,27,0.50,18549.800781,0,27,4.1,0.0,0.0,0.0,0.0,0.0,0.0,1.0
134957,0,1,3400,-59,59,-246,16,28,0.50,10624.000000,0,27,4.9,0.0,77408.000000,0,0.0,0.0,0.0,1.0
135206,0,1,3400,-59,59,-244,17,27,0.50,0.0,0.0,27,16,0.0,35392.000000,25,0.0,0.0,0.0,1.0
135455,0,1,3400,-59,59,-245,7.6,27,0.50,20064.000000,0,27,16,0.0,0.0,80,0.0,0.0,0.0,1.0
135704,0,1,3400,-59,59,-246,4.5,27,0.50,0.0,0.0,27,16,0.0,0.0,0.0,0.0,0.0,0.0,1.0
135953,0,1,3400,-59,59,-247,6.7,27,0.50,16672.000000,0,27,14,0.0,24448.000000,0,0.0,0.0,0.0,1.0
136202,0,1,3400,-59,59,-245,14,27,0.50,16192.000000,0,27,1.3,0.0,1568.000000,0,0.0,0.0,0.0,1.0
136451,0,1,3400,-59,59,-246,9.6,28,0.50,5344.000000,0,27,1.0,0.0,0.0,0.0,0.0,0.0,0.0,1.0
136700,0,1,3400,-59,59,-247,10,27,0.50,10793.650391,0,27,1.0,0.0,0.0,0.0,0.0,0.0,0.0,1.0
136949,0,1,3400,-59,59,-244,5.9,27,0.50,14528.000000,0,27,2.6,0.0,23488.000000,0,0.0,0.0,0.0,1.0
137198,0,1,3400,-59,59,-245,10,27,0.50,15872.000000,0,27,7.5,0.0,0.0,80,0.0,0.0,0.0,1.0
137447,0,1,3400,-59,59,-241,14,27,0.50,21184.000000,0,27,14,0.0,0.0,0.0,0.0,0.0,0.0,1.0
137696,0,1,3400,-59,59,-243,5.2,27,0.50,13408.000000,0,27,12,0.0,1568.000000,0,0.0,0.0,0.0,1.0
137945,0,1,3400,-59,59,-246,12,27,0.50,11665.338867,0,27,5.2,0.0,86247.015625,4,0.0,0.0,0.0,1.0
138194,0,1,3400,-59,59,-244,16,27,0.50,0.0,0.0,27,1.3,0.0,2528.000000,0,0.0,0.0,0.0,1.0
138443,0,1,3400,-59,59,-245,13,27,0.50,20192.000000,0,27,2.0,0.0,0.0,0.0,0.0,0.0,0.0,1.0
138692,0,1,3400,-59,59,-241,12,27,0.50,28896.000000,0,27,2.1,0.0,4256.000000,0,0.0,0.0,0.0,1.0
138941,0,1,3400,-59,59,-241,4.9,27,0.50,13664.000000,0,27,3.0,0.0,0.0,80,0.0,0.0,0.0,1.0
139190,0,1,3400,-59,59,-247,15,27,0.50,15840.000000,0,27,4.4,0.0,1568.000000,0,0.0,0.0,0.0,1.0
139439,0,1,3400,-59,59,-249,2.8,27,0.50,14016.000000,0,27,4.5,0.0,2592.000000,57,0.0,0.0,0.0,1.0
139688,0,1,3400,-59,59,-248,12,27,0.50,5280.000000,0,27,2.5,0.0,896,0,0.0,0.0,0.0,1.0
139937,0,1,3400,-59,59,-244,2.6,27,0.50,28015.935547,0,27,3.8,0.0,72223.109375,27,0.0,0.0,0.0,1.0
140186,0,1,3400,-59,59,-243,8.4,27,0.50,12608.000000,0,27,8.0,0.0,0.0,0.0,0.0,0.0,0.0,1.0
140435,0,1,3400,-59,59,-248,6.2,27,0.50,7072.000000,0,27,8.0,0.0,0.0,0.0,0.0,0.0,0.0,1.0
140684,0,1,3400,-59,59,-247,6.1,27,0.50,45728.000000,0,27,8.0,0.0,0.0,0.0,0.0,0.0,0.0,1.0
140933,0,1,3400,-59,59,-244,7.2,27,0.50,8063.745117,0,27,8.4,0.0,38884.460938,0,0.0,0.0,0.0,1.0
141182,0,1,3400,-59,59,-247,0.44,27,0.50,13824.000000,0,27,14,0.0,26432.000000,33,0.0,0.0,0.0,1.0
141431,0,1,3400,-59,59,-245,13,27,0.50,5280.000000,0,27,12,0.0,4256.000000,0,0.0,0.0,0.0,1.0
141680,0,1,3400,-59,59,-246,16,27,0.50,15968.000000,0,27,10,0.0,0.0,0.0,0.0,0.0,0.0,1.0
141929,0,1,3400,-59,59,-248,17,27,0.50,5280.000000,0,27,10.0,0.0,0.0,0.0,0.0,0.0,0.0,1.0
142178,0,1,3400,-59,59,-250,16,27,0.50,10613.545898,0,27,11,0.0,22119.521484,0,0.0,0.0,0.0,1.0
142427,0,1,3400,-59,59,-245,15,27,0.50,10624.000000,0,27,9.4,0.0,2592.000000,0,0.0,0.0,0.0,1.0
142676,0,1,3400,-59,59,-246,6.8,27,0.50,18720.000000,0,27,7.0,0.0,9792.000000,0,0.0,0.0,0.0,1.0
142925,0,1,3400,-59,59,-249,10,27,0.50,5280.000000,0,27,4.8,0.0,0.0,80,0.0,0.0,0.0,1.0
143174,0,1,3400,-59,59,-248,13,27,0.50,15840.637695,0,27,4.1,0.0,13450.199219,0,0.0,0.0,0.0,1.0
143423,0,1,3400,-59,59,-247,9.2,27,0.50,29864.541016,0,27,4.4,0.0,11856.573242,0,0.0,0.0,0.0,1.0
143672,0,1,3400,-59,59,-246,6.4,27,0.50,11680.000000,0,27,4.5,0.0,0.0,0.0,0.0,0.0,0.0,1.0
143921,0,1,3400,-59,59,-243,8.7,27,0.50,13408.000000,0,27,7.0,0.0,39360.000000,36,0.0,0.0,0.0,1.0
144170,0,1,3400,-59,59,-243,16,27,0.50,10581.672852,0,27,16,0.0,0.0,0.0,0.0,0.0,0.0,1.0
144419,0,1,3400,-59,59,-248,16,27,0.50,21472.000000,0,27,16,0.0,0.0,0.0,0.0,0.0,0.0,1.0
144668,0,1,3400,-59,59,-244,8.7,27,0.50,29536.000000,0,27,16,0.0,0.0,0.0,0.0,0.0,0.0,1.0
144917,0,1,3400,-59,59,-243,11,27,0.50,0.0,0.0,27,16,0.0,0.0,0.0,0.0,0.0,0.0,1.0
145166,0,1,3400,-59,59,-242,16,27,0.50,15904.382812,0,27,3.3,0.0,16159.362305,0,0.0,0.0,0.0,1.0
145415,0,1,3400,-59,59,-246,11,27,0.50,12337.349609,0,27,1.9,0.0,7228.915527,0,0.0,0.0,0.0,1.0
145664,0,1,3400,-59,59,-248,3.9,27,0.50,27712.000000,0,27,5.2,0.0,11936.000000,0,0.0,0.0,0.0,1.0
145913,0,1,3400,-59,59,-246,3.8,28,0.50,18656.000000,0,27,9.2,0.0,25152.000000,0,0.0,0.0,0.0,1.0
146162,0,1,3400,-59,59,-244,14,27,0.50,10772.908203,0,27,3.7,0.0,0.0,0.0,0.0,0.0,0.0,1.0
146411,0,1,3400,-59,59,-240,15,26,0.50,21312.000000,0,27,3.6,0.0,0.0,0.0,0.0,0.0,0.0,1.0
146660,0,1,3400,-59,59,-247,16,27,0.50,5280.000000,0,27,3.5,0.0,0.0,0.0,0.0,0.0,0.0,1.0
146909,0,1,3400,-59,59,-249,14,27,0.50,17056.000000,0,27,6.2,0.0,24000.000000,0,0.0,0.0,0.0,1.0
147158,0,1,3400,-59,59,-241,16,27,0.50,15904.000000,0,27,13,0.0,0.0,0.0,0.0,0.0,0.0,1.0
147407,0,1,3400,-59,59,-244,16,27,0.50,21131.474609,0,27,12,0.0,4239.043945,0,0.0,0.0,0.0,1.0
147656,0,1,3400,-59,59,-245,1.1,27,0.50,8096.000000,0,27,7.1,0.0,0.0,0.0,0.0,0.0,0.0,1.0
147905,0,1,3400,-59,59,-245,14,28,0.50,26656.000000,0,27,7.6,0.0,40640.000000,11,0.0,0.0,0.0,1.0
148154,0,1,3400,-59,59,-242,17,28,0.50,0.0,0.0,27,3.6,0.0,0.0,0,0.0,0.0,0.0,1.0
148403,0,1,3400,-59,59,-242,17,27,0.50,0.0,0.0,27,4.3,0.0,13577.689453,0,0.0,0.0,0.0,1.0
148652,0,1,3400,-59,59,-247,9.8,27,0.50,5728.000000,0,27,4.1,0.0,0.0,0.0,0.0,0.0,0.0,1.0
148901,0,1,3400,-59,59,-242,11,27,0.50,23072.000000,0,27,6.6,0.0,22688.000000,17,0.0,0.0,0.0,1.0
149150,0,1,3400,-59,59,-246,9.8,27,0.50,5312.000000,0,27,2.7,0.0,1568.000000,0,0.0,0.0,0.0,1.0
149399,0,1,3400,-59,59,-244,14,27,0.50,28111.554688,0,27,3.3,0.0,4366.533691,0,0.0,0.0,0.0,1.0
149648,0,1,3400,-59,59,-244,17,27,0.50,5376.000000,0,27,3.6,0.0,0.0,0.0,0.0,0.0,0.0,1.0
149897,0,1,3400,-59,59,-246,16,27,0.50,10486.055664,0,27,3.5,0.0,8764.940430,0,0.0,0.0,0.0,1.0
150146,0,1,3400,-59,59,-248,13,27,0.64,21280.000000,0,27,3.5,0.0,0.0,0.0,0.0,0.0,0.0,1.0
150395,0,1,3400,-59,59,-245,9.6,27,0.50,12366.534180,0,27,3.5,0.0,4239.043945,0,0.0,0.0,0.0,1.0
150644,0,1,3400,-59,59,-244,8.3,27,0.50,16416.000000,0,27,3.5,0.0,0.0,0.0,0.0,0.0,0.0,1.0
150893,0,1,3400,-59,59,-245,7.9,27,0.50,12704.000000,0,27,8.2,0.0,148256.000000,9,0.0,0.0,0.0,1.0
151142,0,1,3400,-59,59,-245,8.1,28,0.50,11424.000000,0,27,16,0.0,0.0,0.0,0.0,0.0,0.0,1.0
151391,0,1,3400,-59,59,-244,6.8,27,0.50,18720.000000,0,27,16,0.0,0.0,0.0,0.0,0.0,0.0,1.0
151640,0,1,3400,-59,59,-244,17,27,0.50,15872.509766,0,27,16,0.0,7171.314941,0,0.0,0.0,0.0,1.0
151889,0,1,3400,-59,59,-241,12,27,0.50,28080.320312,0,27,9.5,0.0,17317.269531,9,0.0,0.0,0.0,1.0
152138,0,1,3400,-59,59,-242,3.0,27,0.50,0.0,0.0,27,6.7,0.0,0.0,80,0.0,0.0,0.0,1.0
152387,0,1,3400,-59,59,-241,6.8,28,0.50,5376.000000,0,27,8.0,0.0,0.0,0.0,0.0,0.0,0.0,1.0
152636,0,1,3400,-59,59,-245,12,27,0.50,15808.764648,0,27,8.1,0.0,0.0,0.0,0.0,0.0,0.0,1.0
152885,0,1,3400,-59,59,-242,11,27,0.50,5376.000000,0,27,1.9,0.0,2592.000000,0,0.0,0.0,0.0,1.0
153134,0,1,3400,-59,59,-243,11,27,0.50,16928.000000,0,27,1.7,0.0,18432.000000,0,0.0,0.0,0.0,1.0
153383,0,1,3400,-59,59,-246,6.8,27,0.50,13376.000000,0,27,1.0,0.0,1568.000000,0,0.0,0.0,0.0,1.0
153632,0,1,3400,-59,59,-246,12,27,0.50,5227.091797,0,27,0.50,0.0,0.0,0.0,0.0,0.0,0.0,1.0
153881,0,1,3400,-59,59,-245,5.4,27,0.50,12000.000000,0,27,0.50,186,0.0,0.0,0.0,0.0,0.0,1.0
154130,0,1,3400,-59,59,-242,1.8,27,0.50,20992.000000,0,27,7.6,0.0,70624.000000,7,0.0,0.0,0.0,1.0
154379,0,1,3400,-59,59,-242,0.096,27,0.50,13504.000000,0,27,15,0.0,15520.000000,0,0.0,0.0,0.0,1.0
154628,0,1,3400,-59,59,-243,2.6,27,0.50,14852.589844,0,27,15,0.0,0.0,0.0,0.0,0.0,0.0,1.0
154877,0,1,3400,-59,59,-243,6.5,27,0.50,16736.000000,0,27,11,0.0,17440.000000,25,0.0,0.0,0.0,1.0
155126,0,1,3400,-59,59,-243,11,27,0.50,21248.000000,0,27,3.5,0.0,0.0,0.0,0.0,0.0,0.0,1.0
155375,0,1,3400,-59,59,-244,14,27,0.50,24096.000000,0,27,3.5,0.0,0.0,0.0,0.0,0.0,0.0,1.0
155624,0,1,3400,-59,59,-244,6.3,27,0.50,15840.000000,0,27,3.5,0.0,0.0,0.0,0.0,0.0,0.0,1.0
155873,0,1,3400,-59,59,-247,13,27,0.50,21131.474609,0,27,2.9,0.0,16286.852539,0,0.0,0.0,0.0,1.0
156122,0,1,3400,-59,59,-244,6.8,27,0.50,16192.000000,0,27,1.7,0.0,2592.000000,0,0.0,0.0,0.0,1.0
156371,0,1,3400,-59,59,-241,11,27,0.50,21641.433594,0,27,8.0,0.0,15458.166992,0,0.0,0.0,0.0,1.0
156620,0,1,3400,-59,59,-239,9.3,27,0.50,7840.000000,0,27,8.7,0.0,0.0,75,0.0,0.0,0.0,1.0
156869,0,1,3400,-59,59,-241,12,27,0.50,15776.892578,0,27,13,0.0,1561.752930,33,0.0,0.0,0.0,1.0
157118,0,1,3400,-59,59,-246,16,27,0.50,0.0,0.0,27,7.0,0.0,0.0,0.0,0.0,0.0,0.0,1.0
157367,0,1,3400,-59,59,-245,16,28,0.50,15936.000000,0,27,9.0,186,2592.000000,57,0.0,0.0,0.0,1.0
157616,0,1,3400,-59,59,-240,18,27,0.50,0.0,0.0,27,15,0.0,0.0,80,0.0,0.0,0.0,1.0
157865,0,1,3400,-59,59,-242,12,27,0.50,16382.469727,0,27,11,0.0,12876.494141,0,0.0,0.0,0.0,1.0
158114,0,1,3400,-59,59,-243,16,27,0.50,5280.000000,0,27,1.0,0.0,0.0,0.0,0.0,0.0,0.0,1.0
158363,0,1,3400,-59,59,-246,14,28,0.50,11277.108398,0,27,0.61,0.0,1574.297241,0,0.0,0.0,0.0,1.0
158612,0,1,3400,-59,59,-245,13,27,0.50,7040.000000,0,27,0.0,0.0,0.0,0.0,0.0,0.0,0.0,1.0
158861,0,1,3400,-59,59,-244,8.8,27,0.50,23264.000000,0,27,0.18,0.0,16064.000000,0,0.0,0.0,0.0,1.0
159110,0,1,3400,-59,59,-250,7.3,27,0.50,25593.625000,0,27,0.0,0.0,0.0,0.0,0.0,0.0,0.0,1.0
159359,0,1,3400,-59,59,-247,17,27,0.50,5504.000000,0,27,0.38,0.0,2592.000000,0,0.0,0.0,0.0,1.0
159608,0,1,3400,-59,59,-248,13,27,0.50,18336.000000,0,27,1.0,0.0,0.0,0.0,0.0,0.0,0.0,1.0
159857,0,1,3400,-59,59,-247,12,27,0.50,22048.000000,0,27,1.0,0.0,0.0,0.0,0.0,0.0,0.0,1.0
160106,0,1,3400,-59,59,-244,15,27,0.52,10549.800781,0,27,5.0,0.0,12525.896484,0,0.0,0.0,0.0,1.0
160355,0,1,3400,-59,59,-245,11,28,0.50,5728.000000,0,27,4.7,0.0,1568.000000,0,0.0,0.0,0.0,1.0
160604,0,1,3400,-59,59,-244,13,27,0.50,5312.000000,0,27,5.9,0.0,0.0,80,0.0,0.0,0.0,1.0
160853,0,1,3400,-59,59,-239,15,27,0.50,15776.000000,0,27,10,0.0,32160.000000,0,0.0,0.0,0.0,1.0
161102,0,1,3400,-59,59,-243,15,27,0.50,4302.789062,0,27,8.8,0.0,10868.526367,33,0.0,0.0,0.0,1.0
161351,0,1,3400,-59,59,-246,7.3,27,0.50,18560.000000,0,27,10,0.0,0.0,0.0,0.0,0.0,0.0,1.0
161600,0,1,3400,-59,59,-244,4.8,28,0.50,5408.000000,0,27,10,0.0,10912.000000,0,0.0,0.0,0.0,1.0
161849,0,1,3400,-59,59,-245,15,27,0.50,10592.000000,0,27,9.9,0.0,39136.000000,40,0.0,0.0,0.0,1.0
162098,0,1,3400,-59,59,-239,13,27,0.50,17784.861328,0,27,15,0.0,33976.093750,0,0.0,0.0,0.0,1.0
162347,0,1,3400,-59,59,-240,8.3,27,0.50,16032.000000,0,27,15,0.0,9120.000000,33,0.0,0.0,0.0,1.0
162596,0,1,3400,-59,59,-243,5.6,27,0.50,19552.000000,0,27,15,0.0,0.0,0.0,0.0,0.0,0.0,1.0
162845,0,1,3400,-59,59,-244,15,27,0.50,15904.000000,0,27,15,0.0,0.0,0.0,0.0,0.0,0.0,1.0
163094,0,1,3400,-59,59,-245,13,27,0.50,17111.111328,0,27,8.1,0.0,19682.539062,14,0.0,0.0,0.0,1.0
163343,0,1,3400,-59,59,-245,17,27,0.50,5152.000000,0,27,7.1,0.0,0.0,0.0,0.0,0.0,0.0,1.0
163592,0,1,3400,-59,59,-246,18,27,0.50,10560.000000,0,27,7.0,0.0,0.0,0.0,0.0,0.0,0.0,1.0
163841,0,1,3400,-59,59,-242,17,27,0.50,5504.000000,0,27,7.0,0.0,0.0,0.0,0.0,0.0,0.0,1.0
164090,0,1,3400,-59,59,-236,17,27,0.50,0.0,0.0,27,7.1,0.0,0.0,0.0,0.0,0.0,0.0,1.0
164339,0,1,3400,-59,59,-238,7.7,27,0.50,28940.238281,0,27,9.4,0.0,30852.589844,20,0.0,0.0,0.0,1.0
164588,0,1,3400,-59,59,-242,7.3,27,0.50,10880.000000,0,27,1.6,0.0,896,0,0.0,0.0,0.0,1.0
164837,0,1,3400,-59,59,-244,16,27,0.50,5312.000000,0,27,4.3,0.0,69792.000000,0,0.0,0.0,0.0,1.0
165086,0,1,3400,-59,59,-242,10,27,0.50,17220.882812,0,27,9.2,0.0,0.0,80,0.0,0.0,0.0,1.0
165335,0,1,3400,-59,59,-245,13,27,0.50,27601.593750,0,27,9.5,0.0,0.0,0.0,0.0,0.0,0.0,1.0
165584,0,1,3400,-59,59,-251,9.9,27,0.50,24032.000000,0,27,9.7,0.0,0.0,0.0,0.0,0.0,0.0,1.0
165833,0,1,3400,-59,59,-243,13,27,0.50,13184.000000,0,27,7.0,0.0,14880.000000,0,0.0,0.0,0.0,1.0
166082,0,1,3400,-59,59,-245,3.3,27,0.50,16960.000000,0,27,3.1,0.0,0.0,80,0.0,0.0,0.0,1.0
166331,0,1,3400,-59,59,-241,15,27,0.50,10517.928711,0,27,6.0,0.0,0.0,0.0,0.0,0.0,0.0,1.0
166580,0,1,3400,-59,59,-245,6.4,27,0.50,19808.000000,0,27,6.0,0.0,1568.000000,0,0.0,0.0,0.0,1.0
166829,0,1,3400,-59,59,-244,8.2,27,0.50,13280.000000,0,27,5.8,0.0,18880.000000,20,0.0,0.0,0.0,1.0
167078,0,1,3400,-59,59,-240,8.5,27,0.50,16320.000000,0,27,6.3,0.0,0.0,80,0.0,0.0,0.0,1.0
167327,0,1,3400,-59,59,-242,6.5,27,0.50,16160.000000,0,27,7.5,0.0,0.0,0.0,0.0,0.0,0.0,1.0
167576,0,1,3400,-59,59,-243,15,27,0.50,5258.964355,0,27,7.6,0.0,0.0,0.0,0.0,0.0,0.0,1.0
167825,0,1,3400,-59,59,-244,10,27,0.50,24832.000000,0,27,7.1,0.0,25056.000000,0,0.0,0.0,0.0,1.0
168074,0,1,3400,-59,59,-244,9.8,27,0.50,5312.000000,0,27,14,0.0,0.0,0.0,0.0,0.0,0.0,1.0
168323,0,1,3400,-59,59,-246,13,27,0.50,26784.000000,0,27,14,0.0,0.0,0.0,0.0,0.0,0.0,1.0
168572,0,1,3400,-59,59,-241,9.0,27,0.50,18709.164062,0,27,14,0.0,0.0,0.0,0.0,0.0,0.0,1.0
168821,0,1,3400,-59,59,-243,14,27,0.50,11488.000000,0,27,14,0.0,0.0,0.0,0.0,0.0,0.0,1.0
169070,0,1,3400,-59,59,-246,3.4,28,0.50,12416.000000,0,27,13,0.0,40544.000000,0,0.0,0.0,0.0,1.0
169319,0,1,3400,-59,59,-245,2.9,27,0.50,11232.000000,0,27,13,0.0,11936.000000,0,0.0,0.0,0.0,1.0
169568,0,1,3400,-59,59,-245,9.9,26,0.50,6031.746094,0,27,12,0.0,0.0,0.0,0.0,0.0,0.0,1.0
169817,0,1,3400,-59,59,-245,8.7,27,0.50,34176.000000,0,27,12,0.0,24000.000000,0,0.0,0.0,0.0,1.0
170066,0,1,3400,-59,59,-244,8.6,27,0.68,16320.000000,0,27,11,0.0,0.0,0.0,0.0,0.0,0.0,1.0
170315,0,1,3400,-59,59,-245,8.0,27,0.50,11904.000000,0,27,11,0.0,0.0,0.0,0.0,0.0,0.0,1.0
170564,0,1,3400,-59,59,-243,6.0,27,0.50,12749.003906,0,27,11,0.0,15458.166992,33,0.0,0.0,0.0,1.0
170813,0,1,3400,-59,59,-246,12,27,0.50,5280.000000,0,27,12,0.0,19296.000000,25,0.0,0.0,0.0,1.0
171062,0,1,3400,-59,59,-244,13,27,0.50,23168.000000,0,27,3.8,0.0,6720.000000,0,0.0,0.0,0.0,1.0
171311,0,1,3400,-59,59,-241,16,27,0.77,23357.429688,0,27,2.1,0.0,1574.297241,0,0.0,0.0,0.0,1.0
171560,0,1,3400,-59,59,-239,10,27,0.81,33248.000000,4,27,2.0,0.0,0.0,0.0,0.0,0.0,0.0,1.0
171809,0,1,3400,-59,59,-247,8.9,27,0.50,30693.226562,0,27,4.1,0.0,29800.796875,25,0.0,0.0,0.0,1.0
172058,0,1,3400,-59,59,-247,13,27,0.50,5280.000000,0,27,11,0.0,15520.000000,0,0.0,0.0,0.0,1.0
172307,0,1,3400,-59,59,-246,16,28,0.50,5280.000000,0,27,13,0.0,0.0,0.0,0.0,0.0,0.0,1.0
172556,0,1,3400,-59,59,-241,15,27,0.50,5312.000000,0,27,13,0.0,0.0,0.0,0.0,0.0,0.0,1.0
172805,0,1,3400,-59,59,-243,14,27,0.50,21163.345703,0,27,13,0.0,0.0,80,0.0,0.0,0.0,1.0
173054,0,1,3400,-59,59,-246,8.4,27,0.50,28928.000000,0,27,14,0.0,0.0,0.0,0.0,0.0,0.0,1.0
173303,0,1,3400,-59,59,-247,12,27,0.50,34656.000000,0,27,3.4,0.0,5056.000000,0,0.0,0.0,0.0,1.0
173552,0,1,3400,-59,59,-247,13,27,0.50,20480.000000,0,27,0.064,0.0,0.0,0.0,0.0,0.0,0.0,1.0
173801,0,1,3400,-59,59,-246,7.3,27,0.50,1306.772949,0,27,0.32,0.0,0.0,0.0,0.0,0.0,0.0,1.0
174050,0,1,3400,-59,59,-244,7.0,27,0.50,12608.000000,0,27,6.6,0.0,105152.000000,0,0.0,0.0,0.0,1.0
174299,0,1,3400,-59,59,-242,13,27,0.50,26720.000000,0,27,14,0.0,0.0,0.0,0.0,0.0,0.0,1.0
174548,0,1,3400,-59,59,-247,6.6,27,0.50,28480.000000,0,27,14,0.0,0.0,0.0,0.0,0.0,0.0,1.0
174797,0,1,3400,-59,59,-240,3.3,27,0.50,11059.760742,0,27,14,186,0.0,0.0,0.0,0.0,0.0,1.0
175046,0,1,3400,-59,59,-240,2.8,27,0.50,27744.000000,0,27,11,0.0,1504.000000,57,0.0,0.0,0.0,1.0
175295,0,1,3400,-59,59,-242,8.5,27,0.50,10656.000000,0,27,8.5,0.0,0.0,0.0,0.0,0.0,0.0,1.0
175544,0,1,3400,-59,59,-241,13,27,0.50,21504.000000,0,27,7.9,0.0,4256.000000,0,0.0,0.0,0.0,1.0
175793,0,1,3400,-59,59,-240,3.0,27,0.50,20000.000000,0,27,3.9,0.0,1568.000000,57,0.0,0.0,0.0,1.0
176042,0,1,3400,-59,59,-243,3.3,27,0.50,18412.699219,0,27,5.2,0.0,16952.380859,0,0.0,0.0,0.0,1.0
176291,0,1,3400,-59,59,-238,10,28,0.50,0.0,0.0,27,8.1,0.0,14464.000000,25,0.0,0.0,0.0,1.0
176540,0,1,3400,-59,59,-241,13,27,0.50,21280.000000,0,27,8.1,0.0,0.0,0.0,0.0,0.0,0.0,1.0
176789,0,1,3400,-59,59,-241,15,27,0.50,0.0,0.0,27,9.7,0.0,21312.000000,0,0.0,0.0,0.0,1.0
177038,0,1,3400,-59,59,-241,5.3,27,0.50,24828.685547,0,27,13,0.0,35282.867188,0,0.0,0.0,0.0,1.0
177287,0,1,3400,-59,59,-244,15,27,0.50,10634.538086,0,27,14,0.0,0.0,80,0.0,0.0,0.0,1.0
177536,0,1,3400,-59,59,-244,14,27,0.50,5258.964355,0,27,14,0.0,0.0,0.0,0.0,0.0,0.0,1.0
177785,0,1,3400,-59,59,-241,9.4,27,0.50,8128.514160,0,27,14,0.0,70104.414062,8,0.0,0.0,0.0,1.0
178034,0,1,3400,-59,59,-244,2.0,27,0.50,17848.605469,0,27,9.3,0.0,1561.752930,0,0.0,0.0,0.0,1.0
178283,0,1,3400,-59,59,-244,4.1,27,0.50,6240.000000,0,27,8.2,0.0,49632.000000,0,0.0,0.0,0.0,1.0
178532,0,1,3400,-59,59,-246,11,27,0.54,22720.000000,0,27,14,0.0,11936.000000,0,0.0,0.0,0.0,1.0
178781,0,1,3400,-59,59,-239,6.6,27,0.50,8096.000000,0,27,12,0.0,36992.000000,0,0.0,0.0,0.0,1.0
179030,0,1,3400,-59,59,-242,12,27,0.50,15872.509766,0,27,12,0.0,9083.665039,0,0.0,0.0,0.0,1.0
179279,0,1,3400,-59,59,-241,10,27,0.50,16384.000000,0,27,15,0.0,17056.000000,57,0.0,0.0,0.0,1.0
179528,0,1,3400,-59,59,-240,9.5,27,0.50,5280.000000,0,27,13,0.0,2592.000000,0,0.0,0.0,0.0,1.0
179777,0,1,3400,-59,59,-244,15,27,0.50,17856.000000,0,27,8.5,0.0,0.0,0.0,0.0,0.0,0.0,1.0
180026,0,1,3400,-59,59,-244,7.4,27,0.50,22432.000000,0,27,12,0.0,21952.000000,0,0.0,0.0,0.0,1.0
180275,0,1,3400,-59,59,-241,16,27,0.50,21131.474609,0,27,8.7,0.0,4239.043945,0,0.0,0.0,0.0,1.0
180524,0,1,3400,-59,59,-243,21,27,0.50,21472.000000,0,27,6.4,0.0,23904.000000,25,0.0,0.0,0.0,1.0
180773,0,1,3400,-59,59,-241,12,28,0.50,0.0,0.0,27,8.8,0.0,15520.000000,0,0.0,0.0,0.0,1.0
181022,0,1,3400,-59,59,-242,12,27,0.50,0.0,0.0,27,9.0,0.0,0.0,0.0,0.0,0.0,0.0,1.0
181271,0,1,3400,-59,59,-243,9.1,27,0.50,17880.478516,0,27,12,0.0,23394.421875,17,0.0,0.0,0.0,1.0
181520,0,1,3400,-59,59,-243,7.4,27,0.50,17696.000000,0,27,13,0.0,39392.000000,0,0.0,0.0,0.0,1.0
181769,0,1,3400,-59,59,-243,14,28,0.50,26912.000000,0,27,12,0.0,39680.000000,0,0.0,0.0,0.0,1.0
182018,0,1,3400,-59,59,-243,12,27,0.50,10944.000000,0,27,12,0.0,1568.000000,57,0.0,0.0,0.0,1.0
182267,0,1,3400,-59,59,-244,13,27,0.50,28239.042969,0,27,7.6,0.0,1561.752930,0,0.0,0.0,0.0,1.0
182516,0,1,3400,-59,59,-244,3.2,27,0.50,7648.000000,0,27,8.0,0.0,5152.000000,0,0.0,0.0,0.0,1.0
182765,0,1,3400,-59,59,-240,7.7,28,0.50,10422.310547,0,27,8.1,0.0,33498.007812,0,0.0,0.0,0.0,1.0
183014,0,1,3400,-59,59,-238,3.0,27,0.50,13600.000000,0,27,11,0.0,2592.000000,57,0.0,0.0,0.0,1.0
183263,0,1,3400,-59,59,-237,3.7,27,0.50,5312.000000,0,27,8.0,0.0,1568.000000,0,0.0,0.0,0.0,1.0
183512,0,1,3400,-59,59,-238,6.3,27,0.50,23298.804688,0,27,13,0.0,16988.046875,0,0.0,0.0,0.0,1.0
183761,0,1,3400,-59,59,-243,13,27,0.50,21301.205078,0,27,9.0,0.0,33028.113281,24,0.0,0.0,0.0,1.0
184010,0,1,3400,-59,59,-244,15,27,0.50,5440.000000,0,27,3.5,0.0,4256.000000,0,0.0,0.0,0.0,1.0
184259,0,1,3400,-59,59,-242,15,27,0.50,7616.000000,0,27,3.6,0.0,0.0,0.0,0.0,0.0,0.0,1.0
184508,0,1,3400,-59,59,-240,7.0,27,0.50,24509.960938,0,27,3.7,0.0,0.0,0.0,0.0,0.0,0.0,1.0
184757,0,1,3400,-59,59,-239,14,27,0.50,16576.000000,0,27,5.9,0.0,60224.000000,0,0.0,0.0,0.0,1.0
185006,0,1,3400,-59,59,-246,8.7,28,0.50,8096.000000,0,27,16,0.0,0.0,0,0.0,0.0,0.0,1.0
185255,0,1,3400,-59,59,-247,0.016,27,0.50,0.0,0.0,27,15,0.0,17056.000000,67,0.0,0.0,0.0,1.0
185504,0,1,3400,-59,59,-244,2.6,27,0.50,12270.916016,0,27,12,0.0,5800.796875,0,0.0,0.0,0.0,1.0
185753,0,1,3400,-59,59,-242,5.0,27,0.50,18400.000000,0,27,10,186,0.0,0.0,0.0,0.0,0.0,1.0
186002,0,1,3400,-59,59,-241,15,28,0.50,10784.000000,0,27,6.8,0.0,63904.000000,18,0.0,0.0,0.0,1.0
186251,0,1,3400,-59,59,-245,15,27,0.50,32384.000000,0,27,13,0.0,15520.000000,0,0.0,0.0,0.0,1.0
186500,0,1,3400,-59,59,-244,16,27,0.50,5322.708984,0,27,14,0.0,0.0,0.0,0.0,0.0,0.0,1.0
186749,0,1,3400,-59,59,-244,14,27,0.50,4928.000000,0,27,13,0.0,15168.000000,0,0.0,0.0,0.0,1.0
186998,0,1,3400,-59,59,-242,15,27,0.50,18144.000000,0,27,8.8,0.0,24480.000000,0,0.0,0.0,0.0,1.0
187247,0,1,3400,-59,59,-240,11,27,0.50,22496.000000,0,27,10,0.0,24256.000000,0,0.0,0.0,0.0,1.0
187496,0,1,3400,-59,59,-239,0.99,27,0.50,0.0,0.0,27,11,0.0,0.0,0.0,0.0,0.0,0.0,1.0
187745,0,1,3400,-59,59,-239,1.5,27,0.50,13800.796875,0,27,11,0.0,50741.035156,0,0.0,0.0,0.0,1.0
187994,0,1,3400,-59,59,-243,8.7,27,0.50,25760.000000,0,27,10.0,0.0,4256.000000,0,0.0,0.0,0.0,1.0
188243,0,1,3400,-59,59,-242,18,28,0.50,15840.000000,0,27,9.0,0.0,0.0,0.0,0.0,0.0,0.0,1.0
188492,0,1,3400,-59,59,-243,13,28,0.50,5760.000000,0,27,9.0,0.0,0.0,0.0,0.0,0.0,0.0,1.0
188741,0,1,3400,-59,59,-242,9.9,27,0.50,0.0,0.0,27,9.0,0.0,0.0,0.0,0.0,0.0,0.0,1.0
188990,0,1,3400,-59,59,-237,9.8,27,0.50,14528.000000,0,27,9.3,0.0,25440.000000,25,0.0,0.0,0.0,1.0
189239,0,1,3400,-59,59,-241,4.2,27,0.50,9848.605469,0,27,13,0.0,11888.446289,67,0.0,0.0,0.0,1.0
189488,0,1,3400,-59,59,-241,5.2,27,0.51,40704.000000,1,27,13,0.0,0.0,0.0,0.0,0.0,0.0,1.0
189737,0,1,3400,-59,59,-238,10,27,0.50,21513.943359,0,27,13,0.0,43282.867188,24,0.0,0.0,0.0,1.0
189986,0,1,3400,-59,59,-239,14,27,0.50,5280.000000,0,27,14,0.0,0.0,0.0,0.0,0.0,0.0,1.0
190235,0,1,3400,-59,59,-244,8.1,28,0.50,17253.011719,0,27,14,0.0,0.0,0.0,0.0,0.0,0.0,1.0
190484,0,1,3400,-59,59,-241,4.6,27,0.50,17536.000000,0,27,14,0.0,0.0,0.0,0.0,0.0,0.0,1.0
190733,0,1,3400,-59,59,-237,6.3,27,0.50,5344.000000,0,27,14,0.0,13792.000000,0,0.0,0.0,0.0,1.0
190982,0,1,3400,-59,59,-241,17,27,0.58,15968.127930,0,27,11,0.0,0.0,0.0,0.0,0.0,0.0,1.0
191231,0,1,3400,-59,59,-242,9.8,27,0.50,6272.000000,0,27,11,0.0,17056.000000,0,0.0,0.0,0.0,1.0
191480,0,1,3400,-59,59,-241,8.6,27,0.50,27392.000000,0,27,12,0.0,0.0,0.0,0.0,0.0,0.0,1.0
191729,0,1,3400,-59,59,-239,11,27,0.50,27168.000000,0,27,12,0.0,0.0,80,0.0,0.0,0.0,1.0
191978,0,1,3400,-59,59,-241,11,27,0.50,23713.146484,0,27,13,0.0,1561.752930,0,0.0,0.0,0.0,1.0
192227,0,1,3400,-59,59,-243,15,27,0.50,5440.000000,0,27,9.7,0.0,9120.000000,0,0.0,0.0,0.0,1.0
192476,0,1,3400,-59,59,-239,4.0,27,0.50,25024.000000,0,27,14,0.0,0.0,0.0,0.0,0.0,0.0,1.0
192725,0,1,3400,-59,59,-240,5.7,27,0.50,5312.000000,0,27,13,0.0,115104.000000,17,0.0,0.0,0.0,1.0
192974,0,1,3400,-59,59,-242,14,27,0.50,0.0,0.0,27,8.0,0.0,0.0,0.0,0.0,0.0,0.0,1.0
193223,0,1,3400,-59,59,-241,8.0,27,0.50,18944.000000,0,27,8.0,0.0,0.0,0.0,0.0,0.0,0.0,1.0
193472,0,1,3400,-59,59,-243,0.0,27,0.50,4928.000000,0,27,8.0,0.0,0.0,0.0,0.0,0.0,0.0,1.0
193721,0,1,3400,-59,59,-243,14,27,0.50,15968.000000,0,27,11,0.0,48032.000000,26,0.0,0.0,0.0,1.0
193970,0,1,3400,-59,59,-241,15,27,0.50,20908.367188,0,27,16,0.0,0.0,0.0,0.0,0.0,0.0,1.0
194219,0,1,3400,-59,59,-239,14,27,0.50,0.0,0.0,27,16,0.0,0.0,0.0,0.0,0.0,0.0,1.0
194468,0,1,3400,-59,59,-242,17,28,0.50,10464.000000,0,27,16,0.0,15520.000000,0,0.0,0.0,0.0,1.0
194717,0,1,3400,-59,59,-244,6.6,27,0.50,26432.000000,0,27,11,0.0,24672.000000,0,0.0,0.0,0.0,1.0
194966,0,1,3400,-59,59,-240,8.5,27,0.50,21120.000000,0,27,8.5,0.0,0.0,0.0,0.0,0.0,0.0,1.0
195215,0,1,3400,-59,59,-240,2.4,27,0.50,7266.932129,0,27,8.5,0.0,0.0,0.0,0.0,0.0,0.0,1.0
195464,0,1,3400,-59,59,-239,2.6,27,0.50,6208.000000,0,27,8.5,0.0,0.0,0.0,0.0,0.0,0.0,1.0
195713,0,1,3400,-59,59,-246,11,28,0.50,10581.672852,0,27,8.5,186,0.0,0.0,0.0,0.0,0.0,1.0
195962,0,1,3400,-59,59,-247,14,28,0.50,10624.000000,0,27,1.7,0.0,7456.000000,0,0.0,0.0,0.0,1.0
196211,0,1,3400,-59,59,-240,6.7,27,0.50,13536.000000,0,27,1.5,0.0,0.0,0.0,0.0,0.0,0.0,1.0
196460,0,1,3400,-59,59,-236,10,28,0.50,15936.254883,0,27,1.5,0.0,0.0,0.0,0.0,0.0,0.0,1.0
196709,0,1,3400,-59,59,-240,3.8,28,0.50,13493.975586,0,27,6.8,0.0,22040.160156,0,0.0,0.0,0.0,1.0
196958,0,1,3400,-59,59,-243,7.8,27,0.50,10784.000000,0,27,12,0.0,1504.000000,0,0.0,0.0,0.0,1.0
197207,0,1,3400,-59,59,-243,14,27,0.50,28749.003906,0,27,7.0,0.0,0.0,0.0,0.0,0.0,0.0,1.0
197456,0,1,3400,-59,59,-243,16,27,0.50,5280.000000,0,27,7.0,0.0,0.0,0.0,0.0,0.0,0.0,1.0
197705,0,1,3400,-59,59,-243,7.0,27,0.50,18368.000000,0,27,7.4,0.0,75424.000000,0,0.0,0.0,0.0,1.0
197954,0,1,3400,-59,59,-240,13,27,0.50,11424.000000,0,27,8.3,0.0,1568.000000,50,0.0,0.0,0.0,1.0
198203,0,1,3400,-59,59,-244,14,27,0.50,10752.000000,0,27,6.0,0.0,11936.000000,0,0.0,0.0,0.0,1.0
198452,0,1,3400,-59,59,-243,12,27,0.50,0.0,0.0,27,9.2,0.0,0.0,80,0.0,0.0,0.0,1.0
198701,0,1,3400,-59,59,-241,15,28,0.50,10688.000000,0,27,7.7,0.0,9696.000000,0,0.0,0.0,0.0,1.0
198950,0,1,3400,-59,59,-240,8.5,27,0.50,22496.000000,0,27,0.24,0.0,0.0,0.0,0.0,0.0,0.0,1.0
199199,0,1,3400,-59,59,-239,10,27,0.50,26304.000000,0,27,0.0,0.0,0.0,0.0,0.0,0.0,0.0,1.0
199448,0,1,3400,-59,59,-242,11,27,0.50,17434.263672,0,27,0.14,0.0,0.0,0.0,0.0,0.0,0.0,1.0
199697,0,1,3400,-59,59,-242,12,28,0.50,24032.000000,0,27,0.0,0.0,9632.000000,0,0.0,0.0,0.0,1.0
199946,0,1,3400,-59,59,-240,6.6,28,0.50,13408.000000,0,27,0.0,0.0,0.0,0.0,0.0,0.0,0.0,1.0
200195,0,1,3400,-59,59,-243,6.3,27,0.50,5696.000000,0,27,0.096,0.0,0.0,0.0,0.0,0.0,0.0,1.0
200444,0,1,3400,-59,59,-240,9.0,27,0.50,10549.800781,0,27,0.0,0.0,0.0,0.0,0.0,0.0,0.0,1.0
200693,0,1,3400,-59,59,-239,10,27,0.50,32544.000000,0,27,1.9,0.0,5184.000000,44,0.0,0.0,0.0,1.0
200942,0,1,3400,-59,59,-242,16,27,0.50,16448.000000,0,27,6.7,0.0,1568.000000,0,0.0,0.0,0.0,1.0
201191,0,1,3400,-59,59,-241,6.0,27,0.50,26400.000000,0,27,6.0,0.0,0.0,0.0,0.0,0.0,0.0,1.0
201440,0,1,3400,-59,59,-245,14,27,0.50,16223.107422,0,27,6.0,0.0,0.0,0.0,0.0,0.0,0.0,1.0
201689,0,1,3400,-59,59,-242,11,27,0.50,0.0,0.0,27,6.0,0.0,0.0,0.0,0.0,0.0,0.0,1.0
201938,0,1,3400,-59,59,-241,1.2,28,0.50,13408.000000,0,27,11,0.0,23488.000000,0,0.0,0.0,0.0,1.0
202187,0,1,3400,-59,59,-239,6.1,27,0.50,26528.000000,0,27,14,0.0,0.0,0.0,0.0,0.0,0.0,1.0
202436,0,1,3400,-59,59,-241,16,27,0.50,5258.964355,0,27,14,0.0,0.0,0.0,0.0,0.0,0.0,1.0
202685,0,1,3400,-59,59,-235,11,27,0.50,21577.689453,0,27,10.0,0.0,29131.474609,11,0.0,0.0,0.0,1.0
202934,0,1,3400,-59,59,-239,0.052,27,0.50,0.0,0.0,27,5.5,0.0,0.0,0.0,0.0,0.0,0.0,1.0
203183,0,1,3400,-59,59,-242,7.7,27,0.50,10763.051758,0,27,5.5,0.0,0.0,0.0,0.0,0.0,0.0,1.0
203432,0,1,3400,-59,59,-241,13,28,0.50,16127.490234,0,27,5.5,0.0,0.0,0.0,0.0,0.0,0.0,1.0
203681,0,1,3400,-59,59,-238,14,27,0.50,10240.000000,0,27,5.5,0.0,1632.000000,33,0.0,0.0,0.0,1.0
203930,0,1,3400,-59,59,-241,3.1,27,0.50,26688.000000,0,27,8.1,0.0,39008.000000,0,0.0,0.0,0.0,1.0
204179,0,1,3400,-59,59,-239,16,27,0.50,10816.000000,0,27,8.1,0.0,0.0,0.0,0.0,0.0,0.0,1.0
204428,0,1,3400,-59,59,-239,10,27,0.50,14528.000000,0,27,8.6,0.0,10912.000000,50,0.0,0.0,0.0,1.0
204677,0,1,3400,-59,59,-241,11,27,0.50,8828.685547,0,27,14,0.0,0.0,0.0,0.0,0.0,0.0,1.0
204926,0,1,3400,-59,59,-244,12,27,0.50,13408.000000,0,27,0.76,0.0,13600.000000,0,0.0,0.0,0.0,1.0
205175,0,1,3400,-59,59,-242,15,27,0.50,10624.000000,0,27,0.0,0.0,0.0,0.0,0.0,0.0,0.0,1.0
205424,0,1,3400,-59,59,-237,11,27,0.50,22624.000000,0,27,0.096,0.0,0.0,0.0,0.0,0.0,0.0,1.0
205673,0,1,3400,-59,59,-236,12,27,2.0,9408.000000,33,27,4.5,0.0,58432.000000,15,0.0,0.0,0.0,1.0
205922,0,1,3400,-59,59,-240,14,27,1.7,15936.254883,0,27,8.6,0.0,18645.417969,0,0.0,0.0,0.0,1.0
206171,0,1,3400,-59,59,-243,17,27,0.50,21312.000000,0,27,4.0,0.0,0.0,0.0,0.0,0.0,0.0,1.0
206420,0,1,3400,-59,59,-244,9.4,27,0.50,24224.000000,0,27,4.0,0.0,0.0,0.0,0.0,0.0,0.0,1.0
206669,0,1,3400,-59,59,-243,16,27,0.50,0.0,0.0,27,2.1,0.0,1568.000000,0,0.0,0.0,0.0,1.0
206918,0,1,3400,-59,59,-243,11,27,0.50,23936.255859,0,27,8.6,0.0,17529.880859,0,0.0,0.0,0.0,1.0
207167,0,1,3400,-59,59,-239,0.0,27,0.50,23584.000000,0,27,9.4,0.0,2592.000000,0,0.0,0.0,0.0,1.0
207416,0,1,3400,-59,59,-237,13,27,0.50,22112.000000,0,27,5.0,0.0,0.0,0.0,0.0,0.0,0.0,1.0
207665,0,1,3400,-59,59,-244,12,27,0.50,10784.000000,0,27,6.6,0.0,40544.000000,14,0.0,0.0,0.0,1.0
207914,0,1,3400,-59,59,-244,7.2,27,0.50,22023.904297,0,27,14,0.0,0.0,0.0,0.0,0.0,0.0,1.0
208163,0,1,3400,-59,59,-239,2.2,27,0.50,8096.000000,0,27,13,0.0,0.0,0.0,0.0,0.0,0.0,1.0
208412,0,1,3400,-59,59,-240,1.3,28,0.50,11264.000000,0,27,14,0.0,0.0,0.0,0.0,0.0,0.0,1.0
208661,0,1,3400,-59,59,-240,7.6,27,0.50,20672.000000,0,27,5.8,0.0,10336.000000,0,0.0,0.0,0.0,1.0
208910,0,1,3400,-59,59,-245,11,27,0.50,23872.509766,0,27,7.5,0.0,16988.046875,0,0.0,0.0,0.0,1.0
209159,0,1,3400,-59,59,-244,14,27,0.70,25466.134766,9,27,9.6,0.0,0.0,0.0,0.0,0.0,0.0,1.0
209408,0,1,3400,-59,59,-239,12,27,0.50,13536.000000,0,27,9.5,0.0,0.0,0.0,0.0,0.0,0.0,1.0
209657,0,1,3400,-59,59,-244,0.032,27,0.50,0.0,0.0,27,9.5,0.0,0.0,0.0,0.0,0.0,0.0,1.0
209906,0,1,3400,-59,59,-241,0.016,27,0.50,8096.000000,0,27,6.1,0.0,20032.000000,27,0.0,0.0,0.0,1.0
210155,0,1,3400,-59,59,-240,7.4,27,0.50,10772.908203,0,27,1.6,0.0,0.0,0.0,0.0,0.0,0.0,1.0
210404,0,1,3400,-59,59,-240,16,27,0.50,5280.000000,0,27,1.5,0.0,896,0,0.0,0.0,0.0,1.0
210653,0,1,3400,-59,59,-241,16,28,0.50,0.0,0.0,27,2.0,0.0,2592.000000,0,0.0,0.0,0.0,1.0
210902,0,1,3400,-59,59,-242,11,27,0.50,10912.000000,0,27,4.2,0.0,22624.000000,0,0.0,0.0,0.0,1.0
211151,0,1,3400,-59,59,-242,3.6,27,0.50,8063.745117,0,27,8.7,0.0,5641.434082,0,0.0,0.0,0.0,1.0
211400,0,1,3400,-59,59,-239,0.0,27,0.50,8096.000000,0,27,6.0,0.0,0.0,0.0,0.0,0.0,0.0,1.0
211649,0,1,3400,-59,59,-237,9.8,27,0.50,11296.000000,0,27,4.1,0.0,18112.000000,0,0.0,0.0,0.0,1.0
211898,0,1,3400,-59,59,-238,6.8,27,0.50,49920.000000,0,27,1.4,0.0,896,0,0.0,0.0,0.0,1.0
212147,0,1,3400,-59,59,-240,12,27,0.50,26624.000000,0,27,1.5,0.0,5152.000000,0,0.0,0.0,0.0,1.0
212396,0,1,3400,-59,59,-234,11,27,0.50,5290.836426,0,27,2.0,0.0,0.0,0.0,0.0,0.0,0.0,1.0
212645,0,1,3400,-59,59,-236,11,27,0.50,10880.000000,0,27,1.4,0.0,16128.000000,0,0.0,0.0,0.0,1.0
212894,0,1,3400,-59,59,-242,13,28,0.50,10784.000000,0,27,0.0,0.0,0.0,0.0,0.0,0.0,0.0,1.0
213143,0,1,3400,-59,59,-238,13,27,0.50,18240.000000,0,27,0.54,0.0,2592.000000,0,0.0,0.0,0.0,1.0
213392,0,1,3400,-59,59,-240,5.6,27,0.50,24254.980469,0,27,1.0,0.0,0.0,0.0,0.0,0.0,0.0,1.0
213641,0,1,3400,-59,59,-244,13,27,0.50,29344.000000,0,27,6.6,0.0,23488.000000,0,0.0,0.0,0.0,1.0
213890,0,1,3400,-59,59,-240,14,27,0.50,5312.000000,0,27,11,0.0,2592.000000,0,0.0,0.0,0.0,1.0
214139,0,1,3400,-59,59,-238,15,27,0.50,10592.000000,0,27,7.0,0.0,0.0,0.0,0.0,0.0,0.0,1.0
214388,0,1,3400,-59,59,-240,14,27,0.50,17721.115234,0,27,7.0,0.0,0.0,0.0,0.0,0.0,0.0,1.0
214637,0,1,3400,-59,59,-240,4.7,27,0.50,13280.000000,0,27,4.7,0.0,26176.000000,11,0.0,0.0,0.0,1.0
214886,0,1,3400,-59,59,-238,12,28,0.50,8096.000000,0,27,3.5,0.0,0.0,0.0,0.0,0.0,0.0,1.0
215135,0,1,3400,-59,59,-238,0.0,27,0.50,0.0,0.0,27,3.5,0.0,0.0,0.0,0.0,0.0,0.0,1.0
215384,0,1,3400,-59,59,-241,2.4,27,0.50,27346.613281,0,27,3.6,0.0,0.0,0.0,0.0,0.0,0.0,1.0
215633,0,1,3400,-59,59,-243,22,27,0.50,0.0,0.0,27,3.5,0.0,0.0,0.0,0.0,0.0,0.0,1.0
215882,0,1,3400,-59,59,-239,19,27,0.50,15712.000000,0,27,4.0,0.0,13984.000000,0,0.0,0.0,0.0,1.0
216131,0,1,3400,-59,59,-236,18,27,0.50,16353.414062,0,27,4.0,0.0,0.0,0.0,0.0,0.0,0.0,1.0
216380,0,1,3400,-59,59,-238,17,27,0.50,7488.000000,0,27,4.1,0.0,0.0,0.0,0.0,0.0,0.0,1.0
216629,0,1,3400,-59,59,-239,2.4,27,0.50,5513.944336,0,27,4.0,0.0,0.0,0.0,0.0,0.0,0.0,1.0
216878,0,1,3400,-59,59,-239,0.48,27,0.50,8096.000000,0,27,11,0.0,169088.000000,0,0.0,0.0,0.0,1.0
217127,0,1,3400,-59,59,-243,6.5,27,0.50,21472.000000,0,27,15,0.0,0.0,0.0,0.0,0.0,0.0,1.0
217376,0,1,3400,-59,59,-247,12,27,0.50,5504.000000,0,27,15,0.0,0.0,0.0,0.0,0.0,0.0,1.0
217625,0,1,3400,-59,59,-243,14,27,0.50,11378.486328,0,27,14,0.0,38023.906250,41,0.0,0.0,0.0,1.0
217874,0,1,3400,-59,59,-241,10,27,0.50,5376.000000,0,27,8.6,0.0,15040.000000,40,0.0,0.0,0.0,1.0
218123,0,1,3400,-59,59,-241,16,27,0.50,10624.000000,0,27,8.5,0.0,0.0,0.0,0.0,0.0,0.0,1.0
218372,0,1,3400,-59,59,-238,4.2,27,0.50,6688.000000,0,27,8.5,0.0,0.0,0.0,0.0,0.0,0.0,1.0
218621,0,1,3400,-59,59,-237,7.7,27,0.50,17504.000000,0,27,6.3,0.0,13824.000000,0,0.0,0.0,0.0,1.0
218870,0,1,3400,-59,59,-240,16,27,0.50,15840.637695,0,27,2.0,0.0,0.0,0.0,0.0,0.0,0.0,1.0
219119,0,1,3400,-59,59,-243,7.5,27,0.50,22592.000000,0,27,2.0,0.0,0.0,0.0,0.0,0.0,0.0,1.0
219368,0,1,3400,-59,59,-241,3.3,27,0.50,37568.000000,0,27,2.0,0.0,0.0,0.0,0.0,0.0,0.0,1.0
219617,0,1,3400,-59,59,-240,9.5,27,0.50,11936.000000,0,27,4.6,0.0,25824.000000,0,0.0,0.0,0.0,1.0
219866,0,1,3400,-59,59,-242,7.8,27,0.50,5258.964355,0,27,3.3,0.0,1561.752930,0,0.0,0.0,0.0,1.0
220115,0,1,3400,-59,59,-240,3.1,27,0.50,20448.000000,0,27,4.1,0.0,17056.000000,0,0.0,0.0,0.0,1.0
220364,0,1,3400,-59,59,-235,4.9,27,0.50,5504.000000,0,27,7.5,0.0,0.0,0.0,0.0,0.0,0.0,1.0
220613,0,1,3400,-59,59,-240,11,27,0.50,10432.000000,0,27,8.5,0.0,17056.000000,33,0.0,0.0,0.0,1.0
220862,0,1,3400,-59,59,-242,15,27,0.50,10517.928711,0,27,15,0.0,0.0,0.0,0.0,0.0,0.0,1.0
221111,0,1,3400,-59,59,-239,8.9,27,0.50,20192.000000,0,27,15,0.0,0.0,0.0,0.0,0.0,0.0,1.0
221360,0,1,3400,-59,59,-242,2.9,27,0.54,5376.000000,0,27,15,0.0,0.0,0.0,0.0,0.0,0.0,1.0
221609,0,1,3400,-59,59,-243,14,27,0.63,39392.000000,0,27,14,0.0,26432.000000,0,0.0,0.0,0.0,1.0
221858,0,1,3400,-59,59,-241,12,27,0.50,12334.661133,0,27,13,0.0,0.0,0.0,0.0,0.0,0.0,1.0
222107,0,1,3400,-59,59,-241,8.7,27,0.50,19537.847656,0,27,12,0.0,0.0,0.0,0.0,0.0,0.0,1.0
222356,0,1,3400,-59,59,-239,5.1,28,0.50,10592.000000,0,27,13,0.0,17056.000000,0,0.0,0.0,0.0,1.0
222605,0,1,3400,-59,59,-240,11,27,0.50,8224.899414,0,27,13,0.0,16289.156250,0,0.0,0.0,0.0,1.0
222854,0,1,3400,-59,59,-240,13,27,0.50,18880.000000,0,27,12,0.0,11936.000000,57,0.0,0.0,0.0,1.0
223103,0,1,3400,-59,59,-239,16,27,1.6,9529.880859,25,27,14,0.0,0.0,0.0,0.0,0.0,0.0,1.0
223352,0,1,3400,-59,59,-237,2.5,27,0.50,7744.000000,0,27,14,0.0,0.0,0.0,0.0,0.0,0.0,1.0
223601,0,1,3400,-59,59,-242,10,27,0.50,16448.000000,0,27,11,0.0,32832.000000,0,0.0,0.0,0.0,1.0
223850,0,1,3400,-59,59,-242,17,27,0.50,21056.000000,0,27,4.0,0.0,1632.000000,0,0.0,0.0,0.0,1.0
224099,0,1,3400,-59,59,-242,19,27,0.50,0.0,0.0,27,4.0,0.0,0.0,0.0,0.0,0.0,0.0,1.0
224348,0,1,3400,-59,59,-233,18,27,0.50,10656.000000,0,27,4.0,0.0,0.0,0.0,0.0,0.0,0.0,1.0
224597,0,1,3400,-59,59,-241,16,27,0.50,0.0,0.0,27,3.4,0.0,1504.000000,0,0.0,0.0,0.0,1.0
224846,0,1,3400,-59,59,-239,13,27,0.50,21792.000000,0,27,4.7,0.0,4256.000000,57,0.0,0.0,0.0,1.0
225095,0,1,3400,-59,59,-237,6.3,27,0.50,10836.653320,0,27,4.0,0.0,0.0,0.0,0.0,0.0,0.0,1.0
225344,0,1,3400,-59,59,-240,15,27,0.50,10592.000000,0,27,4.0,0.0,0.0,0.0,0.0,0.0,0.0,1.0
225593,0,1,3400,-59,59,-240,13,28,0.50,29280.000000,0,27,5.4,0.0,39008.000000,0,0.0,0.0,0.0,1.0
225842,0,1,3400,-59,59,-241,17,27,0.50,5280.000000,0,27,5.9,0.0,4256.000000,0,0.0,0.0,0.0,1.0
226091,0,1,3400,-59,59,-237,16,27,0.50,5280.000000,0,27,4.0,0.0,0.0,0.0,0.0,0.0,0.0,1.0
226340,0,1,3400,-59,59,-240,16,27,0.50,0.0,0.0,27,5.4,0.0,15458.166992,0,0.0,0.0,0.0,1.0
226589,0,1,3400,-59,59,-237,16,27,0.50,0.0,0.0,27,9.0,0.0,0.0,0.0,0.0,0.0,0.0,1.0
226838,0,1,3400,-59,59,-242,14,27,0.50,16576.000000,0,27,8.6,0.0,1568.000000,57,0.0,0.0,0.0,1.0
227087,0,1,3400,-59,59,-243,9.5,27,0.50,17248.000000,0,27,7.1,0.0,0.0,0.0,0.0,0.0,0.0,1.0
227336,0,1,3400,-59,59,-244,7.1,27,0.50,11314.741211,0,27,7.1,0.0,0.0,0.0,0.0,0.0,0.0,1.0
227585,0,1,3400,-59,59,-242,2.4,27,0.50,14464.000000,0,27,7.0,0.0,0.0,0.0,0.0,0.0,0.0,1.0
227834,0,1,3400,-59,59,-242,9.7,27,0.50,10816.000000,0,27,11,0.0,0.0,80,0.0,0.0,0.0,1.0
228083,0,1,3400,-59,59,-239,16,27,2.0,4256.000000,50,27,16,0.0,12448.000000,0,0.0,0.0,0.0,1.0
228332,0,1,3400,-59,59,-239,13,27,1.5,11984.063477,0,27,18,0.0,0.0,0.0,0.0,0.0,0.0,1.0
228581,0,1,3400,-59,59,-243,3.7,27,0.50,6565.736816,0,27,18,0.0,0.0,0.0,0.0,0.0,0.0,1.0
228830,0,1,3400,-59,59,-236,11,27,0.50,15968.000000,0,27,16,0.0,53472.000000,43,0.0,0.0,0.0,1.0
229079,0,1,3400,-59,59,-237,14,27,0.50,0.0,0.0,27,13,0.0,2602.409668,0,0.0,0.0,0.0,1.0
229328,0,1,3400,-59,59,-240,11,27,0.50,33888.000000,0,27,9.0,0.0,0.0,0.0,0.0,0.0,0.0,1.0
229577,0,1,3400,-59,59,-239,1.1,27,0.50,12621.513672,0,27,9.7,0.0,23394.421875,20,0.0,0.0,0.0,1.0
229826,0,1,3400,-59,59,-240,7.5,27,0.50,19520.000000,0,27,11,0.0,2592.000000,0,0.0,0.0,0.0,1.0
230075,0,1,3400,-59,59,-241,11,27,0.50,29856.000000,0,27,4.7,0.0,896,0,0.0,0.0,0.0,1.0
230324,0,1,3400,-59,59,-241,10,27,0.50,25888.000000,0,27,1.0,0.0,0.0,0.0,0.0,0.0,0.0,1.0
230573,0,1,3400,-59,59,-240,15,27,0.50,5290.836426,0,27,1.3,0.0,2581.673340,0,0.0,0.0,0.0,1.0
230822,0,1,3400,-59,59,-239,15,27,0.50,10560.000000,0,27,2.2,0.0,0.0,0,0.0,0.0,0.0,1.0
231071,0,1,3400,-59,59,-240,16,27,0.50,5280.000000,0,27,14,0.0,17344.000000,25,0.0,0.0,0.0,1.0
231320,0,1,3400,-59,59,-241,15,27,0.61,16128.000000,0,27,14,0.0,0.0,0.0,0.0,0.0,0.0,1.0
231569,0,1,3400,-59,59,-233,19,27,0.50,15904.382812,0,27,12,0.0,82932.273438,7,0.0,0.0,0.0,1.0
231818,0,1,3400,-59,59,-235,17,27,0.50,21120.000000,0,27,8.0,0.0,0.0,0.0,0.0,0.0,0.0,1.0
232067,0,1,3400,-59,59,-241,2.3,27,0.50,8096.000000,0,27,8.0,0.0,0.0,0.0,0.0,0.0,0.0,1.0
232316,0,1,3400,-59,59,-242,11,27,0.50,5312.000000,0,27,8.0,0.0,0.0,0.0,0.0,0.0,0.0,1.0
232565,0,1,3400,-59,59,-242,15,27,0.50,21248.000000,0,27,8.0,186,0.0,0.0,0.0,0.0,0.0,1.0
232814,0,1,3400,-59,59,-238,13,27,0.50,29099.601562,0,27,15,0.0,150119.515625,21,0.0,0.0,0.0,1.0
233063,0,1,3400,-59,59,-238,15,27,0.50,5344.000000,0,27,16,0.0,0.0,0.0,0.0,0.0,0.0,1.0
233312,0,1,3400,-59,59,-244,11,27,0.50,11168.000000,0,27,13,0.0,7712.000000,33,0.0,0.0,0.0,1.0
233561,0,1,3400,-59,59,-243,2.4,27,0.50,8096.000000,0,27,13,0.0,18880.000000,0,0.0,0.0,0.0,1.0
233810,0,1,3400,-59,59,-237,0.19,27,0.50,14661.354492,0,27,12,0.0,0.0,0.0,0.0,0.0,0.0,1.0
234059,0,1,3400,-59,59,-240,12,27,0.50,5152.000000,0,27,13,0.0,0.0,80,0.0,0.0,0.0,1.0
234308,0,1,3400,-59,59,-242,15,27,0.50,10656.000000,0,27,16,0.0,0.0,0.0,0.0,0.0,0.0,1.0
234557,0,1,3400,-59,59,-240,14,27,0.50,0.0,0.0,27,16,0.0,0.0,0.0,0.0,0.0,0.0,1.0
234806,0,1,3400,-59,59,-242,16,27,0.50,5290.836426,0,27,12,0.0,66071.710938,0,0.0,0.0,0.0,1.0
235055,0,1,3400,-59,59,-241,17,27,0.50,5290.836426,0,27,14,0.0,0.0,0.0,0.0,0.0,0.0,1.0
235304,0,1,3400,-59,59,-239,15,27,0.50,16000.000000,0,27,15,0.0,10955.823242,0,0.0,0.0,0.0,1.0
235553,0,1,3400,-59,59,-235,15,27,0.50,16320.000000,0,27,14,0.0,15808.000000,0,0.0,0.0,0.0,1.0
235802,0,1,3400,-59,59,-237,2.9,27,0.50,20768.000000,0,27,11,0.0,0.0,0.0,0.0,0.0,0.0,1.0
236051,0,1,3400,-59,59,-235,17,27,0.50,5258.964355,0,27,11,0.0,0.0,0.0,0.0,0.0,0.0,1.0
236300,0,1,3400,-59,59,-239,13,27,0.50,10752.000000,0,27,10,0.0,0.0,0.0,0.0,0.0,0.0,1.0
236549,0,1,3400,-59,59,-236,14,27,0.50,0.0,0.0,27,8.6,0.0,2528.000000,0,0.0,0.0,0.0,1.0
236798,0,1,3400,-59,59,-238,12,27,0.50,10848.000000,0,27,6.5,60,0.0,0,0.0,0.0,0.0,1.0
237047,0,1,3400,-59,59,-238,15,27,0.54,11760.956055,0,27,11,0.0,71745.023438,24,0.0,0.0,0.0,1.0
237296,0,1,3400,-59,59,-237,19,27,0.50,5152.000000,0,27,11,0.0,26176.000000,0,0.0,0.0,0.0,1.0
237545,0,1,3400,-59,59,-239,17,27,0.66,5664.000000,0,27,13,0.0,7200.000000,33,0.0,0.0,0.0,1.0
237794,0,1,3400,-59,59,-242,13,27,0.64,15968.000000,0,27,3.7,0.0,1568.000000,0,0.0,0.0,0.0,1.0
238043,0,1,3400,-59,59,-241,8.9,27,0.50,5258.964355,0,27,1.9,0.0,8860.557617,0,0.0,0.0,0.0,1.0
238292,0,1,3400,-59,59,-237,12,27,0.50,16320.000000,0,27,3.1,0.0,0.0,0.0,0.0,0.0,0.0,1.0
238541,0,1,3400,-59,59,-238,2.0,27,0.50,23040.000000,0,27,2.8,0.0,39040.000000,0,0.0,0.0,0.0,1.0
238790,0,1,3400,-59,59,-237,15,27,0.50,26592.000000,0,27,2.1,0.0,4256.000000,0,0.0,0.0,0.0,1.0
239039,0,1,3400,-59,59,-234,13,27,0.50,2464.000000,0,27,2.0,0.0,0.0,0.0,0.0,0.0,0.0,1.0
239288,0,1,3400,-59,59,-237,2.5,27,0.50,20207.171875,0,27,2.0,0.0,0.0,0.0,0.0,0.0,0.0,1.0
239537,0,1,3400,-59,59,-240,6.9,27,0.50,20064.000000,0,27,3.1,0.0,17056.000000,50,0.0,0.0,0.0,1.0
239786,0,1,3400,-59,59,-237,15,27,0.50,5312.000000,0,27,12,0.0,12864.000000,0,0.0,0.0,0.0,1.0
240035,0,1,3400,-59,59,-236,12,27,0.50,8096.000000,0,27,11,0.0,4256.000000,25,0.0,0.0,0.0,1.0
240284,0,1,3400,-59,59,-237,6.1,27,0.50,11856.573242,0,27,6.9,0.0,13322.708984,0,0.0,0.0,0.0,1.0
240533,0,1,3400,-59,59,-236,3.5,26,0.50,39520.000000,0,27,8.3,0.0,23488.000000,20,0.0,0.0,0.0,1.0
240782,0,1,3400,-59,59,-236,17,27,0.50,5504.000000,0,27,11,0.0,4256.000000,0,0.0,0.0,0.0,1.0
241031,0,1,3400,-59,59,-234,11,28,0.50,22112.000000,0,27,2.1,0.0,1568.000000,0,0.0,0.0,0.0,1.0
241280,0,1,3400,-59,59,-232,4.8,27,0.50,5258.964355,0,27,2.0,0.0,0.0,0.0,0.0,0.0,0.0,1.0
241529,0,1,3400,-59,59,-236,7.4,27,0.50,20800.000000,0,27,4.7,186,17056.000000,0,0.0,0.0,0.0,1.0
241778,0,1,3400,-59,59,-239,0.0,27,0.50,8414.342773,0,27,4.1,0.0,37322.710938,0,0.0,0.0,0.0,1.0
242027,0,1,3400,-59,59,-240,14,27,0.50,32128.513672,0,27,7.3,0.0,15582.329102,0,0.0,0.0,0.0,1.0
242276,0,1,3400,-59,59,-243,9.5,27,0.50,10848.000000,0,27,7.0,0.0,0.0,0.0,0.0,0.0,0.0,1.0
242525,0,1,3400,-59,59,-239,12,27,0.50,10645.417969,0,27,6.2,0.0,13928.287109,0,0.0,0.0,0.0,1.0
242774,0,1,3400,-59,59,-242,14,27,0.50,11904.000000,0,27,3.7,0.0,1504.000000,0,0.0,0.0,0.0,1.0
243023,0,1,3400,-59,59,-242,6.0,28,0.50,0.0,0.0,27,7.3,0.0,15520.000000,33,0.0,0.0,0.0,1.0
243272,0,1,3400,-59,59,-236,7.1,27,0.50,25312.000000,0,27,8.0,0.0,0.0,0.0,0.0,0.0,0.0,1.0
243521,0,1,3400,-59,59,-236,12,27,0.50,12876.494141,0,27,11,0.0,31203.187500,14,0.0,0.0,0.0,1.0
243770,0,1,3400,-59,59,-237,7.9,27,0.50,9632.000000,0,27,11,0.0,0.0,0.0,0.0,0.0,0.0,1.0
244019,0,1,3400,-59,59,-235,12,27,0.50,17248.000000,0,27,13,0.0,19648.000000,44,0.0,0.0,0.0,1.0
244268,0,1,3400,-59,59,-236,3.4,27,0.50,27744.000000,0,27,9.1,0.0,0.0,0.0,0.0,0.0,0.0,1.0
244517,0,1,3400,-59,59,-241,14,27,0.50,5312.000000,0,27,8.1,0.0,1568.000000,0,0.0,0.0,0.0,1.0
244766,0,1,3400,-59,59,-237,9.2,27,0.50,17370.517578,0,27,5.9,0.0,14788.844727,0,0.0,0.0,0.0,1.0
245015,0,1,3400,-59,59,-233,2.1,27,0.50,6752.000000,0,27,2.3,0.0,896,0,0.0,0.0,0.0,1.0
245264,0,1,3400,-59,59,-238,8.9,27,0.50,10944.000000,0,27,1.1,0.0,4256.000000,0,0.0,0.0,0.0,1.0
245513,0,1,3400,-59,59,-239,13,27,0.50,15968.000000,0,27,2.8,0.0,37696.000000,0,0.0,0.0,0.0,1.0
245762,0,1,3400,-59,59,-242,7.8,27,0.50,11856.573242,0,27,4.0,0.0,0.0,0,0.0,0.0,0.0,1.0
246011,0,1,3400,-59,59,-242,9.1,27,0.50,11904.000000,0,27,3.1,0.0,2592.000000,0,0.0,0.0,0.0,1.0
246260,0,1,3400,-59,59,-241,16,27,0.50,15904.000000,0,27,2.3,0.0,1568.000000,0,0.0,0.0,0.0,1.0
246509,0,1,3400,-59,59,-240,15,27,0.50,5312.000000,0,27,4.4,0.0,20192.000000,0,0.0,0.0,0.0,1.0
246758,0,1,3400,-59,59,-238,9.3,27,0.50,8063.745117,0,27,5.0,0.0,0.0,0.0,0.0,0.0,0.0,1.0
247007,0,1,3400,-59,59,-236,6.2,27,0.50,10720.000000,0,27,5.0,0.0,0.0,0.0,0.0,0.0,0.0,1.0
247256,0,1,3400,-59,59,-235,2.6,27,0.50,21600.000000,0,27,5.1,0.0,0.0,0.0,0.0,0.0,0.0,1.0
247505,0,1,3400,-59,59,-236,2.5,27,0.50,0.0,0.0,27,5.0,0.0,0.0,0.0,0.0,0.0,0.0,1.0
247754,0,1,3400,-59,59,-239,5.3,27,0.50,19328.000000,0,27,6.9,0.0,17760.000000,0,0.0,0.0,0.0,1.0
248003,0,1,3400,-59,59,-239,9.8,27,0.50,30533.865234,0,27,8.5,0.0,0.0,0.0,0.0,0.0,0.0,1.0
248252,0,1,3400,-59,59,-238,10,27,0.50,18581.673828,0,27,8.5,0.0,0.0,0.0,0.0,0.0,0.0,1.0
248501,0,1,3400,-59,59,-232,9.7,27,0.50,24512.000000,0,27,11,0.0,48640.000000,11,0.0,0.0,0.0,1.0
248750,0,1,3400,-59,59,-237,0.068,27,0.50,28208.835938,0,27,12,0.0,0.0,0.0,0.0,0.0,0.0,1.0
248999,0,1,3400,-59,59,-237,0.0,27,0.50,15776.892578,0,27,12,0.0,0.0,0.0,0.0,0.0,0.0,1.0
249248,0,1,3400,-59,59,-238,13,27,0.70,9536.000000,25,27,12,0.0,0.0,0.0,0.0,0.0,0.0,1.0
249497,0,1,3400,-59,59,-240,15,27,0.50,15968.000000,0,27,9.8,0.0,13760.000000,0,0.0,0.0,0.0,1.0
249746,0,1,3400,-59,59,-239,11,27,0.50,11840.000000,0,27,2.5,0.0,1568.000000,0,0.0,0.0,0.0,1.0
249995,0,1,3400,-59,59,-237,9.4,27,0.50,16127.490234,0,27,0.096,0.0,1561.752930,0,0.0,0.0,0.0,1.0
250244,0,1,3400,-59,59,-237,13,27,0.50,10464.000000,0,27,13,0.0,0.0,80,0.0,0.0,0.0,1.0
250493,0,1,3400,-59,59,-239,16,27,0.50,10560.000000,0,27,13,0.0,61760.000000,15,0.0,0.0,0.0,1.0
250742,0,1,3400,-59,59,-242,14,27,0.50,22816.000000,0,27,7.0,0.0,0.0,0.0,0.0,0.0,0.0,1.0
250991,0,1,3400,-59,59,-240,15,27,0.50,21216.000000,0,27,7.0,0.0,0.0,0.0,0.0,0.0,0.0,1.0
251240,0,1,3400,-59,59,-236,14,27,0.50,26964.142578,0,27,7.0,0.0,0.0,0.0,0.0,0.0,0.0,1.0
251489,0,1,3400,-59,59,-235,18,27,0.50,5504.000000,0,27,9.2,0.0,27744.000000,0,0.0,0.0,0.0,1.0
251738,0,1,3400,-59,59,-238,15,27,0.50,24032.000000,0,27,14,0.0,0.0,0.0,0.0,0.0,0.0,1.0
251987,0,1,3400,-59,59,-235,11,27,0.50,18912.000000,0,27,14,0.0,0.0,0.0,0.0,0.0,0.0,1.0
252236,0,1,3400,-59,59,-237,13,27,0.50,11824.701172,0,27,14,0.0,0.0,0.0,0.0,0.0,0.0,1.0
252485,0,1,3400,-59,59,-231,11,27,0.50,5600.000000,0,27,14,0.0,0.0,0.0,0.0,0.0,0.0,1.0
252734,0,1,3400,-59,59,-237,9.9,27,0.50,5312.000000,0,27,13,112,9120.000000,50,0.0,0.0,0.0,1.0
252983,0,1,3400,-59,59,-241,17,27,0.50,0.0,0.0,27,2.1,0.0,16832.000000,0,0.0,0.0,0.0,1.0
253232,0,1,3400,-59,59,-240,18,27,0.50,0.0,0.0,27,2.8,0.0,16988.046875,0,0.0,0.0,0.0,1.0
253481,0,1,3400,-59,59,-238,9.9,27,0.59,17792.000000,0,27,11,0.0,15552.000000,0,0.0,0.0,0.0,1.0
253730,0,1,3400,-59,59,-238,15,27,0.80,5280.000000,0,27,13,0.0,0.0,0.0,0.0,0.0,0.0,1.0
253979,0,1,3400,-59,59,-240,14,27,0.50,16032.000000,0,27,13,0.0,0.0,0.0,0.0,0.0,0.0,1.0
254228,0,1,3400,-59,59,-242,5.8,27,0.50,11680.000000,0,27,13,0.0,0.0,80,0.0,0.0,0.0,1.0
254477,0,1,3400,-59,59,-237,7.5,27,0.50,0.0,0.0,27,14,0.0,0.0,0.0,0.0,0.0,0.0,1.0
254726,0,1,3400,-59,59,-238,11,27,0.50,11505.976562,0,27,3.4,0.0,19729.083984,6,0.0,0.0,0.0,1.0
254975,0,1,3400,-59,59,-239,9.2,27,0.50,6136.546387,0,27,3.8,0.0,8449.798828,40,0.0,0.0,0.0,1.0
255224,0,1,3400,-59,59,-242,8.8,27,0.50,10592.000000,0,27,3.0,0.0,0.0,0.0,0.0,0.0,0.0,1.0
255473,0,1,3400,-59,59,-241,12,27,0.50,18199.203125,0,27,4.6,186,15458.166992,0,0.0,0.0,0.0,1.0
255722,0,1,3400,-59,59,-237,1.6,27,0.50,5248.000000,0,27,13,0.0,30688.000000,0,0.0,0.0,0.0,1.0
255971,0,1,3400,-59,59,-232,7.3,27,0.50,15904.000000,0,27,12,0.0,11936.000000,25,0.0,0.0,0.0,1.0
256220,0,1,3400,-59,59,-234,15,27,0.50,21376.000000,0,27,8.7,0.0,4032.000000,43,0.0,0.0,0.0,1.0
256469,0,1,3400,-59,59,-237,17,27,0.50,5290.836426,0,27,8.0,0.0,0.0,0.0,0.0,0.0,0.0,1.0
256718,0,1,3400,-59,59,-237,16,27,0.50,5280.000000,0,27,4.8,0.0,10528.000000,0,0.0,0.0,0.0,1.0
256967,0,1,3400,-59,59,-241,9.8,27,0.50,16768.000000,0,27,1.0,0.0,2592.000000,0,0.0,0.0,0.0,1.0
257216,0,1,3400,-59,59,-237,15,27,0.50,21440.000000,0,27,1.1,0.0,0.0,0.0,0.0,0.0,0.0,1.0
257465,0,1,3400,-59,59,-237,16,27,0.50,0.0,0.0,27,1.0,0.0,5152.000000,0,0.0,0.0,0.0,1.0
257714,0,1,3400,-59,59,-237,6.9,27,0.50,34454.183594,0,27,7.4,0.0,4143.426270,44,0.0,0.0,0.0,1.0
257963,0,1,3400,-59,59,-234,16,27,0.54,25504.000000,10,27,9.2,0.0,4256.000000,25,0.0,0.0,0.0,1.0
258212,0,1,3400,-59,59,-238,13,27,0.50,13504.000000,0,27,9.5,0.0,0.0,100.000000,0.0,0.0,0.0,1.0
258461,0,1,3400,-59,59,-240,3.7,27,0.50,21088.000000,0,27,7.9,0.0,61440.000000,0,0.0,0.0,0.0,1.0
258710,0,1,3400,-59,59,-240,4.3,27,0.50,32541.832031,0,27,14,0.0,0.0,80,0.0,0.0,0.0,1.0
258959,0,1,3400,-59,59,-238,7.2,27,0.50,21696.000000,0,27,11,0.0,2592.000000,0,0.0,0.0,0.0,1.0
259208,0,1,3400,-59,59,-236,13,27,0.50,15840.000000,0,27,9.0,0.0,0.0,0.0,0.0,0.0,0.0,1.0
259457,0,1,3400,-59,59,-233,16,27,0.50,15936.000000,0,27,2.4,0.0,9184.000000,0,0.0,0.0,0.0,1.0
259706,0,1,3400,-59,59,-234,14,27,0.50,0.0,0.0,27,1.3,0.0,4256.000000,0,0.0,0.0,0.0,1.0
259955,0,1,3400,-59,59,-238,14,27,0.50,21513.943359,0,27,8.4,0.0,50964.144531,22,0.0,0.0,0.0,1.0
260204,0,1,3400,-59,59,-235,16,27,0.50,31648.000000,0,27,15,0.0,0.0,100.000000,0.0,0.0,0.0,1.0
260453,0,1,3400,-59,59,-237,12,27,0.50,8096.000000,0,27,13,0.0,7904.000000,0,0.0,0.0,0.0,1.0
260702,0,1,3400,-59,59,-237,12,27,0.50,17856.000000,0,27,1.4,0.0,13280.000000,0,0.0,0.0,0.0,1.0
260951,0,1,3400,-59,59,-235,12,27,0.50,16446.214844,0,27,2.2,0.0,0.0,0.0,0.0,0.0,0.0,1.0
261200,0,1,3400,-59,59,-235,5.9,27,0.50,45920.000000,0,27,2.1,0.0,0.0,0.0,0.0,0.0,0.0,1.0
261449,0,1,3400,-59,59,-238,14,27,0.50,20192.000000,0,27,2.0,0.0,0.0,0.0,0.0,0.0,0.0,1.0
261698,0,1,3400,-59,59,-242,12,27,0.50,28224.000000,0,27,8.7,0.0,41312.000000,0,0.0,0.0,0.0,1.0
261947,0,1,3400,-59,59,-241,5.3,27,0.50,6247.011719,0,27,14,0.0,0.0,0.0,0.0,0.0,0.0,1.0
262196,0,1,3400,-59,59,-239,16,27,0.50,16128.000000,0,27,10,0.0,4256.000000,0,0.0,0.0,0.0,1.0
262445,0,1,3400,-59,59,-239,13,27,0.50,5984.000000,0,27,7.9,0.0,18624.000000,44,0.0,0.0,0.0,1.0
262694,0,1,3400,-59,59,-243,3.8,27,0.50,15840.000000,0,27,12,0.0,1568.000000,0,0.0,0.0,0.0,1.0
262943,0,1,3400,-59,59,-242,10,27,0.50,10656.000000,0,27,7.6,0.0,0.0,0.0,0.0,0.0,0.0,1.0
263192,0,1,3400,-59,59,-236,16,26,0.64,10836.653320,0,27,7.8,0.0,0.0,0.0,0.0,0.0,0.0,1.0
263441,0,1,3400,-59,59,-238,14,27,0.65,5440.000000,0,27,8.2,0.0,28384.000000,14,0.0,0.0,0.0,1.0
263690,0,1,3400,-59,59,-238,12,27,0.57,16992.000000,0,27,13,0.0,32576.000000,0,0.0,0.0,0.0,1.0
263939,0,1,3400,-59,59,-238,3.5,27,1.2,0.0,0.0,27,15,0.0,0.0,80,0.0,0.0,0.0,1.0
264188,0,1,3400,-59,59,-240,1.5,27,0.82,16127.490234,0,27,8.7,0.0,1561.752930,0,0.0,0.0,0.0,1.0
264437,0,1,3400,-59,59,-236,4.8,27,0.50,27392.000000,0,27,8.9,0.0,22208.000000,33,0.0,0.0,0.0,1.0
264686,0,1,3400,-59,59,-235,11,27,0.93,15008.000000,17,27,15,0.0,31040.000000,0,0.0,0.0,0.0,1.0
264935,0,1,3400,-59,59,-236,16,27,0.50,11264.000000,0,27,15,0.0,9120.000000,0,0.0,0.0,0.0,1.0
265184,0,1,3400,-59,59,-238,14,27,0.50,5290.836426,0,27,9.6,0.0,2517.928223,0,0.0,0.0,0.0,1.0
265433,0,1,3400,-59,59,-236,13,27,0.50,6336.000000,0,27,5.9,0.0,4256.000000,0,0.0,0.0,0.0,1.0
265682,0,1,3400,-59,59,-235,0.024,28,0.50,30624.000000,0,27,8.1,0.0,35424.000000,0,0.0,0.0,0.0,1.0
265931,0,1,3400,-59,59,-237,16,27,0.58,20192.000000,12,27,10,0.0,0.0,80,0.0,0.0,0.0,1.0
266180,0,1,3400,-59,59,-234,13,27,1.2,10816.000000,0,27,13,0.0,1632.000000,0,0.0,0.0,0.0,1.0
266429,0,1,3400,-59,59,-236,13,27,0.50,10772.908203,0,27,8.9,0.0,34262.949219,11,0.0,0.0,0.0,1.0
266678,0,1,3400,-59,59,-235,16,27,0.50,0.0,0.0,27,9.0,0.0,1568.000000,67,0.0,0.0,0.0,1.0
266927,0,1,3400,-59,59,-236,16,27,0.50,0.0,0.0,27,15,0.0,0.0,100.000000,0.0,0.0,0.0,1.0
267176,0,1,3400,-59,59,-239,12,27,0.50,5792.000000,0,27,14,0.0,1568.000000,0,0.0,0.0,0.0,1.0
267425,0,1,3400,-59,59,-238,5.4,27,0.50,18167.330078,0,27,9.3,0.0,0.0,80,0.0,0.0,0.0,1.0
267674,0,1,3400,-59,59,-233,14,27,0.50,15680.000000,0,27,14,0.0,0.0,0.0,0.0,0.0,0.0,1.0
267923,0,1,3400,-59,59,-236,10,27,0.50,24669.322266,0,27,4.6,0.0,4079.681396,0,0.0,0.0,0.0,1.0
268172,0,1,3400,-59,59,-240,14,27,0.50,15967.871094,0,27,2.0,0.0,0.0,0.0,0.0,0.0,0.0,1.0
268421,0,1,3400,-59,59,-235,16,27,0.50,0.0,0.0,27,2.1,0.0,1561.752930,0,0.0,0.0,0.0,1.0
268670,0,1,3400,-59,59,-232,0.65,27,0.50,12704.000000,0,27,5.5,0.0,23488.000000,0,0.0,0.0,0.0,1.0
268919,0,1,3400,-59,59,-239,2.6,27,0.65,13024.000000,4,27,9.8,0.0,15520.000000,0,0.0,0.0,0.0,1.0
269168,0,1,3400,-59,59,-239,2.6,27,0.50,14688.000000,0,27,14,0.0,0.0,80,0.0,0.0,0.0,1.0
269417,0,1,3400,-59,59,-239,14,27,1.0,20608.000000,10,27,10,0.0,20064.000000,23,0.0,0.0,0.0,1.0
269666,0,1,3400,-59,59,-239,12,27,1.7,13705.179688,0,27,12,0.0,5641.434082,0,0.0,0.0,0.0,1.0
269915,0,1,3400,-59,59,-236,3.6,27,0.50,5312.000000,0,27,11,0.0,2528.000000,0,0.0,0.0,0.0,1.0
270164,0,1,3400,-59,59,-239,6.4,27,0.50,11328.000000,0,27,9.0,0.0,4256.000000,0,0.0,0.0,0.0,1.0
270413,0,1,3400,-59,59,-237,3.9,27,0.50,8096.000000,0,27,8.5,0.0,29280.000000,0,0.0,0.0,0.0,1.0
270662,0,1,3400,-59,59,-233,0.0,27,0.50,0.0,0.0,27,3.6,0.0,5131.474121,0,0.0,0.0,0.0,1.0
270911,0,1,3400,-59,59,-232,9.2,27,0.50,10752.000000,0,27,3.5,0.0,1632.000000,50,0.0,0.0,0.0,1.0
271160,0,1,3400,-59,59,-237,14,27,0.50,10656.000000,0,27,4.1,0.0,0.0,0.0,0.0,0.0,0.0,1.0
271409,0,1,3400,-59,59,-237,13,27,0.50,17408.000000,0,27,2.6,0.0,18048.000000,0,0.0,0.0,0.0,1.0
271658,0,1,3400,-59,59,-237,11,27,0.93,9792.000000,17,27,0.0,0.0,0.0,0.0,0.0,0.0,0.0,1.0
271907,0,1,3400,-59,59,-236,16,27,0.65,26326.693359,0,27,0.0,0.0,1561.752930,0,0.0,0.0,0.0,1.0
272156,0,1,3400,-59,59,-239,16,27,0.50,15776.000000,0,27,0.0,0.0,0.0,0.0,0.0,0.0,0.0,1.0
272405,0,1,3400,-59,59,-237,10,27,0.50,5696.000000,0,27,3.8,0.0,31072.000000,0,0.0,0.0,0.0,1.0
272654,0,1,3400,-59,59,-235,0.93,27,0.50,29376.000000,0,27,11,0.0,16192.000000,0,0.0,0.0,0.0,1.0
272903,0,1,3400,-59,59,-240,14,27,0.50,21641.433594,0,27,6.5,0.0,5641.434082,0,0.0,0.0,0.0,1.0
273152,0,1,3400,-59,59,-239,19,27,0.50,22624.000000,0,27,6.5,0.0,0.0,0.0,0.0,0.0,0.0,1.0
273401,0,1,3400,-59,59,-235,11,27,0.50,35232.000000,0,27,6.4,0.0,27712.000000,14,0.0,0.0,0.0,1.0
273650,0,1,3400,-59,59,-238,6.0,27,0.50,12160.000000,0,27,9.1,0.0,7200.000000,0,0.0,0.0,0.0,1.0
273899,0,1,3400,-59,59,-239,13,27,0.50,17912.351562,0,27,13,0.0,13322.708984,0,0.0,0.0,0.0,1.0
274148,0,1,3400,-59,59,-236,11,27,0.50,16320.000000,0,27,13,0.0,17056.000000,0,0.0,0.0,0.0,1.0
274397,0,1,3400,-59,59,-236,14,27,0.50,13024.000000,0,27,14,0.0,18368.000000,0,0.0,0.0,0.0,1.0
274646,0,1,3400,-59,59,-240,5.5,27,0.50,6208.000000,0,27,12,0.0,0.0,0.0,0.0,0.0,0.0,1.0
274895,0,1,3400,-59,59,-239,7.0,27,0.50,12800.000000,0,27,12,0.0,0.0,67,0.0,0.0,0.0,1.0
275144,0,1,3400,-59,59,-235,5.4,27,0.53,25880.478516,0,27,14,0.0,0.0,100.000000,0.0,0.0,0.0,1.0
275393,0,1,3400,-59,59,-236,13,27,0.50,27840.000000,0,27,12,0.0,11968.000000,0,0.0,0.0,0.0,1.0
275642,0,1,3400,-59,59,-237,16,27,0.50,15968.000000,0,27,6.5,0.0,0.0,0.0,0.0,0.0,0.0,1.0
275891,0,1,3400,-59,59,-236,16,27,0.50,5248.000000,0,27,6.5,0.0,0.0,0.0,0.0,0.0,0.0,1.0
276140,0,1,3400,-59,59,-238,17,27,0.50,5258.964355,0,27,8.3,0.0,21354.582031,0,0.0,0.0,0.0,1.0
276389,0,1,3400,-59,59,-235,15,27,0.50,21792.000000,0,27,7.3,0.0,16288.000000,9,0.0,0.0,0.0,1.0
276638,0,1,3400,-59,59,-235,16,27,0.50,5344.000000,0,27,6.9,0.0,9120.000000,33,0.0,0.0,0.0,1.0
276887,0,1,3400,-59,59,-237,9.8,27,0.50,10976.000000,0,27,7.1,0.0,41088.000000,0,0.0,0.0,0.0,1.0
277136,0,1,3400,-59,59,-237,14,27,0.50,3505.976074,0,27,9.5,0.0,0.0,0.0,0.0,0.0,0.0,1.0
277385,0,1,3400,-59,59,-234,7.2,26,0.50,39680.000000,0,27,8.7,0.0,65536.000000,5,0.0,0.0,0.0,1.0
277634,0,1,3400,-59,59,-239,6.8,27,0.50,5952.000000,0,27,7.0,0.0,0.0,0.0,0.0,0.0,0.0,1.0
277883,0,1,3400,-59,59,-235,6.9,27,0.50,23904.000000,0,27,7.0,0.0,0.0,0.0,0.0,0.0,0.0,1.0
278132,0,1,3400,-59,59,-236,11,27,0.50,11712.000000,0,27,7.0,0.0,0.0,0.0,0.0,0.0,0.0,1.0
278381,0,1,3400,-59,59,-233,15,27,0.50,15776.892578,0,27,5.1,0.0,9657.370117,0,0.0,0.0,0.0,1.0
278630,0,1,3400,-59,59,-235,10,27,0.50,17632.000000,0,27,0.0,0.0,0.0,0.0,0.0,0.0,0.0,1.0
278879,0,1,3400,-59,59,-239,2.7,27,0.50,21504.000000,0,27,0.0,0.0,0.0,0.0,0.0,0.0,0.0,1.0
279128,0,1,3400,-59,59,-240,8.1,27,0.50,27840.000000,0,27,0.0,0.0,1568.000000,0,0.0,0.0,0.0,1.0
279377,0,1,3400,-59,59,-238,9.7,27,0.50,16733.068359,0,27,6.1,0.0,23394.421875,0,0.0,0.0,0.0,1.0
279626,0,1,3400,-59,59,-237,9.8,27,0.50,26816.000000,0,27,8.2,0.0,5056.000000,0,0.0,0.0,0.0,1.0
279875,0,1,3400,-59,59,-239,14,27,0.50,16096.000000,0,27,15,0.0,15520.000000,67,0.0,0.0,0.0,1.0
280124,0,1,3400,-59,59,-236,10,27,0.50,18432.000000,0,27,14,0.0,7200.000000,0,0.0,0.0,0.0,1.0
280373,0,1,3400,-59,59,-236,16,27,0.50,16064.000000,0,27,11,186,0.0,0.0,0.0,0.0,0.0,1.0
280622,0,1,3400,-59,59,-238,11,27,0.50,18039.839844,0,27,15,0.0,0.0,80,0.0,0.0,0.0,1.0
280871,0,1,3400,-59,59,-241,4.8,27,0.50,11040.000000,0,27,15,0.0,0.0,0.0,0.0,0.0,0.0,1.0
281120,0,1,3400,-59,59,-234,8.3,27,0.50,10656.000000,0,27,15,0.0,0.0,0.0,0.0,0.0,0.0,1.0
281369,0,1,3400,-59,59,-232,14,27,0.50,5280.000000,0,27,12,0.0,24896.000000,0,0.0,0.0,0.0,1.0
281618,0,1,3400,-59,59,-239,11,27,0.50,17370.517578,0,27,7.0,0.0,0.0,0.0,0.0,0.0,0.0,1.0
281867,0,1,3400,-59,59,-235,6.0,27,0.50,0.0,0.0,27,7.0,0.0,0.0,0.0,0.0,0.0,0.0,1.0
282116,0,1,3400,-59,59,-237,3.3,28,0.50,12448.000000,0,27,7.0,0.0,0.0,0.0,0.0,0.0,0.0,1.0
282365,0,1,3400,-59,59,-234,6.0,27,0.50,20352.000000,0,27,5.8,0.0,20192.000000,0,0.0,0.0,0.0,1.0
282614,0,1,3400,-59,59,-235,13,27,0.50,27346.613281,0,27,6.1,0.0,7171.314941,0,0.0,0.0,0.0,1.0
282863,0,1,3400,-59,59,-235,16,27,0.50,0.0,0.0,27,7.1,0.0,5824.000000,0,0.0,0.0,0.0,1.0
283112,0,1,3400,-59,59,-237,12,27,0.50,16352.000000,0,27,12,0.0,15520.000000,67,0.0,0.0,0.0,1.0
283361,0,1,3400,-59,59,-236,5.3,27,0.50,11520.000000,0,27,11,0.0,95072.000000,0,0.0,0.0,0.0,1.0
283610,0,1,3400,-59,59,-236,0.068,27,0.50,8096.000000,0,27,8.0,0.0,15520.000000,0,0.0,0.0,0.0,1.0
283859,0,1,3400,-59,59,-238,1.4,27,0.50,15330.677734,0,27,8.4,0.0,0.0,50,0.0,0.0,0.0,1.0
284108,0,1,3400,-59,59,-239,10,27,0.50,10720.000000,0,27,14,0.0,9120.000000,0,0.0,0.0,0.0,1.0
284357,0,1,3400,-59,59,-232,13,27,0.50,21248.000000,0,27,12,0.0,49056.000000,9,0.0,0.0,0.0,1.0
284606,0,1,3400,-59,59,-228,15,27,0.50,16192.000000,0,27,10,0.0,0.0,0.0,0.0,0.0,0.0,1.0
284855,0,1,3400,-59,59,-234,13,26,0.50,5258.964355,0,27,9.4,0.0,1561.752930,57,0.0,0.0,0.0,1.0
285104,0,1,3400,-59,59,-242,13,27,0.50,16384.000000,0,27,11,0.0,1504.000000,57,0.0,0.0,0.0,1.0
285353,0,1,3400,-59,59,-238,12,27,0.50,5376.000000,0,27,11,0.0,27648.000000,31,0.0,0.0,0.0,1.0
285602,0,1,3400,-59,59,-237,14,27,0.50,5312.000000,0,27,13,0.0,0.0,0.0,0.0,0.0,0.0,1.0
285851,0,1,3400,-59,59,-237,14,27,0.50,11328.000000,0,27,14,0.0,0.0,50,0.0,0.0,0.0,1.0
286100,0,1,3400,-59,59,-237,16,27,0.53,25179.283203,11,27,12,0.0,1498.007935,60,0.0,0.0,0.0,1.0
286349,0,1,3400,-59,59,-236,15,27,0.50,15776.000000,0,27,11,0.0,57760.000000,0,0.0,0.0,0.0,1.0
286598,0,1,3400,-59,59,-239,14,27,0.50,5312.000000,0,27,14,0.0,0.0,0.0,0.0,0.0,0.0,1.0
286847,0,1,3400,-59,59,-244,11,27,0.50,11392.000000,0,27,14,0.0,0.0,0.0,0.0,0.0,0.0,1.0
287096,0,1,3400,-59,59,-241,10.0,27,0.50,11314.741211,0,27,14,0.0,0.0,0.0,0.0,0.0,0.0,1.0
287345,0,1,3400,-59,59,-239,8.1,27,0.50,13120.000000,0,27,14,0.0,68000.000000,9,0.0,0.0,0.0,1.0
287594,0,1,3400,-59,59,-237,4.2,27,0.50,22176.000000,0,27,15,0.0,0.0,0.0,0.0,0.0,0.0,1.0
287843,0,1,3400,-59,59,-238,9.3,27,0.50,5280.000000,0,27,14,0.0,7200.000000,0,0.0,0.0,0.0,1.0
288092,0,1,3400,-59,59,-236,11,27,0.50,26358.566406,0,27,13,0.0,0.0,0.0,0.0,0.0,0.0,1.0
288341,0,1,3400,-59,59,-236,16,27,0.50,5280.000000,0,27,11,0.0,17312.000000,0,0.0,0.0,0.0,1.0
288590,0,1,3400,-59,59,-233,15,27,0.50,5312.000000,0,27,10,0.0,0.0,0.0,0.0,0.0,0.0,1.0
288839,0,1,3400,-59,59,-237,15,27,0.50,10592.000000,0,27,7.1,0.0,2592.000000,0,0.0,0.0,0.0,1.0
289088,0,1,3400,-59,59,-238,15,27,0.50,16000.000000,0,27,1.8,0.0,3488.000000,0,0.0,0.0,0.0,1.0
289337,0,1,3400,-59,59,-236,11,27,0.50,6756.972168,0,27,3.7,0.0,11888.446289,57,0.0,0.0,0.0,1.0
289586,0,1,3400,-59,59,-236,1.0,27,0.50,0.0,0.0,27,14,0.0,0.0,0.0,0.0,0.0,0.0,1.0
289835,0,1,3400,-59,59,-236,6.6,27,0.50,16416.000000,0,27,13,0.0,2592.000000,0,0.0,0.0,0.0,1.0
290084,0,1,3400,-59,59,-232,13,27,0.50,15680.000000,0,27,8.5,0.0,1632.000000,57,0.0,0.0,0.0,1.0
290333,0,1,3400,-59,59,-238,1.2,27,0.50,8063.745117,0,27,9.5,0.0,0.0,0.0,0.0,0.0,0.0,1.0
290582,0,1,3400,-59,59,-237,9.5,27,0.50,21760.000000,0,27,3.0,0.0,22112.000000,0,0.0,0.0,0.0,1.0
290831,0,1,3400,-59,59,-236,2.6,27,0.50,8224.000000,0,27,3.0,0.0,6784.000000,0,0.0,0.0,0.0,1.0
291080,0,1,3400,-59,59,-234,8.4,27,0.50,19456.000000,0,27,4.0,0.0,0.0,0.0,0.0,0.0,0.0,1.0
291329,0,1,3400,-59,59,-233,9.6,27,0.50,19729.083984,0,27,8.0,0.0,47171.316406,0,0.0,0.0,0.0,1.0
291578,0,1,3400,-59,59,-232,9.7,27,0.50,17152.000000,0,27,13,0.0,0.0,0.0,0.0,0.0,0.0,1.0
291827,0,1,3400,-59,59,-234,10,27,0.50,16608.000000,0,27,11,0.0,4256.000000,0,0.0,0.0,0.0,1.0
292076,0,1,3400,-59,59,-233,16,27,0.50,16128.000000,0,27,9.5,0.0,0.0,0.0,0.0,0.0,0.0,1.0
292325,0,1,3400,-59,59,-235,6.3,27,0.50,14656.000000,0,27,8.0,0.0,82272.000000,0,0.0,0.0,0.0,1.0
292574,0,1,3400,-59,59,-233,12,27,0.50,21131.474609,0,27,12,0.0,18262.947266,0,0.0,0.0,0.0,1.0
292823,0,1,3400,-59,59,-236,16,27,0.50,5312.000000,0,27,12,0.0,0.0,0.0,0.0,0.0,0.0,1.0
293072,0,1,3400,-59,59,-234,14,27,0.50,10912.000000,0,27,12,0.0,0.0,0.0,0.0,0.0,0.0,1.0
293321,0,1,3400,-59,59,-232,5.7,27,0.50,6688.000000,0,27,11,0.0,17088.000000,44,0.0,0.0,0.0,1.0
293570,0,1,3400,-59,59,-233,8.1,27,0.50,23107.570312,0,27,12,0.0,16988.046875,33,0.0,0.0,0.0,1.0
293819,0,1,3400,-59,59,-238,9.5,27,0.50,39904.000000,0,27,15,0.0,0.0,0.0,0.0,0.0,0.0,1.0
294068,0,1,3400,-59,59,-237,14,27,0.50,10592.000000,0,27,14,0.0,896,0,0.0,0.0,0.0,1.0
294317,0,1,3400,-59,59,-236,15,27,1.1,14848.000000,17,27,11,0.0,80640.000000,6,0.0,0.0,0.0,1.0
294566,0,1,3400,-59,59,-238,16,27,2.2,0.0,0.0,27,15,0.0,17056.000000,0,0.0,0.0,0.0,1.0
294815,0,1,3400,-59,59,-239,16,27,1.6,5290.836426,0,27,16,0.0,0.0,0.0,0.0,0.0,0.0,1.0
295064,0,1,3400,-59,59,-237,15,27,0.58,21504.000000,10,27,16,0.0,0.0,0.0,0.0,0.0,0.0,1.0
295313,0,1,3400,-59,59,-234,16,27,0.50,5280.000000,0,27,16,186,0.0,0.0,0.0,0.0,0.0,1.0
295562,0,1,3400,-59,59,-233,12,27,0.50,23616.000000,0,27,0.73,0.0,18848.000000,0,0.0,0.0,0.0,1.0
295811,0,1,3400,-59,59,-237,16,27,0.50,5258.964355,0,27,0.19,0.0,0.0,0.0,0.0,0.0,0.0,1.0
296060,0,1,3400,-59,59,-237,10,27,0.50,21152.000000,0,27,0.90,0.0,4256.000000,0,0.0,0.0,0.0,1.0
296309,0,1,3400,-59,59,-234,13,27,0.50,5376.000000,0,27,4.7,0.0,17056.000000,33,0.0,0.0,0.0,1.0
296558,0,1,3400,-59,59,-238,5.5,27,0.50,37664.000000,0,27,1.3,0.0,1568.000000,0,0.0,0.0,0.0,1.0
296807,0,1,3400,-59,59,-238,12,27,0.50,31904.382812,0,27,0.70,0.0,15458.166992,0,0.0,0.0,0.0,1.0
297056,0,1,3400,-59,59,-236,14,27,0.50,5536.000000,0,27,7.6,0.0,10912.000000,0,0.0,0.0,0.0,1.0
297305,0,1,3400,-59,59,-235,12,27,0.50,10624.000000,0,27,9.6,0.0,21952.000000,0,0.0,0.0,0.0,1.0
297554,0,1,3400,-59,59,-235,9.4,27,0.50,6112.000000,0,27,13,0.0,0.0,0.0,0.0,0.0,0.0,1.0
297803,0,1,3400,-59,59,-234,5.1,28,0.50,19648.000000,0,27,8.6,0.0,4160.000000,0,0.0,0.0,0.0,1.0
298052,0,1,3400,-59,59,-236,9.4,27,0.50,36557.769531,0,27,6.8,0.0,10868.526367,0,0.0,0.0,0.0,1.0
298301,0,1,3400,-59,59,-236,15,27,0.50,5344.000000,0,27,14,0.0,0.0,0.0,0.0,0.0,0.0,1.0
298550,0,1,3400,-59,59,-231,15,27,0.50,0.0,0.0,27,14,0.0,0.0,0.0,0.0,0.0,0.0,1.0
298799,0,1,3400,-59,59,-237,8.1,27,0.50,14784.000000,0,27,14,0.0,23008.000000,0,0.0,0.0,0.0,1.0
299048,0,1,3400,-59,59,-237,10,27,0.50,33593.625000,0,27,14,0.0,0.0,0.0,0.0,0.0,0.0,1.0
299297,0,1,3400,-59,59,-238,16,27,0.50,20992.000000,0,27,8.7,0.0,18400.000000,0,0.0,0.0,0.0,1.0
299546,0,1,3400,-59,59,-236,14,28,0.50,21536.000000,0,27,5.1,0.0,1568.000000,57,0.0,0.0,0.0,1.0
299795,0,1,3400,-59,59,-238,16,27,0.50,16192.000000,0,27,6.3,0.0,8768.000000,0,0.0,0.0,0.0,1.0
300044,0,1,3400,-59,59,-237,12,27,0.50,23616.000000,0,27,4.0,0.0,2592.000000,0,0.0,0.0,0.0,1.0
300293,0,1,3400,-59,59,-237,6.1,27,0.50,36047.808594,0,27,2.5,0.0,36015.937500,0,0.0,0.0,0.0,1.0
300542,0,1,3400,-59,59,-240,11,28,0.50,22848.000000,0,27,8.9,0.0,17056.000000,0,0.0,0.0,0.0,1.0
300791,0,1,3400,-59,59,-236,15,27,0.50,26592.000000,0,27,11,0.0,17056.000000,0,0.0,0.0,0.0,1.0
301040,0,1,3400,-59,59,-239,11,27,0.50,11968.000000,0,27,11,0.0,0.0,0.0,0.0,0.0,0.0,1.0
301289,0,1,3400,-59,59,-237,12,27,0.50,27155.378906,0,27,11,0.0,1561.752930,57,0.0,0.0,0.0,1.0
301538,0,1,3400,-59,59,-241,13,27,0.70,32512.000000,4,27,7.8,0.0,0.0,0,0.0,0.0,0.0,1.0
301787,0,1,3400,-59,59,-237,13,27,0.62,21504.000000,0,27,15,0.0,32576.000000,0,0.0,0.0,0.0,1.0
302036,0,1,3400,-59,59,-232,10,27,0.50,16192.000000,0,27,11,0.0,2528.000000,0,0.0,0.0,0.0,1.0
302285,0,1,3400,-59,59,-239,13,27,0.50,10613.545898,0,27,9.4,0.0,84589.640625,0,0.0,0.0,0.0,1.0
302534,0,1,3400,-59,59,-235,14,27,0.50,10816.000000,0,27,7.5,0.0,896,0,0.0,0.0,0.0,1.0
302783,0,1,3400,-59,59,-233,18,27,0.50,5376.000000,0,27,4.5,0.0,0.0,0.0,0.0,0.0,0.0,1.0
303032,0,1,3400,-59,59,-232,12,27,0.50,27360.000000,0,27,8.9,0.0,26848.000000,30,0.0,0.0,0.0,1.0
303281,0,1,3400,-59,59,-232,15,27,0.50,5280.000000,0,27,5.7,0.0,19232.000000,7,0.0,0.0,0.0,1.0
303530,0,1,3400,-59,59,-235,16,27,0.50,5322.708984,0,27,2.1,0.0,1561.752930,0,0.0,0.0,0.0,1.0
303779,0,1,3400,-59,59,-238,11,27,0.50,28384.000000,0,27,2.0,0.0,0.0,0.0,0.0,0.0,0.0,1.0
304028,0,1,3400,-59,59,-237,15,27,0.50,10592.000000,0,27,2.0,0.0,0.0,0.0,0.0,0.0,0.0,1.0
304277,0,1,3400,-59,59,-238,5.5,27,0.50,10976.000000,0,27,2.1,0.0,0.0,0.0,0.0,0.0,0.0,1.0
304526,0,1,3400,-59,59,-234,2.2,27,0.50,13545.816406,0,27,7.2,0.0,23904.382812,0,0.0,0.0,0.0,1.0
304775,0,1,3400,-59,59,-238,1.3,27,0.50,16192.000000,0,27,12,0.0,0.0,0.0,0.0,0.0,0.0,1.0
305024,0,1,3400,-59,59,-234,6.8,27,0.50,5152.000000,0,27,13,0.0,15520.000000,0,0.0,0.0,0.0,1.0
305273,0,1,3400,-59,59,-232,7.8,27,0.50,16352.000000,0,27,13,0.0,2592.000000,57,0.0,0.0,0.0,1.0
305522,0,1,3400,-59,59,-237,14,27,0.50,28448.000000,0,27,8.5,0.0,0.0,0.0,0.0,0.0,0.0,1.0
305771,0,1,3400,-59,59,-232,15,27,0.50,3505.976074,0,27,9.9,0.0,16988.046875,0,0.0,0.0,0.0,1.0
306020,0,1,3400,-59,59,-236,13,27,0.50,26784.000000,0,27,15,0.0,0.0,0.0,0.0,0.0,0.0,1.0
306269,0,1,3400,-59,59,-234,13,27,0.98,17632.000000,4,27,14,0.0,29280.000000,0,0.0,0.0,0.0,1.0
306518,0,1,3400,-59,59,-236,12,27,0.50,26464.000000,0,27,15,0.0,17056.000000,0,0.0,0.0,0.0,1.0
306767,0,1,3400,-59,59,-235,15,27,0.50,5290.836426,0,27,15,0.0,15458.166992,0,0.0,0.0,0.0,1.0
307016,0,1,3400,-59,59,-237,15,27,0.51,37728.000000,5,27,15,0.0,0.0,0.0,0.0,0.0,0.0,1.0
307265,0,1,3400,-59,59,-238,6.4,27,0.50,5760.000000,0,27,15,0.0,0.0,0.0,0.0,0.0,0.0,1.0
307514,0,1,3400,-59,59,-237,13,27,0.50,31776.000000,0,27,11,0.0,39648.000000,0,0.0,0.0,0.0,1.0
307763,0,1,3400,-59,59,-240,14,27,0.50,4908.366699,0,27,10,0.0,15458.166992,0,0.0,0.0,0.0,1.0
308012,0,1,3400,-59,59,-237,0.0,27,0.50,11264.000000,0,27,15,0.0,0.0,0.0,0.0,0.0,0.0,1.0
308261,0,1,3400,-59,59,-236,11,27,0.50,10752.000000,0,27,15,0.0,23488.000000,0,0.0,0.0,0.0,1.0
308510,0,1,3400,-59,59,-235,12,27,0.50,12224.000000,0,27,14,0.0,0.0,0.0,0.0,0.0,0.0,1.0
308759,0,1,3400,-59,59,-236,9.6,27,0.50,5440.000000,0,27,14,0.0,0.0,0.0,0.0,0.0,0.0,1.0
309008,0,1,3400,-59,59,-235,7.9,27,0.50,33019.921875,0,27,12,0.0,1625.498047,57,0.0,0.0,0.0,1.0
309257,0,1,3400,-59,59,-232,4.7,27,0.50,14208.000000,0,27,6.2,0.0,23584.000000,0,0.0,0.0,0.0,1.0
309506,0,1,3400,-59,59,-236,11,27,0.50,15904.000000,0,27,8.0,0.0,15520.000000,0,0.0,0.0,0.0,1.0
309755,0,1,3400,-59,59,-234,13,27,0.50,5728.000000,0,27,9.0,0.0,4256.000000,0,0.0,0.0,0.0,1.0
310004,0,1,3400,-59,59,-230,13,27,0.50,10581.672852,0,27,7.2,0.0,1561.752930,0,0.0,0.0,0.0,1.0
310253,0,1,3400,-59,59,-229,16,27,0.50,5280.000000,0,27,7.0,0.0,0.0,0.0,0.0,0.0,0.0,1.0
310502,0,1,3400,-59,59,-238,15,27,0.50,14848.000000,0,27,9.8,186,10912.000000,0,0.0,0.0,0.0,1.0
310751,0,1,3400,-59,59,-239,0.58,28,0.50,9472.000000,0,27,11,0.0,15808.000000,0,0.0,0.0,0.0,1.0
311000,0,1,3400,-59,59,-237,13,27,0.50,16864.000000,0,27,11,0.0,0.0,0.0,0.0,0.0,0.0,1.0
311249,0,1,3400,-59,59,-236,15,27,0.50,5290.836426,0,27,11,186,0.0,0.0,0.0,0.0,0.0,1.0
311498,0,1,3400,-59,59,-235,12,27,0.50,27328.000000,0,27,3.9,0.0,13312.000000,0,0.0,0.0,0.0,1.0
311747,0,1,3400,-59,59,-238,9.9,27,0.50,33600.000000,0,27,3.7,0.0,0.0,0.0,0.0,0.0,0.0,1.0
311996,0,1,3400,-59,59,-236,13,27,0.50,24480.000000,0,27,5.5,0.0,7712.000000,33,0.0,0.0,0.0,1.0
312245,0,1,3400,-59,59,-230,5.0,27,0.50,17402.390625,0,27,5.8,0.0,1561.752930,0,0.0,0.0,0.0,1.0
312494,0,1,3400,-59,59,-234,11,27,0.68,10592.000000,0,27,7.1,0.0,60320.000000,0,0.0,0.0,0.0,1.0
312743,0,1,3400,-59,59,-234,0.0,28,0.50,2816.000000,0,27,11,0.0,10912.000000,0,0.0,0.0,0.0,1.0
312992,0,1,3400,-59,59,-235,14,27,0.50,5312.000000,0,27,15,0.0,0.0,80,0.0,0.0,0.0,1.0
313241,0,1,3400,-59,59,-229,11,27,0.50,12398.406250,0,27,10,0.0,16956.175781,0,0.0,0.0,0.0,1.0
313490,0,1,3400,-59,59,-230,8.0,27,0.50,15456.000000,0,27,8.1,0.0,28992.000000,20,0.0,0.0,0.0,1.0
313739,0,1,3400,-59,59,-231,7.7,27,0.50,5728.000000,0,27,13,0.0,0.0,0.0,0.0,0.0,0.0,1.0
313988,0,1,3400,-59,59,-232,14,27,0.99,25504.000000,10,27,14,0.0,0.0,0.0,0.0,0.0,0.0,1.0
314237,0,1,3400,-59,59,-232,12,27,0.50,16736.000000,0,27,10,0.0,14432.000000,0,0.0,0.0,0.0,1.0
314486,0,1,3400,-59,59,-238,17,27,0.50,10804.781250,0,27,2.0,0.0,1561.752930,0,0.0,0.0,0.0,1.0
314735,0,1,3400,-59,59,-237,9.5,27,0.50,3872.000000,0,27,2.0,0.0,1568.000000,0,0.0,0.0,0.0,1.0
314984,0,1,3400,-59,59,-236,11,27,0.50,20960.000000,0,27,2.0,0.0,0.0,0.0,0.0,0.0,0.0,1.0
315233,0,1,3400,-59,59,-236,16,27,0.50,10560.000000,0,27,6.2,0.0,35424.000000,0,0.0,0.0,0.0,1.0
315482,0,1,3400,-59,59,-238,8.2,27,0.50,13386.454102,0,27,11,0.0,4239.043945,0,0.0,0.0,0.0,1.0
315731,0,1,3400,-59,59,-238,10,27,0.60,49408.000000,3,27,8.0,0.0,0.0,0.0,0.0,0.0,0.0,1.0
315980,0,1,3400,-59,59,-235,5.8,27,0.50,16320.000000,0,27,8.1,0.0,0.0,0.0,0.0,0.0,0.0,1.0
316229,0,1,3400,-59,59,-232,5.5,27,0.50,7936.000000,0,27,6.9,0.0,20960.000000,0,0.0,0.0,0.0,1.0
316478,0,1,3400,-59,59,-237,2.1,27,0.50,12096.000000,0,27,2.4,0.0,2592.000000,0,0.0,0.0,0.0,1.0
316727,0,1,3400,-59,59,-237,6.5,26,0.50,11697.210938,0,27,3.0,0.0,0.0,0.0,0.0,0.0,0.0,1.0
316976,0,1,3400,-59,59,-234,9.9,27,0.50,17536.000000,0,27,3.2,0.0,0.0,0.0,0.0,0.0,0.0,1.0
317225,0,1,3400,-59,59,-235,11,26,0.50,24000.000000,0,27,5.4,0.0,24800.000000,14,0.0,0.0,0.0,1.0
317474,0,1,3400,-59,59,-235,11,27,0.50,5632.000000,0,27,13,0.0,0.0,80,0.0,0.0,0.0,1.0
317723,0,1,3400,-59,59,-233,11,27,0.50,5322.708984,0,27,14,0.0,0.0,0.0,0.0,0.0,0.0,1.0
317972,0,1,3400,-59,59,-236,13,27,0.50,11424.000000,0,27,14,0.0,0.0,0.0,0.0,0.0,0.0,1.0
318221,0,1,3400,-59,59,-226,12,27,0.50,25440.000000,0,27,12,0.0,39552.000000,0,0.0,0.0,0.0,1.0
318470,0,1,3400,-59,59,-233,12,27,0.50,15232.000000,0,27,12,0.0,0.0,0.0,0.0,0.0,0.0,1.0
318719,0,1,3400,-59,59,-237,17,27,0.50,10752.000000,0,27,12,0.0,0.0,0.0,0.0,0.0,0.0,1.0
318968,0,1,3400,-59,59,-234,16,27,0.50,5258.964355,0,27,12,0.0,0.0,0.0,0.0,0.0,0.0,1.0
319217,0,1,3400,-59,59,-235,21,27,0.50,5152.000000,0,27,12,0.0,0.0,0.0,0.0,0.0,0.0,1.0
319466,0,1,3400,-59,59,-238,11,27,0.50,13408.000000,0,27,12,0.0,18880.000000,0,0.0,0.0,0.0,1.0
319715,0,1,3400,-59,59,-237,6.8,27,0.50,15904.000000,0,27,7.7,0.0,5824.000000,0,0.0,0.0,0.0,1.0
319964,0,1,3400,-59,59,-236,16,27,0.50,15776.892578,0,27,2.0,0.0,0.0,0.0,0.0,0.0,0.0,1.0
320213,0,1,3400,-59,59,-234,5.9,27,0.50,16192.000000,0,27,6.3,0.0,76320.000000,15,0.0,0.0,0.0,1.0
320462,0,1,3400,-59,59,-236,13,27,0.50,21184.000000,0,27,12,0.0,0.0,0.0,0.0,0.0,0.0,1.0
320711,0,1,3400,-59,59,-237,15,27,1.1,9568.000000,25,27,12,0.0,0.0,0.0,0.0,0.0,0.0,1.0
320960,0,1,3400,-59,59,-235,16,27,0.50,10741.036133,0,27,12,0.0,0.0,0.0,0.0,0.0,0.0,1.0
321209,0,1,3400,-59,59,-235,6.6,27,0.50,21536.000000,0,27,9.6,0.0,15040.000000,0,0.0,0.0,0.0,1.0
321458,0,1,3400,-59,59,-241,7.1,27,0.50,10592.000000,0,27,4.0,0.0,0.0,0.0,0.0,0.0,0.0,1.0
321707,0,1,3400,-59,59,-234,8.1,27,0.50,12320.000000,0,27,4.1,0.0,0.0,0.0,0.0,0.0,0.0,1.0
321956,0,1,3400,-59,59,-229,4.2,27,0.50,17216.000000,0,27,5.4,0.0,15520.000000,0,0.0,0.0,0.0,1.0
322205,0,1,3400,-59,59,-232,5.5,27,0.50,16159.362305,0,27,10,0.0,21864.541016,0,0.0,0.0,0.0,1.0
322454,0,1,3400,-59,59,-237,4.3,27,0.50,20064.000000,0,27,13,0.0,0.0,0.0,0.0,0.0,0.0,1.0
322703,0,1,3400,-59,59,-235,10,27,0.50,10752.000000,0,27,13,0.0,0.0,0.0,0.0,0.0,0.0,1.0
322952,0,1,3400,-59,59,-235,17,27,0.50,10912.000000,0,27,13,0.0,0.0,0.0,0.0,0.0,0.0,1.0
323201,0,1,3400,-59,59,-239,14,26,1.5,9721.115234,17,27,13,0.0,0.0,0.0,0.0,0.0,0.0,1.0
323450,0,1,3400,-59,59,-233,13,27,0.50,16576.000000,0,27,0.86,0.0,12704.000000,0,0.0,0.0,0.0,1.0
323699,0,1,3400,-59,59,-232,8.8,27,0.50,10656.000000,0,27,9.0,0.0,28992.000000,20,0.0,0.0,0.0,1.0
323948,0,1,3400,-59,59,-232,7.7,27,0.81,17760.000000,4,27,14,0.0,0.0,100.000000,0.0,0.0,0.0,1.0
324197,0,1,3400,-59,59,-233,3.0,27,0.50,13280.000000,0,27,11,186,34144.000000,0,0.0,0.0,0.0,1.0
324446,0,1,3400,-59,59,-233,7.7,27,0.50,21482.072266,0,27,7.7,0.0,24988.046875,0,0.0,0.0,0.0,1.0
324695,0,1,3400,-59,59,-230,16,27,0.53,21408.000000,0,27,8.1,0.0,17056.000000,0,0.0,0.0,0.0,1.0
324944,0,1,3400,-59,59,-233,8.8,27,0.50,11744.000000,0,27,9.2,0.0,9376.000000,57,0.0,0.0,0.0,1.0
325193,0,1,3400,-59,59,-232,13,27,0.50,5312.000000,0,27,7.9,0.0,2592.000000,0,0.0,0.0,0.0,1.0
325442,0,1,3400,-59,59,-233,12,27,0.50,6247.011719,0,27,5.5,186,9338.645508,0,0.0,0.0,0.0,1.0
325691,0,1,3400,-59,59,-233,13,26,0.50,21536.000000,0,27,11,0.0,25120.000000,0,0.0,0.0,0.0,1.0
325940,0,1,3400,-59,59,-235,9.0,27,0.50,0.0,0.0,27,15,0.0,27968.000000,0,0.0,0.0,0.0,1.0
326189,0,1,3400,-59,59,-235,12,27,0.50,21344.000000,0,27,14,0.0,17952.000000,20,0.0,0.0,0.0,1.0
326438,0,1,3400,-59,59,-238,14,26,0.50,11442.231445,0,27,7.6,0.0,0.0,0.0,0.0,0.0,0.0,1.0
326687,0,1,3400,-59,59,-237,8.3,27,0.50,11264.000000,0,27,12,0.0,17056.000000,0,0.0,0.0,0.0,1.0
326936,0,1,3400,-59,59,-235,7.9,27,0.50,10976.000000,0,27,15,0.0,0.0,0.0,0.0,0.0,0.0,1.0
327185,0,1,3400,-59,59,-235,20,28,0.50,0.0,0.0,27,15,0.0,0.0,0.0,0.0,0.0,0.0,1.0
327434,0,1,3400,-59,59,-235,16,27,0.50,10688.000000,0,27,15,0.0,0.0,80,0.0,0.0,0.0,1.0
327683,0,1,3400,-59,59,-231,12,27,0.50,16191.235352,0,27,14,0.0,1561.752930,0,0.0,0.0,0.0,1.0
327932,0,1,3400,-59,59,-234,9.9,27,0.50,16384.000000,0,27,4.4,0.0,16320.000000,43,0.0,0.0,0.0,1.0
328181,0,1,3400,-59,59,-237,18,27,0.50,5152.000000,0,27,3.5,186,0.0,0.0,0.0,0.0,0.0,1.0
328430,0,1,3400,-59,59,-237,17,27,0.50,5312.000000,0,27,3.3,0.0,13376.000000,0,0.0,0.0,0.0,1.0
328679,0,1,3400,-59,59,-237,17,27,0.50,10709.163086,0,27,9.4,0.0,26071.712891,0,0.0,0.0,0.0,1.0
328928,0,1,3400,-59,59,-237,11,27,0.81,11104.000000,0,27,9.0,0.0,0.0,0.0,0.0,0.0,0.0,1.0
329177,0,1,3400,-59,59,-234,14,27,0.50,16064.000000,0,27,6.9,0.0,11840.000000,0,0.0,0.0,0.0,1.0
329426,0,1,3400,-59,59,-237,9.9,27,0.50,13440.000000,0,27,4.0,0.0,0.0,0.0,0.0,0.0,0.0,1.0
329675,0,1,3400,-59,59,-237,2.2,27,0.50,13600.000000,0,27,4.0,0.0,0.0,0.0,0.0,0.0,0.0,1.0
329924,0,1,3400,-59,59,-236,14,27,0.50,5258.964355,0,27,4.0,0.0,0.0,0.0,0.0,0.0,0.0,1.0
330173,0,1,3400,-59,59,-235,15,27,0.50,16192.000000,0,27,4.5,0.0,41504.000000,0,0.0,0.0,0.0,1.0
330422,0,1,3400,-59,59,-236,5.7,27,0.50,23936.000000,0,27,7.5,0.0,0.0,0.0,0.0,0.0,0.0,1.0
330671,0,1,3400,-59,59,-235,7.0,27,0.50,17088.000000,0,27,7.5,0.0,15520.000000,0,0.0,0.0,0.0,1.0
330920,0,1,3400,-59,59,-235,9.5,27,0.50,10677.291016,0,27,7.3,0.0,892,57,0.0,0.0,0.0,1.0
331169,0,1,3400,-59,59,-233,11,27,0.50,30848.000000,0,27,7.2,0.0,16192.000000,44,0.0,0.0,0.0,1.0
331418,0,1,3400,-59,59,-234,13,27,0.67,28800.000000,6,27,9.0,0.0,0.0,0.0,0.0,0.0,0.0,1.0
331667,0,1,3400,-59,59,-236,8.4,27,0.50,7072.000000,0,27,5.2,0.0,896,0,0.0,0.0,0.0,1.0
331916,0,1,3400,-59,59,-234,9.5,27,0.50,27792.828125,0,27,2.8,0.0,9083.665039,0,0.0,0.0,0.0,1.0
332165,0,1,3400,-59,59,-235,14,27,0.50,11040.000000,0,27,8.2,0.0,18496.000000,27,0.0,0.0,0.0,1.0
332414,0,1,3400,-59,59,-238,12,27,0.50,0.0,0.0,27,2.0,0.0,1504.000000,0,0.0,0.0,0.0,1.0
332663,0,1,3400,-59,59,-236,8.7,27,0.50,33728.000000,0,27,7.4,0.0,32576.000000,0,0.0,0.0,0.0,1.0
332912,0,1,3400,-59,59,-234,15,27,0.50,21536.000000,0,27,8.5,0.0,0.0,0.0,0.0,0.0,0.0,1.0
333161,0,1,3400,-59,59,-234,15,26,0.50,12207.170898,0,27,10,186,9689.243164,0,0.0,0.0,0.0,1.0
333410,0,1,3400,-59,59,-234,11,27,0.50,24640.000000,0,27,9.3,0.0,51808.000000,15,0.0,0.0,0.0,1.0
333659,0,1,3400,-59,59,-237,10,27,0.50,16512.000000,0,27,10,0.0,0.0,0.0,0.0,0.0,0.0,1.0
333908,0,1,3400,-59,59,-234,11,27,0.50,5376.000000,0,27,9.4,0.0,9120.000000,0,0.0,0.0,0.0,1.0
334157,0,1,3400,-59,59,-233,17,27,0.50,10613.545898,0,27,9.0,186,0.0,0.0,0.0,0.0,0.0,1.0
334406,0,1,3400,-59,59,-234,14,27,0.50,6848.000000,0,27,8.0,0.0,71968.000000,28,0.0,0.0,0.0,1.0
334655,0,1,3400,-59,59,-232,9.3,27,0.50,10592.000000,0,27,13,0.0,45024.000000,38,0.0,0.0,0.0,1.0
334904,0,1,3400,-59,59,-232,16,27,0.93,14880.000000,17,27,16,0.0,0.0,0.0,0.0,0.0,0.0,1.0
335153,0,1,3400,-59,59,-238,9.3,27,0.61,17952.000000,0,27,15,0.0,24000.000000,0,0.0,0.0,0.0,1.0
335402,0,1,3400,-59,59,-237,21,27,0.99,5896.414551,0,27,8.0,0.0,4239.043945,0,0.0,0.0,0.0,1.0
335651,0,1,3400,-59,59,-234,21,26,0.94,10656.000000,0,27,8.2,0.0,10912.000000,33,0.0,0.0,0.0,1.0
335900,0,1,3400,-59,59,-234,16,27,0.50,26944.000000,0,27,10.0,0.0,0.0,0.0,0.0,0.0,0.0,1.0
336149,0,1,3400,-59,59,-233,8.1,27,0.50,28768.000000,0,27,9.5,0.0,25056.000000,0,0.0,0.0,0.0,1.0
336398,0,1,3400,-59,59,-233,6.3,27,0.50,24828.685547,0,27,11,0.0,9083.665039,0,0.0,0.0,0.0,1.0
336647,0,1,3400,-59,59,-237,13,27,0.50,19552.000000,0,27,9.0,0.0,4256.000000,0,0.0,0.0,0.0,1.0
336896,0,1,3400,-59,59,-235,13,26,0.50,16576.000000,0,27,8.1,0.0,18112.000000,43,0.0,0.0,0.0,1.0
337145,0,1,3400,-59,59,-234,13,27,0.50,6720.000000,0,27,8.0,0.0,0.0,0.0,0.0,0.0,0.0,1.0
337394,0,1,3400,-59,59,-237,1.4,27,0.50,22208.000000,0,27,7.5,0.0,50944.000000,20,0.0,0.0,0.0,1.0
337643,0,1,3400,-59,59,-235,7.5,27,0.50,23936.255859,0,27,7.0,0.0,0.0,0.0,0.0,0.0,0.0,1.0
337892,0,1,3400,-59,59,-232,15,27,0.50,5312.000000,0,27,7.0,0.0,0.0,0.0,0.0,0.0,0.0,1.0
338141,0,1,3400,-59,59,-229,17,27,0.50,15776.000000,0,27,7.0,186,2592.000000,0,0.0,0.0,0.0,1.0
338390,0,1,3400,-59,59,-235,10,27,0.50,5376.000000,0,27,6.9,0.0,5728.000000,47,0.0,0.0,0.0,1.0
338639,0,1,3400,-59,59,-234,8.0,26,0.50,0.0,0.0,27,7.5,0.0,16988.046875,0,0.0,0.0,0.0,1.0
338888,0,1,3400,-59,59,-235,3.5,27,0.68,23456.000000,3,27,6.7,0.0,11936.000000,33,0.0,0.0,0.0,1.0
339137,0,1,3400,-59,59,-239,14,27,1.4,15296.000000,14,27,4.5,0.0,13248.000000,0,0.0,0.0,0.0,1.0
339386,0,1,3400,-59,59,-232,16,27,2.2,0.0,0.0,27,0.028,0.0,1568.000000,0,0.0,0.0,0.0,1.0
339635,0,1,3400,-59,59,-232,16,27,2.1,5290.836426,0,27,0.084,0.0,892,0,0.0,0.0,0.0,1.0
339884,0,1,3400,-59,59,-228,10,26,0.50,13216.000000,0,27,0.056,0.0,0.0,0.0,0.0,0.0,0.0,1.0
340133,0,1,3400,-59,59,-233,12,27,0.50,15840.000000,0,27,2.0,0.0,31968.000000,0,0.0,0.0,0.0,1.0
340382,0,1,3400,-59,59,-233,8.0,27,0.50,13024.000000,0,27,3.5,0.0,2592.000000,0,0.0,0.0,0.0,1.0
340631,0,1,3400,-59,59,-233,5.0,27,0.50,5504.000000,0,27,5.7,0.0,15520.000000,50,0.0,0.0,0.0,1.0
340880,0,1,3400,-59,59,-233,10,26,0.50,0.0,0.0,27,8.0,0.0,0.0,0.0,0.0,0.0,0.0,1.0
341129,0,1,3400,-59,59,-233,14,27,0.50,16352.000000,0,27,8.0,0.0,0.0,80,0.0,0.0,0.0,1.0
341378,0,1,3400,-59,59,-232,13,27,0.50,32704.000000,0,27,1.1,0.0,3136.000000,0,0.0,0.0,0.0,1.0
341627,0,1,3400,-59,59,-233,7.3,27,0.50,5600.000000,0,27,7.9,0.0,48096.000000,0,0.0,0.0,0.0,1.0
341876,0,1,3400,-59,59,-232,8.4,27,0.50,12015.936523,0,27,14,0.0,0.0,0.0,0.0,0.0,0.0,1.0
342125,0,1,3400,-59,59,-237,14,27,0.50,5312.000000,0,27,14,0.0,15520.000000,0,0.0,0.0,0.0,1.0
342374,0,1,3400,-59,59,-236,6.5,27,0.50,13376.000000,0,27,8.2,0.0,50848.000000,0,0.0,0.0,0.0,1.0
342623,0,1,3400,-59,59,-234,16,27,0.50,13792.000000,0,27,12,0.0,0.0,0.0,0.0,0.0,0.0,1.0
342872,0,1,3400,-59,59,-232,15,27,0.50,5312.000000,0,27,12,0.0,11968.000000,0,0.0,0.0,0.0,1.0
343121,0,1,3400,-59,59,-233,7.9,27,0.50,19792.828125,0,27,8.4,0.0,22661.355469,0,0.0,0.0,0.0,1.0
343370,0,1,3400,-59,59,-234,9.5,27,0.50,16384.000000,0,27,4.3,0.0,12416.000000,20,0.0,0.0,0.0,1.0
343619,0,1,3400,-59,59,-235,2.2,27,0.50,39264.000000,0,27,9.7,0.0,17056.000000,0,0.0,0.0,0.0,1.0
343868,0,1,3400,-59,59,-236,13,27,0.50,28512.000000,0,27,14,0.0,10912.000000,50,0.0,0.0,0.0,1.0
344117,0,1,3400,-59,59,-235,5.9,27,0.50,24318.724609,0,27,14,0.0,36940.238281,5,0.0,0.0,0.0,1.0
344366,0,1,3400,-59,59,-233,5.1,27,0.50,12096.000000,0,27,7.0,0.0,0.0,100.000000,0.0,0.0,0.0,1.0
344615,0,1,3400,-59,59,-233,16,27,0.50,6592.000000,0,27,5.6,0.0,1568.000000,0,0.0,0.0,0.0,1.0
344864,0,1,3400,-59,59,-234,11,27,0.50,17792.000000,0,27,1.6,0.0,17056.000000,0,0.0,0.0,0.0,1.0
345113,0,1,3400,-59,59,-237,2.7,27,0.50,20640.000000,0,27,9.0,0.0,27616.000000,0,0.0,0.0,0.0,1.0
345362,0,1,3400,-59,59,-236,3.1,27,0.72,20621.513672,9,27,9.2,0.0,2517.928223,0,0.0,0.0,0.0,1.0
345611,0,1,3400,-59,59,-236,6.3,27,1.4,23648.000000,3,27,11,0.0,27456.000000,0,0.0,0.0,0.0,1.0
345860,0,1,3400,-59,59,-232,12,27,1.1,13408.000000,0,27,13,0.0,0.0,0.0,0.0,0.0,0.0,1.0
346109,0,1,3400,-59,59,-227,2.1,27,0.50,7040.000000,0,27,12,0.0,60576.000000,20,0.0,0.0,0.0,1.0
346358,0,1,3400,-59,59,-230,8.4,27,0.50,21322.708984,0,27,8.9,0.0,0.0,0.0,0.0,0.0,0.0,1.0
346607,0,1,3400,-59,59,-228,14,27,0.50,5408.000000,0,27,8.5,0.0,896,0,0.0,0.0,0.0,1.0
346856,0,1,3400,-59,59,-231,14,27,0.50,26592.000000,0,27,8.0,0.0,0.0,0.0,0.0,0.0,0.0,1.0
347105,0,1,3400,-59,59,-236,16,27,0.60,25344.000000,11,27,11,0.0,39008.000000,0,0.0,0.0,0.0,1.0
347354,0,1,3400,-59,59,-237,5.7,27,0.50,30656.000000,0,27,11,0.0,4256.000000,0,0.0,0.0,0.0,1.0
347603,0,1,3400,-59,59,-235,7.9,27,0.50,10932.270508,0,27,6.6,0.0,892,0,0.0,0.0,0.0,1.0
347852,0,1,3400,-59,59,-233,0.30,27,0.50,8096.000000,0,27,2.0,0.0,0.0,0.0,0.0,0.0,0.0,1.0
348101,0,1,3400,-59,59,-232,6.3,27,0.50,29088.000000,0,27,6.6,0.0,35424.000000,0,0.0,0.0,0.0,1.0
348350,0,1,3400,-59,59,-235,0.50,27,0.50,0.0,0.0,27,14,0.0,0.0,0,0.0,0.0,0.0,1.0
348599,0,1,3400,-59,59,-234,6.1,27,0.50,5131.474121,0,27,9.8,0.0,2581.673340,67,0.0,0.0,0.0,1.0
348848,0,1,3400,-59,59,-235,14,27,0.50,10560.000000,0,27,10,0.0,8192.000000,0,0.0,0.0,0.0,1.0
349097,0,1,3400,-59,59,-236,10,27,0.50,16480.000000,0,27,6.2,0.0,3488.000000,44,0.0,0.0,0.0,1.0
349346,0,1,3400,-59,59,-236,15,27,0.50,5440.000000,0,27,7.5,0.0,0.0,0.0,0.0,0.0,0.0,1.0
349595,0,1,3400,-59,59,-234,5.0,27,0.50,6087.649414,0,27,8.0,0.0,16988.046875,0,0.0,0.0,0.0,1.0
349844,0,1,3400,-59,59,-234,10,27,0.50,20640.000000,0,27,15,0.0,26176.000000,0,0.0,0.0,0.0,1.0
350093,0,1,3400,-59,59,-236,2.2,27,0.50,11648.000000,0,27,11,186,4256.000000,0,0.0,0.0,0.0,1.0
350342,0,1,3400,-59,59,-234,3.5,27,0.50,8096.000000,0,27,13,0.0,17344.000000,0,0.0,0.0,0.0,1.0
350591,0,1,3400,-59,59,-235,0.0,27,0.50,8096.000000,0,27,14,0.0,10912.000000,0,0.0,0.0,0.0,1.0
350840,0,1,3400,-59,59,-238,11,27,0.50,11059.760742,0,27,12,0.0,2581.673340,57,0.0,0.0,0.0,1.0
351089,0,1,3400,-59,59,-235,13,27,0.50,10432.000000,0,27,9.5,0.0,137792.000000,5,0.0,0.0,0.0,1.0
351338,0,1,3400,-59,59,-230,11,27,0.50,10880.000000,0,27,14,0.0,9120.000000,0,0.0,0.0,0.0,1.0
351587,0,1,3400,-59,59,-233,9.9,27,0.50,17568.000000,0,27,14,0.0,0.0,0.0,0.0,0.0,0.0,1.0
351836,0,1,3400,-59,59,-234,9.8,27,0.50,22278.884766,0,27,14,0.0,0.0,80,0.0,0.0,0.0,1.0
352085,0,1,3400,-59,59,-231,13,27,0.50,24640.000000,0,27,9.4,0.0,36896.000000,0,0.0,0.0,0.0,1.0
352334,0,1,3400,-59,59,-229,8.6,27,0.50,10464.000000,0,27,3.5,0.0,4224.000000,0,0.0,0.0,0.0,1.0
352583,0,1,3400,-59,59,-230,11,27,0.50,10592.000000,0,27,8.2,0.0,15520.000000,0,0.0,0.0,0.0,1.0
352832,0,1,3400,-59,59,-231,5.2,27,0.50,6080.000000,0,27,9.0,0.0,0.0,0.0,0.0,0.0,0.0,1.0
353081,0,1,3400,-59,59,-234,11,26,0.50,5131.474121,0,27,13,0.0,0.0,80,0.0,0.0,0.0,1.0
353330,0,1,3400,-59,59,-233,11,27,0.50,5152.000000,0,27,12,0.0,79840.000000,0,0.0,0.0,0.0,1.0
353579,0,1,3400,-59,59,-232,4.4,27,0.50,34368.000000,0,27,12,0.0,17056.000000,0,0.0,0.0,0.0,1.0
353828,0,1,3400,-59,59,-235,1.5,27,0.50,10880.000000,0,27,15,0.0,9120.000000,33,0.0,0.0,0.0,1.0
354077,0,1,3400,-59,59,-235,13,27,0.50,5418.326660,0,27,14,186,0.0,0.0,0.0,0.0,0.0,1.0
354326,0,1,3400,-59,59,-234,14,27,1.4,4256.000000,50,27,14,0.0,60448.000000,0,0.0,0.0,0.0,1.0
354575,0,1,3400,-59,59,-236,8.8,27,0.72,19040.000000,0,27,15,0.0,0.0,0.0,0.0,0.0,0.0,1.0
354824,0,1,3400,-59,59,-236,13,27,0.50,17408.000000,0,27,14,0.0,4256.000000,0,0.0,0.0,0.0,1.0
355073,0,1,3400,-59,59,-234,7.1,27,0.50,5536.000000,0,27,13,0.0,0.0,80,0.0,0.0,0.0,1.0
355322,0,1,3400,-59,59,-235,11,27,0.50,10772.908203,0,27,6.1,0.0,16988.046875,0,0.0,0.0,0.0,1.0
355571,0,1,3400,-59,59,-233,15,27,0.50,10592.000000,0,27,1.0,0.0,0.0,0.0,0.0,0.0,0.0,1.0
355820,0,1,3400,-59,59,-236,15,27,0.50,10592.000000,0,27,1.1,0.0,4256.000000,0,0.0,0.0,0.0,1.0
356069,0,1,3400,-59,59,-234,15,27,0.50,5632.000000,0,27,2.0,186,0.0,0.0,0.0,0.0,0.0,1.0
356318,0,1,3400,-59,59,-238,8.9,26,0.50,31075.697266,0,27,0.68,0.0,21928.287109,0,0.0,0.0,0.0,1.0
356567,0,1,3400,-59,59,-238,15,27,0.50,5280.000000,0,27,0.55,0.0,2592.000000,0,0.0,0.0,0.0,1.0
356816,0,1,3400,-59,59,-234,13,27,0.50,13856.000000,0,27,1.0,0.0,0.0,0.0,0.0,0.0,0.0,1.0
357065,0,1,3400,-59,59,-234,2.0,27,0.50,24288.000000,0,27,6.4,0.0,147264.000000,29,0.0,0.0,0.0,1.0
357314,0,1,3400,-59,59,-234,11,27,0.50,5354.581543,0,27,11,0.0,1561.752930,0,0.0,0.0,0.0,1.0
357563,0,1,3400,-59,59,-234,9.2,27,0.50,16256.000000,0,27,8.1,0.0,0.0,0.0,0.0,0.0,0.0,1.0
357812,0,1,3400,-59,59,-232,8.6,27,0.50,15360.000000,0,27,8.1,0.0,0.0,0.0,0.0,0.0,0.0,1.0
358061,0,1,3400,-59,59,-233,8.5,27,0.50,20672.000000,0,27,7.6,0.0,39040.000000,19,0.0,0.0,0.0,1.0
358310,0,1,3400,-59,59,-236,9.3,27,0.50,16192.000000,0,27,10,0.0,0.0,0,0.0,0.0,0.0,1.0
358559,0,1,3400,-59,59,-233,16,26,0.50,33211.156250,0,27,1.1,0.0,3123.505859,0,0.0,0.0,0.0,1.0
358808,0,1,3400,-59,59,-230,16,27,0.50,0.0,0.0,27,0.064,0.0,0.0,0.0,0.0,0.0,0.0,1.0
359057,0,1,3400,-59,59,-231,14,27,0.50,10912.000000,0,27,2.2,0.0,27744.000000,14,0.0,0.0,0.0,1.0
359306,0,1,3400,-59,59,-233,13,27,0.50,37248.000000,0,27,8.1,0.0,0.0,0.0,0.0,0.0,0.0,1.0
359555,0,1,3400,-59,59,-230,15,27,0.50,5354.581543,0,27,8.0,0.0,0.0,0.0,0.0,0.0,0.0,1.0
359804,0,1,3400,-59,59,-235,16,26,0.50,5280.000000,0,27,8.0,0.0,0.0,0.0,0.0,0.0,0.0,1.0
360053,0,1,3400,-59,59,-231,15,27,0.50,21344.000000,0,27,7.8,0.0,33984.000000,0,0.0,0.0,0.0,1.0
360302,0,1,3400,-59,59,-231,14,26,0.88,16160.000000,7,27,6.8,0.0,0.0,80,0.0,0.0,0.0,1.0
360551,0,1,3400,-59,59,-232,8.5,27,0.50,12032.000000,0,27,2.5,0.0,0.0,0.0,0.0,0.0,0.0,1.0
360800,0,1,3400,-59,59,-238,13,26,0.50,37258.964844,0,27,2.7,0.0,0.0,0.0,0.0,0.0,0.0,1.0
361049,0,1,3400,-59,59,-236,7.5,27,0.50,34976.000000,0,27,3.5,0.0,0.0,80,0.0,0.0,0.0,1.0
361298,0,1,3400,-59,59,-231,16,27,0.50,0.0,0.0,27,9.0,0.0,0.0,0.0,0.0,0.0,0.0,1.0
361547,0,1,3400,-59,59,-232,15,27,0.50,15968.000000,0,27,9.0,0.0,0.0,0.0,0.0,0.0,0.0,1.0
361796,0,1,3400,-59,59,-235,14,27,0.50,10741.036133,0,27,9.0,0.0,0.0,0.0,0.0,0.0,0.0,1.0
362045,0,1,3400,-59,59,-231,12,27,0.50,10752.000000,0,27,9.0,0.0,0.0,0.0,0.0,0.0,0.0,1.0
362294,0,1,3400,-59,59,-230,12,27,0.50,32736.000000,0,27,4.2,0.0,12032.000000,0,0.0,0.0,0.0,1.0
362543,0,1,3400,-59,59,-230,16,27,1.4,14880.000000,17,27,3.0,0.0,0.0,0.0,0.0,0.0,0.0,1.0
362792,0,1,3400,-59,59,-234,15,27,2.0,11552.000000,0,27,3.1,0.0,0.0,0.0,0.0,0.0,0.0,1.0
363041,0,1,3400,-59,59,-238,8.0,27,0.50,0.0,0.0,27,7.7,0.0,15458.166992,0,0.0,0.0,0.0,1.0
363290,0,1,3400,-59,59,-232,6.4,27,0.50,23744.000000,0,27,11,0.0,35424.000000,0,0.0,0.0,0.0,1.0
363539,0,1,3400,-59,59,-233,6.9,27,0.50,24192.000000,0,27,14,0.0,0.0,0.0,0.0,0.0,0.0,1.0
363788,0,1,3400,-59,59,-233,15,27,0.50,6016.000000,0,27,14,0.0,17056.000000,0,0.0,0.0,0.0,1.0
364037,0,1,3400,-59,59,-232,0.51,27,0.50,12175.298828,0,27,13,0.0,9338.645508,0,0.0,0.0,0.0,1.0
364286,0,1,3400,-59,59,-231,7.9,27,0.50,40512.000000,0,27,10,0.0,2592.000000,57,0.0,0.0,0.0,1.0
364535,0,1,3400,-59,59,-232,12,27,0.50,5472.000000,0,27,8.6,0.0,0.0,0.0,0.0,0.0,0.0,1.0
364784,0,1,3400,-59,59,-234,4.7,27,0.50,18656.000000,0,27,8.2,0.0,7200.000000,0,0.0,0.0,0.0,1.0
365033,0,1,3400,-59,59,-238,13,27,0.50,23168.000000,0,27,5.9,0.0,19808.000000,0,0.0,0.0,0.0,1.0
365282,0,1,3400,-59,59,-233,11,27,0.50,13322.708984,0,27,2.1,0.0,0.0,0.0,0.0,0.0,0.0,1.0
365531,0,1,3400,-59,59,-227,0.36,27,0.50,5728.000000,0,27,2.0,0.0,0.0,0.0,0.0,0.0,0.0,1.0
365780,0,1,3400,-59,59,-228,4.8,27,0.50,5600.000000,0,27,2.1,0.0,0.0,0.0,0.0,0.0,0.0,1.0
366029,0,1,3400,-59,59,-227,16,27,0.50,5280.000000,0,27,1.1,0.0,896,0,0.0,0.0,0.0,1.0
366278,0,1,3400,-59,59,-233,5.0,27,0.50,6470.119629,0,27,5.3,0.0,27633.466797,0,0.0,0.0,0.0,1.0
366527,0,1,3400,-59,59,-236,15,27,0.50,21344.000000,0,27,5.5,0.0,9376.000000,0,0.0,0.0,0.0,1.0
366776,0,1,3400,-59,59,-235,16,27,0.50,0.0,0.0,27,5.6,0.0,0.0,0.0,0.0,0.0,0.0,1.0
367025,0,1,3400,-59,59,-237,10,27,0.52,17728.000000,0,27,3.2,0.0,19936.000000,0,0.0,0.0,0.0,1.0
367274,0,1,3400,-59,59,-237,6.3,27,0.63,18071.712891,0,27,2.4,0.0,1561.752930,0,0.0,0.0,0.0,1.0
367523,0,1,3400,-59,59,-233,12,27,0.50,16064.000000,0,27,2.1,0.0,0.0,0.0,0.0,0.0,0.0,1.0
367772,0,1,3400,-59,59,-233,9.9,28,0.50,5440.000000,0,27,4.5,0.0,10912.000000,50,0.0,0.0,0.0,1.0
368021,0,1,3400,-59,59,-230,17,27,0.50,5312.000000,0,27,2.8,0.0,5120.000000,0,0.0,0.0,0.0,1.0
368270,0,1,3400,-59,59,-231,1.4,27,0.50,8096.000000,0,27,11,0.0,63616.000000,35,0.0,0.0,0.0,1.0
368519,0,1,3400,-59,59,-234,5.0,27,0.50,5322.708984,0,27,16,0.0,0.0,0.0,0.0,0.0,0.0,1.0
368768,0,1,3400,-59,59,-233,11,27,0.50,18656.000000,0,27,16,0.0,0.0,0.0,0.0,0.0,0.0,1.0
369017,0,1,3400,-59,59,-238,16,27,0.50,5024.000000,0,27,3.1,0.0,4160.000000,0,0.0,0.0,0.0,1.0
369266,0,1,3400,-59,59,-234,6.4,27,0.50,21664.000000,0,27,6.1,0.0,23488.000000,0,0.0,0.0,0.0,1.0
369515,0,1,3400,-59,59,-232,7.6,27,0.50,12270.916016,0,27,7.1,0.0,0.0,0.0,0.0,0.0,0.0,1.0
369764,0,1,3400,-59,59,-231,9.7,26,0.50,5280.000000,0,27,7.0,0.0,0.0,0.0,0.0,0.0,0.0,1.0
370013,0,1,3400,-59,59,-233,15,27,0.50,16096.000000,0,27,8.8,0.0,22624.000000,0,0.0,0.0,0.0,1.0
370262,0,1,3400,-59,59,-233,15,27,0.50,10464.000000,0,27,8.1,0.0,0.0,0.0,0.0,0.0,0.0,1.0
370511,0,1,3400,-59,59,-229,7.1,27,0.50,6816.000000,0,27,8.6,0.0,17056.000000,0,0.0,0.0,0.0,1.0
370760,0,1,3400,-59,59,-229,8.7,27,0.50,13003.984375,0,27,9.5,0.0,16988.046875,0,0.0,0.0,0.0,1.0
371009,0,1,3400,-59,59,-233,11,27,0.50,16416.000000,0,27,7.2,0.0,1568.000000,57,0.0,0.0,0.0,1.0
371258,0,1,3400,-59,59,-232,6.2,27,0.50,26688.000000,0,27,0.46,0.0,1568.000000,0,0.0,0.0,0.0,1.0
371507,0,1,3400,-59,59,-231,2.3,27,0.50,15616.000000,0,27,6.5,0.0,17056.000000,0,0.0,0.0,0.0,1.0
371756,0,1,3400,-59,59,-233,3.9,27,0.50,5322.708984,0,27,7.5,0.0,0.0,0.0,0.0,0.0,0.0,1.0
372005,0,1,3400,-59,59,-233,16,27,0.50,5312.000000,0,27,9.0,0.0,21952.000000,0,0.0,0.0,0.0,1.0
372254,0,1,3400,-59,59,-235,17,27,0.50,0.0,0.0,27,13,0.0,17056.000000,0,0.0,0.0,0.0,1.0
372503,0,1,3400,-59,59,-232,16,27,0.50,5280.000000,0,27,14,0.0,0.0,0.0,0.0,0.0,0.0,1.0
372752,0,1,3400,-59,59,-232,16,27,0.50,15968.000000,0,27,14,0.0,0.0,0.0,0.0,0.0,0.0,1.0
373001,0,1,3400,-59,59,-230,9.8,26,0.50,11059.760742,0,27,10,0.0,23585.658203,22,0.0,0.0,0.0,1.0
373250,0,1,3400,-59,59,-229,4.3,27,0.50,8096.000000,0,27,4.0,0.0,0.0,0.0,0.0,0.0,0.0,1.0
373499,0,1,3400,-59,59,-231,11,27,0.50,10816.000000,0,27,4.1,0.0,0.0,0.0,0.0,0.0,0.0,1.0
373748,0,1,3400,-59,59,-226,11,27,0.50,18560.000000,0,27,4.0,0.0,0.0,0.0,0.0,0.0,0.0,1.0
373997,0,1,3400,-59,59,-229,8.1,27,0.50,16509.960938,0,27,3.7,0.0,11729.083984,0,0.0,0.0,0.0,1.0
374246,0,1,3400,-59,59,-229,12,27,0.50,28672.000000,0,27,3.5,0.0,0.0,0,0.0,0.0,0.0,1.0
374495,0,1,3400,-59,59,-234,6.7,27,0.50,5280.000000,0,27,7.9,0.0,18624.000000,0,0.0,0.0,0.0,1.0
374744,0,1,3400,-59,59,-235,17,27,0.50,5376.000000,0,27,11,0.0,0.0,80,0.0,0.0,0.0,1.0
374993,0,1,3400,-59,59,-236,17,27,0.50,16128.000000,0,27,12,0.0,38784.000000,0,0.0,0.0,0.0,1.0
375242,0,1,3400,-59,59,-237,15,27,0.50,16733.068359,0,27,12,0.0,16988.046875,0,0.0,0.0,0.0,1.0
375491,0,1,3400,-59,59,-235,5.2,27,0.50,13696.000000,0,27,14,0.0,0.0,0.0,0.0,0.0,0.0,1.0
375740,0,1,3400,-59,59,-234,0.96,27,0.50,6752.000000,0,27,14,0.0,0.0,0.0,0.0,0.0,0.0,1.0
375989,0,1,3400,-59,59,-234,6.8,27,0.50,23136.000000,0,27,14,0.0,32096.000000,29,0.0,0.0,0.0,1.0
376238,0,1,3400,-59,59,-235,9.4,27,0.50,21354.582031,0,27,12,0.0,7171.314941,0,0.0,0.0,0.0,1.0
376487,0,1,3400,-59,59,-231,14,27,0.50,5280.000000,0,27,11,0.0,0.0,0.0,0.0,0.0,0.0,1.0
376736,0,1,3400,-59,59,-234,14,27,0.50,16256.000000,0,27,11,0.0,0.0,0.0,0.0,0.0,0.0,1.0
376985,0,1,3400,-59,59,-233,11,27,0.50,23296.000000,0,27,7.8,0.0,36032.000000,0,0.0,0.0,0.0,1.0
377234,0,1,3400,-59,59,-234,15,27,0.50,12384.000000,0,27,2.2,0.0,7744.000000,0,0.0,0.0,0.0,1.0
377483,0,1,3400,-59,59,-230,10,27,0.50,30948.207031,0,27,1.0,0.0,0.0,0.0,0.0,0.0,0.0,1.0
377732,0,1,3400,-59,59,-229,11,27,0.50,6944.000000,0,27,1.0,0.0,0.0,0.0,0.0,0.0,0.0,1.0
377981,0,1,3400,-59,59,-230,8.9,27,0.50,14816.000000,0,27,1.3,0.0,19520.000000,0,0.0,0.0,0.0,1.0
378230,0,1,3400,-59,59,-236,9.4,27,0.50,21952.000000,0,27,1.1,0.0,0.0,0,0.0,0.0,0.0,1.0
378479,0,1,3400,-59,59,-236,5.5,27,0.50,25912.351562,0,27,5.1,0.0,19505.976562,0,0.0,0.0,0.0,1.0
378728,0,1,3400,-59,59,-235,16,27,0.50,15936.000000,0,27,8.5,0.0,0.0,0.0,0.0,0.0,0.0,1.0
378977,0,1,3400,-59,59,-235,8.6,27,0.50,22624.000000,0,27,8.1,0.0,37472.000000,46,0.0,0.0,0.0,1.0
379226,0,1,3400,-59,59,-236,4.1,27,0.50,26272.000000,0,27,5.3,0.0,14528.000000,0,0.0,0.0,0.0,1.0
379475,0,1,3400,-59,59,-232,15,27,0.50,10645.417969,0,27,6.9,0.0,0.0,0.0,0.0,0.0,0.0,1.0
379724,0,1,3400,-59,59,-229,9.0,27,0.50,23520.000000,0,27,7.0,0.0,0.0,0.0,0.0,0.0,0.0,1.0
379973,0,1,3400,-59,59,-234,16,27,0.50,5280.000000,0,27,7.8,0.0,15520.000000,60,0.0,0.0,0.0,1.0
380222,0,1,3400,-59,59,-234,16,27,0.50,0.0,0.0,27,8.0,0.0,0.0,0.0,0.0,0.0,0.0,1.0
380471,0,1,3400,-59,59,-229,6.0,27,0.50,6624.000000,0,27,7.3,0.0,5760.000000,44,0.0,0.0,0.0,1.0
380720,0,1,3400,-59,59,-231,9.6,27,0.50,11729.083984,0,27,6.1,0.0,28047.808594,20,0.0,0.0,0.0,1.0
380969,0,1,3400,-59,59,-231,2.8,27,0.50,7168.000000,0,27,3.8,0.0,8096.000000,0,0.0,0.0,0.0,1.0
381218,0,1,3400,-59,59,-236,14,27,0.50,21312.000000,0,27,7.9,0.0,0.0,80,0.0,0.0,0.0,1.0
381467,0,1,3400,-59,59,-230,16,27,0.50,10688.000000,0,27,8.3,0.0,2592.000000,0,0.0,0.0,0.0,1.0
381716,0,1,3400,-59,59,-227,7.2,27,0.50,32509.960938,0,27,6.5,0.0,19569.720703,0,0.0,0.0,0.0,1.0
381965,0,1,3400,-59,59,-231,15,27,0.50,10880.000000,0,27,8.5,0.0,0.0,0.0,0.0,0.0,0.0,1.0
382214,0,1,3400,-59,59,-233,16,27,0.50,10784.000000,0,27,4.9,0.0,13984.000000,0,0.0,0.0,0.0,1.0
382463,0,1,3400,-59,59,-233,15,27,0.50,21600.000000,0,27,4.0,0.0,0.0,0.0,0.0,0.0,0.0,1.0
382712,0,1,3400,-59,59,-233,13,27,0.50,0.0,0.0,27,4.0,0.0,0.0,0.0,0.0,0.0,0.0,1.0
382961,0,1,3400,-59,59,-233,13,26,0.50,15872.509766,0,27,4.0,186,0.0,0.0,0.0,0.0,0.0,1.0
383210,0,1,3400,-59,59,-231,17,27,0.50,10560.000000,0,27,14,0.0,41248.000000,17,0.0,0.0,0.0,1.0
383459,0,1,3400,-59,59,-231,16,27,0.50,26592.000000,0,27,14,0.0,0.0,0.0,0.0,0.0,0.0,1.0
383708,0,1,3400,-59,59,-232,5.8,27,0.50,20224.000000,0,27,13,0.0,25440.000000,0,0.0,0.0,0.0,1.0
383957,0,1,3400,-59,59,-234,13,27,0.50,12812.749023,0,27,14,0.0,0.0,0.0,0.0,0.0,0.0,1.0
384206,0,1,3400,-59,59,-235,13,27,0.50,25472.000000,0,27,6.3,0.0,36800.000000,0,0.0,0.0,0.0,1.0
384455,0,1,3400,-59,59,-232,17,27,0.50,10688.000000,0,27,13,0.0,17056.000000,0,0.0,0.0,0.0,1.0
384704,0,1,3400,-59,59,-234,16,27,0.50,10432.000000,0,27,15,0.0,0.0,0.0,0.0,0.0,0.0,1.0
384953,0,1,3400,-59,59,-234,16,27,0.50,0.0,0.0,27,15,0.0,0.0,80,0.0,0.0,0.0,1.0
385202,0,1,3400,-59,59,-233,12,27,0.51,20302.789062,10,27,11,0.0,109545.820312,21,0.0,0.0,0.0,1.0
385451,0,1,3400,-59,59,-229,15,27,0.67,21248.000000,0,27,14,0.0,17056.000000,0,0.0,0.0,0.0,1.0
385700,0,1,3400,-59,59,-228,16,27,0.50,10560.000000,0,27,15,0.0,0.0,0.0,0.0,0.0,0.0,1.0
385949,0,1,3400,-59,59,-230,13,27,0.50,34752.000000,0,27,10,0.0,6848.000000,44,0.0,0.0,0.0,1.0
386198,0,1,3400,-59,59,-233,8.9,27,0.50,17657.371094,0,27,9.5,0.0,15458.166992,57,0.0,0.0,0.0,1.0
386447,0,1,3400,-59,59,-236,11,27,0.50,5600.000000,0,27,11,0.0,4256.000000,0,0.0,0.0,0.0,1.0
386696,0,1,3400,-59,59,-230,8.5,27,0.50,5312.000000,0,27,9.5,0.0,0.0,0.0,0.0,0.0,0.0,1.0
386945,0,1,3400,-59,59,-231,6.5,27,0.50,0.0,0.0,27,9.5,0.0,0.0,0.0,0.0,0.0,0.0,1.0
387194,0,1,3400,-59,59,-231,14,27,0.50,26656.000000,0,27,12,0.0,21952.000000,20,0.0,0.0,0.0,1.0
387443,0,1,3400,-59,59,-232,11,26,0.50,9816.733398,0,27,13,0.0,15458.166992,0,0.0,0.0,0.0,1.0
387692,0,1,3400,-59,59,-233,14,27,0.50,9120.000000,0,27,14,0.0,17056.000000,0,0.0,0.0,0.0,1.0
387941,0,1,3400,-59,59,-235,13,27,0.50,10656.000000,0,27,14,186,0.0,0.0,0.0,0.0,0.0,1.0
388190,0,1,3400,-59,59,-230,16,27,0.50,10720.000000,0,27,12,0.0,29920.000000,33,0.0,0.0,0.0,1.0
388439,0,1,3400,-59,59,-230,11,26,0.50,10486.055664,0,27,13,0.0,33976.093750,0,0.0,0.0,0.0,1.0
388688,0,1,3400,-59,59,-231,4.4,27,0.50,13440.000000,0,27,15,0.0,17056.000000,0,0.0,0.0,0.0,1.0
388937,0,1,3400,-59,59,-233,3.2,27,0.50,13664.000000,0,27,15,0.0,21952.000000,0,0.0,0.0,0.0,1.0
389186,0,1,3400,-59,59,-233,10.0,27,0.50,10624.000000,0,27,14,0.0,17056.000000,0,0.0,0.0,0.0,1.0
389435,0,1,3400,-59,59,-231,12,27,0.50,5152.000000,0,27,15,0.0,17056.000000,0,0.0,0.0,0.0,1.0
389684,0,1,3400,-59,59,-232,9.3,27,0.50,5322.708984,0,27,15,0.0,9083.665039,50,0.0,0.0,0.0,1.0
389933,0,1,3400,-59,59,-234,10,27,0.50,5280.000000,0,27,13,0.0,12224.000000,0,0.0,0.0,0.0,1.0
390182,0,1,3400,-59,59,-233,10.0,27,0.50,17632.000000,0,27,9.3,0.0,17056.000000,57,0.0,0.0,0.0,1.0
390431,0,1,3400,-59,59,-233,15,27,0.50,10784.000000,0,27,15,0.0,0.0,0.0,0.0,0.0,0.0,1.0
390680,0,1,3400,-59,59,-234,19,27,0.50,10262.948242,0,27,8.3,0.0,5641.434082,0,0.0,0.0,0.0,1.0
390929,0,1,3400,-59,59,-232,7.9,27,0.50,18752.000000,0,27,3.1,0.0,1568.000000,57,0.0,0.0,0.0,1.0
391178,0,1,3400,-59,59,-231,17,27,0.50,5312.000000,0,27,8.0,0.0,0.0,0.0,0.0,0.0,0.0,1.0
391427,0,1,3400,-59,59,-235,18,27,0.50,0.0,0.0,27,8.0,0.0,1504.000000,0,0.0,0.0,0.0,1.0
391676,0,1,3400,-59,59,-237,13,27,0.50,11200.000000,0,27,8.0,0.0,0.0,0.0,0.0,0.0,0.0,1.0
391925,0,1,3400,-59,59,-231,7.8,27,0.50,34932.269531,0,27,7.9,0.0,10677.291016,0,0.0,0.0,0.0,1.0
392174,0,1,3400,-59,59,-228,13,27,0.50,23744.000000,0,27,9.4,0.0,0.0,0,0.0,0.0,0.0,1.0
392423,0,1,3400,-59,59,-232,4.0,27,0.50,19808.000000,0,27,5.8,0.0,4256.000000,33,0.0,0.0,0.0,1.0
392672,0,1,3400,-59,59,-234,7.9,27,0.50,5600.000000,0,27,9.5,0.0,7200.000000,50,0.0,0.0,0.0,1.0
392921,0,1,3400,-59,59,-235,14,26,0.50,16127.490234,0,27,9.2,0.0,29131.474609,0,0.0,0.0,0.0,1.0
393170,0,1,3400,-59,59,-234,12,27,0.50,16864.000000,0,27,8.5,0.0,0.0,0.0,0.0,0.0,0.0,1.0
393419,0,1,3400,-59,59,-232,5.5,27,0.50,0.0,0.0,27,9.2,0.0,21312.000000,0,0.0,0.0,0.0,1.0
393668,0,1,3400,-59,59,-230,11,27,0.50,5312.000000,0,27,15,0.0,17056.000000,0,0.0,0.0,0.0,1.0
393917,0,1,3400,-59,59,-227,13,27,0.50,13545.816406,0,27,15,0.0,29673.306641,0,0.0,0.0,0.0,1.0
394166,0,1,3400,-59,59,-227,11,27,0.50,11968.000000,0,27,14,0.0,0.0,0,0.0,0.0,0.0,1.0
394415,0,1,3400,-59,59,-226,4.5,27,0.50,0.0,0.0,27,12,0.0,7200.000000,0,0.0,0.0,0.0,1.0
394664,0,1,3400,-59,59,-232,7.8,27,0.50,18880.000000,0,27,6.9,0.0,24032.000000,25,0.0,0.0,0.0,1.0
394913,0,1,3400,-59,59,-231,12,27,0.50,10624.000000,0,27,5.0,0.0,35456.000000,33,0.0,0.0,0.0,1.0
395162,0,1,3400,-59,59,-228,15,27,0.50,0.0,0.0,27,9.5,0.0,16988.046875,0,0.0,0.0,0.0,1.0
395411,0,1,3400,-59,59,-231,6.4,27,0.50,33184.000000,0,27,13,0.0,41952.000000,0,0.0,0.0,0.0,1.0
395660,0,1,3400,-59,59,-230,17,27,0.50,10592.000000,0,27,15,0.0,0.0,0.0,0.0,0.0,0.0,1.0
395909,0,1,3400,-59,59,-230,11,27,0.50,10944.000000,0,27,14,186,7200.000000,0,0.0,0.0,0.0,1.0
396158,0,1,3400,-59,59,-227,8.4,27,0.50,13024.000000,0,27,9.9,0.0,25600.000000,31,0.0,0.0,0.0,1.0
396407,0,1,3400,-59,59,-229,1.0,27,0.50,0.0,0.0,27,11,0.0,0.0,0.0,0.0,0.0,0.0,1.0
396656,0,1,3400,-59,59,-229,6.2,27,0.50,12032.000000,0,27,11,0.0,0.0,0.0,0.0,0.0,0.0,1.0
396905,0,1,3400,-59,59,-230,2.1,26,0.50,5888.000000,0,27,11,0.0,79616.000000,0,0.0,0.0,0.0,1.0
397154,0,1,3400,-59,59,-228,9.0,26,0.50,5312.000000,0,27,13,0.0,15520.000000,0,0.0,0.0,0.0,1.0
397403,0,1,3400,-59,59,-229,13,26,0.50,11824.701172,0,27,13,0.0,1498.007935,67,0.0,0.0,0.0,1.0
397652,0,1,3400,-59,59,-231,11,27,0.50,11584.000000,0,27,8.5,0.0,0.0,0.0,0.0,0.0,0.0,1.0
397901,0,1,3400,-59,59,-227,6.5,27,0.50,9376.000000,0,27,8.5,0.0,0.0,0.0,0.0,0.0,0.0,1.0
398150,0,1,3400,-59,59,-223,0.96,27,0.50,50656.000000,0,27,13,0.0,99616.000000,0,0.0,0.0,0.0,1.0
398399,0,1,3400,-59,59,-227,2.6,27,0.50,5472.000000,0,27,14,0.0,34112.000000,0,0.0,0.0,0.0,1.0
398648,0,1,3400,-59,59,-230,13,26,0.50,15776.892578,0,27,14,0.0,16988.046875,57,0.0,0.0,0.0,1.0
398897,0,1,3400,-59,59,-236,8.9,27,0.50,23648.000000,0,27,12,0.0,25056.000000,0,0.0,0.0,0.0,1.0
399146,0,1,3400,-59,59,-233,15,26,0.50,38848.000000,0,27,14,0.0,0.0,0.0,0.0,0.0,0.0,1.0
399395,0,1,3400,-59,59,-231,14,27,0.98,21440.000000,10,27,13,0.0,0.0,0.0,0.0,0.0,0.0,1.0
399644,0,1,3400,-59,59,-233,14,27,0.50,2804.780762,0,27,14,0.0,0.0,0.0,0.0,0.0,0.0,1.0
399893,0,1,3400,-59,59,-234,9.1,27,0.51,19456.000000,7,27,7.9,0.0,15712.000000,0,0.0,0.0,0.0,1.0
400142,0,1,3400,-59,59,-233,12,27,1.3,22304.000000,0,27,0.0,0.0,0.0,0.0,0.0,0.0,0.0,1.0
400391,0,1,3400,-59,59,-231,11,27,0.50,23936.000000,0,27,0.0080,0.0,0.0,0.0,0.0,0.0,0.0,1.0
400640,0,1,3400,-59,59,-229,6.4,27,0.50,17152.000000,0,27,1.1,0.0,11968.000000,0,0.0,0.0,0.0,1.0
400889,0,1,3400,-59,59,-234,16,27,0.50,10772.908203,0,27,4.4,186,17880.478516,43,0.0,0.0,0.0,1.0
401138,0,1,3400,-59,59,-228,12,27,0.50,15936.000000,0,27,13,0.0,23488.000000,20,0.0,0.0,0.0,1.0
401387,0,1,3400,-59,59,-231,9.4,28,0.50,27392.000000,0,27,14,0.0,17056.000000,0,0.0,0.0,0.0,1.0
401636,0,1,3400,-59,59,-231,14,27,0.50,10624.000000,0,27,13,0.0,17056.000000,33,0.0,0.0,0.0,1.0
401885,0,1,3400,-59,59,-225,12,27,0.50,5354.581543,0,27,9.2,0.0,4239.043945,0,0.0,0.0,0.0,1.0
402134,0,1,3400,-59,59,-233,16,27,0.50,10560.000000,0,27,11,0.0,95776.000000,5,0.0,0.0,0.0,1.0
402383,0,1,3400,-59,59,-232,2.1,27,0.50,14848.000000,0,27,13,0.0,4256.000000,0,0.0,0.0,0.0,1.0
402632,0,1,3400,-59,59,-230,0.088,27,0.50,0.0,0.0,27,9.5,0.0,0.0,0.0,0.0,0.0,0.0,1.0
402881,0,1,3400,-59,59,-233,6.7,27,0.50,19968.000000,0,27,10,0.0,27872.000000,0,0.0,0.0,0.0,1.0
403130,0,1,3400,-59,59,-234,6.1,26,0.50,13322.708984,0,27,9.5,0.0,0.0,0.0,0.0,0.0,0.0,1.0
403379,0,1,3400,-59,59,-235,14,27,0.50,5152.000000,0,27,9.5,0.0,11936.000000,0,0.0,0.0,0.0,1.0
403628,0,1,3400,-59,59,-232,11,27,0.50,29344.000000,0,27,9.4,0.0,0.0,0.0,0.0,0.0,0.0,1.0
403877,0,1,3400,-59,59,-233,0.0,27,0.50,0.0,0.0,27,9.7,0.0,0.0,80,0.0,0.0,0.0,1.0
404126,0,1,3400,-59,59,-229,6.0,26,0.50,5131.474121,0,27,4.0,0.0,16127.490234,0,0.0,0.0,0.0,1.0
404375,0,1,3400,-59,59,-225,11,27,0.50,17664.000000,0,27,0.60,0.0,5152.000000,0,0.0,0.0,0.0,1.0
404624,0,1,3400,-59,59,-232,14,27,0.50,27808.000000,0,27,2.0,0.0,0.0,0.0,0.0,0.0,0.0,1.0
404873,0,1,3400,-59,59,-232,15,27,0.50,15840.000000,0,27,4.6,0.0,102688.000000,5,0.0,0.0,0.0,1.0
405122,0,1,3400,-59,59,-235,11,27,0.50,11968.000000,0,27,15,0.0,0.0,80,0.0,0.0,0.0,1.0
405371,0,1,3400,-59,59,-236,1.0,26,0.50,7458.167480,0,27,15,0.0,0.0,0.0,0.0,0.0,0.0,1.0
405620,0,1,3400,-59,59,-230,4.1,27,0.50,45696.000000,0,27,13,0.0,27232.000000,0,0.0,0.0,0.0,1.0
405869,0,1,3400,-59,59,-232,8.6,27,0.50,5504.000000,0,27,13,0.0,21952.000000,0,0.0,0.0,0.0,1.0
406118,0,1,3400,-59,59,-232,6.7,27,0.50,13408.000000,0,27,8.0,0.0,2592.000000,0,0.0,0.0,0.0,1.0
406367,0,1,3400,-59,59,-230,7.2,27,0.50,7171.314941,0,27,7.0,0.0,0.0,0.0,0.0,0.0,0.0,1.0
406616,0,1,3400,-59,59,-233,2.6,27,0.50,13792.000000,0,27,7.0,0.0,0.0,0.0,0.0,0.0,0.0,1.0
406865,0,1,3400,-59,59,-229,4.2,27,0.50,17792.000000,0,27,6.2,0.0,24608.000000,0,0.0,0.0,0.0,1.0
407114,0,1,3400,-59,59,-231,11,27,1.3,23424.000000,3,27,4.0,0.0,0.0,0.0,0.0,0.0,0.0,1.0
407363,0,1,3400,-59,59,-234,9.0,27,1.1,9504.000000,0,27,11,0.0,41312.000000,0,0.0,0.0,0.0,1.0
407612,0,1,3400,-59,59,-234,14,27,0.50,12525.896484,0,27,9.9,0.0,2517.928223,0,0.0,0.0,0.0,1.0
407861,0,1,3400,-59,59,-233,9.8,27,0.50,6432.000000,0,27,10,0.0,2592.000000,57,0.0,0.0,0.0,1.0
408110,0,1,3400,-59,59,-232,6.5,27,0.50,0.0,0.0,27,8.5,0.0,0.0,0.0,0.0,0.0,0.0,1.0
408359,0,1,3400,-59,59,-233,11,27,0.50,14784.000000,0,27,8.3,0.0,15520.000000,0,0.0,0.0,0.0,1.0
408608,0,1,3400,-59,59,-234,9.3,27,0.50,22406.375000,0,27,8.0,0.0,9083.665039,0,0.0,0.0,0.0,1.0
408857,0,1,3400,-59,59,-232,10,27,0.50,8096.000000,0,27,7.7,0.0,27744.000000,0,0.0,0.0,0.0,1.0
409106,0,1,3400,-59,59,-230,0.0,27,0.50,16192.000000,0,27,13,0.0,17056.000000,0,0.0,0.0,0.0,1.0
409355,0,1,3400,-59,59,-227,3.5,27,0.50,12320.000000,0,27,13,0.0,11936.000000,60,0.0,0.0,0.0,1.0
409604,0,1,3400,-59,59,-231,16,27,0.50,21322.708984,0,27,8.4,0.0,4239.043945,0,0.0,0.0,0.0,1.0
409853,0,1,3400,-59,59,-234,5.8,27,0.50,15552.000000,0,27,11,0.0,77248.000000,12,0.0,0.0,0.0,1.0
410102,0,1,3400,-59,59,-231,10,27,0.50,23200.000000,0,27,14,0.0,11936.000000,0,0.0,0.0,0.0,1.0
410351,0,1,3400,-59,59,-231,7.6,27,0.50,10592.000000,0,27,14,0.0,9120.000000,60,0.0,0.0,0.0,1.0
410600,0,1,3400,-59,59,-230,11,27,0.50,21856.000000,0,27,11,0.0,2592.000000,0,0.0,0.0,0.0,1.0
410849,0,1,3400,-59,59,-231,18,27,0.50,23235.060547,0,27,8.7,0.0,0.0,80,0.0,0.0,0.0,1.0
411098,0,1,3400,-59,59,-229,11,27,0.50,24032.000000,0,27,8.5,0.0,0.0,0.0,0.0,0.0,0.0,1.0
411347,0,1,3400,-59,59,-232,11,27,0.50,5632.000000,0,27,8.5,0.0,0.0,0.0,0.0,0.0,0.0,1.0
411596,0,1,3400,-59,59,-231,1.5,28,0.50,21056.000000,0,27,8.5,0.0,0.0,0.0,0.0,0.0,0.0,1.0
411845,0,1,3400,-59,59,-231,5.6,27,0.50,10836.653320,0,27,8.5,186,0.0,0.0,0.0,0.0,0.0,1.0
412094,0,1,3400,-59,59,-229,16,27,0.50,5312.000000,0,27,2.3,0.0,14624.000000,0,0.0,0.0,0.0,1.0
412343,0,1,3400,-59,59,-231,16,27,0.50,10560.000000,0,27,5.6,0.0,19648.000000,0,0.0,0.0,0.0,1.0
412592,0,1,3400,-59,59,-230,16,26,1.5,19072.000000,25,27,8.5,0.0,0.0,0.0,0.0,0.0,0.0,1.0
412841,0,1,3400,-59,59,-228,15,27,0.76,22240.000000,0,27,9.3,0.0,0.0,80,0.0,0.0,0.0,1.0
413090,0,1,3400,-59,59,-232,8.9,26,0.50,10964.143555,0,27,7.1,0.0,1561.752930,0,0.0,0.0,0.0,1.0
413339,0,1,3400,-59,59,-232,7.6,27,0.50,5280.000000,0,27,5.4,0.0,15072.000000,0,0.0,0.0,0.0,1.0
413588,0,1,3400,-59,59,-233,10,27,0.50,5344.000000,0,27,6.1,0.0,0.0,0.0,0.0,0.0,0.0,1.0
413837,0,1,3400,-59,59,-233,15,27,0.65,30688.000000,8,27,7.2,0.0,0.0,80,0.0,0.0,0.0,1.0
414086,0,1,3400,-59,59,-232,14,27,0.50,5290.836426,0,27,14,0.0,0.0,0.0,0.0,0.0,0.0,1.0
414335,0,1,3400,-59,59,-234,8.3,27,0.50,12192.000000,0,27,9.1,0.0,2592.000000,0,0.0,0.0,0.0,1.0
414584,0,1,3400,-59,59,-234,14,27,0.50,32448.000000,0,27,7.7,0.0,17056.000000,0,0.0,0.0,0.0,1.0
414833,0,1,3400,-59,59,-231,3.0,27,0.50,6048.000000,0,27,8.5,186,0.0,0.0,0.0,0.0,0.0,1.0
415082,0,1,3400,-59,59,-230,2.8,27,0.50,5376.000000,0,27,7.4,0.0,23488.000000,0,0.0,0.0,0.0,1.0
415331,0,1,3400,-59,59,-230,18,26,0.50,10741.036133,0,27,8.9,0.0,9338.645508,0,0.0,0.0,0.0,1.0
415580,0,1,3400,-59,59,-230,20,27,0.50,5280.000000,0,27,10,0.0,0.0,0.0,0.0,0.0,0.0,1.0
415829,0,1,3400,-59,59,-238,16,27,0.50,0.0,0.0,27,9.2,0.0,24288.000000,0,0.0,0.0,0.0,1.0
416078,0,1,3400,-59,59,-235,16,26,0.50,5344.000000,0,27,12,60,0.0,0,0.0,0.0,0.0,1.0
416327,0,1,3400,-59,59,-233,5.6,26,0.56,25976.095703,0,27,13,0.0,123474.101562,38,0.0,0.0,0.0,1.0
416576,0,1,3400,-59,59,-232,14,27,0.51,10784.000000,0,27,7.5,0.0,0.0,0.0,0.0,0.0,0.0,1.0
416825,0,1,3400,-59,59,-231,13,27,0.50,10688.000000,0,27,8.4,0.0,23488.000000,0,0.0,0.0,0.0,1.0
417074,0,1,3400,-59,59,-226,14,27,0.50,10656.000000,0,27,10,0.0,5184.000000,0,0.0,0.0,0.0,1.0
417323,0,1,3400,-59,59,-227,10,27,0.50,11488.000000,0,27,8.5,0.0,0.0,0.0,0.0,0.0,0.0,1.0
417572,0,1,3400,-59,59,-224,10.0,26,0.50,16860.558594,0,27,12,0.0,1561.752930,57,0.0,0.0,0.0,1.0
417821,0,1,3400,-59,59,-228,12,27,0.50,16384.000000,0,27,13,0.0,47488.000000,36,0.0,0.0,0.0,1.0
418070,0,1,3400,-59,59,-232,9.5,27,0.50,5440.000000,0,27,15,0.0,0.0,80,0.0,0.0,0.0,1.0
418319,0,1,3400,-59,59,-232,12,27,0.50,27584.000000,0,27,12,0.0,2592.000000,0,0.0,0.0,0.0,1.0
418568,0,1,3400,-59,59,-233,12,26,0.50,22820.716797,0,27,9.0,0.0,0.0,0.0,0.0,0.0,0.0,1.0
418817,0,1,3400,-59,59,-235,6.6,27,0.50,5152.000000,0,27,10,0.0,40544.000000,0,0.0,0.0,0.0,1.0
419066,0,1,3400,-59,59,-237,6.4,27,0.50,21440.000000,0,27,9.4,0.0,2592.000000,0,0.0,0.0,0.0,1.0
419315,0,1,3400,-59,59,-231,14,27,0.50,17824.000000,0,27,12,0.0,1568.000000,57,0.0,0.0,0.0,1.0
419564,0,1,3400,-59,59,-228,3.1,27,0.50,8096.000000,0,27,8.2,0.0,2592.000000,0,0.0,0.0,0.0,1.0
419813,0,1,3400,-59,59,-229,8.7,26,0.50,16095.617188,0,27,7.8,0.0,29067.728516,0,0.0,0.0,0.0,1.0
420062,0,1,3400,-59,59,-231,3.9,27,0.50,7072.000000,0,27,9.7,0.0,15520.000000,0,0.0,0.0,0.0,1.0
420311,0,1,3400,-59,59,-230,2.0,28,0.50,8096.000000,0,27,13,0.0,0.0,0.0,0.0,0.0,0.0,1.0
420560,0,1,3400,-59,59,-230,7.3,27,0.50,5280.000000,0,27,14,0.0,0.0,80,0.0,0.0,0.0,1.0
420809,0,1,3400,-59,59,-232,5.9,27,0.50,8063.745117,0,27,12,0.0,64605.578125,0,0.0,0.0,0.0,1.0
421058,0,1,3400,-59,59,-234,8.9,26,0.50,27680.000000,0,27,9.8,0.0,17056.000000,0,0.0,0.0,0.0,1.0
421307,0,1,3400,-59,59,-231,4.5,27,0.50,5280.000000,0,27,13,0.0,15520.000000,0,0.0,0.0,0.0,1.0
421556,0,1,3400,-59,59,-229,16,27,0.50,10624.000000,0,27,14,0.0,0.0,0.0,0.0,0.0,0.0,1.0
421805,0,1,3400,-59,59,-231,16,27,0.50,0.0,0.0,27,14,0.0,0.0,0.0,0.0,0.0,0.0,1.0
422054,0,1,3400,-59,59,-231,14,27,0.50,5418.326660,0,27,13,0.0,15840.637695,0,0.0,0.0,0.0,1.0
422303,0,1,3400,-59,59,-231,4.8,27,0.50,5920.000000,0,27,4.0,0.0,4256.000000,0,0.0,0.0,0.0,1.0
422552,0,1,3400,-59,59,-229,9.8,27,0.50,34944.000000,0,27,4.0,0.0,0.0,0.0,0.0,0.0,0.0,1.0
422801,0,1,3400,-59,59,-229,14,27,0.50,15872.000000,0,27,6.8,0.0,17344.000000,20,0.0,0.0,0.0,1.0
423050,0,1,3400,-59,59,-230,15,27,0.50,16127.490234,0,27,11,0.0,4239.043945,0,0.0,0.0,0.0,1.0
423299,0,1,3400,-59,59,-233,12,27,0.50,16064.000000,0,27,10,0.0,0.0,0.0,0.0,0.0,0.0,1.0
423548,0,1,3400,-59,59,-230,11,27,0.50,5824.000000,0,27,9.4,0.0,1568.000000,0,0.0,0.0,0.0,1.0
423797,0,1,3400,-59,59,-226,4.3,27,0.50,5376.000000,0,27,12,186,0.0,80,0.0,0.0,0.0,1.0
424046,0,1,3400,-59,59,-228,5.8,27,0.50,13408.000000,0,27,14,0.0,34464.000000,11,0.0,0.0,0.0,1.0
424295,0,1,3400,-59,59,-228,15,27,0.50,10772.908203,0,27,14,0.0,0.0,0.0,0.0,0.0,0.0,1.0
424544,0,1,3400,-59,59,-224,12,27,0.50,16672.000000,0,27,6.8,0.0,896,0,0.0,0.0,0.0,1.0
424793,0,1,3400,-59,59,-230,8.6,27,0.50,5312.000000,0,27,6.0,186,0.0,0.0,0.0,0.0,0.0,1.0
425042,0,1,3400,-59,59,-233,12,27,0.50,25312.000000,0,27,12,0.0,33408.000000,31,0.0,0.0,0.0,1.0
425291,0,1,3400,-59,59,-229,5.5,26,0.50,23553.785156,0,27,8.5,0.0,2581.673340,0,0.0,0.0,0.0,1.0
425540,0,1,3400,-59,59,-228,11,27,0.50,16640.000000,0,27,7.0,0.0,0.0,0.0,0.0,0.0,0.0,1.0
425789,0,1,3400,-59,59,-229,6.0,28,0.50,13408.000000,0,27,9.0,0.0,23488.000000,20,0.0,0.0,0.0,1.0
426038,0,1,3400,-59,59,-229,7.8,27,0.50,24992.000000,0,27,14,0.0,17056.000000,0,0.0,0.0,0.0,1.0
426287,0,1,3400,-59,59,-235,5.5,27,0.50,27296.000000,0,27,11,0.0,24256.000000,0,0.0,0.0,0.0,1.0
426536,0,1,3400,-59,59,-232,13,26,0.50,21418.326172,0,27,11,0.0,0.0,0.0,0.0,0.0,0.0,1.0
426785,0,1,3400,-59,59,-228,13,27,0.50,16096.000000,0,27,10,0.0,8288.000000,27,0.0,0.0,0.0,1.0
427034,0,1,3400,-59,59,-230,11,27,0.50,5408.000000,0,27,4.5,0.0,0.0,0.0,0.0,0.0,0.0,1.0
427283,0,1,3400,-59,59,-227,14,27,0.50,21344.000000,0,27,7.0,0.0,0.0,80,0.0,0.0,0.0,1.0
427532,0,1,3400,-59,59,-227,6.5,27,0.50,5705.179199,0,27,3.0,0.0,3123.505859,43,0.0,0.0,0.0,1.0
427781,0,1,3400,-59,59,-231,5.1,27,0.50,12096.000000,0,27,2.0,0.0,9088.000000,0,0.0,0.0,0.0,1.0
428030,0,1,3400,-59,59,-234,13,27,0.50,10816.000000,0,27,2.0,0.0,4096.000000,0,0.0,0.0,0.0,1.0
428279,0,1,3400,-59,59,-233,16,27,0.50,5344.000000,0,27,2.0,0.0,0.0,0.0,0.0,0.0,0.0,1.0
428528,0,1,3400,-59,59,-232,3.8,27,0.50,24512.000000,0,27,6.2,0.0,15520.000000,50,0.0,0.0,0.0,1.0
428777,0,1,3400,-59,59,-233,16,27,0.50,0.0,0.0,27,15,0.0,0.0,100.000000,0.0,0.0,0.0,1.0
429026,0,1,3400,-59,59,-230,1.2,27,0.50,8096.000000,0,27,12,0.0,25056.000000,0,0.0,0.0,0.0,1.0
429275,0,1,3400,-59,59,-229,2.8,27,0.50,10816.000000,0,27,6.1,0.0,6016.000000,0,0.0,0.0,0.0,1.0
429524,0,1,3400,-59,59,-231,13,27,0.50,21504.000000,0,27,3.0,0.0,4256.000000,0,0.0,0.0,0.0,1.0
429773,0,1,3400,-59,59,-228,7.0,27,0.50,26422.310547,0,27,3.0,0.0,4143.426270,44,0.0,0.0,0.0,1.0
430022,0,1,3400,-59,59,-230,17,27,0.50,0.0,0.0,27,3.0,0.0,0.0,0.0,0.0,0.0,0.0,1.0
430271,0,1,3400,-59,59,-227,4.8,27,0.50,6048.000000,0,27,3.2,0.0,2592.000000,0,0.0,0.0,0.0,1.0
430520,0,1,3400,-59,59,-227,14,27,0.50,25792.000000,0,27,3.0,0.0,4256.000000,0,0.0,0.0,0.0,1.0
430769,0,1,3400,-59,59,-230,8.9,27,0.50,20352.000000,0,27,3.8,0.0,4160.000000,45,0.0,0.0,0.0,1.0
431018,0,1,3400,-59,59,-228,13,26,0.50,26836.654297,0,27,3.0,0.0,1625.498047,0,0.0,0.0,0.0,1.0
431267,0,1,3400,-59,59,-228,14,27,0.50,5376.000000,0,27,4.1,0.0,4256.000000,0,0.0,0.0,0.0,1.0
431516,0,1,3400,-59,59,-228,7.0,28,0.50,5920.000000,0,27,4.1,0.0,0.0,0.0,0.0,0.0,0.0,1.0
431765,0,1,3400,-59,59,-226,1.9,27,0.50,29248.000000,0,27,5.9,0.0,23488.000000,0,0.0,0.0,0.0,1.0
432014,0,1,3400,-59,59,-231,12,27,0.50,16541.832031,0,27,8.0,0.0,0.0,0.0,0.0,0.0,0.0,1.0
432263,0,1,3400,-59,59,-233,9.6,26,0.50,21568.000000,0,27,5.6,0.0,1632.000000,33,0.0,0.0,0.0,1.0
432512,0,1,3400,-59,59,-235,15,27,0.50,5376.000000,0,27,7.5,0.0,11936.000000,0,0.0,0.0,0.0,1.0
432761,0,1,3400,-59,59,-234,17,27,0.50,5312.000000,0,27,8.6,0.0,23488.000000,20,0.0,0.0,0.0,1.0
433010,0,1,3400,-59,59,-231,11,27,0.50,16928.000000,0,27,13,0.0,15520.000000,0,0.0,0.0,0.0,1.0
433259,0,1,3400,-59,59,-232,8.4,27,0.50,19027.888672,0,27,13,0.0,15458.166992,60,0.0,0.0,0.0,1.0
433508,0,1,3400,-59,59,-237,8.2,27,0.50,10848.000000,0,27,13,0.0,0.0,0.0,0.0,0.0,0.0,1.0
433757,0,1,3400,-59,59,-235,15,27,0.50,9600.000000,0,27,13,186,0.0,0.0,0.0,0.0,0.0,1.0
434006,0,1,3400,-59,59,-232,15,27,0.50,22720.000000,0,27,9.5,0.0,1568.000000,57,0.0,0.0,0.0,1.0
434255,0,1,3400,-59,59,-232,7.2,27,0.50,13067.729492,0,27,7.1,0.0,2517.928223,0,0.0,0.0,0.0,1.0
434504,0,1,3400,-59,59,-237,1.0,27,0.50,0.0,0.0,27,6.1,0.0,15520.000000,0,0.0,0.0,0.0,1.0
434753,0,1,3400,-59,59,-238,6.4,27,0.50,17152.000000,0,27,8.9,0.0,18336.000000,25,0.0,0.0,0.0,1.0
435002,0,1,3400,-59,59,-228,15,27,0.50,10816.000000,0,27,8.5,0.0,0.0,0.0,0.0,0.0,0.0,1.0
435251,0,1,3400,-59,59,-228,14,27,0.50,0.0,0.0,27,8.5,0.0,10912.000000,0,0.0,0.0,0.0,1.0
435500,0,1,3400,-59,59,-233,12,27,0.50,5737.051758,0,27,8.5,0.0,0.0,0.0,0.0,0.0,0.0,1.0
435749,0,1,3400,-59,59,-232,5.8,27,0.50,6272.000000,0,27,11,0.0,54528.000000,20,0.0,0.0,0.0,1.0
435998,0,1,3400,-59,59,-227,15,27,0.50,11168.000000,0,27,14,0.0,26176.000000,33,0.0,0.0,0.0,1.0
436247,0,1,3400,-59,59,-227,12,27,0.50,27424.000000,0,27,14,0.0,0.0,0.0,0.0,0.0,0.0,1.0
436496,0,1,3400,-59,59,-230,1.3,27,0.50,5322.708984,0,27,14,0.0,0.0,0.0,0.0,0.0,0.0,1.0
436745,0,1,3400,-59,59,-229,16,26,0.50,16000.000000,0,27,14,0.0,39008.000000,0,0.0,0.0,0.0,1.0
436994,0,1,3400,-59,59,-230,3.9,27,0.50,23552.000000,0,27,12,0.0,19776.000000,0,0.0,0.0,0.0,1.0
437243,0,1,3400,-59,59,-228,9.9,27,0.50,28768.000000,0,27,13,0.0,11936.000000,0,0.0,0.0,0.0,1.0
437492,0,1,3400,-59,59,-227,8.4,27,0.50,5760.000000,0,27,14,0.0,17056.000000,0,0.0,0.0,0.0,1.0
437741,0,1,3400,-59,59,-230,12,26,0.68,18804.781250,9,27,14,0.0,23394.421875,0,0.0,0.0,0.0,1.0
437990,0,1,3400,-59,59,-232,15,27,0.50,12480.000000,0,27,13,0.0,18688.000000,29,0.0,0.0,0.0,1.0
438239,0,1,3400,-59,59,-228,14,27,0.50,0.0,0.0,27,13,0.0,7200.000000,0,0.0,0.0,0.0,1.0
438488,0,1,3400,-59,59,-229,15,27,0.50,15872.000000,0,27,9.4,0.0,4256.000000,0,0.0,0.0,0.0,1.0
438737,0,1,3400,-59,59,-230,16,27,0.50,0.0,0.0,27,6.1,0.0,1561.752930,0,0.0,0.0,0.0,1.0
438986,0,1,3400,-59,59,-229,18,27,0.50,15776.000000,0,27,8.3,0.0,18656.000000,0,0.0,0.0,0.0,1.0
439235,0,1,3400,-59,59,-230,6.8,27,0.50,24416.000000,0,27,10,0.0,0.0,0.0,0.0,0.0,0.0,1.0
439484,0,1,3400,-59,59,-228,6.0,27,0.50,0.0,0.0,27,13,0.0,11936.000000,0,0.0,0.0,0.0,1.0
439733,0,1,3400,-59,59,-226,7.1,27,0.50,21152.000000,0,27,14,0.0,23488.000000,0,0.0,0.0,0.0,1.0
439982,0,1,3400,-59,59,-233,2.8,26,0.50,17179.283203,0,27,13,0.0,15458.166992,0,0.0,0.0,0.0,1.0
440231,0,1,3400,-59,59,-236,5.0,27,0.50,0.0,0.0,27,13,0.0,7200.000000,0,0.0,0.0,0.0,1.0
440480,0,1,3400,-59,59,-232,11,27,0.50,10752.000000,0,27,11,0.0,6784.000000,0,0.0,0.0,0.0,1.0
440729,0,1,3400,-59,59,-227,17,27,0.50,15744.000000,0,27,6.8,0.0,13024.000000,21,0.0,0.0,0.0,1.0
440978,0,1,3400,-59,59,-230,11,27,0.50,8063.745117,0,27,0.016,0.0,3123.505859,0,0.0,0.0,0.0,1.0
441227,0,1,3400,-59,59,-228,5.2,26,0.50,10656.000000,0,27,0.048,0.0,0.0,0.0,0.0,0.0,0.0,1.0
441476,0,1,3400,-59,59,-230,15,27,0.50,5280.000000,0,27,0.0,0.0,0.0,0.0,0.0,0.0,0.0,1.0
441725,0,1,3400,-59,59,-231,5.1,27,0.50,5344.000000,0,27,0.032,0.0,0.0,0.0,0.0,0.0,0.0,1.0
441974,0,1,3400,-59,59,-232,12,27,0.50,21440.000000,0,27,0.34,0.0,14368.000000,0,0.0,0.0,0.0,1.0
442223,0,1,3400,-59,59,-230,14,27,0.50,10517.928711,0,27,1.0,0.0,0.0,0.0,0.0,0.0,0.0,1.0
442472,0,1,3400,-59,59,-226,14,27,0.50,26976.000000,0,27,1.0,0.0,0.0,0.0,0.0,0.0,0.0,1.0
442721,0,1,3400,-59,59,-225,16,27,0.50,0.0,0.0,27,6.7,0.0,1504.000000,57,0.0,0.0,0.0,1.0
442970,0,1,3400,-59,59,-229,13,27,0.50,11904.000000,0,27,9.4,0.0,47328.000000,0,0.0,0.0,0.0,1.0
443219,0,1,3400,-59,59,-233,15,27,0.50,10581.672852,0,27,8.0,0.0,0.0,0.0,0.0,0.0,0.0,1.0
443468,0,1,3400,-59,59,-228,16,27,0.50,21120.000000,0,27,8.0,0.0,0.0,0.0,0.0,0.0,0.0,1.0
443717,0,1,3400,-59,59,-232,17,27,0.50,5376.000000,0,27,8.0,0.0,0.0,0.0,0.0,0.0,0.0,1.0
443966,0,1,3400,-59,59,-233,12,27,0.50,6112.000000,0,27,7.4,0.0,10656.000000,0,0.0,0.0,0.0,1.0
444215,0,1,3400,-59,59,-231,12,27,1.4,9760.000000,25,27,10.0,0.0,0.0,100.000000,0.0,0.0,0.0,1.0
444464,0,1,3400,-59,59,-228,10,27,0.50,23936.255859,0,27,10.0,0.0,0.0,0.0,0.0,0.0,0.0,1.0
444713,0,1,3400,-59,59,-226,3.8,27,0.50,16896.000000,0,27,8.7,0.0,12640.000000,0,0.0,0.0,0.0,1.0
444962,0,1,3400,-59,59,-232,7.6,27,0.50,51968.000000,0,27,11,0.0,34112.000000,33,0.0,0.0,0.0,1.0
445211,0,1,3400,-59,59,-231,17,27,0.50,21088.000000,0,27,15,0.0,17056.000000,0,0.0,0.0,0.0,1.0
445460,0,1,3400,-59,59,-226,5.7,27,0.50,6151.394531,0,27,15,0.0,0.0,0.0,0.0,0.0,0.0,1.0
445709,0,1,3400,-59,59,-227,8.1,26,0.60,28416.000000,4,27,8.5,0.0,15296.000000,17,0.0,0.0,0.0,1.0
445958,0,1,3400,-59,59,-230,13,27,0.50,5568.000000,0,27,1.3,0.0,5824.000000,0,0.0,0.0,0.0,1.0
446207,0,1,3400,-59,59,-231,13,27,0.50,17536.000000,0,27,2.0,0.0,0.0,0.0,0.0,0.0,0.0,1.0
446456,0,1,3400,-59,59,-229,9.8,27,0.50,16608.000000,0,27,3.8,0.0,13376.000000,20,0.0,0.0,0.0,1.0
446705,0,1,3400,-59,59,-228,13,26,0.50,18071.712891,0,27,8.2,0.0,29864.541016,8,0.0,0.0,0.0,1.0
446954,0,1,3400,-59,59,-226,12,27,0.50,16768.000000,0,27,5.0,0.0,9376.000000,0,0.0,0.0,0.0,1.0
447203,0,1,3400,-59,59,-230,19,27,0.50,21216.000000,0,27,4.8,0.0,1568.000000,0,0.0,0.0,0.0,1.0
447452,0,1,3400,-59,59,-233,12,27,0.50,38752.000000,0,27,2.0,0.0,1568.000000,0,0.0,0.0,0.0,1.0
447701,0,1,3400,-59,59,-231,8.2,26,0.50,10804.781250,0,27,2.0,0.0,0.0,0.0,0.0,0.0,0.0,1.0
447950,0,1,3400,-59,59,-230,8.1,27,0.50,5152.000000,0,27,2.6,0.0,37952.000000,0,0.0,0.0,0.0,1.0
448199,0,1,3400,-59,59,-233,13,27,0.50,26560.000000,0,27,6.0,0.0,0.0,0.0,0.0,0.0,0.0,1.0
448448,0,1,3400,-59,59,-227,12,27,0.50,13056.000000,0,27,9.0,0.0,15520.000000,0,0.0,0.0,0.0,1.0
448697,0,1,3400,-59,59,-227,11,27,0.50,16224.000000,0,27,9.7,0.0,17696.000000,14,0.0,0.0,0.0,1.0
448946,0,1,3400,-59,59,-230,8.2,27,0.50,11888.446289,0,27,4.0,0.0,4239.043945,0,0.0,0.0,0.0,1.0
449195,0,1,3400,-59,59,-225,14,27,0.50,5984.000000,0,27,9.6,0.0,28992.000000,0,0.0,0.0,0.0,1.0
449444,0,1,3400,-59,59,-225,2.2,27,0.50,14016.000000,0,27,14,0.0,15520.000000,0,0.0,0.0,0.0,1.0
449693,0,1,3400,-59,59,-228,0.0,27,0.50,0.0,0.0,27,14,0.0,0.0,0.0,0.0,0.0,0.0,1.0
449942,0,1,3400,-59,59,-231,0.0,27,0.50,0.0,0.0,27,14,0.0,22756.972656,33,0.0,0.0,0.0,1.0
450191,0,1,3400,-59,59,-231,0.016,27,0.50,0.0,0.0,27,12,0.0,2592.000000,25,0.0,0.0,0.0,1.0
450440,0,1,3400,-59,59,-229,0.0,27,0.50,0.0,0.0,27,8.2,0.0,18624.000000,43,0.0,0.0,0.0,1.0
450689,0,1,3400,-59,59,-229,0.0,27,0.50,0.0,0.0,27,9.4,0.0,24800.000000,31,0.0,0.0,0.0,1.0
450938,0,1,3400,-59,59,-227,0.0,28,0.50,0.0,0.0,27,2.0,0.0,896,0,0.0,0.0,0.0,1.0
451187,0,1,3400,-59,59,-229,0.0,27,0.50,0.0,0.0,27,3.7,0.0,2517.928223,0,0.0,0.0,0.0,1.0
451436,0,1,3400,-59,59,-231,0.0,27,0.50,0.0,0.0,27,6.9,0.0,19776.000000,0,0.0,0.0,0.0,1.0
451685,0,1,3400,-59,59,-229,0.0,27,0.50,0.0,0.0,27,12,0.0,17056.000000,0,0.0,0.0,0.0,1.0
451934,0,1,3400,-59,59,-229,0.0,27,0.50,0.0,0.0,27,14,0.0,0.0,80,0.0,0.0,0.0,1.0
452183,0,1,3400,-59,59,-232,0.0,27,0.50,0.0,0.0,27,8.3,0.0,1561.752930,0,0.0,0.0,0.0,1.0
452432,0,1,3400,-59,59,-235,0.0,27,0.50,0.0,0.0,27,6.7,0.0,896,0,0.0,0.0,0.0,1.0
452681,0,1,3400,-59,59,-229,0.0,27,0.50,0.0,0.0,27,0.30,0.0,4256.000000,0,0.0,0.0,0.0,1.0
452930,0,1,3400,-59,59,-227,0.0,28,0.50,0.0,0.0,27,3.7,0.0,0.0,80,0.0,0.0,0.0,1.0
453179,0,1,3400,-59,59,-230,0.0,28,0.50,0.0,0.0,27,7.0,0.0,0.0,0.0,0.0,0.0,0.0,1.0
453428,0,1,3400,-59,59,-230,0.0,28,0.50,0.0,0.0,27,7.0,0.0,0.0,0.0,0.0,0.0,0.0,1.0
453677,0,1,3400,-59,59,-228,0.0,28,0.50,0.0,0.0,27,7.0,0.0,0.0,0.0,0.0,0.0,0.0,1.0
453926,0,1,3400,-59,59,-228,0.0,28,0.50,0.0,0.0,27,7.0,0.0,0.0,0.0,0.0,0.0,0.0,1.0
454175,0,1,3400,-59,59,-230,0.0,28,0.50,0.0,0.0,27,7.0,0.0,0.0,0.0,0.0,0.0,0.0,1.0
454424,0,1,3400,-59,59,-224,0.0,28,0.50,0.0,0.0,27,7.0,0.0,0.0,0.0,0.0,0.0,0.0,1.0
454673,0,1,3400,-59,59,-227,0.0,28,0.50,0.0,0.0,27,7.0,0.0,0.0,0.0,0.0,0.0,0.0,1.0
454922,0,1,3400,-59,59,-233,0.0,28,0.50,0.0,0.0,27,7.0,0.0,0.0,0.0,0.0,0.0,0.0,1.0
455171,0,1,3400,-85,85,-389,0.0,4.6,0.50,0.0,0.0,27,7.0,0.0,0.0,0.0,0.0,0.0,0.0,1.0
455420,0,1,3400,-88,88,-498,0.032,0.93,0.50,0.0,0.0,27,6.9,0.0,0.0,0.0,0.0,0.0,0.0,1.0
455669,0,1,3400,-88,88,-826,0.032,0.94,0.50,0.0,0.0,27,6.9,0.0,0.0,0.0,0.0,0.0,0.0,1.0
455918,0,1,3400,-88,88,-498,0.048,0.89,0.50,0.0,0.0,27,7.0,0.0,0.0,0.0,0.0,0.0,0.0,1.0
456167,0,1,3400,-88,88,-562,0.0,0.73,0.50,0.0,0.0,27,7.0,0.0,0.0,0.0,0.0,0.0,0.0,1.0
456416,0,1,3400,-88,88,-562,0.0,0.73,0.50,0.0,0.0,27,7.0,0.0,0.0,0.0,0.0,0.0,0.0,1.0
456665,0,1,3400,-88,88,-562,0.0,0.73,0.50,0.0,0.0,27,7.0,0.0,0.0,0.0,0.0,0.0,0.0,1.0
456914,0,1,3400,-88,88,-562,0.0,0.73,0.50,0.0,0.0,27,7.0,0.0,0.0,0.0,0.0,0.0,0.0,1.0
457163,0,1,3400,-88,88,-562,0.0,0.73,0.50,0.0,0.0,27,7.0,0.0,0.0,0.0,0.0,0.0,0.0,0.0
457412,0,1,3400,-88,88,-562,0.0,0.73,0.50,0.0,0.0,27,7.0,0.0,0.0,0.0,0.0,0.0,0.0,0.0
457661,0,1,3400,-88,88,-562,0.0,0.73,0.50,0.0,0.0,27,7.0,0.0,0.0,0.0,0.0,0.0,0.0,0.0
457910,0,1,3400,-88,88,-562,0.0,0.73,0.50,0.0,0.0,27,7.0,0.0,0.0,0.0,0.0,0.0,0.0,0.0
458159,0,1,3400,-88,88,-562,0.0,0.73,0.50,0.0,0.0,27,7.0,0.0,0.0,0.0,0.0,0.0,0.0,0.0
458408,0,1,3400,-88,88,-562,0.0,0.73,0.50,0.0,0.0,27,7.0,0.0,0.0,0.0,0.0,0.0,0.0,0.0
458657,0,1,3400,-88,88,-562,0.0,0.73,0.50,0.0,0.0,27,7.0,0.0,0.0,0.0,0.0,0.0,0.0,0.0
458906,0,1,3400,-88,88,-562,0.0,0.73,0.50,0.0,0.0,27,7.0,0.0,0.0,0.0,0.0,0.0,0.0,0.0
459155,0,1,3400,-88,88,-562,0.0,0.73,0.50,0.0,0.0,27,7.0,0.0,0.0,0.0,0.0,0.0,0.0,0.0
459404,0,1,3400,-88,88,-562,0.0,0.73,0.50,0.0,0.0,27,7.0,0.0,0.0,0.0,0.0,0.0,0.0,0.0
459653,0,1,3400,-88,88,-562,0.0,0.73,0.50,0.0,0.0,27,7.0,0.0,0.0,0.0,0.0,0.0,0.0,0.0
459902,0,1,3400,-88,88,-562,0.0,0.73,0.50,0.0,0.0,27,7.0,0.0,0.0,0.0,0.0,0.0,0.0,0.0
460151,0,1,3400,-88,88,-562,0.0,0.73,0.50,0.0,0.0,27,7.0,0.0,0.0,0.0,0.0,0.0,0.0,0.0
460400,0,1,3400,-88,88,-562,0.0,0.73,0.50,0.0,0.0,27,7.0,0.0,0.0,0.0,0.0,0.0,0.0,0.0
460649,0,1,3400,-88,88,-562,0.0,0.73,0.50,0.0,0.0,27,7.0,0.0,0.0,0.0,0.0,0.0,0.0,0.0
460898,0,1,3400,-88,88,-562,0.0,0.73,0.50,0.0,0.0,27,7.0,0.0,0.0,0.0,0.0,0.0,0.0,0.0
461147,0,1,3400,-88,88,-562,0.0,0.73,0.50,0.0,0.0,27,7.0,0.0,0.0,0.0,0.0,0.0,0.0,0.0
461396,0,1,3400,-88,88,-562,0.0,0.73,0.50,0.0,0.0,27,7.0,0.0,0.0,0.0,0.0,0.0,0.0,0.0
461645,0,1,3400,-88,88,-562,0.0,0.73,0.50,0.0,0.0,27,7.0,0.0,0.0,0.0,0.0,0.0,0.0,0.0
461894,0,1,3400,-88,88,-562,0.0,0.73,0.50,0.0,0.0,27,7.0,0.0,0.0,0.0,0.0,0.0,0.0,0.0
462143,0,1,3400,-88,88,-562,0.0,0.73,0.50,0.0,0.0,27,7.0,0.0,0.0,0.0,0.0,0.0,0.0,0.0
462392,0,1,3400,-88,88,-562,0.0,0.73,0.50,0.0,0.0,27,7.0,0.0,0.0,0.0,0.0,0.0,0.0,0.0
462641,0,1,3400,-88,88,-562,0.0,0.73,0.50,0.0,0.0,27,7.0,0.0,0.0,0.0,0.0,0.0,0.0,0.0
462890,0,1,3400,-88,88,-562,0.0,0.73,0.50,0.0,0.0,27,7.0,0.0,0.0,0.0,0.0,0.0,0.0,0.0
463139,0,1,3400,-88,88,-562,0.0,0.73,0.50,0.0,0.0,27,7.0,0.0,0.0,0.0,0.0,0.0,0.0,0.0
463388,0,1,3400,-88,88,-562,0.0,0.73,0.50,0.0,0.0,27,7.0,0.0,0.0,0.0,0.0,0.0,0.0,0.0
463637,0,1,3400,-88,88,-562,0.0,0.73,0.50,0.0,0.0,27,7.0,0.0,0.0,0.0,0.0,0.0,0.0,0.0
463886,0,1,3400,-88,88,-562,0.0,0.73,0.50,0.0,0.0,27,7.0,0.0,0.0,0.0,0.0,0.0,0.0,0.0
464135,0,1,3400,-88,88,-562,0.0,0.73,0.50,0.0,0.0,27,7.0,0.0,0.0,0.0,0.0,0.0,0.0,0.0
464384,0,1,3400,-88,88,-562,0.0,0.73,0.50,0.0,0.0,27,7.0,0.0,0.0,0.0,0.0,0.0,0.0,0.0
464633,0,1,3400,-88,88,-562,0.0,0.73,0.50,0.0,0.0,27,7.0,0.0,0.0,0.0,0.0,0.0,0.0,0.0
464882,0,1,3400,-88,88,-562,0.0,0.73,0.50,0.0,0.0,27,7.0,0.0,0.0,0.0,0.0,0.0,0.0,0.0
465131,0,1,3400,-88,88,-562,0.0,0.73,0.50,0.0,0.0,27,7.0,0.0,0.0,0.0,0.0,0.0,0.0,0.0
465380,0,1,3400,-88,88,-562,0.0,0.73,0.50,0.0,0.0,27,7.0,0.0,0.0,0.0,0.0,0.0,0.0,0.0
465629,0,1,3400,-88,88,-562,0.0,0.73,0.50,0.0,0.0,27,7.0,0.0,0.0,0.0,0.0,0.0,0.0,0.0
465878,0,1,3400,-88,88,-562,0.0,0.73,0.50,0.0,0.0,27,7.0,0.0,0.0,0.0,0.0,0.0,0.0,0.0
466127,0,1,3400,-88,88,-562,0.0,0.73,0.50,0.0,0.0,27,7.0,0.0,0.0,0.0,0.0,0.0,0.0,0.0
466376,0,1,3400,-88,88,-562,0.0,0.73,0.50,0.0,0.0,27,7.0,0.0,0.0,0.0,0.0,0.0,0.0,0.0
466625,0