time,cc,pci,earfcn,rsrp,pl,cfo,dl_mcs,dl_snr,dl_turbo,dl_brate,dl_bler,ul_ta,ul_mcs,ul_buff,ul_brate,ul_bler,rf_o,rf_u,rf_l,is_attached
0,0,0,4294967295,0.0,0.0,0.0,0.0,0.0,0.0,0.0,0.0,0.0,0.0,0.0,0.0,0.0,0.0,0.0,0.0,0.0
249,0,0,3400,0.0,0.0,0.0,0.0,0.0,0.0,0.0,0.0,0.0,0.0,0.0,0.0,0.0,0.0,0.0,0.0,0.0
498,0,0,3400,0.0,0.0,0.0,0.0,0.0,0.0,0.0,0.0,0.0,0.0,0.0,0.0,0.0,0.0,0.0,0.0,0.0
747,0,1,3400,0.0,0.0,0.0,0.0,0.0,0.0,0.0,0.0,0.0,0.0,0.0,0.0,0.0,0.0,0.0,0.0,0.0
996,0,1,3400,-60,60,937,0.0,28,0.0,0.0,0.0,0.0,0.0,0.0,0.0,0.0,0.0,0.0,0.0,0.0
1245,0,1,3400,-60,60,964,1.3,28,0.21,2912.000000,0,0.0,0.0,33,224,0,0.0,0.0,0.0,1.0
1494,0,1,3400,-60,60,966,2.0,28,0.25,0.0,0.0,27,0.0,33,0.0,0.0,0.0,0.0,0.0,1.0
1743,0,1,3400,-60,60,965,1.8,28,0.25,1856.000000,0,27,0.0,24,4032.000000,25,0.0,0.0,0.0,1.0
1992,0,1,3400,-60,60,966,2.0,27,0.25,0.0,0.0,27,0.0,24,0.0,0.0,0.0,0.0,0.0,1.0
2241,0,1,3400,-60,60,965,3.0,27,0.40,1248.000000,0,27,0.0,21,3488.000000,54,0.0,0.0,0.0,1.0
2490,0,1,3400,-60,60,966,4.0,27,0.50,0.0,0.0,27,0.0,21,0.0,0.0,0.0,0.0,0.0,1.0
2739,0,1,3400,-60,60,965,3.9,27,0.49,0.0,0.0,27,0.0,21,0.0,0.0,0.0,0.0,0.0,1.0
2988,0,1,3400,-60,60,965,4.0,27,0.50,0.0,0.0,27,0.0,21,0.0,0.0,0.0,0.0,0.0,1.0
3237,0,1,3400,-61,61,966,4.0,27,0.50,0.0,0.0,27,0.0,21,0.0,0.0,0.0,0.0,0.0,1.0
3486,0,1,3400,-61,61,966,4.0,27,0.49,0.0,0.0,27,0.0,21,0.0,0.0,0.0,0.0,0.0,1.0
3735,0,1,3400,-61,61,966,4.0,26,0.50,0.0,0.0,27,0.0,21,0.0,0.0,0.0,0.0,0.0,1.0
3984,0,1,3400,-61,61,965,3.9,26,0.49,0.0,0.0,27,0.0,21,0.0,0.0,0.0,0.0,0.0,1.0
4233,0,1,3400,-61,61,965,4.0,26,0.49,0.0,0.0,27,0.0,21,0.0,0.0,0.0,0.0,0.0,1.0
4482,0,1,3400,-61,61,966,4.0,26,0.50,0.0,0.0,27,1.8,18,0.0,80,0.0,0.0,0.0,1.0
4731,0,1,3400,-61,61,967,4.0,26,0.50,0.0,0.0,27,4.5,18,0.0,0.0,0.0,0.0,0.0,1.0
4980,0,1,3400,-61,61,967,4.0,26,0.50,0.0,0.0,27,8.7,18,0.0,80,0.0,0.0,0.0,1.0
5229,0,1,3400,-61,61,965,4.0,26,0.50,0.0,0.0,27,9.0,18,0.0,0.0,0.0,0.0,0.0,1.0
5478,0,1,3400,-61,61,966,5.1,27,0.67,0.0,100.000000,27,9.0,18,0.0,0.0,0.0,0.0,0.0,1.0
5727,0,1,3400,-60,60,966,15,27,2.2,0.0,0.0,27,9.0,18,0.0,0.0,0.0,0.0,0.0,1.0
5976,0,1,3400,-60,60,966,15,27,2.2,0.0,0.0,27,4.6,18,0.0,80,0.0,0.0,0.0,1.0
6225,0,1,3400,-60,60,966,10,27,1.5,0.0,0.0,27,1.4,0.0,0.0,100.000000,0.0,0.0,0.0,0.0
6474,0,1,3400,-60,60,967,0.0,27,0.0,0.0,0.0,0.0,0.0,0.0,0.0,0.0,0.0,0.0,0.0,0.0
6723,0,1,3400,-59,59,967,0.0,27,0.0,0.0,0.0,0.0,0.0,0.0,0.0,0.0,0.0,0.0,0.0,0.0
6972,0,1,3400,-59,59,967,0.0,28,0.0,0.0,0.0,0.0,0.0,0.0,0.0,0.0,0.0,0.0,0.0,0.0
7221,0,1,3400,-59,59,966,0.0,28,0.0,0.0,0.0,0.0,0.0,0.0,0.0,0.0,0.0,0.0,0.0,0.0
7470,0,1,3400,-59,59,966,0.0,27,0.0,0.0,0.0,0.0,0.0,0.0,0.0,0.0,0.0,0.0,0.0,0.0
7719,0,1,3400,-59,59,967,0.0,27,0.0,0.0,0.0,0.0,0.0,0.0,0.0,0.0,0.0,0.0,0.0,0.0
7968,0,1,3400,-59,59,968,0.0,28,0.0,0.0,0.0,0.0,0.0,0.0,0.0,0.0,0.0,0.0,0.0,0.0
8217,0,1,3400,-59,59,965,0.0,28,0.0,0.0,0.0,0.0,0.0,0.0,0.0,0.0,0.0,0.0,0.0,0.0
8466,0,1,3400,-59,59,970,1.0,27,0.20,1858.267700,0,0.0,0.0,6.0,0.0,0.0,0.0,0.0,0.0,0.0
8715,0,1,3400,-58,58,966,2.9,28,0.50,1019.920349,0,0.0,8.3,33,223,71,0.0,0.0,0.0,1.0
8964,0,1,3400,-58,58,967,2.5,28,0.50,0.0,0.0,27,15,33,0.0,0.0,0.0,0.0,0.0,1.0
9213,0,1,3400,-59,59,967,2.5,28,0.49,0.0,0.0,27,15,33,0.0,0.0,0.0,0.0,0.0,1.0
9462,0,1,3400,-59,59,967,2.5,28,0.50,0.0,0.0,27,15,33,0.0,0.0,0.0,0.0,0.0,1.0
9711,0,1,3400,-59,59,967,2.5,28,0.50,0.0,0.0,27,15,33,0.0,0.0,0.0,0.0,0.0,1.0
9960,0,1,3400,-59,59,967,2.5,27,0.49,0.0,0.0,27,15,33,0.0,0.0,0.0,0.0,0.0,1.0
10209,0,1,3400,-60,60,967,2.5,28,0.50,0.0,0.0,27,15,33,0.0,0.0,0.0,0.0,0.0,1.0
10458,0,1,3400,-60,60,968,2.5,28,0.50,0.0,0.0,27,15,33,0.0,0.0,0.0,0.0,0.0,1.0
10707,0,1,3400,-60,60,967,2.5,27,0.50,0.0,0.0,27,15,33,0.0,0.0,0.0,0.0,0.0,1.0
10956,0,1,3400,-60,60,967,2.5,27,0.50,0.0,0.0,27,15,33,0.0,0.0,0.0,0.0,0.0,1.0
11205,0,1,3400,-60,60,967,2.5,27,0.50,0.0,0.0,27,15,33,0.0,0.0,0.0,0.0,0.0,1.0
11454,0,1,3400,-60,60,968,2.5,27,0.49,0.0,0.0,27,15,33,0.0,0.0,0.0,0.0,0.0,1.0
11703,0,1,3400,-60,60,967,1.5,27,0.50,0.0,0.0,27,2.5,33,448,50,0.0,0.0,0.0,1.0
11952,0,1,3400,-60,60,966,1.00,27,0.50,0.0,0.0,27,0.0,33,224,69,0.0,0.0,0.0,1.0
12201,0,1,3400,-60,60,966,1.0,27,0.50,0.0,0.0,27,0.0,33,224,73,0.0,0.0,0.0,1.0
12450,0,1,3400,-60,60,966,0.82,27,0.41,0.0,0.0,27,0.26,0.0,0.0,0.0,0.0,0.0,0.0,0.0
12699,0,1,3400,-60,60,967,0.0,27,0.0,0.0,0.0,0.0,0.0,0.0,0.0,0.0,0.0,0.0,0.0,0.0
12948,0,1,3400,-60,60,967,0.0,27,0.0,0.0,0.0,0.0,0.0,0.0,0.0,0.0,0.0,0.0,0.0,0.0
13197,0,1,3400,-60,60,968,0.0,27,0.0,0.0,0.0,0.0,0.0,0.0,0.0,0.0,0.0,0.0,0.0,0.0
13446,0,1,3400,-60,60,967,0.0,27,0.0,0.0,0.0,0.0,0.0,0.0,0.0,0.0,0.0,0.0,0.0,0.0
13695,0,1,3400,-59,59,966,0.0,27,0.0,0.0,0.0,0.0,0.0,0.0,0.0,0.0,0.0,0.0,0.0,0.0
13944,0,1,3400,-59,59,968,0.0,27,0.0,0.0,0.0,0.0,0.0,0.0,0.0,0.0,0.0,0.0,0.0,0.0
14193,0,1,3400,-60,60,967,0.0,28,0.0,0.0,0.0,0.0,0.0,0.0,0.0,0.0,0.0,0.0,0.0,0.0
14442,0,1,3400,-60,60,965,0.0,27,0.0,0.0,0.0,0.0,0.0,0.0,0.0,0.0,0.0,0.0,0.0,0.0
14691,0,1,3400,-60,60,964,1.0,28,0.19,1836.575928,0,0.0,0.0,0.0,0.0,0,0.0,0.0,0.0,0.0
14940,0,1,3400,-60,60,967,2.9,27,0.48,1024.000000,0,27,0.0,33,224,0,0.0,1.0,1.0,1.0
15189,0,1,3400,-61,61,968,3.0,27,0.49,0.0,0.0,27,4.9,32,0.0,80,0.0,0.0,0.0,1.0
15438,0,1,3400,-61,61,969,2.9,26,0.49,0.0,0.0,27,12,32,0.0,80,0.0,0.0,0.0,1.0
15687,0,1,3400,-61,61,970,1.4,26,0.24,0.0,0.0,27,3.4,0.0,0.0,100.000000,0.0,0.0,0.0,0.0
15936,0,1,3400,-61,61,970,0.0,26,0.0,0.0,0.0,0.0,0.0,0.0,0.0,0.0,0.0,0.0,0.0,0.0
16185,0,1,3400,-61,61,969,0.0,26,0.0,0.0,0.0,0.0,0.0,0.0,0.0,0.0,0.0,0.0,0.0,0.0
16434,0,1,3400,-61,61,969,0.0,26,0.0,0.0,0.0,0.0,0.0,0.0,0.0,0.0,0.0,0.0,0.0,0.0
16683,0,1,3400,-61,61,969,0.0,26,0.0,0.0,0.0,0.0,0.0,0.0,0.0,0.0,0.0,0.0,0.0,0.0
16932,0,1,3400,-61,61,968,0.0,26,0.0,0.0,0.0,0.0,0.0,0.0,0.0,0.0,0.0,0.0,0.0,0.0
17181,0,1,3400,-62,62,968,0.0,26,0.0,0.0,0.0,0.0,0.0,0.0,0.0,0.0,0.0,0.0,0.0,0.0
17430,0,1,3400,-62,62,968,0.0,26,0.0,0.0,0.0,0.0,0.0,0.0,0.0,0.0,0.0,0.0,0.0,0.0
17679,0,1,3400,-62,62,973,0.0,26,0.0,0.0,0.0,0.0,0.0,0.0,0.0,0.0,0.0,0.0,0.0,0.0
17928,0,1,3400,-62,62,972,1.8,25,0.28,1888.000000,0,0.0,0.0,0.0,0.0,67,0.0,0.0,0.0,0.0
18177,0,1,3400,-62,62,968,2.0,25,0.49,0.0,0.0,27,0.0,0.0,0.0,80,0.0,0.0,0.0,0.0
18426,0,1,3400,-62,62,968,1.0,25,0.50,0.0,0.0,27,0.0,0.0,0.0,84,0.0,0.0,0.0,0.0
18675,0,1,3400,-62,62,967,1.0,26,0.50,0.0,0.0,27,0.0,0.0,0.0,0.0,0.0,0.0,0.0,0.0
18924,0,1,3400,-62,62,967,1.0,25,0.50,0.0,0.0,27,0.0,0.0,0.0,0.0,0.0,0.0,0.0,0.0
19173,0,1,3400,-69,69,1009.911743,1.0,19,0.50,0.0,0.0,27,0.0,0.0,0.0,0.0,0.0,0.0,0.0,0.0
19422,0,1,3400,-88,88,1871.015259,1.0,0.89,0.50,0.0,0.0,27,0.0,0.0,0.0,0.0,0.0,0.0,0.0,0.0
19671,0,1,3400,-88,88,2511.589844,1.0,0.89,0.50,0.0,0.0,27,0.0,0.0,0.0,0.0,0.0,0.0,0.0,0.0
19920,0,1,3400,-88,88,2812.360352,1.0,0.95,0.50,0.0,0.0,27,0.0,0.0,0.0,0.0,0.0,0.0,0.0,0.0
20169,0,1,3400,-88,88,3216.003662,1.0,0.95,0.50,0.0,0.0,27,0.0,0.0,0.0,0.0,0.0,0.0,0.0,0.0
20418,0,1,3400,-88,88,3477.064941,1.0,0.91,0.50,0.0,0.0,27,0.0,0.0,0.0,0.0,0.0,0.0,0.0,0.0
20667,0,1,3400,-88,88,3791.346680,1.0,0.90,0.50,0.0,0.0,27,0.0,0.0,0.0,0.0,0.0,0.0,0.0,0.0
20916,0,1,3400,-88,88,3697.543213,1.0,0.85,0.50,0.0,0.0,27,0.0,0.0,0.0,0.0,0.0,0.0,0.0,0.0
21165,0,1,3400,-88,88,2982.943359,1.0,0.92,0.50,0.0,0.0,27,0.0,0.0,0.0,0.0,0.0,0.0,0.0,0.0
21414,0,1,3400,-88,88,2308.242188,1.0,0.95,0.50,0.0,0.0,27,0.0,0.0,0.0,0.0,0.0,0.0,0.0,0.0
21663,0,1,3400,-88,88,2165.692383,1.0,0.82,0.50,0.0,0.0,27,0.0,0.0,0.0,0.0,0.0,1.0,0.0,0.0
21912,0,1,3400,-88,88,2165.692383,1.0,0.82,0.50,0.0,0.0,27,0.0,0.0,0.0,0.0,0.0,0.0,0.0,0.0
22161,0,1,3400,-88,88,2165.692383,1.0,0.82,0.50,0.0,0.0,27,0.0,0.0,0.0,0.0,0.0,0.0,0.0,0.0
22410,0,1,3400,-88,88,2165.692383,1.0,0.82,0.50,0.0,0.0,27,0.0,0.0,0.0,0.0,0.0,0.0,0.0,0.0
22659,0,1,3400,-88,88,2165.692383,1.0,0.82,0.50,0.0,0.0,27,0.0,0.0,0.0,0.0,0.0,0.0,0.0,0.0
22908,0,1,3400,-88,88,2165.692383,1.0,0.82,0.50,0.0,0.0,27,0.0,0.0,0.0,0.0,0.0,0.0,0.0,0.0
23157,0,1,3400,-88,88,2165.692383,1.0,0.82,0.50,0.0,0.0,27,0.0,0.0,0.0,0.0,0.0,0.0,0.0,0.0
23406,0,1,3400,-88,88,2165.692383,1.0,0.82,0.50,0.0,0.0,27,0.0,0.0,0.0,0.0,0.0,0.0,0.0,0.0
23655,0,1,3400,-88,88,2165.692383,1.0,0.82,0.50,0.0,0.0,27,0.0,0.0,0.0,0.0,0.0,0.0,0.0,0.0
23904,0,1,3400,-88,88,2165.692383,1.0,0.82,0.50,0.0,0.0,27,0.0,0.0,0.0,0.0,0.0,0.0,0.0,0.0
24153,0,1,3400,-88,88,2165.692383,1.0,0.82,0.50,0.0,0.0,27,0.0,0.0,0.0,0.0,0.0,0.0,0.0,0.0
24402,0,1,3400,-88,88,2165.692383,1.0,0.82,0.50,0.0,0.0,27,0.0,0.0,0.0,0.0,0.0,0.0,0.0,0.0
24651,0,1,3400,-88,88,2165.692383,1.0,0.82,0.50,0.0,0.0,27,0.0,0.0,0.0,0.0,0.0,0.0,0.0,0.0
24900,0,1,3400,-88,88,2165.692383,1.0,0.82,0.50,0.0,0.0,27,0.0,0.0,0.0,0.0,0.0,0.0,0.0,0.0
25149,0,1,3400,-88,88,2165.692383,1.0,0.82,0.50,0.0,0.0,27,0.0,0.0,0.0,0.0,0.0,0.0,0.0,0.0
25398,0,1,3400,-88,88,2165.692383,1.0,0.82,0.50,0.0,0.0,27,0.0,0.0,0.0,0.0,0.0,0.0,0.0,0.0
25647,0,1,3400,-88,88,2165.692383,1.0,0.82,0.50,0.0,0.0,27,0.0,0.0,0.0,0.0,0.0,0.0,0.0,0.0
25896,0,1,3400,-88,88,2165.692383,1.0,0.82,0.50,0.0,0.0,27,0.0,0.0,0.0,0.0,0.0,0.0,0.0,0.0
26145,0,1,3400,-88,88,2165.692383,1.0,0.82,0.50,0.0,0.0,27,0.0,0.0,0.0,0.0,0.0,0.0,0.0,0.0
26394,0,1,3400,-88,88,2165.692383,1.0,0.82,0.50,0.0,0.0,27,0.0,0.0,0.0,0.0,0.0,0.0,0.0,0.0
26643,0,1,3400,-88,88,2165.692383,1.0,0.82,0.50,0.0,0.0,27,0.0,0.0,0.0,0.0,0.0,0.0,0.0,0.0
26892,0,1,3400,-88,88,2165.692383,1.0,0.82,0.50,0.0,0.0,27,0.0,0.0,0.0,0.0,0.0,0.0,0.0,0.0
27141,0,1,3400,-88,88,2165.692383,1.0,0.82,0.50,0.0,0.0,27,0.0,0.0,0.0,0.0,0.0,0.0,0.0,0.0
27390,0,1,3400,-88,88,2165.692383,1.0,0.82,0.50,0.0,0.0,27,0.0,0.0,0.0,0.0,0.0,0.0,0.0,0.0
27639,0,1,3400,-88,88,2165.692383,1.0,0.82,0.50,0.0,0.0,27,0.0,0.0,0.0,0.0,0.0,0.0,0.0,0.0
27888,0,1,3400,-88,88,2165.692383,1.0,0.82,0.50,0.0,0.0,27,0.0,0.0,0.0,0.0,0.0,0.0,0.0,0.0
28137,0,1,3400,-88,88,2165.692383,1.0,0.82,0.50,0.0,0.0,27,0.0,0.0,0.0,0.0,0.0,0.0,0.0,0.0
28386,0,1,3400,-88,88,2165.692383,1.0,0.82,0.50,0.0,0.0,27,0.0,0.0,0.0,0.0,0.0,0.0,0.0,0.0
28635,0,1,3400,-88,88,2165.692383,1.0,0.82,0.50,0.0,0.0,27,0.0,0.0,0.0,0.0,0.0,0.0,0.0,0.0
28884,0,1,3400,-88,88,2165.692383,1.0,0.82,0.50,0.0,0.0,27,0.0,0.0,0.0,0.0,0.0,0.0,0.0,0.0
29133,0,1,3400,-88,88,2165.692383,1.0,0.82,0.50,0.0,0.0,27,0.0,0.0,0.0,0.0,0.0,0.0,0.0,0.0
29382,0,1,3400,-88,88,2165.692383,1.0,0.82,0.50,0.0,0.0,27,0.0,0.0,0.0,0.0,0.0,0.0,0.0,0.0
29631,0,1,3400,-88,88,2165.692383,1.0,0.82,0.50,0.0,0.0,27,0.0,0.0,0.0,0.0,0.0,0.0,0.0,0.0
29880,0,1,3400,-88,88,2165.692383,1.0,0.82,0.50,0.0,0.0,27,0.0,0.0,0.0,0.0,0.0,0.0,0.0,0.0
30129,0,1,3400,-88,88,2165.692383,1.0,0.82,0.50,0.0,0.0,27,0.0,0.0,0.0,0.0,0.0,0.0,0.0,0.0
30378,0,1,3400,-88,88,2165.692383,1.0,0.82,0.50,0.0,0.0,27,0.0,0.0,0.0,0.0,0.0,0.0,0.0,0.0
30627,0,1,3400,-88,88,2165.692383,1.0,0.82,0.50,0.0,0.0,27,0.0,0.0,0.0,0.0,0.0,0.0,0.0,0.0
30876,0,1,3400,-88,88,2165.692383,1.0,0.82,0.50,0.0,0.0,27,0.0,0.0,0.0,0.0,0.0,0.0,0.0,0.0
31125,0,1,3400,-88,88,2165.692383,1.0,0.82,0.50,0.0,0.0,27,0.0,0.0,0.0,0.0,0.0,0.0,0.0,0.0
31374,0,1,3400,-88,88,2165.692383,1.0,0.82,0.50,0.0,0.0,27,0.0,0.0,0.0,0.0,0.0,0.0,0.0,0.0
31623,0,1,3400,-88,88,2165.692383,1.0,0.82,0.50,0.0,0.0,27,0.0,0.0,0.0,0.0,0.0,0.0,0.0,0.0
31872,0,1,3400,-88,88,2165.692383,1.0,0.82,0.50,0.0,0.0,27,0.0,0.0,0.0,0.0,0.0,0.0,0.0,0.0
32121,0,1,3400,-88,88,2165.692383,1.0,0.82,0.50,0.0,0.0,27,0.0,0.0,0.0,0.0,0.0,0.0,0.0,0.0
32370,0,1,3400,-88,88,2165.692383,1.0,0.82,0.50,0.0,0.0,27,0.0,0.0,0.0,0.0,0.0,0.0,0.0,0.0
32619,0,1,3400,-88,88,2165.692383,1.0,0.82,0.50,0.0,0.0,27,0.0,0.0,0.0,0.0,0.0,0.0,0.0,0.0
32868,0,1,3400,-88,88,2165.692383,1.0,0.82,0.50,0.0,0.0,27,0.0,0.0,0.0,0.0,0.0,0.0,0.0,0.0
33117,0,1,3400,-88,88,2165.692383,1.0,0.82,0.50,0.0,0.0,27,0.0,0.0,0.0,0.0,0.0,0.0,0.0,0.0
33366,0,1,3400,-88,88,2165.692383,1.0,0.82,0.50,0.0,0.0,27,0.0,0.0,0.0,0.0,0.0,0.0,0.0,0.0
33615,0,1,3400,-88,88,2165.692383,1.0,0.82,0.50,0.0,0.0,27,0.0,0.0,0.0,0.0,0.0,0.0,0.0,0.0
33864,0,1,3400,-88,88,2165.692383,1.0,0.82,0.50,0.0,0.0,27,0.0,0.0,0.0,0.0,0.0,0.0,0.0,0.0
34113,0,1,3400,-88,88,2165.692383,1.0,0.82,0.50,0.0,0.0,27,0.0,0.0,0.0,0.0,0.0,0.0,0.0,0.0
34362,0,1,3400,-88,88,2165.692383,1.0,0.82,0.50,0.0,0.0,27,0.0,0.0,0.0,0.0,0.0,0.0,0.0,0.0
34611,0,1,3400,-88,88,2165.692383,1.0,0.82,0.50,0.0,0.0,27,0.0,0.0,0.0,0.0,0.0,0.0,0.0,0.0
34860,0,1,3400,-88,88,2165.692383,1.0,0.82,0.50,0.0,0.0,27,0.0,0.0,0.0,0.0,0.0,0.0,0.0,0.0
35109,0,1,3400,-88,88,2165.692383,1.0,0.82,0.50,0.0,0.0,27,0.0,0.0,0.0,0.0,0.0,0.0,0.0,0.0
35358,0,1,3400,-88,88,2165.692383,1.0,0.82,0.50,0.0,0.0,27,0.0,0.0,0.0,0.0,0.0,0.0,0.0,0.0
35607,0,1,3400,-88,88,2165.692383,1.0,0.82,0.50,0.0,0.0,27,0.0,0.0,0.0,0.0,0.0,0.0,0.0,0.0
35856,0,1,3400,-88,88,2165.692383,1.0,0.82,0.50,0.0,0.0,27,0.0,0.0,0.0,0.0,0.0,0.0,0.0,0.0
36105,0,1,3400,-88,88,2165.692383,1.0,0.82,0.50,0.0,0.0,27,0.0,0.0,0.0,0.0,0.0,0.0,0.0,0.0
36354,0,1,3400,-88,88,2165.692383,1.0,0.82,0.50,0.0,0.0,27,0.0,0.0,0.0,0.0,0.0,0.0,0.0,0.0
36603,0,1,3400,-88,88,2165.692383,1.0,0.82,0.50,0.0,0.0,27,0.0,0.0,0.0,0.0,0.0,0.0,0.0,0.0
36852,0,1,3400,-88,88,2165.692383,1.0,0.82,0.50,0.0,0.0,27,0.0,0.0,0.0,0.0,0.0,0.0,0.0,0.0
37101,0,1,3400,-88,88,2165.692383,1.0,0.82,0.50,0.0,0.0,27,0.0,0.0,0.0,0.0,0.0,0.0,0.0,0.0
37350,0,1,3400,-88,88,2165.692383,1.0,0.82,0.50,0.0,0.0,27,0.0,0.0,0.0,0.0,0.0,0.0,0.0,0.0
37599,0,1,3400,-88,88,2165.692383,1.0,0.82,0.50,0.0,0.0,27,0.0,0.0,0.0,0.0,0.0,0.0,0.0,0.0
37848,0,1,3400,-88,88,2165.692383,1.0,0.82,0.50,0.0,0.0,27,0.0,0.0,0.0,0.0,0.0,0.0,0.0,0.0
38097,0,1,3400,-88,88,2165.692383,1.0,0.82,0.50,0.0,0.0,27,0.0,0.0,0.0,0.0,0.0,0.0,0.0,0.0
38346,0,1,3400,-88,88,2165.692383,1.0,0.82,0.50,0.0,0.0,27,0.0,0.0,0.0,0.0,0.0,0.0,0.0,0.0
38595,0,1,3400,-88,88,2165.692383,1.0,0.82,0.50,0.0,0.0,27,0.0,0.0,0.0,0.0,0.0,0.0,0.0,0.0
38844,0,1,3400,-88,88,2165.692383,1.0,0.82,0.50,0.0,0.0,27,0.0,0.0,0.0,0.0,0.0,0.0,0.0,0.0
39093,0,1,3400,-88,88,2165.692383,1.0,0.82,0.50,0.0,0.0,27,0.0,0.0,0.0,0.0,0.0,0.0,0.0,0.0
39342,0,1,3400,-88,88,2165.692383,1.0,0.82,0.50,0.0,0.0,27,0.0,0.0,0.0,0.0,0.0,0.0,0.0,0.0
39591,0,1,3400,-88,88,2165.692383,1.0,0.82,0.50,0.0,0.0,27,0.0,0.0,0.0,0.0,0.0,0.0,0.0,0.0
39840,0,1,3400,-88,88,2165.692383,1.0,0.82,0.50,0.0,0.0,27,0.0,0.0,0.0,0.0,0.0,0.0,0.0,0.0
40089,0,1,3400,-88,88,2165.692383,1.0,0.82,0.50,0.0,0.0,27,0.0,0.0,0.0,0.0,0.0,0.0,0.0,0.0
40338,0,1,3400,-88,88,2165.692383,1.0,0.82,0.50,0.0,0.0,27,0.0,0.0,0.0,0.0,0.0,0.0,0.0,0.0
40587,0,1,3400,-88,88,2165.692383,1.0,0.82,0.50,0.0,0.0,27,0.0,0.0,0.0,0.0,0.0,0.0,0.0,0.0
40836,0,1,3400,-88,88,2165.692383,1.0,0.82,0.50,0.0,0.0,27,0.0,0.0,0.0,0.0,0.0,0.0,0.0,0.0
41085,0,1,3400,-88,88,2165.692383,1.0,0.82,0.50,0.0,0.0,27,0.0,0.0,0.0,0.0,0.0,0.0,0.0,0.0
41334,0,1,3400,-88,88,2165.692383,1.0,0.82,0.50,0.0,0.0,27,0.0,0.0,0.0,0.0,0.0,0.0,0.0,0.0
41583,0,1,3400,-88,88,2165.692383,1.0,0.82,0.50,0.0,0.0,27,0.0,0.0,0.0,0.0,0.0,0.0,0.0,0.0
41832,0,1,3400,-88,88,2165.692383,1.0,0.82,0.50,0.0,0.0,27,0.0,0.0,0.0,0.0,0.0,0.0,0.0,0.0
42081,0,1,3400,-88,88,2165.692383,1.0,0.82,0.50,0.0,0.0,27,0.0,0.0,0.0,0.0,0.0,0.0,0.0,0.0
42330,0,1,3400,-88,88,2165.692383,1.0,0.82,0.50,0.0,0.0,27,0.0,0.0,0.0,0.0,0.0,0.0,0.0,0.0
42579,0,1,3400,-88,88,2165.692383,1.0,0.82,0.50,0.0,0.0,27,0.0,0.0,0.0,0.0,0.0,0.0,0.0,0.0
42828,0,1,3400,-88,88,2165.692383,1.0,0.82,0.50,0.0,0.0,27,0.0,0.0,0.0,0.0,0.0,0.0,0.0,0.0
43077,0,1,3400,-88,88,2165.692383,1.0,0.82,0.50,0.0,0.0,27,0.0,0.0,0.0,0.0,0.0,0.0,0.0,0.0
43326,0,1,3400,-88,88,2165.692383,1.0,0.82,0.50,0.0,0.0,27,0.0,0.0,0.0,0.0,0.0,0.0,0.0,0.0
43575,0,1,3400,-88,88,2165.692383,1.0,0.82,0.50,0.0,0.0,27,0.0,0.0,0.0,0.0,0.0,0.0,0.0,0.0
43824,0,1,3400,-88,88,2165.692383,1.0,0.82,0.50,0.0,0.0,27,0.0,0.0,0.0,0.0,0.0,0.0,0.0,0.0
44073,0,1,3400,-88,88,2165.692383,1.0,0.82,0.50,0.0,0.0,27,0.0,0.0,0.0,0.0,0.0,0.0,0.0,0.0
44322,0,1,3400,-88,88,2165.692383,1.0,0.82,0.50,0.0,0.0,27,0.0,0.0,0.0,0.0,0.0,0.0,0.0,0.0
44571,0,1,3400,-88,88,2165.692383,1.0,0.82,0.50,0.0,0.0,27,0.0,0.0,0.0,0.0,0.0,0.0,0.0,0.0
44820,0,1,3400,-88,88,2165.692383,1.0,0.82,0.50,0.0,0.0,27,0.0,0.0,0.0,0.0,0.0,0.0,0.0,0.0
45069,0,1,3400,-88,88,2165.692383,1.0,0.82,0.50,0.0,0.0,27,0.0,0.0,0.0,0.0,0.0,0.0,0.0,0.0
45318,0,1,3400,-88,88,2165.692383,1.0,0.82,0.50,0.0,0.0,27,0.0,0.0,0.0,0.0,0.0,0.0,0.0,0.0
45567,0,1,3400,-88,88,2165.692383,1.0,0.82,0.50,0.0,0.0,27,0.0,0.0,0.0,0.0,0.0,0.0,0.0,0.0
45816,0,1,3400,-88,88,2165.692383,1.0,0.82,0.50,0.0,0.0,27,0.0,0.0,0.0,0.0,0.0,0.0,0.0,0.0
46065,0,1,3400,-88,88,2165.692383,1.0,0.82,0.50,0.0,0.0,27,0.0,0.0,0.0,0.0,0.0,0.0,0.0,0.0
46314,0,1,3400,-88,88,2165.692383,1.0,0.82,0.50,0.0,0.0,27,0.0,0.0,0.0,0.0,0.0,0.0,0.0,0.0
46563,0,1,3400,-88,88,2165.692383,1.0,0.82,0.50,0.0,0.0,27,0.0,0.0,0.0,0.0,0.0,0.0,0.0,0.0
46812,0,1,3400,-88,88,2165.692383,1.0,0.82,0.50,0.0,0.0,27,0.0,0.0,0.0,0.0,0.0,0.0,0.0,0.0
47061,0,1,3400,-88,88,2165.692383,1.0,0.82,0.50,0.0,0.0,27,0.0,0.0,0.0,0.0,0.0,0.0,0.0,0.0
47310,0,1,3400,-88,88,2165.692383,1.0,0.82,0.50,0.0,0.0,27,0.0,0.0,0.0,0.0,0.0,0.0,0.0,0.0
47559,0,1,3400,-88,88,2165.692383,1.0,0.82,0.50,0.0,0.0,27,0.0,0.0,0.0,0.0,0.0,0.0,0.0,0.0
47808,0,1,3400,-88,88,2165.692383,1.0,0.82,0.50,0.0,0.0,27,0.0,0.0,0.0,0.0,0.0,0.0,0.0,0.0
48057,0,1,3400,-88,88,2165.692383,1.0,0.82,0.50,0.0,0.0,27,0.0,0.0,0.0,0.0,0.0,0.0,0.0,0.0
48306,0,1,3400,-88,88,2165.692383,1.0,0.82,0.50,0.0,0.0,27,0.0,0.0,0.0,0.0,0.0,0.0,0.0,0.0
48555,0,1,3400,-88,88,2165.692383,1.0,0.82,0.50,0.0,0.0,27,0.0,0.0,0.0,0.0,0.0,0.0,0.0,0.0
48804,0,1,3400,-88,88,2165.692383,1.0,0.82,0.50,0.0,0.0,27,0.0,0.0,0.0,0.0,0.0,0.0,0.0,0.0
49053,0,1,3400,-88,88,2165.692383,1.0,0.82,0.50,0.0,0.0,27,0.0,0.0,0.0,0.0,0.0,0.0,0.0,0.0
49302,0,1,3400,-88,88,2165.692383,1.0,0.82,0.50,0.0,0.0,27,0.0,0.0,0.0,0.0,0.0,0.0,0.0,0.0
49551,0,1,3400,-88,88,2165.692383,1.0,0.82,0.50,0.0,0.0,27,0.0,0.0,0.0,0.0,0.0,0.0,0.0,0.0
49800,0,1,3400,-88,88,2165.692383,1.0,0.82,0.50,0.0,0.0,27,0.0,0.0,0.0,0.0,0.0,0.0,0.0,0.0
50049,0,1,3400,-88,88,2165.692383,1.0,0.82,0.50,0.0,0.0,27,0.0,0.0,0.0,0.0,0.0,0.0,0.0,0.0
50298,0,1,3400,-88,88,2165.692383,1.0,0.82,0.50,0.0,0.0,27,0.0,0.0,0.0,0.0,0.0,0.0,0.0,0.0
50547,0,1,3400,-88,88,2165.692383,1.0,0.82,0.50,0.0,0.0,27,0.0,0.0,0.0,0.0,0.0,0.0,0.0,0.0
50796,0,1,3400,-88,88,2165.692383,1.0,0.82,0.50,0.0,0.0,27,0.0,0.0,0.0,0.0,0.0,0.0,0.0,0.0
51045,0,1,3400,-88,88,2165.692383,1.0,0.82,0.50,0.0,0.0,27,0.0,0.0,0.0,0.0,0.0,0.0,0.0,0.0
51294,0,1,3400,-88,88,2165.692383,1.0,0.82,0.50,0.0,0.0,27,0.0,0.0,0.0,0.0,0.0,0.0,0.0,0.0
51543,0,1,3400,-88,88,2165.692383,1.0,0.82,0.50,0.0,0.0,27,0.0,0.0,0.0,0.0,0.0,0.0,0.0,0.0
51792,0,1,3400,-88,88,2165.692383,1.0,0.82,0.50,0.0,0.0,27,0.0,0.0,0.0,0.0,0.0,0.0,0.0,0.0
52041,0,1,3400,-88,88,2165.692383,1.0,0.82,0.50,0.0,0.0,27,0.0,0.0,0.0,0.0,0.0,0.0,0.0,0.0
52290,0,1,3400,-88,88,2165.692383,1.0,0.82,0.50,0.0,0.0,27,0.0,0.0,0.0,0.0,0.0,0.0,0.0,0.0
52539,0,1,3400,-88,88,2165.692383,1.0,0.82,0.50,0.0,0.0,27,0.0,0.0,0.0,0.0,0.0,0.0,0.0,0.0
52788,0,1,3400,-88,88,2165.692383,1.0,0.82,0.50,0.0,0.0,27,0.0,0.0,0.0,0.0,0.0,0.0,0.0,0.0
53037,0,1,3400,-88,88,2165.692383,1.0,0.82,0.50,0.0,0.0,27,0.0,0.0,0.0,0.0,0.0,0.0,0.0,0.0
53286,0,1,3400,-88,88,2165.692383,1.0,0.82,0.50,0.0,0.0,27,0.0,0.0,0.0,0.0,0.0,0.0,0.0,0.0
53535,0,1,3400,-88,88,2165.692383,1.0,0.82,0.50,0.0,0.0,27,0.0,0.0,0.0,0.0,0.0,0.0,0.0,0.0
53784,0,1,3400,-88,88,2165.692383,1.0,0.82,0.50,0.0,0.0,27,0.0,0.0,0.0,0.0,0.0,0.0,0.0,0.0
54033,0,1,3400,-88,88,2165.692383,1.0,0.82,0.50,0.0,0.0,27,0.0,0.0,0.0,0.0,0.0,0.0,0.0,0.0
54282,0,1,3400,-88,88,2165.692383,1.0,0.82,0.50,0.0,0.0,27,0.0,0.0,0.0,0.0,0.0,0.0,0.0,0.0
54531,0,1,3400,-88,88,2165.692383,1.0,0.82,0.50,0.0,0.0,27,0.0,0.0,0.0,0.0,0.0,0.0,0.0,0.0
54780,0,1,3400,-88,88,2165.692383,1.0,0.82,0.50,0.0,0.0,27,0.0,0.0,0.0,0.0,0.0,0.0,0.0,0.0
55029,0,1,3400,-88,88,2165.692383,1.0,0.82,0.50,0.0,0.0,27,0.0,0.0,0.0,0.0,0.0,0.0,0.0,0.0
55278,0,1,3400,-88,88,2165.692383,1.0,0.82,0.50,0.0,0.0,27,0.0,0.0,0.0,0.0,0.0,0.0,0.0,0.0
55527,0,1,3400,-88,88,2165.692383,1.0,0.82,0.50,0.0,0.0,27,0.0,0.0,0.0,0.0,0.0,0.0,0.0,0.0
55776,0,1,3400,-88,88,2165.692383,1.0,0.82,0.50,0.0,0.0,27,0.0,0.0,0.0,0.0,0.0,0.0,0.0,0.0
56025,0,1,3400,-88,88,2165.692383,1.0,0.82,0.50,0.0,0.0,27,0.0,0.0,0.0,0.0,0.0,0.0,0.0,0.0
56274,0,1,3400,-88,88,2165.692383,1.0,0.82,0.50,0.0,0.0,27,0.0,0.0,0.0,0.0,0.0,0.0,0.0,0.0
56523,0,1,3400,-88,88,2165.692383,1.0,0.82,0.50,0.0,0.0,27,0.0,0.0,0.0,0.0,0.0,0.0,0.0,0.0
56772,0,1,3400,-88,88,2165.692383,1.0,0.82,0.50,0.0,0.0,27,0.0,0.0,0.0,0.0,0.0,0.0,0.0,0.0
57021,0,1,3400,-88,88,2165.692383,1.0,0.82,0.50,0.0,0.0,27,0.0,0.0,0.0,0.0,0.0,0.0,0.0,0.0
57270,0,1,3400,-88,88,2165.692383,1.0,0.82,0.50,0.0,0.0,27,0.0,0.0,0.0,0.0,0.0,0.0,0.0,0.0
57519,0,1,3400,-88,88,2165.692383,1.0,0.82,0.50,0.0,0.0,27,0.0,0.0,0.0,0.0,0.0,0.0,0.0,0.0
57768,0,1,3400,-88,88,2165.692383,1.0,0.82,0.50,0.0,0.0,27,0.0,0.0,0.0,0.0,0.0,0.0,0.0,0.0
58017,0,1,3400,-88,88,2165.692383,1.0,0.82,0.50,0.0,0.0,27,0.0,0.0,0.0,0.0,0.0,0.0,0.0,0.0
58266,0,1,3400,-88,88,2165.692383,1.0,0.82,0.50,0.0,0.0,27,0.0,0.0,0.0,0.0,0.0,0.0,0.0,0.0
58515,0,1,3400,-88,88,2165.692383,1.0,0.82,0.50,0.0,0.0,27,0.0,0.0,0.0,0.0,0.0,0.0,0.0,0.0
58764,0,1,3400,-88,88,2165.692383,1.0,0.82,0.50,0.0,0.0,27,0.0,0.0,0.0,0.0,0.0,0.0,0.0,0.0
59013,0,1,3400,-88,88,2165.692383,1.0,0.82,0.50,0.0,0.0,27,0.0,0.0,0.0,0.0,0.0,0.0,0.0,0.0
59262,0,1,3400,-88,88,2165.692383,1.0,0.82,0.50,0.0,0.0,27,0.0,0.0,0.0,0.0,0.0,0.0,0.0,0.0
59511,0,1,3400,-88,88,2165.692383,1.0,0.82,0.50,0.0,0.0,27,0.0,0.0,0.0,0.0,0.0,0.0,0.0,0.0
59760,0,1,3400,-88,88,2165.692383,1.0,0.82,0.50,0.0,0.0,27,0.0,0.0,0.0,0.0,0.0,0.0,0.0,0.0
60009,0,1,3400,-88,88,2165.692383,1.0,0.82,0.50,0.0,0.0,27,0.0,0.0,0.0,0.0,0.0,0.0,0.0,0.0
60258,0,1,3400,-88,88,2165.692383,1.0,0.82,0.50,0.0,0.0,27,0.0,0.0,0.0,0.0,0.0,0.0,0.0,0.0
60507,0,1,3400,-88,88,2165.692383,1.0,0.82,0.50,0.0,0.0,27,0.0,0.0,0.0,0.0,0.0,0.0,0.0,0.0
60756,0,1,3400,-88,88,2165.692383,1.0,0.82,0.50,0.0,0.0,27,0.0,0.0,0.0,0.0,0.0,0.0,0.0,0.0
61005,0,1,3400,-88,88,2165.692383,1.0,0.82,0.50,0.0,0.0,27,0.0,0.0,0.0,0.0,0.0,0.0,0.0,0.0
61254,0,1,3400,-88,88,2165.692383,1.0,0.82,0.50,0.0,0.0,27,0.0,0.0,0.0,0.0,0.0,0.0,0.0,0.0
61503,0,1,3400,-88,88,2165.692383,1.0,0.82,0.50,0.0,0.0,27,0.0,0.0,0.0,0.0,0.0,0.0,0.0,0.0
61752,0,1,3400,-88,88,2165.692383,1.0,0.82,0.50,0.0,0.0,27,0.0,0.0,0.0,0.0,0.0,0.0,0.0,0.0
62001,0,1,3400,-88,88,2165.692383,1.0,0.82,0.50,0.0,0.0,27,0.0,0.0,0.0,0.0,0.0,0.0,0.0,0.0
62250,0,1,3400,-88,88,2165.692383,1.0,0.82,0.50,0.0,0.0,27,0.0,0.0,0.0,0.0,0.0,0.0,0.0,0.0
62499,0,1,3400,-88,88,2165.692383,1.0,0.82,0.50,0.0,0.0,27,0.0,0.0,0.0,0.0,0.0,0.0,0.0,0.0
62748,0,1,3400,-88,88,2165.692383,1.0,0.82,0.50,0.0,0.0,27,0.0,0.0,0.0,0.0,0.0,0.0,0.0,0.0
62997,0,1,3400,-88,88,2165.692383,1.0,0.82,0.50,0.0,0.0,27,0.0,0.0,0.0,0.0,0.0,0.0,0.0,0.0
63246,0,1,3400,-88,88,2165.692383,1.0,0.82,0.50,0.0,0.0,27,0.0,0.0,0.0,0.0,0.0,0.0,0.0,0.0
63495,0,1,3400,-88,88,2165.692383,1.0,0.82,0.50,0.0,0.0,27,0.0,0.0,0.0,0.0,0.0,0.0,0.0,0.0
63744,0,1,3400,-88,88,2165.692383,1.0,0.82,0.50,0.0,0.0,27,0.0,0.0,0.0,0.0,0.0,0.0,0.0,0.0
63993,0,1,3400,-88,88,2165.692383,1.0,0.82,0.50,0.0,0.0,27,0.0,0.0,0.0,0.0,0.0,0.0,0.0,0.0
64242,0,1,3400,-88,88,2165.692383,1.0,0.82,0.50,0.0,0.0,27,0.0,0.0,0.0,0.0,0.0,0.0,0.0,0.0
64491,0,1,3400,-88,88,2165.692383,1.0,0.82,0.50,0.0,0.0,27,0.0,0.0,0.0,0.0,0.0,0.0,0.0,0.0
64740,0,1,3400,-88,88,2165.692383,1.0,0.82,0.50,0.0,0.0,27,0.0,0.0,0.0,0.0,0.0,0.0,0.0,0.0
64989,0,1,3400,-88,88,2165.692383,1.0,0.82,0.50,0.0,0.0,27,0.0,0.0,0.0,0.0,0.0,0.0,0.0,0.0
65238,0,1,3400,-88,88,2165.692383,1.0,0.82,0.50,0.0,0.0,27,0.0,0.0,0.0,0.0,0.0,0.0,0.0,0.0
65487,0,1,3400,-88,88,2165.692383,1.0,0.82,0.50,0.0,0.0,27,0.0,0.0,0.0,0.0,0.0,0.0,0.0,0.0
65736,0,1,3400,-88,88,2165.692383,1.0,0.82,0.50,0.0,0.0,27,0.0,0.0,0.0,0.0,0.0,0.0,0.0,0.0
65985,0,1,3400,-88,88,2165.692383,1.0,0.82,0.50,0.0,0.0,27,0.0,0.0,0.0,0.0,0.0,0.0,0.0,0.0
66234,0,1,3400,-88,88,2165.692383,1.0,0.82,0.50,0.0,0.0,27,0.0,0.0,0.0,0.0,0.0,0.0,0.0,0.0
66483,0,1,3400,-88,88,2165.692383,1.0,0.82,0.50,0.0,0.0,27,0.0,0.0,0.0,0.0,0.0,0.0,0.0,0.0
66732,0,1,3400,-88,88,2165.692383,1.0,0.82,0.50,0.0,0.0,27,0.0,0.0,0.0,0.0,0.0,0.0,0.0,0.0
66981,0,1,3400,-88,88,2165.692383,1.0,0.82,0.50,0.0,0.0,27,0.0,0.0,0.0,0.0,0.0,0.0,0.0,0.0
67230,0,1,3400,-88,88,2165.692383,1.0,0.82,0.50,0.0,0.0,27,0.0,0.0,0.0,0.0,0.0,0.0,0.0,0.0
67479,0,1,3400,-88,88,2165.692383,1.0,0.82,0.50,0.0,0.0,27,0.0,0.0,0.0,0.0,0.0,0.0,0.0,0.0
67728,0,1,3400,-88,88,2165.692383,1.0,0.82,0.50,0.0,0.0,27,0.0,0.0,0.0,0.0,0.0,0.0,0.0,0.0
67977,0,1,3400,-88,88,2165.692383,1.0,0.82,0.50,0.0,0.0,27,0.0,0.0,0.0,0.0,0.0,0.0,0.0,0.0
68226,0,1,3400,-88,88,2165.692383,1.0,0.82,0.50,0.0,0.0,27,0.0,0.0,0.0,0.0,0.0,0.0,0.0,0.0
68475,0,1,3400,-88,88,2165.692383,1.0,0.82,0.50,0.0,0.0,27,0.0,0.0,0.0,0.0,0.0,0.0,0.0,0.0
68724,0,1,3400,-88,88,2165.692383,1.0,0.82,0.50,0.0,0.0,27,0.0,0.0,0.0,0.0,0.0,0.0,0.0,0.0
68973,0,1,3400,-88,88,2165.692383,1.0,0.82,0.50,0.0,0.0,27,0.0,0.0,0.0,0.0,0.0,0.0,0.0,0.0
69222,0,1,3400,-88,88,2165.692383,1.0,0.82,0.50,0.0,0.0,27,0.0,0.0,0.0,0.0,0.0,0.0,0.0,0.0
69471,0,1,3400,-88,88,2165.692383,1.0,0.82,0.50,0.0,0.0,27,0.0,0.0,0.0,0.0,0.0,0.0,0.0,0.0
69720,0,1,3400,-88,88,2165.692383,1.0,0.82,0.50,0.0,0.0,27,0.0,0.0,0.0,0.0,0.0,0.0,0.0,0.0
69969,0,1,3400,-88,88,2165.692383,1.0,0.82,0.50,0.0,0.0,27,0.0,0.0,0.0,0.0,0.0,0.0,0.0,0.0
70218,0,1,3400,-88,88,2165.692383,1.0,0.82,0.50,0.0,0.0,27,0.0,0.0,0.0,0.0,0.0,0.0,0.0,0.0
70467,0,1,3400,-88,88,2165.692383,1.0,0.82,0.50,0.0,0.0,27,0.0,0.0,0.0,0.0,0.0,0.0,0.0,0.0
70716,0,1,3400,-88,88,2165.692383,1.0,0.82,0.50,0.0,0.0,27,0.0,0.0,0.0,0.0,0.0,0.0,0.0,0.0
70965,0,1,3400,-88,88,2165.692383,1.0,0.82,0.50,0.0,0.0,27,0.0,0.0,0.0,0.0,0.0,0.0,0.0,0.0
71214,0,1,3400,-88,88,2165.692383,1.0,0.82,0.50,0.0,0.0,27,0.0,0.0,0.0,0.0,0.0,0.0,0.0,0.0
71463,0,1,3400,-88,88,2165.692383,1.0,0.82,0.50,0.0,0.0,27,0.0,0.0,0.0,0.0,0.0,0.0,0.0,0.0
71712,0,1,3400,-88,88,2165.692383,1.0,0.82,0.50,0.0,0.0,27,0.0,0.0,0.0,0.0,0.0,0.0,0.0,0.0
71961,0,1,3400,-88,88,2165.692383,1.0,0.82,0.50,0.0,0.0,27,0.0,0.0,0.0,0.0,0.0,0.0,0.0,0.0
72210,0,1,3400,-88,88,2165.692383,1.0,0.82,0.50,0.0,0.0,27,0.0,0.0,0.0,0.0,0.0,0.0,0.0,0.0
72459,0,1,3400,-88,88,2165.692383,1.0,0.82,0.50,0.0,0.0,27,0.0,0.0,0.0,0.0,0.0,0.0,0.0,0.0
72708,0,1,3400,-88,88,2165.692383,1.0,0.82,0.50,0.0,0.0,27,0.0,0.0,0.0,0.0,0.0,0.0,0.0,0.0
72957,0,1,3400,-88,88,2165.692383,1.0,0.82,0.50,0.0,0.0,27,0.0,0.0,0.0,0.0,0.0,0.0,0.0,0.0
73206,0,1,3400,-88,88,2165.692383,1.0,0.82,0.50,0.0,0.0,27,0.0,0.0,0.0,0.0,0.0,0.0,0.0,0.0
73455,0,1,3400,-88,88,2165.692383,1.0,0.82,0.50,0.0,0.0,27,0.0,0.0,0.0,0.0,0.0,0.0,0.0,0.0
73704,0,1,3400,-88,88,2165.692383,1.0,0.82,0.50,0.0,0.0,27,0.0,0.0,0.0,0.0,0.0,0.0,0.0,0.0
73953,0,1,3400,-88,88,2165.692383,1.0,0.82,0.50,0.0,0.0,27,0.0,0.0,0.0,0.0,0.0,0.0,0.0,0.0
74202,0,1,3400,-88,88,2165.692383,1.0,0.82,0.50,0.0,0.0,27,0.0,0.0,0.0,0.0,0.0,0.0,0.0,0.0
74451,0,1,3400,-88,88,2165.692383,1.0,0.82,0.50,0.0,0.0,27,0.0,0.0,0.0,0.0,0.0,0.0,0.0,0.0
74700,0,1,3400,-88,88,2165.692383,1.0,0.82,0.50,0.0,0.0,27,0.0,0.0,0.0,0.0,0.0,0.0,0.0,0.0
74949,0,1,3400,-88,88,2165.692383,1.0,0.82,0.50,0.0,0.0,27,0.0,0.0,0.0,0.0,0.0,0.0,0.0,0.0
75198,0,1,3400,-88,88,2165.692383,1.0,0.82,0.50,0.0,0.0,27,0.0,0.0,0.0,0.0,0.0,0.0,0.0,0.0
75447,0,1,3400,-88,88,2165.692383,1.0,0.82,0.50,0.0,0.0,27,0.0,0.0,0.0,0.0,0.0,0.0,0.0,0.0
75696,0,1,3400,-88,88,2165.692383,1.0,0.82,0.50,0.0,0.0,27,0.0,0.0,0.0,0.0,0.0,0.0,0.0,0.0
75945,0,1,3400,-88,88,2165.692383,1.0,0.82,0.50,0.0,0.0,27,0.0,0.0,0.0,0.0,0.0,0.0,0.0,0.0
76194,0,1,3400,-88,88,2165.692383,1.0,0.82,0.50,0.0,0.0,27,0.0,0.0,0.0,0.0,0.0,0.0,0.0,0.0
76443,0,1,3400,-88,88,2165.692383,1.0,0.82,0.50,0.0,0.0,27,0.0,0.0,0.0,0.0,0.0,0.0,0.0,0.0
76692,0,1,3400,-88,88,2165.692383,1.0,0.82,0.50,0.0,0.0,27,0.0,0.0,0.0,0.0,0.0,0.0,0.0,0.0
76941,0,1,3400,-88,88,2165.692383,1.0,0.82,0.50,0.0,0.0,27,0.0,0.0,0.0,0.0,0.0,0.0,0.0,0.0
77190,0,1,3400,-88,88,2165.692383,1.0,0.82,0.50,0.0,0.0,27,0.0,0.0,0.0,0.0,0.0,0.0,0.0,0.0
77439,0,1,3400,-88,88,2165.692383,1.0,0.82,0.50,0.0,0.0,27,0.0,0.0,0.0,0.0,0.0,0.0,0.0,0.0
77688,0,1,3400,-88,88,2165.692383,1.0,0.82,0.50,0.0,0.0,27,0.0,0.0,0.0,0.0,0.0,0.0,0.0,0.0
77937,0,1,3400,-88,88,2165.692383,1.0,0.82,0.50,0.0,0.0,27,0.0,0.0,0.0,0.0,0.0,0.0,0.0,0.0
78186,0,1,3400,-88,88,2165.692383,1.0,0.82,0.50,0.0,0.0,27,0.0,0.0,0.0,0.0,0.0,0.0,0.0,0.0
78435,0,1,3400,-88,88,2165.692383,1.0,0.82,0.50,0.0,0.0,27,0.0,0.0,0.0,0.0,0.0,0.0,0.0,0.0
78684,0,1,3400,-88,88,2165.692383,1.0,0.82,0.50,0.0,0.0,27,0.0,0.0,0.0,0.0,0.0,0.0,0.0,0.0
78933,0,1,3400,-88,88,2165.692383,1.0,0.82,0.50,0.0,0.0,27,0.0,0.0,0.0,0.0,0.0,0.0,0.0,0.0
79182,0,1,3400,-88,88,2165.692383,1.0,0.82,0.50,0.0,0.0,27,0.0,0.0,0.0,0.0,0.0,0.0,0.0,0.0
79431,0,1,3400,-88,88,2165.692383,1.0,0.82,0.50,0.0,0.0,27,0.0,0.0,0.0,0.0,0.0,0.0,0.0,0.0
79680,0,1,3400,-88,88,2165.692383,1.0,0.82,0.50,0.0,0.0,27,0.0,0.0,0.0,0.0,0.0,0.0,0.0,0.0
79929,0,1,3400,-88,88,2165.692383,1.0,0.82,0.50,0.0,0.0,27,0.0,0.0,0.0,0.0,0.0,0.0,0.0,0.0
80178,0,1,3400,-88,88,2165.692383,1.0,0.82,0.50,0.0,0.0,27,0.0,0.0,0.0,0.0,0.0,0.0,0.0,0.0
80427,0,1,3400,-88,88,2165.692383,1.0,0.82,0.50,0.0,0.0,27,0.0,0.0,0.0,0.0,0.0,0.0,0.0,0.0
80676,0,1,3400,-88,88,2165.692383,1.0,0.82,0.50,0.0,0.0,27,0.0,0.0,0.0,0.0,0.0,0.0,0.0,0.0
80925,0,1,3400,-88,88,2165.692383,1.0,0.82,0.50,0.0,0.0,27,0.0,0.0,0.0,0.0,0.0,0.0,0.0,0.0
81174,0,1,3400,-88,88,2165.692383,1.0,0.82,0.50,0.0,0.0,27,0.0,0.0,0.0,0.0,0.0,0.0,0.0,0.0
81423,0,1,3400,-88,88,2165.692383,1.0,0.82,0.50,0.0,0.0,27,0.0,0.0,0.0,0.0,0.0,0.0,0.0,0.0
81672,0,1,3400,-88,88,2165.692383,1.0,0.82,0.50,0.0,0.0,27,0.0,0.0,0.0,0.0,0.0,0.0,0.0,0.0
81921,0,1,3400,-88,88,2165.692383,1.0,0.82,0.50,0.0,0.0,27,0.0,0.0,0.0,0.0,0.0,0.0,0.0,0.0
82170,0,1,3400,-88,88,2165.692383,1.0,0.82,0.50,0.0,0.0,27,0.0,0.0,0.0,0.0,0.0,0.0,0.0,0.0
82419,0,1,3400,-88,88,2165.692383,1.0,0.82,0.50,0.0,0.0,27,0.0,0.0,0.0,0.0,0.0,0.0,0.0,0.0
82668,0,1,3400,-88,88,2165.692383,1.0,0.82,0.50,0.0,0.0,27,0.0,0.0,0.0,0.0,0.0,0.0,0.0,0.0
82917,0,1,3400,-88,88,2165.692383,1.0,0.82,0.50,0.0,0.0,27,0.0,0.0,0.0,0.0,0.0,0.0,0.0,0.0
83166,0,1,3400,-88,88,2165.692383,1.0,0.82,0.50,0.0,0.0,27,0.0,0.0,0.0,0.0,0.0,0.0,0.0,0.0
83415,0,1,3400,-88,88,2165.692383,1.0,0.82,0.50,0.0,0.0,27,0.0,0.0,0.0,0.0,0.0,0.0,0.0,0.0
83664,0,1,3400,-88,88,2165.692383,1.0,0.82,0.50,0.0,0.0,27,0.0,0.0,0.0,0.0,0.0,0.0,0.0,0.0
83913,0,1,3400,-88,88,2165.692383,1.0,0.82,0.50,0.0,0.0,27,0.0,0.0,0.0,0.0,0.0,0.0,0.0,0.0
84162,0,1,3400,-88,88,2165.692383,1.0,0.82,0.50,0.0,0.0,27,0.0,0.0,0.0,0.0,0.0,0.0,0.0,0.0
84411,0,1,3400,-88,88,2165.692383,1.0,0.82,0.50,0.0,0.0,27,0.0,0.0,0.0,0.0,0.0,0.0,0.0,0.0
84660,0,1,3400,-88,88,2165.692383,1.0,0.82,0.50,0.0,0.0,27,0.0,0.0,0.0,0.0,0.0,0.0,0.0,0.0
84909,0,1,3400,-88,88,2165.692383,1.0,0.82,0.50,0.0,0.0,27,0.0,0.0,0.0,0.0,0.0,0.0,0.0,0.0
85158,0,1,3400,-88,88,2165.692383,1.0,0.82,0.50,0.0,0.0,27,0.0,0.0,0.0,0.0,0.0,0.0,0.0,0.0
85407,0,1,3400,-88,88,2165.692383,1.0,0.82,0.50,0.0,0.0,27,0.0,0.0,0.0,0.0,0.0,0.0,0.0,0.0
85656,0,1,3400,-88,88,2165.692383,1.0,0.82,0.50,0.0,0.0,27,0.0,0.0,0.0,0.0,0.0,0.0,0.0,0.0
85905,0,1,3400,-88,88,2165.692383,1.0,0.82,0.50,0.0,0.0,27,0.0,0.0,0.0,0.0,0.0,0.0,0.0,0.0
86154,0,1,3400,-88,88,2165.692383,1.0,0.82,0.50,0.0,0.0,27,0.0,0.0,0.0,0.0,0.0,0.0,0.0,0.0
86403,0,1,3400,-88,88,2165.692383,1.0,0.82,0.50,0.0,0.0,27,0.0,0.0,0.0,0.0,0.0,0.0,0.0,0.0
86652,0,1,3400,-88,88,2165.692383,1.0,0.82,0.50,0.0,0.0,27,0.0,0.0,0.0,0.0,0.0,0.0,0.0,0.0
86901,0,1,3400,-88,88,2165.692383,1.0,0.82,0.50,0.0,0.0,27,0.0,0.0,0.0,0.0,0.0,0.0,0.0,0.0
87150,0,1,3400,-88,88,2165.692383,1.0,0.82,0.50,0.0,0.0,27,0.0,0.0,0.0,0.0,0.0,0.0,0.0,0.0
87399,0,1,3400,-88,88,2165.692383,1.0,0.82,0.50,0.0,0.0,27,0.0,0.0,0.0,0.0,0.0,0.0,0.0,0.0
87648,0,1,3400,-88,88,2165.692383,1.0,0.82,0.50,0.0,0.0,27,0.0,0.0,0.0,0.0,0.0,0.0,0.0,0.0
87897,0,1,3400,-88,88,2165.692383,1.0,0.82,0.50,0.0,0.0,27,0.0,0.0,0.0,0.0,0.0,0.0,0.0,0.0
88146,0,1,3400,-88,88,2165.692383,1.0,0.82,0.50,0.0,0.0,27,0.0,0.0,0.0,0.0,0.0,0.0,0.0,0.0
88395,0,1,3400,-88,88,2165.692383,1.0,0.82,0.50,0.0,0.0,27,0.0,0.0,0.0,0.0,0.0,0.0,0.0,0.0
88644,0,1,3400,-88,88,2165.692383,1.0,0.82,0.50,0.0,0.0,27,0.0,0.0,0.0,0.0,0.0,0.0,0.0,0.0
88893,0,1,3400,-88,88,2165.692383,1.0,0.82,0.50,0.0,0.0,27,0.0,0.0,0.0,0.0,0.0,0.0,0.0,0.0
89142,0,1,3400,-88,88,2165.692383,1.0,0.82,0.50,0.0,0.0,27,0.0,0.0,0.0,0.0,0.0,0.0,0.0,0.0
89391,0,1,3400,-88,88,2165.692383,1.0,0.82,0.50,0.0,0.0,27,0.0,0.0,0.0,0.0,0.0,0.0,0.0,0.0
89640,0,1,3400,-88,88,2165.692383,1.0,0.82,0.50,0.0,0.0,27,0.0,0.0,0.0,0.0,0.0,0.0,0.0,0.0
89889,0,1,3400,-88,88,2165.692383,1.0,0.82,0.50,0.0,0.0,27,0.0,0.0,0.0,0.0,0.0,0.0,0.0,0.0
90138,0,1,3400,-88,88,2165.692383,1.0,0.82,0.50,0.0,0.0,27,0.0,0.0,0.0,0.0,0.0,0.0,0.0,0.0
90387,0,1,3400,-88,88,2165.692383,1.0,0.82,0.50,0.0,0.0,27,0.0,0.0,0.0,0.0,0.0,0.0,0.0,0.0
90636,0,1,3400,-88,88,2165.692383,1.0,0.82,0.50,0.0,0.0,27,0.0,0.0,0.0,0.0,0.0,0.0,0.0,0.0
90885,0,1,3400,-88,88,2165.692383,1.0,0.82,0.50,0.0,0.0,27,0.0,0.0,0.0,0.0,0.0,0.0,0.0,0.0
91134,0,1,3400,-88,88,2165.692383,1.0,0.82,0.50,0.0,0.0,27,0.0,0.0,0.0,0.0,0.0,0.0,0.0,0.0
91383,0,1,3400,-88,88,2165.692383,1.0,0.82,0.50,0.0,0.0,27,0.0,0.0,0.0,0.0,0.0,0.0,0.0,0.0
91632,0,1,3400,-88,88,2165.692383,1.0,0.82,0.50,0.0,0.0,27,0.0,0.0,0.0,0.0,0.0,0.0,0.0,0.0
91881,0,1,3400,-88,88,2165.692383,1.0,0.82,0.50,0.0,0.0,27,0.0,0.0,0.0,0.0,0.0,0.0,0.0,0.0
92130,0,1,3400,-88,88,2165.692383,1.0,0.82,0.50,0.0,0.0,27,0.0,0.0,0.0,0.0,0.0,0.0,0.0,0.0
92379,0,1,3400,-88,88,2165.692383,1.0,0.82,0.50,0.0,0.0,27,0.0,0.0,0.0,0.0,0.0,0.0,0.0,0.0
92628,0,1,3400,-88,88,2165.692383,1.0,0.82,0.50,0.0,0.0,27,0.0,0.0,0.0,0.0,0.0,0.0,0.0,0.0
92877,0,1,3400,-88,88,2165.692383,1.0,0.82,0.50,0.0,0.0,27,0.0,0.0,0.0,0.0,0.0,0.0,0.0,0.0
93126,0,1,3400,-88,88,2165.692383,1.0,0.82,0.50,0.0,0.0,27,0.0,0.0,0.0,0.0,0.0,0.0,0.0,0.0
93375,0,1,3400,-88,88,2165.692383,1.0,0.82,0.50,0.0,0.0,27,0.0,0.0,0.0,0.0,0.0,0.0,0.0,0.0
93624,0,1,3400,-88,88,2165.692383,1.0,0.82,0.50,0.0,0.0,27,0.0,0.0,0.0,0.0,0.0,0.0,0.0,0.0
93873,0,1,3400,-88,88,2165.692383,1.0,0.82,0.50,0.0,0.0,27,0.0,0.0,0.0,0.0,0.0,0.0,0.0,0.0
94122,0,1,3400,-88,88,2165.692383,1.0,0.82,0.50,0.0,0.0,27,0.0,0.0,0.0,0.0,0.0,0.0,0.0,0.0
94371,0,1,3400,-88,88,2165.692383,1.0,0.82,0.50,0.0,0.0,27,0.0,0.0,0.0,0.0,0.0,0.0,0.0,0.0
94620,0,1,3400,-88,88,2165.692383,1.0,0.82,0.50,0.0,0.0,27,0.0,0.0,0.0,0.0,0.0,0.0,0.0,0.0
94869,0,1,3400,-88,88,2165.692383,1.0,0.82,0.50,0.0,0.0,27,0.0,0.0,0.0,0.0,0.0,0.0,0.0,0.0
95118,0,1,3400,-88,88,2165.692383,1.0,0.82,0.50,0.0,0.0,27,0.0,0.0,0.0,0.0,0.0,0.0,0.0,0.0
95367,0,1,3400,-88,88,2165.692383,1.0,0.82,0.50,0.0,0.0,27,0.0,0.0,0.0,0.0,0.0,0.0,0.0,0.0
95616,0,1,3400,-88,88,2165.692383,1.0,0.82,0.50,0.0,0.0,27,0.0,0.0,0.0,0.0,0.0,0.0,0.0,0.0
95865,0,1,3400,-88,88,2165.692383,1.0,0.82,0.50,0.0,0.0,27,0.0,0.0,0.0,0.0,0.0,0.0,0.0,0.0
96114,0,1,3400,-88,88,2165.692383,1.0,0.82,0.50,0.0,0.0,27,0.0,0.0,0.0,0.0,0.0,0.0,0.0,0.0
96363,0,1,3400,-88,88,2165.692383,1.0,0.82,0.50,0.0,0.0,27,0.0,0.0,0.0,0.0,0.0,0.0,0.0,0.0
96612,0,1,3400,-88,88,2165.692383,1.0,0.82,0.50,0.0,0.0,27,0.0,0.0,0.0,0.0,0.0,0.0,0.0,0.0
96861,0,1,3400,-88,88,2165.692383,1.0,0.82,0.50,0.0,0.0,27,0.0,0.0,0.0,0.0,0.0,0.0,0.0,0.0
97110,0,1,3400,-88,88,2165.692383,1.0,0.82,0.50,0.0,0.0,27,0.0,0.0,0.0,0.0,0.0,0.0,0.0,0.0
97359,0,1,3400,-88,88,2165.692383,1.0,0.82,0.50,0.0,0.0,27,0.0,0.0,0.0,0.0,0.0,0.0,0.0,0.0
97608,0,1,3400,-88,88,2165.692383,1.0,0.82,0.50,0.0,0.0,27,0.0,0.0,0.0,0.0,0.0,0.0,0.0,0.0
97857,0,1,3400,-88,88,2165.692383,1.0,0.82,0.50,0.0,0.0,27,0.0,0.0,0.0,0.0,0.0,0.0,0.0,0.0
98106,0,1,3400,-88,88,2165.692383,1.0,0.82,0.50,0.0,0.0,27,0.0,0.0,0.0,0.0,0.0,0.0,0.0,0.0
98355,0,1,3400,-88,88,2165.692383,1.0,0.82,0.50,0.0,0.0,27,0.0,0.0,0.0,0.0,0.0,0.0,0.0,0.0
98604,0,1,3400,-88,88,2165.692383,1.0,0.82,0.50,0.0,0.0,27,0.0,0.0,0.0,0.0,0.0,0.0,0.0,0.0
98853,0,1,3400,-88,88,2165.692383,1.0,0.82,0.50,0.0,0.0,27,0.0,0.0,0.0,0.0,0.0,0.0,0.0,0.0
99102,0,1,3400,-88,88,2165.692383,1.0,0.82,0.50,0.0,0.0,27,0.0,0.0,0.0,0.0,0.0,0.0,0.0,0.0
99351,0,1,3400,-88,88,2165.692383,1.0,0.82,0.50,0.0,0.0,27,0.0,0.0,0.0,0.0,0.0,0.0,0.0,0.0
99600,0,1,3400,-88,88,2165.692383,1.0,0.82,0.50,0.0,0.0,27,0.0,0.0,0.0,0.0,0.0,0.0,0.0,0.0
99849,0,1,3400,-88,88,2165.692383,1.0,0.82,0.50,0.0,0.0,27,0.0,0.0,0.0,0.0,0.0,0.0,0.0,0.0
100098,0,1,3400,-88,88,2165.692383,1.0,0.82,0.50,0.0,0.0,27,0.0,0.0,0.0,0.0,0.0,0.0,0.0,0.0
100347,0,1,3400,-88,88,2165.692383,1.0,0.82,0.50,0.0,0.0,27,0.0,0.0,0.0,0.0,0.0,0.0,0.0,0.0
100596,0,1,3400,-88,88,2165.692383,1.0,0.82,0.50,0.0,0.0,27,0.0,0.0,0.0,0.0,0.0,0.0,0.0,0.0
100845,0,1,3400,-88,88,2165.692383,1.0,0.82,0.50,0.0,0.0,27,0.0,0.0,0.0,0.0,0.0,0.0,0.0,0.0
101094,0,1,3400,-88,88,2165.692383,1.0,0.82,0.50,0.0,0.0,27,0.0,0.0,0.0,0.0,0.0,0.0,0.0,0.0
101343,0,1,3400,-88,88,2165.692383,1.0,0.82,0.50,0.0,0.0,27,0.0,0.0,0.0,0.0,0.0,0.0,0.0,0.0
101592,0,1,3400,-88,88,2165.692383,1.0,0.82,0.50,0.0,0.0,27,0.0,0.0,0.0,0.0,0.0,0.0,0.0,0.0
101841,0,1,3400,-88,88,2165.692383,1.0,0.82,0.50,0.0,0.0,27,0.0,0.0,0.0,0.0,0.0,0.0,0.0,0.0
102090,0,1,3400,-88,88,2165.692383,1.0,0.82,0.50,0.0,0.0,27,0.0,0.0,0.0,0.0,0.0,0.0,0.0,0.0
102339,0,1,3400,-88,88,2165.692383,1.0,0.82,0.50,0.0,0.0,27,0.0,0.0,0.0,0.0,0.0,0.0,0.0,0.0
102588,0,1,3400,-88,88,2165.692383,1.0,0.82,0.50,0.0,0.0,27,0.0,0.0,0.0,0.0,0.0,0.0,0.0,0.0
102837,0,1,3400,-88,88,2165.692383,1.0,0.82,0.50,0.0,0.0,27,0.0,0.0,0.0,0.0,0.0,0.0,0.0,0.0
103086,0,1,3400,-88,88,2165.692383,1.0,0.82,0.50,0.0,0.0,27,0.0,0.0,0.0,0.0,0.0,0.0,0.0,0.0
103335,0,1,3400,-88,88,2165.692383,1.0,0.82,0.50,0.0,0.0,27,0.0,0.0,0.0,0.0,0.0,0.0,0.0,0.0
103584,0,1,3400,-88,88,2165.692383,1.0,0.82,0.50,0.0,0.0,27,0.0,0.0,0.0,0.0,0.0,0.0,0.0,0.0
103833,0,1,3400,-88,88,2165.692383,1.0,0.82,0.50,0.0,0.0,27,0.0,0.0,0.0,0.0,0.0,0.0,0.0,0.0
104082,0,1,3400,-88,88,2165.692383,1.0,0.82,0.50,0.0,0.0,27,0.0,0.0,0.0,0.0,0.0,0.0,0.0,0.0
104331,0,1,3400,-88,88,2165.692383,1.0,0.82,0.50,0.0,0.0,27,0.0,0.0,0.0,0.0,0.0,0.0,0.0,0.0
104580,0,1,3400,-88,88,2165.692383,1.0,0.82,0.50,0.0,0.0,27,0.0,0.0,0.0,0.0,0.0,0.0,0.0,0.0
104829,0,1,3400,-88,88,2165.692383,1.0,0.82,0.50,0.0,0.0,27,0.0,0.0,0.0,0.0,0.0,0.0,0.0,0.0
105078,0,1,3400,-88,88,2165.692383,1.0,0.82,0.50,0.0,0.0,27,0.0,0.0,0.0,0.0,0.0,0.0,0.0,0.0
105327,0,1,3400,-88,88,2165.692383,1.0,0.82,0.50,0.0,0.0,27,0.0,0.0,0.0,0.0,0.0,0.0,0.0,0.0
105576,0,1,3400,-88,88,2165.692383,1.0,0.82,0.50,0.0,0.0,27,0.0,0.0,0.0,0.0,0.0,0.0,0.0,0.0
105825,0,1,3400,-88,88,2165.692383,1.0,0.82,0.50,0.0,0.0,27,0.0,0.0,0.0,0.0,0.0,0.0,0.0,0.0
106074,0,1,3400,-88,88,2165.692383,1.0,0.82,0.50,0.0,0.0,27,0.0,0.0,0.0,0.0,0.0,0.0,0.0,0.0
106323,0,1,3400,-88,88,2165.692383,1.0,0.82,0.50,0.0,0.0,27,0.0,0.0,0.0,0.0,0.0,0.0,0.0,0.0
106572,0,1,3400,-88,88,2165.692383,1.0,0.82,0.50,0.0,0.0,27,0.0,0.0,0.0,0.0,0.0,0.0,0.0,0.0
106821,0,1,3400,-88,88,2165.692383,1.0,0.82,0.50,0.0,0.0,27,0.0,0.0,0.0,0.0,0.0,0.0,0.0,0.0
107070,0,1,3400,-88,88,2165.692383,1.0,0.82,0.50,0.0,0.0,27,0.0,0.0,0.0,0.0,0.0,0.0,0.0,0.0
107319,0,1,3400,-88,88,2165.692383,1.0,0.82,0.50,0.0,0.0,27,0.0,0.0,0.0,0.0,0.0,0.0,0.0,0.0
107568,0,1,3400,-88,88,2165.692383,1.0,0.82,0.50,0.0,0.0,27,0.0,0.0,0.0,0.0,0.0,0.0,0.0,0.0
107817,0,1,3400,-88,88,2165.692383,1.0,0.82,0.50,0.0,0.0,27,0.0,0.0,0.0,0.0,0.0,0.0,0.0,0.0
108066,0,1,3400,-88,88,2165.692383,1.0,0.82,0.50,0.0,0.0,27,0.0,0.0,0.0,0.0,0.0,0.0,0.0,0.0
108315,0,1,3400,-88,88,2165.692383,1.0,0.82,0.50,0.0,0.0,27,0.0,0.0,0.0,0.0,0.0,0.0,0.0,0.0
108564,0,1,3400,-88,88,2165.692383,1.0,0.82,0.50,0.0,0.0,27,0.0,0.0,0.0,0.0,0.0,0.0,0.0,0.0
108813,0,1,3400,-88,88,2165.692383,1.0,0.82,0.50,0.0,0.0,27,0.0,0.0,0.0,0.0,0.0,0.0,0.0,0.0
109062,0,1,3400,-88,88,2165.692383,1.0,0.82,0.50,0.0,0.0,27,0.0,0.0,0.0,0.0,0.0,0.0,0.0,0.0
109311,0,1,3400,-88,88,2165.692383,1.0,0.82,0.50,0.0,0.0,27,0.0,0.0,0.0,0.0,0.0,0.0,0.0,0.0
109560,0,1,3400,-88,88,2165.692383,1.0,0.82,0.50,0.0,0.0,27,0.0,0.0,0.0,0.0,0.0,0.0,0.0,0.0
109809,0,1,3400,-88,88,2165.692383,1.0,0.82,0.50,0.0,0.0,27,0.0,0.0,0.0,0.0,0.0,0.0,0.0,0.0
110058,0,1,3400,-88,88,2165.692383,1.0,0.82,0.50,0.0,0.0,27,0.0,0.0,0.0,0.0,0.0,0.0,0.0,0.0
110307,0,1,3400,-88,88,2165.692383,1.0,0.82,0.50,0.0,0.0,27,0.0,0.0,0.0,0.0,0.0,0.0,0.0,0.0
110556,0,1,3400,-88,88,2165.692383,1.0,0.82,0.50,0.0,0.0,27,0.0,0.0,0.0,0.0,0.0,0.0,0.0,0.0
110805,0,1,3400,-88,88,2165.692383,1.0,0.82,0.50,0.0,0.0,27,0.0,0.0,0.0,0.0,0.0,0.0,0.0,0.0
111054,0,1,3400,-88,88,2165.692383,1.0,0.82,0.50,0.0,0.0,27,0.0,0.0,0.0,0.0,0.0,0.0,0.0,0.0
111303,0,1,3400,-88,88,2165.692383,1.0,0.82,0.50,0.0,0.0,27,0.0,0.0,0.0,0.0,0.0,0.0,0.0,0.0
111552,0,1,3400,-88,88,2165.692383,1.0,0.82,0.50,0.0,0.0,27,0.0,0.0,0.0,0.0,0.0,0.0,0.0,0.0
111801,0,1,3400,-88,88,2165.692383,1.0,0.82,0.50,0.0,0.0,27,0.0,0.0,0.0,0.0,0.0,0.0,0.0,0.0
112050,0,1,3400,-88,88,2165.692383,1.0,0.82,0.50,0.0,0.0,27,0.0,0.0,0.0,0.0,0.0,0.0,0.0,0.0
112299,0,1,3400,-88,88,2165.692383,1.0,0.82,0.50,0.0,0.0,27,0.0,0.0,0.0,0.0,0.0,0.0,0.0,0.0
112548,0,1,3400,-88,88,2165.692383,1.0,0.82,0.50,0.0,0.0,27,0.0,0.0,0.0,0.0,0.0,0.0,0.0,0.0
112797,0,1,3400,-88,88,2165.692383,1.0,0.82,0.50,0.0,0.0,27,0.0,0.0,0.0,0.0,0.0,0.0,0.0,0.0
113046,0,1,3400,-88,88,2165.692383,1.0,0.82,0.50,0.0,0.0,27,0.0,0.0,0.0,0.0,0.0,0.0,0.0,0.0
113295,0,1,3400,-88,88,2165.692383,1.0,0.82,0.50,0.0,0.0,27,0.0,0.0,0.0,0.0,0.0,0.0,0.0,0.0
113544,0,1,3400,-88,88,2165.692383,1.0,0.82,0.50,0.0,0.0,27,0.0,0.0,0.0,0.0,0.0,0.0,0.0,0.0
113793,0,1,3400,-88,88,2165.692383,1.0,0.82,0.50,0.0,0.0,27,0.0,0.0,0.0,0.0,0.0,0.0,0.0,0.0
114042,0,1,3400,-88,88,2165.692383,1.0,0.82,0.50,0.0,0.0,27,0.0,0.0,0.0,0.0,0.0,0.0,0.0,0.0
114291,0,1,3400,-88,88,2165.692383,1.0,0.82,0.50,0.0,0.0,27,0.0,0.0,0.0,0.0,0.0,0.0,0.0,0.0
114540,0,1,3400,-88,88,2165.692383,1.0,0.82,0.50,0.0,0.0,27,0.0,0.0,0.0,0.0,0.0,0.0,0.0,0.0
114789,0,1,3400,-88,88,2165.692383,1.0,0.82,0.50,0.0,0.0,27,0.0,0.0,0.0,0.0,0.0,0.0,0.0,0.0
115038,0,1,3400,-88,88,2165.692383,1.0,0.82,0.50,0.0,0.0,27,0.0,0.0,0.0,0.0,0.0,0.0,0.0,0.0
115287,0,1,3400,-88,88,2165.692383,1.0,0.82,0.50,0.0,0.0,27,0.0,0.0,0.0,0.0,0.0,0.0,0.0,0.0
115536,0,1,3400,-88,88,2165.692383,1.0,0.82,0.50,0.0,0.0,27,0.0,0.0,0.0,0.0,0.0,0.0,0.0,0.0
115785,0,1,3400,-88,88,2165.692383,1.0,0.82,0.50,0.0,0.0,27,0.0,0.0,0.0,0.0,0.0,0.0,0.0,0.0
116034,0,1,3400,-88,88,2165.692383,1.0,0.82,0.50,0.0,0.0,27,0.0,0.0,0.0,0.0,0.0,0.0,0.0,0.0
116283,0,1,3400,-88,88,2165.692383,1.0,0.82,0.50,0.0,0.0,27,0.0,0.0,0.0,0.0,0.0,0.0,0.0,0.0
116532,0,1,3400,-88,88,2165.692383,1.0,0.82,0.50,0.0,0.0,27,0.0,0.0,0.0,0.0,0.0,0.0,0.0,0.0
116781,0,1,3400,-88,88,2165.692383,1.0,0.82,0.50,0.0,0.0,27,0.0,0.0,0.0,0.0,0.0,0.0,0.0,0.0
117030,0,1,3400,-88,88,2165.692383,1.0,0.82,0.50,0.0,0.0,27,0.0,0.0,0.0,0.0,0.0,0.0,0.0,0.0
117279,0,1,3400,-88,88,2165.692383,1.0,0.82,0.50,0.0,0.0,27,0.0,0.0,0.0,0.0,0.0,0.0,0.0,0.0
117528,0,1,3400,-88,88,2165.692383,1.0,0.82,0.50,0.0,0.0,27,0.0,0.0,0.0,0.0,0.0,0.0,0.0,0.0
117777,0,1,3400,-88,88,2165.692383,1.0,0.82,0.50,0.0,0.0,27,0.0,0.0,0.0,0.0,0.0,0.0,0.0,0.0
118026,0,1,3400,-88,88,2165.692383,1.0,0.82,0.50,0.0,0.0,27,0.0,0.0,0.0,0.0,0.0,0.0,0.0,0.0
118275,0,1,3400,-88,88,2165.692383,1.0,0.82,0.50,0.0,0.0,27,0.0,0.0,0.0,0.0,0.0,0.0,0.0,0.0
118524,0,1,3400,-88,88,2165.692383,1.0,0.82,0.50,0.0,0.0,27,0.0,0.0,0.0,0.0,0.0,0.0,0.0,0.0
118773,0,1,3400,-88,88,2165.692383,1.0,0.82,0.50,0.0,0.0,27,0.0,0.0,0.0,0.0,0.0,0.0,0.0,0.0
119022,0,1,3400,-88,88,2165.692383,1.0,0.82,0.50,0.0,0.0,27,0.0,0.0,0.0,0.0,0.0,0.0,0.0,0.0
119271,0,1,3400,-88,88,2165.692383,1.0,0.82,0.50,0.0,0.0,27,0.0,0.0,0.0,0.0,0.0,0.0,0.0,0.0
119520,0,1,3400,-88,88,2165.692383,1.0,0.82,0.50,0.0,0.0,27,0.0,0.0,0.0,0.0,0.0,0.0,0.0,0.0
119769,0,1,3400,-88,88,2165.692383,1.0,0.82,0.50,0.0,0.0,27,0.0,0.0,0.0,0.0,0.0,0.0,0.0,0.0
120018,0,1,3400,-88,88,2165.692383,1.0,0.82,0.50,0.0,0.0,27,0.0,0.0,0.0,0.0,0.0,0.0,0.0,0.0
120267,0,1,3400,-88,88,2165.692383,1.0,0.82,0.50,0.0,0.0,27,0.0,0.0,0.0,0.0,0.0,0.0,0.0,0.0
120516,0,1,3400,-88,88,2165.692383,1.0,0.82,0.50,0.0,0.0,27,0.0,0.0,0.0,0.0,0.0,0.0,0.0,0.0
120765,0,1,3400,-88,88,2165.692383,1.0,0.82,0.50,0.0,0.0,27,0.0,0.0,0.0,0.0,0.0,0.0,0.0,0.0
121014,0,1,3400,-88,88,2165.692383,1.0,0.82,0.50,0.0,0.0,27,0.0,0.0,0.0,0.0,0.0,0.0,0.0,0.0
121263,0,1,3400,-88,88,2165.692383,1.0,0.82,0.50,0.0,0.0,27,0.0,0.0,0.0,0.0,0.0,0.0,0.0,0.0
121512,0,1,3400,-88,88,2165.692383,1.0,0.82,0.50,0.0,0.0,27,0.0,0.0,0.0,0.0,0.0,0.0,0.0,0.0
121761,0,1,3400,-88,88,2165.692383,1.0,0.82,0.50,0.0,0.0,27,0.0,0.0,0.0,0.0,0.0,0.0,0.0,0.0
122010,0,1,3400,-88,88,2165.692383,1.0,0.82,0.50,0.0,0.0,27,0.0,0.0,0.0,0.0,0.0,0.0,0.0,0.0
122259,0,1,3400,-88,88,2165.692383,1.0,0.82,0.50,0.0,0.0,27,0.0,0.0,0.0,0.0,0.0,0.0,0.0,0.0
122508,0,1,3400,-88,88,2165.692383,1.0,0.82,0.50,0.0,0.0,27,0.0,0.0,0.0,0.0,0.0,0.0,0.0,0.0
122757,0,1,3400,-88,88,2165.692383,1.0,0.82,0.50,0.0,0.0,27,0.0,0.0,0.0,0.0,0.0,0.0,0.0,0.0
123006,0,1,3400,-88,88,2165.692383,1.0,0.82,0.50,0.0,0.0,27,0.0,0.0,0.0,0.0,0.0,0.0,0.0,0.0
123255,0,1,3400,-88,88,2165.692383,1.0,0.82,0.50,0.0,0.0,27,0.0,0.0,0.0,0.0,0.0,0.0,0.0,0.0
123504,0,1,3400,-88,88,2165.692383,1.0,0.82,0.50,0.0,0.0,27,0.0,0.0,0.0,0.0,0.0,0.0,0.0,0.0
123753,0,1,3400,-88,88,2165.692383,1.0,0.82,0.50,0.0,0.0,27,0.0,0.0,0.0,0.0,0.0,0.0,0.0,0.0
124002,0,1,3400,-88,88,2165.692383,1.0,0.82,0.50,0.0,0.0,27,0.0,0.0,0.0,0.0,0.0,0.0,0.0,0.0
124251,0,1,3400,-88,88,2165.692383,1.0,0.82,0.50,0.0,0.0,27,0.0,0.0,0.0,0.0,0.0,0.0,0.0,0.0
124500,0,1,3400,-88,88,2165.692383,1.0,0.82,0.50,0.0,0.0,27,0.0,0.0,0.0,0.0,0.0,0.0,0.0,0.0
124749,0,1,3400,-88,88,2165.692383,1.0,0.82,0.50,0.0,0.0,27,0.0,0.0,0.0,0.0,0.0,0.0,0.0,0.0
124998,0,1,3400,-88,88,2165.692383,1.0,0.82,0.50,0.0,0.0,27,0.0,0.0,0.0,0.0,0.0,0.0,0.0,0.0
125247,0,1,3400,-88,88,2165.692383,1.0,0.82,0.50,0.0,0.0,27,0.0,0.0,0.0,0.0,0.0,0.0,0.0,0.0
125496,0,1,3400,-88,88,2165.692383,1.0,0.82,0.50,0.0,0.0,27,0.0,0.0,0.0,0.0,0.0,0.0,0.0,0.0
125745,0,1,3400,-88,88,2165.692383,1.0,0.82,0.50,0.0,0.0,27,0.0,0.0,0.0,0.0,0.0,0.0,0.0,0.0
125994,0,1,3400,-88,88,2165.692383,1.0,0.82,0.50,0.0,0.0,27,0.0,0.0,0.0,0.0,0.0,0.0,0.0,0.0
126243,0,1,3400,-88,88,2165.692383,1.0,0.82,0.50,0.0,0.0,27,0.0,0.0,0.0,0.0,0.0,0.0,0.0,0.0
126492,0,1,3400,-88,88,2165.692383,1.0,0.82,0.50,0.0,0.0,27,0.0,0.0,0.0,0.0,0.0,0.0,0.0,0.0
126741,0,1,3400,-88,88,2165.692383,1.0,0.82,0.50,0.0,0.0,27,0.0,0.0,0.0,0.0,0.0,0.0,0.0,0.0
126990,0,1,3400,-88,88,2165.692383,1.0,0.82,0.50,0.0,0.0,27,0.0,0.0,0.0,0.0,0.0,0.0,0.0,0.0
127239,0,1,3400,-88,88,2165.692383,1.0,0.82,0.50,0.0,0.0,27,0.0,0.0,0.0,0.0,0.0,0.0,0.0,0.0
127488,0,1,3400,-88,88,2165.692383,1.0,0.82,0.50,0.0,0.0,27,0.0,0.0,0.0,0.0,0.0,0.0,0.0,0.0
127737,0,1,3400,-88,88,2165.692383,1.0,0.82,0.50,0.0,0.0,27,0.0,0.0,0.0,0.0,0.0,0.0,0.0,0.0
127986,0,1,3400,-88,88,2165.692383,1.0,0.82,0.50,0.0,0.0,27,0.0,0.0,0.0,0.0,0.0,0.0,0.0,0.0
128235,0,1,3400,-88,88,2165.692383,1.0,0.82,0.50,0.0,0.0,27,0.0,0.0,0.0,0.0,0.0,0.0,0.0,0.0
128484,0,1,3400,-88,88,2165.692383,1.0,0.82,0.50,0.0,0.0,27,0.0,0.0,0.0,0.0,0.0,0.0,0.0,0.0
128733,0,1,3400,-88,88,2165.692383,1.0,0.82,0.50,0.0,0.0,27,0.0,0.0,0.0,0.0,0.0,0.0,0.0,0.0
128982,0,1,3400,-88,88,2165.692383,1.0,0.82,0.50,0.0,0.0,27,0.0,0.0,0.0,0.0,0.0,0.0,0.0,0.0
129231,0,1,3400,-88,88,2165.692383,1.0,0.82,0.50,0.0,0.0,27,0.0,0.0,0.0,0.0,0.0,0.0,0.0,0.0
129480,0,1,3400,-88,88,2165.692383,1.0,0.82,0.50,0.0,0.0,27,0.0,0.0,0.0,0.0,0.0,0.0,0.0,0.0
129729,0,1,3400,-88,88,2165.692383,1.0,0.82,0.50,0.0,0.0,27,0.0,0.0,0.0,0.0,0.0,0.0,0.0,0.0
129978,0,1,3400,-88,88,2165.692383,1.0,0.82,0.50,0.0,0.0,27,0.0,0.0,0.0,0.0,0.0,0.0,0.0,0.0
130227,0,1,3400,-88,88,2165.692383,1.0,0.82,0.50,0.0,0.0,27,0.0,0.0,0.0,0.0,0.0,0.0,0.0,0.0
130476,0,1,3400,-88,88,2165.692383,1.0,0.82,0.50,0.0,0.0,27,0.0,0.0,0.0,0.0,0.0,0.0,0.0,0.0
130725,0,1,3400,-88,88,2165.692383,1.0,0.82,0.50,0.0,0.0,27,0.0,0.0,0.0,0.0,0.0,0.0,0.0,0.0
130974,0,1,3400,-88,88,2165.692383,1.0,0.82,0.50,0.0,0.0,27,0.0,0.0,0.0,0.0,0.0,0.0,0.0,0.0
131223,0,1,3400,-88,88,2165.692383,1.0,0.82,0.50,0.0,0.0,27,0.0,0.0,0.0,0.0,0.0,0.0,0.0,0.0
131472,0,1,3400,-88,88,2165.692383,1.0,0.82,0.50,0.0,0.0,27,0.0,0.0,0.0,0.0,0.0,0.0,0.0,0.0
131721,0,1,3400,-88,88,2165.692383,1.0,0.82,0.50,0.0,0.0,27,0.0,0.0,0.0,0.0,0.0,0.0,0.0,0.0
131970,0,1,3400,-88,88,2165.692383,1.0,0.82,0.50,0.0,0.0,27,0.0,0.0,0.0,0.0,0.0,0.0,0.0,0.0
132219,0,1,3400,-88,88,2165.692383,1.0,0.82,0.50,0.0,0.0,27,0.0,0.0,0.0,0.0,0.0,0.0,0.0,0.0
132468,0,1,3400,-88,88,2165.692383,1.0,0.82,0.50,0.0,0.0,27,0.0,0.0,0.0,0.0,0.0,0.0,0.0,0.0
132717,0,1,3400,-88,88,2165.692383,1.0,0.82,0.50,0.0,0.0,27,0.0,0.0,0.0,0.0,0.0,0.0,0.0,0.0
132966,0,1,3400,-88,88,2165.692383,1.0,0.82,0.50,0.0,0.0,27,0.0,0.0,0.0,0.0,0.0,0.0,0.0,0.0
133215,0,1,3400,-88,88,2165.692383,1.0,0.82,0.50,0.0,0.0,27,0.0,0.0,0.0,0.0,0.0,0.0,0.0,0.0
133464,0,1,3400,-88,88,2165.692383,1.0,0.82,0.50,0.0,0.0,27,0.0,0.0,0.0,0.0,0.0,0.0,0.0,0.0
133713,0,1,3400,-88,88,2165.692383,1.0,0.82,0.50,0.0,0.0,27,0.0,0.0,0.0,0.0,0.0,0.0,0.0,0.0
133962,0,1,3400,-88,88,2165.692383,1.0,0.82,0.50,0.0,0.0,27,0.0,0.0,0.0,0.0,0.0,0.0,0.0,0.0
134211,0,1,3400,-88,88,2165.692383,1.0,0.82,0.50,0.0,0.0,27,0.0,0.0,0.0,0.0,0.0,0.0,0.0,0.0
134460,0,1,3400,-88,88,2165.692383,1.0,0.82,0.50,0.0,0.0,27,0.0,0.0,0.0,0.0,0.0,0.0,0.0,0.0
134709,0,1,3400,-88,88,2165.692383,1.0,0.82,0.50,0.0,0.0,27,0.0,0.0,0.0,0.0,0.0,0.0,0.0,0.0
134958,0,1,3400,-88,88,2165.692383,1.0,0.82,0.50,0.0,0.0,27,0.0,0.0,0.0,0.0,0.0,0.0,0.0,0.0
135207,0,1,3400,-88,88,2165.692383,1.0,0.82,0.50,0.0,0.0,27,0.0,0.0,0.0,0.0,0.0,0.0,0.0,0.0
135456,0,1,3400,-88,88,2165.692383,1.0,0.82,0.50,0.0,0.0,27,0.0,0.0,0.0,0.0,0.0,0.0,0.0,0.0
135705,0,1,3400,-88,88,2165.692383,1.0,0.82,0.50,0.0,0.0,27,0.0,0.0,0.0,0.0,0.0,0.0,0.0,0.0
135954,0,1,3400,-88,88,2165.692383,1.0,0.82,0.50,0.0,0.0,27,0.0,0.0,0.0,0.0,0.0,0.0,0.0,0.0
136203,0,1,3400,-88,88,2165.692383,1.0,0.82,0.50,0.0,0.0,27,0.0,0.0,0.0,0.0,0.0,0.0,0.0,0.0
136452,0,1,3400,-88,88,2165.692383,1.0,0.82,0.50,0.0,0.0,27,0.0,0.0,0.0,0.0,0.0,0.0,0.0,0.0
136701,0,1,3400,-88,88,2165.692383,1.0,0.82,0.50,0.0,0.0,27,0.0,0.0,0.0,0.0,0.0,0.0,0.0,0.0
136950,0,1,3400,-88,88,2165.692383,1.0,0.82,0.50,0.0,0.0,27,0.0,0.0,0.0,0.0,0.0,0.0,0.0,0.0
137199,0,1,3400,-88,88,2165.692383,1.0,0.82,0.50,0.0,0.0,27,0.0,0.0,0.0,0.0,0.0,0.0,0.0,0.0
137448,0,1,3400,-88,88,2165.692383,1.0,0.82,0.50,0.0,0.0,27,0.0,0.0,0.0,0.0,0.0,0.0,0.0,0.0
137697,0,1,3400,-88,88,2165.692383,1.0,0.82,0.50,0.0,0.0,27,0.0,0.0,0.0,0.0,0.0,0.0,0.0,0.0
137946,0,1,3400,-88,88,2165.692383,1.0,0.82,0.50,0.0,0.0,27,0.0,0.0,0.0,0.0,0.0,0.0,0.0,0.0
138195,0,1,3400,-88,88,2165.692383,1.0,0.82,0.50,0.0,0.0,27,0.0,0.0,0.0,0.0,0.0,0.0,0.0,0.0
138444,0,1,3400,-88,88,2165.692383,1.0,0.82,0.50,0.0,0.0,27,0.0,0.0,0.0,0.0,0.0,0.0,0.0,0.0
138693,0,1,3400,-88,88,2165.692383,1.0,0.82,0.50,0.0,0.0,27,0.0,0.0,0.0,0.0,0.0,0.0,0.0,0.0
138942,0,1,3400,-88,88,2165.692383,1.0,0.82,0.50,0.0,0.0,27,0.0,0.0,0.0,0.0,0.0,0.0,0.0,0.0
139191,0,1,3400,-88,88,2165.692383,1.0,0.82,0.50,0.0,0.0,27,0.0,0.0,0.0,0.0,0.0,0.0,0.0,0.0
139440,0,1,3400,-88,88,2165.692383,1.0,0.82,0.50,0.0,0.0,27,0.0,0.0,0.0,0.0,0.0,0.0,0.0,0.0
139689,0,1,3400,-88,88,2165.692383,1.0,0.82,0.50,0.0,0.0,27,0.0,0.0,0.0,0.0,0.0,0.0,0.0,0.0
139938,0,1,3400,-88,88,2165.692383,1.0,0.82,0.50,0.0,0.0,27,0.0,0.0,0.0,0.0,0.0,0.0,0.0,0.0
140187,0,1,3400,-88,88,2165.692383,1.0,0.82,0.50,0.0,0.0,27,0.0,0.0,0.0,0.0,0.0,0.0,0.0,0.0
140436,0,1,3400,-88,88,2165.692383,1.0,0.82,0.50,0.0,0.0,27,0.0,0.0,0.0,0.0,0.0,0.0,0.0,0.0
140685,0,1,3400,-88,88,2165.692383,1.0,0.82,0.50,0.0,0.0,27,0.0,0.0,0.0,0.0,0.0,0.0,0.0,0.0
140934,0,1,3400,-88,88,2165.692383,1.0,0.82,0.50,0.0,0.0,27,0.0,0.0,0.0,0.0,0.0,0.0,0.0,0.0
141183,0,1,3400,-88,88,2165.692383,1.0,0.82,0.50,0.0,0.0,27,0.0,0.0,0.0,0.0,0.0,0.0,0.0,0.0
141432,0,1,3400,-88,88,2165.692383,1.0,0.82,0.50,0.0,0.0,27,0.0,0.0,0.0,0.0,0.0,0.0,0.0,0.0
141681,0,1,3400,-88,88,2165.692383,1.0,0.82,0.50,0.0,0.0,27,0.0,0.0,0.0,0.0,0.0,0.0,0.0,0.0
141930,0,1,3400,-88,88,2165.692383,1.0,0.82,0.50,0.0,0.0,27,0.0,0.0,0.0,0.0,0.0,0.0,0.0,0.0
142179,0,1,3400,-88,88,2165.692383,1.0,0.82,0.50,0.0,0.0,27,0.0,0.0,0.0,0.0,0.0,0.0,0.0,0.0
142428,0,1,3400,-88,88,2165.692383,1.0,0.82,0.50,0.0,0.0,27,0.0,0.0,0.0,0.0,0.0,0.0,0.0,0.0
142677,0,1,3400,-88,88,2165.692383,1.0,0.82,0.50,0.0,0.0,27,0.0,0.0,0.0,0.0,0.0,0.0,0.0,0.0
142926,0,1,3400,-88,88,2165.692383,1.0,0.82,0.50,0.0,0.0,27,0.0,0.0,0.0,0.0,0.0,0.0,0.0,0.0
143175,0,1,3400,-88,88,2165.692383,1.0,0.82,0.50,0.0,0.0,27,0.0,0.0,0.0,0.0,0.0,0.0,0.0,0.0
143424,0,1,3400,-88,88,2165.692383,1.0,0.82,0.50,0.0,0.0,27,0.0,0.0,0.0,0.0,0.0,0.0,0.0,0.0
143673,0,1,3400,-88,88,2165.692383,1.0,0.82,0.50,0.0,0.0,27,0.0,0.0,0.0,0.0,0.0,0.0,0.0,0.0
143922,0,1,3400,-88,88,2165.692383,1.0,0.82,0.50,0.0,0.0,27,0.0,0.0,0.0,0.0,0.0,0.0,0.0,0.0
144171,0,1,3400,-88,88,2165.692383,1.0,0.82,0.50,0.0,0.0,27,0.0,0.0,0.0,0.0,0.0,0.0,0.0,0.0
144420,0,1,3400,-88,88,2165.692383,1.0,0.82,0.50,0.0,0.0,27,0.0,0.0,0.0,0.0,0.0,0.0,0.0,0.0
144669,0,1,3400,-88,88,2165.692383,1.0,0.82,0.50,0.0,0.0,27,0.0,0.0,0.0,0.0,0.0,0.0,0.0,0.0
144918,0,1,3400,-88,88,2165.692383,1.0,0.82,0.50,0.0,0.0,27,0.0,0.0,0.0,0.0,0.0,0.0,0.0,0.0
145167,0,1,3400,-88,88,2165.692383,1.0,0.82,0.50,0.0,0.0,27,0.0,0.0,0.0,0.0,0.0,0.0,0.0,0.0
145416,0,1,3400,-88,88,2165.692383,1.0,0.82,0.50,0.0,0.0,27,0.0,0.0,0.0,0.0,0.0,0.0,0.0,0.0
145665,0,1,3400,-88,88,2165.692383,1.0,0.82,0.50,0.0,0.0,27,0.0,0.0,0.0,0.0,0.0,0.0,0.0,0.0
145914,0,1,3400,-88,88,2165.692383,1.0,0.82,0.50,0.0,0.0,27,0.0,0.0,0.0,0.0,0.0,0.0,0.0,0.0
146163,0,1,3400,-88,88,2165.692383,1.0,0.82,0.50,0.0,0.0,27,0.0,0.0,0.0,0.0,0.0,0.0,0.0,0.0
146412,0,1,3400,-88,88,2165.692383,1.0,0.82,0.50,0.0,0.0,27,0.0,0.0,0.0,0.0,0.0,0.0,0.0,0.0
146661,0,1,3400,-88,88,2165.692383,1.0,0.82,0.50,0.0,0.0,27,0.0,0.0,0.0,0.0,0.0,0.0,0.0,0.0
146910,0,1,3400,-88,88,2165.692383,1.0,0.82,0.50,0.0,0.0,27,0.0,0.0,0.0,0.0,0.0,0.0,0.0,0.0
147159,0,1,3400,-88,88,2165.692383,1.0,0.82,0.50,0.0,0.0,27,0.0,0.0,0.0,0.0,0.0,0.0,0.0,0.0
147408,0,1,3400,-88,88,2165.692383,1.0,0.82,0.50,0.0,0.0,27,0.0,0.0,0.0,0.0,0.0,0.0,0.0,0.0
147657,0,1,3400,-88,88,2165.692383,1.0,0.82,0.50,0.0,0.0,27,0.0,0.0,0.0,0.0,0.0,0.0,0.0,0.0
147906,0,1,3400,-88,88,2165.692383,1.0,0.82,0.50,0.0,0.0,27,0.0,0.0,0.0,0.0,0.0,0.0,0.0,0.0
148155,0,1,3400,-88,88,2165.692383,1.0,0.82,0.50,0.0,0.0,27,0.0,0.0,0.0,0.0,0.0,0.0,0.0,0.0
148404,0,1,3400,-88,88,2165.692383,1.0,0.82,0.50,0.0,0.0,27,0.0,0.0,0.0,0.0,0.0,0.0,0.0,0.0
148653,0,1,3400,-88,88,2165.692383,1.0,0.82,0.50,0.0,0.0,27,0.0,0.0,0.0,0.0,0.0,0.0,0.0,0.0
148902,0,1,3400,-88,88,2165.692383,1.0,0.82,0.50,0.0,0.0,27,0.0,0.0,0.0,0.0,0.0,0.0,0.0,0.0
149151,0,1,3400,-88,88,2165.692383,1.0,0.82,0.50,0.0,0.0,27,0.0,0.0,0.0,0.0,0.0,0.0,0.0,0.0
149400,0,1,3400,-88,88,2165.692383,1.0,0.82,0.50,0.0,0.0,27,0.0,0.0,0.0,0.0,0.0,0.0,0.0,0.0
149649,0,1,3400,-88,88,2165.692383,1.0,0.82,0.50,0.0,0.0,27,0.0,0.0,0.0,0.0,0.0,0.0,0.0,0.0
149898,0,1,3400,-88,88,2165.692383,1.0,0.82,0.50,0.0,0.0,27,0.0,0.0,0.0,0.0,0.0,0.0,0.0,0.0
150147,0,1,3400,-88,88,2165.692383,1.0,0.82,0.50,0.0,0.0,27,0.0,0.0,0.0,0.0,0.0,0.0,0.0,0.0
150396,0,1,3400,-88,88,2165.692383,1.0,0.82,0.50,0.0,0.0,27,0.0,0.0,0.0,0.0,0.0,0.0,0.0,0.0
150645,0,1,3400,-88,88,2165.692383,1.0,0.82,0.50,0.0,0.0,27,0.0,0.0,0.0,0.0,0.0,0.0,0.0,0.0
150894,0,1,3400,-88,88,2165.692383,1.0,0.82,0.50,0.0,0.0,27,0.0,0.0,0.0,0.0,0.0,0.0,0.0,0.0
151143,0,1,3400,-88,88,2165.692383,1.0,0.82,0.50,0.0,0.0,27,0.0,0.0,0.0,0.0,0.0,0.0,0.0,0.0
151392,0,1,3400,-88,88,2165.692383,1.0,0.82,0.50,0.0,0.0,27,0.0,0.0,0.0,0.0,0.0,0.0,0.0,0.0
151641,0,1,3400,-88,88,2165.692383,1.0,0.82,0.50,0.0,0.0,27,0.0,0.0,0.0,0.0,0.0,0.0,0.0,0.0
151890,0,1,3400,-88,88,2165.692383,1.0,0.82,0.50,0.0,0.0,27,0.0,0.0,0.0,0.0,0.0,0.0,0.0,0.0
152139,0,1,3400,-88,88,2165.692383,1.0,0.82,0.50,0.0,0.0,27,0.0,0.0,0.0,0.0,0.0,0.0,0.0,0.0
152388,0,1,3400,-88,88,2165.692383,1.0,0.82,0.50,0.0,0.0,27,0.0,0.0,0.0,0.0,0.0,0.0,0.0,0.0
152637,0,1,3400,-88,88,2165.692383,1.0,0.82,0.50,0.0,0.0,27,0.0,0.0,0.0,0.0,0.0,0.0,0.0,0.0
152886,0,1,3400,-88,88,2165.692383,1.0,0.82,0.50,0.0,0.0,27,0.0,0.0,0.0,0.0,0.0,0.0,0.0,0.0
153135,0,1,3400,-88,88,2165.692383,1.0,0.82,0.50,0.0,0.0,27,0.0,0.0,0.0,0.0,0.0,0.0,0.0,0.0
153384,0,1,3400,-88,88,2165.692383,1.0,0.82,0.50,0.0,0.0,27,0.0,0.0,0.0,0.0,0.0,0.0,0.0,0.0
153633,0,1,3400,-88,88,2165.692383,1.0,0.82,0.50,0.0,0.0,27,0.0,0.0,0.0,0.0,0.0,0.0,0.0,0.0
153882,0,1,3400,-88,88,2165.692383,1.0,0.82,0.50,0.0,0.0,27,0.0,0.0,0.0,0.0,0.0,0.0,0.0,0.0
154131,0,1,3400,-88,88,2165.692383,1.0,0.82,0.50,0.0,0.0,27,0.0,0.0,0.0,0.0,0.0,0.0,0.0,0.0
154380,0,1,3400,-88,88,2165.692383,1.0,0.82,0.50,0.0,0.0,27,0.0,0.0,0.0,0.0,0.0,0.0,0.0,0.0
154629,0,1,3400,-88,88,2165.692383,1.0,0.82,0.50,0.0,0.0,27,0.0,0.0,0.0,0.0,0.0,0.0,0.0,0.0
154878,0,1,3400,-88,88,2165.692383,1.0,0.82,0.50,0.0,0.0,27,0.0,0.0,0.0,0.0,0.0,0.0,0.0,0.0
155127,0,1,3400,-88,88,2165.692383,1.0,0.82,0.50,0.0,0.0,27,0.0,0.0,0.0,0.0,0.0,0.0,0.0,0.0
155376,0,1,3400,-88,88,2165.692383,1.0,0.82,0.50,0.0,0.0,27,0.0,0.0,0.0,0.0,0.0,0.0,0.0,0.0
155625,0,1,3400,-88,88,2165.692383,1.0,0.82,0.50,0.0,0.0,27,0.0,0.0,0.0,0.0,0.0,0.0,0.0,0.0
155874,0,1,3400,-88,88,2165.692383,1.0,0.82,0.50,0.0,0.0,27,0.0,0.0,0.0,0.0,0.0,0.0,0.0,0.0
156123,0,1,3400,-88,88,2165.692383,1.0,0.82,0.50,0.0,0.0,27,0.0,0.0,0.0,0.0,0.0,0.0,0.0,0.0
156372,0,1,3400,-88,88,2165.692383,1.0,0.82,0.50,0.0,0.0,27,0.0,0.0,0.0,0.0,0.0,0.0,0.0,0.0
156621,0,1,3400,-88,88,2165.692383,1.0,0.82,0.50,0.0,0.0,27,0.0,0.0,0.0,0.0,0.0,0.0,0.0,0.0
156870,0,1,3400,-88,88,2165.692383,1.0,0.82,0.50,0.0,0.0,27,0.0,0.0,0.0,0.0,0.0,0.0,0.0,0.0
157119,0,1,3400,-88,88,2165.692383,1.0,0.82,0.50,0.0,0.0,27,0.0,0.0,0.0,0.0,0.0,0.0,0.0,0.0
157368,0,1,3400,-88,88,2165.692383,1.0,0.82,0.50,0.0,0.0,27,0.0,0.0,0.0,0.0,0.0,0.0,0.0,0.0
157617,0,1,3400,-88,88,2165.692383,1.0,0.82,0.50,0.0,0.0,27,0.0,0.0,0.0,0.0,0.0,0.0,0.0,0.0
157866,0,1,3400,-88,88,2165.692383,1.0,0.82,0.50,0.0,0.0,27,0.0,0.0,0.0,0.0,0.0,0.0,0.0,0.0
158115,0,1,3400,-88,88,2165.692383,1.0,0.82,0.50,0.0,0.0,27,0.0,0.0,0.0,0.0,0.0,0.0,0.0,0.0
158364,0,1,3400,-88,88,2165.692383,1.0,0.82,0.50,0.0,0.0,27,0.0,0.0,0.0,0.0,0.0,0.0,0.0,0.0
158613,0,1,3400,-88,88,2165.692383,1.0,0.82,0.50,0.0,0.0,27,0.0,0.0,0.0,0.0,0.0,0.0,0.0,0.0
158862,0,1,3400,-88,88,2165.692383,1.0,0.82,0.50,0.0,0.0,27,0.0,0.0,0.0,0.0,0.0,0.0,0.0,0.0
159111,0,1,3400,-88,88,2165.692383,1.0,0.82,0.50,0.0,0.0,27,0.0,0.0,0.0,0.0,0.0,0.0,0.0,0.0
159360,0,1,3400,-88,88,2165.692383,1.0,0.82,0.50,0.0,0.0,27,0.0,0.0,0.0,0.0,0.0,0.0,0.0,0.0
159609,0,1,3400,-88,88,2165.692383,1.0,0.82,0.50,0.0,0.0,27,0.0,0.0,0.0,0.0,0.0,0.0,0.0,0.0
159858,0,1,3400,-88,88,2165.692383,1.0,0.82,0.50,0.0,0.0,27,0.0,0.0,0.0,0.0,0.0,0.0,0.0,0.0
160107,0,1,3400,-88,88,2165.692383,1.0,0.82,0.50,0.0,0.0,27,0.0,0.0,0.0,0.0,0.0,0.0,0.0,0.0
160356,0,1,3400,-88,88,2165.692383,1.0,0.82,0.50,0.0,0.0,27,0.0,0.0,0.0,0.0,0.0,0.0,0.0,0.0
160605,0,1,3400,-88,88,2165.692383,1.0,0.82,0.50,0.0,0.0,27,0.0,0.0,0.0,0.0,0.0,0.0,0.0,0.0
160854,0,1,3400,-88,88,2165.692383,1.0,0.82,0.50,0.0,0.0,27,0.0,0.0,0.0,0.0,0.0,0.0,0.0,0.0
161103,0,1,3400,-88,88,2165.692383,1.0,0.82,0.50,0.0,0.0,27,0.0,0.0,0.0,0.0,0.0,0.0,0.0,0.0
161352,0,1,3400,-88,88,2165.692383,1.0,0.82,0.50,0.0,0.0,27,0.0,0.0,0.0,0.0,0.0,0.0,0.0,0.0
161601,0,1,3400,-88,88,2165.692383,1.0,0.82,0.50,0.0,0.0,27,0.0,0.0,0.0,0.0,0.0,0.0,0.0,0.0
161850,0,1,3400,-88,88,2165.692383,1.0,0.82,0.50,0.0,0.0,27,0.0,0.0,0.0,0.0,0.0,0.0,0.0,0.0
162099,0,1,3400,-88,88,2165.692383,1.0,0.82,0.50,0.0,0.0,27,0.0,0.0,0.0,0.0,0.0,0.0,0.0,0.0
162348,0,1,3400,-88,88,2165.692383,1.0,0.82,0.50,0.0,0.0,27,0.0,0.0,0.0,0.0,0.0,0.0,0.0,0.0
162597,0,1,3400,-88,88,2165.692383,1.0,0.82,0.50,0.0,0.0,27,0.0,0.0,0.0,0.0,0.0,0.0,0.0,0.0
162846,0,1,3400,-88,88,2165.692383,1.0,0.82,0.50,0.0,0.0,27,0.0,0.0,0.0,0.0,0.0,0.0,0.0,0.0
163095,0,1,3400,-88,88,2165.692383,1.0,0.82,0.50,0.0,0.0,27,0.0,0.0,0.0,0.0,0.0,0.0,0.0,0.0
163344,0,1,3400,-88,88,2165.692383,1.0,0.82,0.50,0.0,0.0,27,0.0,0.0,0.0,0.0,0.0,0.0,0.0,0.0
163593,0,1,3400,-88,88,2165.692383,1.0,0.82,0.50,0.0,0.0,27,0.0,0.0,0.0,0.0,0.0,0.0,0.0,0.0
163842,0,1,3400,-88,88,2165.692383,1.0,0.82,0.50,0.0,0.0,27,0.0,0.0,0.0,0.0,0.0,0.0,0.0,0.0
164091,0,1,3400,-88,88,2165.692383,1.0,0.82,0.50,0.0,0.0,27,0.0,0.0,0.0,0.0,0.0,0.0,0.0,0.0
164340,0,1,3400,-88,88,2165.692383,1.0,0.82,0.50,0.0,0.0,27,0.0,0.0,0.0,0.0,0.0,0.0,0.0,0.0
164589,0,1,3400,-88,88,2165.692383,1.0,0.82,0.50,0.0,0.0,27,0.0,0.0,0.0,0.0,0.0,0.0,0.0,0.0
164838,0,1,3400,-88,88,2165.692383,1.0,0.82,0.50,0.0,0.0,27,0.0,0.0,0.0,0.0,0.0,0.0,0.0,0.0
165087,0,1,3400,-88,88,2165.692383,1.0,0.82,0.50,0.0,0.0,27,0.0,0.0,0.0,0.0,0.0,0.0,0.0,0.0
165336,0,1,3400,-88,88,2165.692383,1.0,0.82,0.50,0.0,0.0,27,0.0,0.0,0.0,0.0,0.0,0.0,0.0,0.0
165585,0,1,3400,-88,88,2165.692383,1.0,0.82,0.50,0.0,0.0,27,0.0,0.0,0.0,0.0,0.0,0.0,0.0,0.0
165834,0,1,3400,-88,88,2165.692383,1.0,0.82,0.50,0.0,0.0,27,0.0,0.0,0.0,0.0,0.0,0.0,0.0,0.0
166083,0,1,3400,-88,88,2165.692383,1.0,0.82,0.50,0.0,0.0,27,0.0,0.0,0.0,0.0,0.0,0.0,0.0,0.0
166332,0,1,3400,-88,88,2165.692383,1.0,0.82,0.50,0.0,0.0,27,0.0,0.0,0.0,0.0,0.0,0.0,0.0,0.0
166581,0,1,3400,-88,88,2165.692383,1.0,0.82,0.50,0.0,0.0,27,0.0,0.0,0.0,0.0,0.0,0.0,0.0,0.0
166830,0,1,3400,-88,88,2165.692383,1.0,0.82,0.50,0.0,0.0,27,0.0,0.0,0.0,0.0,0.0,0.0,0.0,0.0
167079,0,1,3400,-88,88,2165.692383,1.0,0.82,0.50,0.0,0.0,27,0.0,0.0,0.0,0.0,0.0,0.0,0.0,0.0
167328,0,1,3400,-88,88,2165.692383,1.0,0.82,0.50,0.0,0.0,27,0.0,0.0,0.0,0.0,0.0,0.0,0.0,0.0
167577,0,1,3400,-88,88,2165.692383,1.0,0.82,0.50,0.0,0.0,27,0.0,0.0,0.0,0.0,0.0,0.0,0.0,0.0
167826,0,1,3400,-88,88,2165.692383,1.0,0.82,0.50,0.0,0.0,27,0.0,0.0,0.0,0.0,0.0,0.0,0.0,0.0
168075,0,1,3400,-88,88,2165.692383,1.0,0.82,0.50,0.0,0.0,27,0.0,0.0,0.0,0.0,0.0,0.0,0.0,0.0
168324,0,1,3400,-88,88,2165.692383,1.0,0.82,0.50,0.0,0.0,27,0.0,0.0,0.0,0.0,0.0,0.0,0.0,0.0
168573,0,1,3400,-88,88,2165.692383,1.0,0.82,0.50,0.0,0.0,27,0.0,0.0,0.0,0.0,0.0,0.0,0.0,0.0
168822,0,1,3400,-88,88,2165.692383,1.0,0.82,0.50,0.0,0.0,27,0.0,0.0,0.0,0.0,0.0,0.0,0.0,0.0
169071,0,1,3400,-88,88,2165.692383,1.0,0.82,0.50,0.0,0.0,27,0.0,0.0,0.0,0.0,0.0,0.0,0.0,0.0
169320,0,1,3400,-88,88,2165.692383,1.0,0.82,0.50,0.0,0.0,27,0.0,0.0,0.0,0.0,0.0,0.0,0.0,0.0
169569,0,1,3400,-88,88,2165.692383,1.0,0.82,0.50,0.0,0.0,27,0.0,0.0,0.0,0.0,0.0,0.0,0.0,0.0
169818,0,1,3400,-88,88,2165.692383,1.0,0.82,0.50,0.0,0.0,27,0.0,0.0,0.0,0.0,0.0,0.0,0.0,0.0
170067,0,1,3400,-88,88,2165.692383,1.0,0.82,0.50,0.0,0.0,27,0.0,0.0,0.0,0.0,0.0,0.0,0.0,0.0
170316,0,1,3400,-88,88,2165.692383,1.0,0.82,0.50,0.0,0.0,27,0.0,0.0,0.0,0.0,0.0,0.0,0.0,0.0
170565,0,1,3400,-88,88,2165.692383,1.0,0.82,0.50,0.0,0.0,27,0.0,0.0,0.0,0.0,0.0,0.0,0.0,0.0
170814,0,1,3400,-88,88,2165.692383,1.0,0.82,0.50,0.0,0.0,27,0.0,0.0,0.0,0.0,0.0,0.0,0.0,0.0
171063,0,1,3400,-88,88,2165.692383,1.0,0.82,0.50,0.0,0.0,27,0.0,0.0,0.0,0.0,0.0,0.0,0.0,0.0
171312,0,1,3400,-88,88,2165.692383,1.0,0.82,0.50,0.0,0.0,27,0.0,0.0,0.0,0.0,0.0,0.0,0.0,0.0
171561,0,1,3400,-88,88,2165.692383,1.0,0.82,0.50,0.0,0.0,27,0.0,0.0,0.0,0.0,0.0,0.0,0.0,0.0
171810,0,1,3400,-88,88,2165.692383,1.0,0.82,0.50,0.0,0.0,27,0.0,0.0,0.0,0.0,0.0,0.0,0.0,0.0
172059,0,1,3400,-88,88,2165.692383,1.0,0.82,0.50,0.0,0.0,27,0.0,0.0,0.0,0.0,0.0,0.0,0.0,0.0
172308,0,1,3400,-88,88,2165.692383,1.0,0.82,0.50,0.0,0.0,27,0.0,0.0,0.0,0.0,0.0,0.0,0.0,0.0
172557,0,1,3400,-88,88,2165.692383,1.0,0.82,0.50,0.0,0.0,27,0.0,0.0,0.0,0.0,0.0,0.0,0.0,0.0
172806,0,1,3400,-88,88,2165.692383,1.0,0.82,0.50,0.0,0.0,27,0.0,0.0,0.0,0.0,0.0,0.0,0.0,0.0
173055,0,1,3400,-88,88,2165.692383,1.0,0.82,0.50,0.0,0.0,27,0.0,0.0,0.0,0.0,0.0,0.0,0.0,0.0
173304,0,1,3400,-88,88,2165.692383,1.0,0.82,0.50,0.0,0.0,27,0.0,0.0,0.0,0.0,0.0,0.0,0.0,0.0
173553,0,1,3400,-88,88,2165.692383,1.0,0.82,0.50,0.0,0.0,27,0.0,0.0,0.0,0.0,0.0,0.0,0.0,0.0
173802,0,1,3400,-88,88,2165.692383,1.0,0.82,0.50,0.0,0.0,27,0.0,0.0,0.0,0.0,0.0,0.0,0.0,0.0
174051,0,1,3400,-88,88,2165.692383,1.0,0.82,0.50,0.0,0.0,27,0.0,0.0,0.0,0.0,0.0,0.0,0.0,0.0
174300,0,1,3400,-88,88,2165.692383,1.0,0.82,0.50,0.0,0.0,27,0.0,0.0,0.0,0.0,0.0,0.0,0.0,0.0
174549,0,1,3400,-88,88,2165.692383,1.0,0.82,0.50,0.0,0.0,27,0.0,0.0,0.0,0.0,0.0,0.0,0.0,0.0
174798,0,1,3400,-88,88,2165.692383,1.0,0.82,0.50,0.0,0.0,27,0.0,0.0,0.0,0.0,0.0,0.0,0.0,0.0
175047,0,1,3400,-88,88,2165.692383,1.0,0.82,0.50,0.0,0.0,27,0.0,0.0,0.0,0.0,0.0,0.0,0.0,0.0
175296,0,1,3400,-88,88,2165.692383,1.0,0.82,0.50,0.0,0.0,27,0.0,0.0,0.0,0.0,0.0,0.0,0.0,0.0
175545,0,1,3400,-88,88,2165.692383,1.0,0.82,0.50,0.0,0.0,27,0.0,0.0,0.0,0.0,0.0,0.0,0.0,0.0
175794,0,1,3400,-88,88,2165.692383,1.0,0.82,0.50,0.0,0.0,27,0.0,0.0,0.0,0.0,0.0,0.0,0.0,0.0
176043,0,1,3400,-88,88,2165.692383,1.0,0.82,0.50,0.0,0.0,27,0.0,0.0,0.0,0.0,0.0,0.0,0.0,0.0
176292,0,1,3400,-88,88,2165.692383,1.0,0.82,0.50,0.0,0.0,27,0.0,0.0,0.0,0.0,0.0,0.0,0.0,0.0
176541,0,1,3400,-88,88,2165.692383,1.0,0.82,0.50,0.0,0.0,27,0.0,0.0,0.0,0.0,0.0,0.0,0.0,0.0
176790,0,1,3400,-88,88,2165.692383,1.0,0.82,0.50,0.0,0.0,27,0.0,0.0,0.0,0.0,0.0,0.0,0.0,0.0
177039,0,1,3400,-88,88,2165.692383,1.0,0.82,0.50,0.0,0.0,27,0.0,0.0,0.0,0.0,0.0,0.0,0.0,0.0
177288,0,1,3400,-88,88,2165.692383,1.0,0.82,0.50,0.0,0.0,27,0.0,0.0,0.0,0.0,0.0,0.0,0.0,0.0
177537,0,1,3400,-88,88,2165.692383,1.0,0.82,0.50,0.0,0.0,27,0.0,0.0,0.0,0.0,0.0,0.0,0.0,0.0
177786,0,1,3400,-88,88,2165.692383,1.0,0.82,0.50,0.0,0.0,27,0.0,0.0,0.0,0.0,0.0,0.0,0.0,0.0
178035,0,1,3400,-88,88,2165.692383,1.0,0.82,0.50,0.0,0.0,27,0.0,0.0,0.0,0.0,0.0,0.0,0.0,0.0
178284,0,1,3400,-88,88,2165.692383,1.0,0.82,0.50,0.0,0.0,27,0.0,0.0,0.0,0.0,0.0,0.0,0.0,0.0
178533,0,1,3400,-88,88,2165.692383,1.0,0.82,0.50,0.0,0.0,27,0.0,0.0,0.0,0.0,0.0,0.0,0.0,0.0
178782,0,1,3400,-88,88,2165.692383,1.0,0.82,0.50,0.0,0.0,27,0.0,0.0,0.0,0.0,0.0,0.0,0.0,0.0
179031,0,1,3400,-88,88,2165.692383,1.0,0.82,0.50,0.0,0.0,27,0.0,0.0,0.0,0.0,0.0,0.0,0.0,0.0
179280,0,1,3400,-88,88,2165.692383,1.0,0.82,0.50,0.0,0.0,27,0.0,0.0,0.0,0.0,0.0,0.0,0.0,0.0
179529,0,1,3400,-88,88,2165.692383,1.0,0.82,0.50,0.0,0.0,27,0.0,0.0,0.0,0.0,0.0,0.0,0.0,0.0
179778,0,1,3400,-88,88,2165.692383,1.0,0.82,0.50,0.0,0.0,27,0.0,0.0,0.0,0.0,0.0,0.0,0.0,0.0
180027,0,1,3400,-88,88,2165.692383,1.0,0.82,0.50,0.0,0.0,27,0.0,0.0,0.0,0.0,0.0,0.0,0.0,0.0
180276,0,1,3400,-88,88,2165.692383,1.0,0.82,0.50,0.0,0.0,27,0.0,0.0,0.0,0.0,0.0,0.0,0.0,0.0
180525,0,1,3400,-88,88,2165.692383,1.0,0.82,0.50,0.0,0.0,27,0.0,0.0,0.0,0.0,0.0,0.0,0.0,0.0
180774,0,1,3400,-88,88,2165.692383,1.0,0.82,0.50,0.0,0.0,27,0.0,0.0,0.0,0.0,0.0,0.0,0.0,0.0
181023,0,1,3400,-88,88,2165.692383,1.0,0.82,0.50,0.0,0.0,27,0.0,0.0,0.0,0.0,0.0,0.0,0.0,0.0
181272,0,1,3400,-88,88,2165.692383,1.0,0.82,0.50,0.0,0.0,27,0.0,0.0,0.0,0.0,0.0,0.0,0.0,0.0
181521,0,1,3400,-88,88,2165.692383,1.0,0.82,0.50,0.0,0.0,27,0.0,0.0,0.0,0.0,0.0,0.0,0.0,0.0
181770,0,1,3400,-88,88,2165.692383,1.0,0.82,0.50,0.0,0.0,27,0.0,0.0,0.0,0.0,0.0,0.0,0.0,0.0
182019,0,1,3400,-88,88,2165.692383,1.0,0.82,0.50,0.0,0.0,27,0.0,0.0,0.0,0.0,0.0,0.0,0.0,0.0
182268,0,1,3400,-88,88,2165.692383,1.0,0.82,0.50,0.0,0.0,27,0.0,0.0,0.0,0.0,0.0,0.0,0.0,0.0
182517,0,1,3400,-88,88,2165.692383,1.0,0.82,0.50,0.0,0.0,27,0.0,0.0,0.0,0.0,0.0,0.0,0.0,0.0
182766,0,1,3400,-88,88,2165.692383,1.0,0.82,0.50,0.0,0.0,27,0.0,0.0,0.0,0.0,0.0,0.0,0.0,0.0
183015,0,1,3400,-88,88,2165.692383,1.0,0.82,0.50,0.0,0.0,27,0.0,0.0,0.0,0.0,0.0,0.0,0.0,0.0
183264,0,1,3400,-88,88,2165.692383,1.0,0.82,0.50,0.0,0.0,27,0.0,0.0,0.0,0.0,0.0,0.0,0.0,0.0
183513,0,1,3400,-88,88,2165.692383,1.0,0.82,0.50,0.0,0.0,27,0.0,0.0,0.0,0.0,0.0,0.0,0.0,0.0
183762,0,1,3400,-88,88,2165.692383,1.0,0.82,0.50,0.0,0.0,27,0.0,0.0,0.0,0.0,0.0,0.0,0.0,0.0
184011,0,1,3400,-88,88,2165.692383,1.0,0.82,0.50,0.0,0.0,27,0.0,0.0,0.0,0.0,0.0,0.0,0.0,0.0
184260,0,1,3400,-88,88,2165.692383,1.0,0.82,0.50,0.0,0.0,27,0.0,0.0,0.0,0.0,0.0,0.0,0.0,0.0
184509,0,1,3400,-88,88,2165.692383,1.0,0.82,0.50,0.0,0.0,27,0.0,0.0,0.0,0.0,0.0,0.0,0.0,0.0
184758,0,1,3400,-88,88,2165.692383,1.0,0.82,0.50,0.0,0.0,27,0.0,0.0,0.0,0.0,0.0,0.0,0.0,0.0
185007,0,1,3400,-88,88,2165.692383,1.0,0.82,0.50,0.0,0.0,27,0.0,0.0,0.0,0.0,0.0,0.0,0.0,0.0
185256,0,1,3400,-88,88,2165.692383,1.0,0.82,0.50,0.0,0.0,27,0.0,0.0,0.0,0.0,0.0,0.0,0.0,0.0
185505,0,1,3400,-88,88,2165.692383,1.0,0.82,0.50,0.0,0.0,27,0.0,0.0,0.0,0.0,0.0,0.0,0.0,0.0
185754,0,1,3400,-88,88,2165.692383,1.0,0.82,0.50,0.0,0.0,27,0.0,0.0,0.0,0.0,0.0,0.0,0.0,0.0
186003,0,1,3400,-88,88,2165.692383,1.0,0.82,0.50,0.0,0.0,27,0.0,0.0,0.0,0.0,0.0,0.0,0.0,0.0
186252,0,1,3400,-88,88,2165.692383,1.0,0.82,0.50,0.0,0.0,27,0.0,0.0,0.0,0.0,0.0,0.0,0.0,0.0
186501,0,1,3400,-88,88,2165.692383,1.0,0.82,0.50,0.0,0.0,27,0.0,0.0,0.0,0.0,0.0,0.0,0.0,0.0
186750,0,1,3400,-88,88,2165.692383,1.0,0.82,0.50,0.0,0.0,27,0.0,0.0,0.0,0.0,0.0,0.0,0.0,0.0
186999,0,1,3400,-88,88,2165.692383,1.0,0.82,0.50,0.0,0.0,27,0.0,0.0,0.0,0.0,0.0,0.0,0.0,0.0
187248,0,1,3400,-88,88,2165.692383,1.0,0.82,0.50,0.0,0.0,27,0.0,0.0,0.0,0.0,0.0,0.0,0.0,0.0
187497,0,1,3400,-88,88,2165.692383,1.0,0.82,0.50,0.0,0.0,27,0.0,0.0,0.0,0.0,0.0,0.0,0.0,0.0
187746,0,1,3400,-88,88,2165.692383,1.0,0.82,0.50,0.0,0.0,27,0.0,0.0,0.0,0.0,0.0,0.0,0.0,0.0
187995,0,1,3400,-88,88,2165.692383,1.0,0.82,0.50,0.0,0.0,27,0.0,0.0,0.0,0.0,0.0,0.0,0.0,0.0
188244,0,1,3400,-88,88,2165.692383,1.0,0.82,0.50,0.0,0.0,27,0.0,0.0,0.0,0.0,0.0,0.0,0.0,0.0
188493,0,1,3400,-88,88,2165.692383,1.0,0.82,0.50,0.0,0.0,27,0.0,0.0,0.0,0.0,0.0,0.0,0.0,0.0
188742,0,1,3400,-88,88,2165.692383,1.0,0.82,0.50,0.0,0.0,27,0.0,0.0,0.0,0.0,0.0,0.0,0.0,0.0
188991,0,1,3400,-88,88,2165.692383,1.0,0.82,0.50,0.0,0.0,27,0.0,0.0,0.0,0.0,0.0,0.0,0.0,0.0
189240,0,1,3400,-88,88,2165.692383,1.0,0.82,0.50,0.0,0.0,27,0.0,0.0,0.0,0.0,0.0,0.0,0.0,0.0
189489,0,1,3400,-88,88,2165.692383,1.0,0.82,0.50,0.0,0.0,27,0.0,0.0,0.0,0.0,0.0,0.0,0.0,0.0
189738,0,1,3400,-88,88,2165.692383,1.0,0.82,0.50,0.0,0.0,27,0.0,0.0,0.0,0.0,0.0,0.0,0.0,0.0
189987,0,1,3400,-88,88,2165.692383,1.0,0.82,0.50,0.0,0.0,27,0.0,0.0,0.0,0.0,0.0,0.0,0.0,0.0
190236,0,1,3400,-88,88,2165.692383,1.0,0.82,0.50,0.0,0.0,27,0.0,0.0,0.0,0.0,0.0,0.0,0.0,0.0
190485,0,1,3400,-88,88,2165.692383,1.0,0.82,0.50,0.0,0.0,27,0.0,0.0,0.0,0.0,0.0,0.0,0.0,0.0
190734,0,1,3400,-88,88,2165.692383,1.0,0.82,0.50,0.0,0.0,27,0.0,0.0,0.0,0.0,0.0,0.0,0.0,0.0
190983,0,1,3400,-88,88,2165.692383,1.0,0.82,0.50,0.0,0.0,27,0.0,0.0,0.0,0.0,0.0,0.0,0.0,0.0
191232,0,1,3400,-88,88,2165.692383,1.0,0.82,0.50,0.0,0.0,27,0.0,0.0,0.0,0.0,0.0,0.0,0.0,0.0
191481,0,1,3400,-88,88,2165.692383,1.0,0.82,0.50,0.0,0.0,27,0.0,0.0,0.0,0.0,0.0,0.0,0.0,0.0
191730,0,1,3400,-88,88,2165.692383,1.0,0.82,0.50,0.0,0.0,27,0.0,0.0,0.0,0.0,0.0,0.0,0.0,0.0
191979,0,1,3400,-88,88,2165.692383,1.0,0.82,0.50,0.0,0.0,27,0.0,0.0,0.0,0.0,0.0,0.0,0.0,0.0
192228,0,1,3400,-88,88,2165.692383,1.0,0.82,0.50,0.0,0.0,27,0.0,0.0,0.0,0.0,0.0,0.0,0.0,0.0
192477,0,1,3400,-88,88,2165.692383,1.0,0.82,0.50,0.0,0.0,27,0.0,0.0,0.0,0.0,0.0,0.0,0.0,0.0
192726,0,1,3400,-88,88,2165.692383,1.0,0.82,0.50,0.0,0.0,27,0.0,0.0,0.0,0.0,0.0,0.0,0.0,0.0
192975,0,1,3400,-88,88,2165.692383,1.0,0.82,0.50,0.0,0.0,27,0.0,0.0,0.0,0.0,0.0,0.0,0.0,0.0
193224,0,1,3400,-88,88,2165.692383,1.0,0.82,0.50,0.0,0.0,27,0.0,0.0,0.0,0.0,0.0,0.0,0.0,0.0
193473,0,1,3400,-88,88,2165.692383,1.0,0.82,0.50,0.0,0.0,27,0.0,0.0,0.0,0.0,0.0,0.0,0.0,0.0
193722,0,1,3400,-88,88,2165.692383,1.0,0.82,0.50,0.0,0.0,27,0.0,0.0,0.0,0.0,0.0,0.0,0.0,0.0
193971,0,1,3400,-88,88,2165.692383,1.0,0.82,0.50,0.0,0.0,27,0.0,0.0,0.0,0.0,0.0,0.0,0.0,0.0
194220,0,1,3400,-88,88,2165.692383,1.0,0.82,0.50,0.0,0.0,27,0.0,0.0,0.0,0.0,0.0,0.0,0.0,0.0
194469,0,1,3400,-88,88,2165.692383,1.0,0.82,0.50,0.0,0.0,27,0.0,0.0,0.0,0.0,0.0,0.0,0.0,0.0
194718,0,1,3400,-88,88,2165.692383,1.0,0.82,0.50,0.0,0.0,27,0.0,0.0,0.0,0.0,0.0,0.0,0.0,0.0
194967,0,1,3400,-88,88,2165.692383,1.0,0.82,0.50,0.0,0.0,27,0.0,0.0,0.0,0.0,0.0,0.0,0.0,0.0
195216,0,1,3400,-88,88,2165.692383,1.0,0.82,0.50,0.0,0.0,27,0.0,0.0,0.0,0.0,0.0,0.0,0.0,0.0
195465,0,1,3400,-88,88,2165.692383,1.0,0.82,0.50,0.0,0.0,27,0.0,0.0,0.0,0.0,0.0,0.0,0.0,0.0
195714,0,1,3400,-88,88,2165.692383,1.0,0.82,0.50,0.0,0.0,27,0.0,0.0,0.0,0.0,0.0,0.0,0.0,0.0
195963,0,1,3400,-88,88,2165.692383,1.0,0.82,0.50,0.0,0.0,27,0.0,0.0,0.0,0.0,0.0,0.0,0.0,0.0
196212,0,1,3400,-88,88,2165.692383,1.0,0.82,0.50,0.0,0.0,27,0.0,0.0,0.0,0.0,0.0,0.0,0.0,0.0
196461,0,1,3400,-88,88,2165.692383,1.0,0.82,0.50,0.0,0.0,27,0.0,0.0,0.0,0.0,0.0,0.0,0.0,0.0
196710,0,1,3400,-88,88,2165.692383,1.0,0.82,0.50,0.0,0.0,27,0.0,0.0,0.0,0.0,0.0,0.0,0.0,0.0
196959,0,1,3400,-88,88,2165.692383,1.0,0.82,0.50,0.0,0.0,27,0.0,0.0,0.0,0.0,0.0,0.0,0.0,0.0
197208,0,1,3400,-88,88,2165.692383,1.0,0.82,0.50,0.0,0.0,27,0.0,0.0,0.0,0.0,0.0,0.0,0.0,0.0
197457,0,1,3400,-88,88,2165.692383,1.0,0.82,0.50,0.0,0.0,27,0.0,0.0,0.0,0.0,0.0,0.0,0.0,0.0
197706,0,1,3400,-88,88,2165.692383,1.0,0.82,0.50,0.0,0.0,27,0.0,0.0,0.0,0.0,0.0,0.0,0.0,0.0
197955,0,1,3400,-88,88,2165.692383,1.0,0.82,0.50,0.0,0.0,27,0.0,0.0,0.0,0.0,0.0,0.0,0.0,0.0
198204,0,1,3400,-88,88,2165.692383,1.0,0.82,0.50,0.0,0.0,27,0.0,0.0,0.0,0.0,0.0,0.0,0.0,0.0
198453,0,1,3400,-88,88,2165.692383,1.0,0.82,0.50,0.0,0.0,27,0.0,0.0,0.0,0.0,0.0,0.0,0.0,0.0
198702,0,1,3400,-88,88,2165.692383,1.0,0.82,0.50,0.0,0.0,27,0.0,0.0,0.0,0.0,0.0,0.0,0.0,0.0
198951,0,1,3400,-88,88,2165.692383,1.0,0.82,0.50,0.0,0.0,27,0.0,0.0,0.0,0.0,0.0,0.0,0.0,0.0
199200,0,1,3400,-88,88,2165.692383,1.0,0.82,0.50,0.0,0.0,27,0.0,0.0,0.0,0.0,0.0,0.0,0.0,0.0
199449,0,1,3400,-88,88,2165.692383,1.0,0.82,0.50,0.0,0.0,27,0.0,0.0,0.0,0.0,0.0,0.0,0.0,0.0
199698,0,1,3400,-88,88,2165.692383,1.0,0.82,0.50,0.0,0.0,27,0.0,0.0,0.0,0.0,0.0,0.0,0.0,0.0
199947,0,1,3400,-88,88,2165.692383,1.0,0.82,0.50,0.0,0.0,27,0.0,0.0,0.0,0.0,0.0,0.0,0.0,0.0
200196,0,1,3400,-88,88,2165.692383,1.0,0.82,0.50,0.0,0.0,27,0.0,0.0,0.0,0.0,0.0,0.0,0.0,0.0
200445,0,1,3400,-88,88,2165.692383,1.0,0.82,0.50,0.0,0.0,27,0.0,0.0,0.0,0.0,0.0,0.0,0.0,0.0
200694,0,1,3400,-88,88,2165.692383,1.0,0.82,0.50,0.0,0.0,27,0.0,0.0,0.0,0.0,0.0,0.0,0.0,0.0
200943,0,1,3400,-88,88,2165.692383,1.0,0.82,0.50,0.0,0.0,27,0.0,0.0,0.0,0.0,0.0,0.0,0.0,0.0
201192,0,1,3400,-88,88,2165.692383,1.0,0.82,0.50,0.0,0.0,27,0.0,0.0,0.0,0.0,0.0,0.0,0.0,0.0
201441,0,1,3400,-88,88,2165.692383,1.0,0.82,0.50,0.0,0.0,27,0.0,0.0,0.0,0.0,0.0,0.0,0.0,0.0
201690,0,1,3400,-88,88,2165.692383,1.0,0.82,0.50,0.0,0.0,27,0.0,0.0,0.0,0.0,0.0,0.0,0.0,0.0
201939,0,1,3400,-88,88,2165.692383,1.0,0.82,0.50,0.0,0.0,27,0.0,0.0,0.0,0.0,0.0,0.0,0.0,0.0
202188,0,1,3400,-88,88,2165.692383,1.0,0.82,0.50,0.0,0.0,27,0.0,0.0,0.0,0.0,0.0,0.0,0.0,0.0
202437,0,1,3400,-88,88,2165.692383,1.0,0.82,0.50,0.0,0.0,27,0.0,0.0,0.0,0.0,0.0,0.0,0.0,0.0
202686,0,1,3400,-88,88,2165.692383,1.0,0.82,0.50,0.0,0.0,27,0.0,0.0,0.0,0.0,0.0,0.0,0.0,0.0
202935,0,1,3400,-88,88,2165.692383,1.0,0.82,0.50,0.0,0.0,27,0.0,0.0,0.0,0.0,0.0,0.0,0.0,0.0
203184,0,1,3400,-88,88,2165.692383,1.0,0.82,0.50,0.0,0.0,27,0.0,0.0,0.0,0.0,0.0,0.0,0.0,0.0
203433,0,1,3400,-88,88,2165.692383,1.0,0.82,0.50,0.0,0.0,27,0.0,0.0,0.0,0.0,0.0,0.0,0.0,0.0
203682,0,1,3400,-88,88,2165.692383,1.0,0.82,0.50,0.0,0.0,27,0.0,0.0,0.0,0.0,0.0,0.0,0.0,0.0
203931,0,1,3400,-88,88,2165.692383,1.0,0.82,0.50,0.0,0.0,27,0.0,0.0,0.0,0.0,0.0,0.0,0.0,0.0
204180,0,1,3400,-88,88,2165.692383,1.0,0.82,0.50,0.0,0.0,27,0.0,0.0,0.0,0.0,0.0,0.0,0.0,0.0
204429,0,1,3400,-88,88,2165.692383,1.0,0.82,0.50,0.0,0.0,27,0.0,0.0,0.0,0.0,0.0,0.0,0.0,0.0
204678,0,1,3400,-88,88,2165.692383,1.0,0.82,0.50,0.0,0.0,27,0.0,0.0,0.0,0.0,0.0,0.0,0.0,0.0
204927,0,1,3400,-88,88,2165.692383,1.0,0.82,0.50,0.0,0.0,27,0.0,0.0,0.0,0.0,0.0,0.0,0.0,0.0
205176,0,1,3400,-88,88,2165.692383,1.0,0.82,0.50,0.0,0.0,27,0.0,0.0,0.0,0.0,0.0,0.0,0.0,0.0
205425,0,1,3400,-88,88,2165.692383,1.0,0.82,0.50,0.0,0.0,27,0.0,0.0,0.0,0.0,0.0,0.0,0.0,0.0
205674,0,1,3400,-88,88,2165.692383,1.0,0.82,0.50,0.0,0.0,27,0.0,0.0,0.0,0.0,0.0,0.0,0.0,0.0
205923,0,1,3400,-88,88,2165.692383,1.0,0.82,0.50,0.0,0.0,27,0.0,0.0,0.0,0.0,0.0,0.0,0.0,0.0
206172,0,1,3400,-88,88,2165.692383,1.0,0.82,0.50,0.0,0.0,27,0.0,0.0,0.0,0.0,0.0,0.0,0.0,0.0
206421,0,1,3400,-88,88,2165.692383,1.0,0.82,0.50,0.0,0.0,27,0.0,0.0,0.0,0.0,0.0,0.0,0.0,0.0
206670,0,1,3400,-88,88,2165.692383,1.0,0.82,0.50,0.0,0.0,27,0.0,0.0,0.0,0.0,0.0,0.0,0.0,0.0
206919,0,1,3400,-88,88,2165.692383,1.0,0.82,0.50,0.0,0.0,27,0.0,0.0,0.0,0.0,0.0,0.0,0.0,0.0
207168,0,1,3400,-88,88,2165.692383,1.0,0.82,0.50,0.0,0.0,27,0.0,0.0,0.0,0.0,0.0,0.0,0.0,0.0
207417,0,1,3400,-88,88,2165.692383,1.0,0.82,0.50,0.0,0.0,27,0.0,0.0,0.0,0.0,0.0,0.0,0.0,0.0
207666,0,1,3400,-88,88,2165.692383,1.0,0.82,0.50,0.0,0.0,27,0.0,0.0,0.0,0.0,0.0,0.0,0.0,0.0
207915,0,1,3400,-88,88,2165.692383,1.0,0.82,0.50,0.0,0.0,27,0.0,0.0,0.0,0.0,0.0,0.0,0.0,0.0
208164,0,1,3400,-88,88,2165.692383,1.0,0.82,0.50,0.0,0.0,27,0.0,0.0,0.0,0.0,0.0,0.0,0.0,0.0
208413,0,1,3400,-88,88,2165.692383,1.0,0.82,0.50,0.0,0.0,27,0.0,0.0,0.0,0.0,0.0,0.0,0.0,0.0
208662,0,1,3400,-88,88,2165.692383,1.0,0.82,0.50,0.0,0.0,27,0.0,0.0,0.0,0.0,0.0,0.0,0.0,0.0
208911,0,1,3400,-88,88,2165.692383,1.0,0.82,0.50,0.0,0.0,27,0.0,0.0,0.0,0.0,0.0,0.0,0.0,0.0
209160,0,1,3400,-88,88,2165.692383,1.0,0.82,0.50,0.0,0.0,27,0.0,0.0,0.0,0.0,0.0,0.0,0.0,0.0
209409,0,1,3400,-88,88,2165.692383,1.0,0.82,0.50,0.0,0.0,27,0.0,0.0,0.0,0.0,0.0,0.0,0.0,0.0
209658,0,1,3400,-88,88,2165.692383,1.0,0.82,0.50,0.0,0.0,27,0.0,0.0,0.0,0.0,0.0,0.0,0.0,0.0
209907,0,1,3400,-88,88,2165.692383,1.0,0.82,0.50,0.0,0.0,27,0.0,0.0,0.0,0.0,0.0,0.0,0.0,0.0
210156,0,1,3400,-88,88,2165.692383,1.0,0.82,0.50,0.0,0.0,27,0.0,0.0,0.0,0.0,0.0,0.0,0.0,0.0
210405,0,1,3400,-88,88,2165.692383,1.0,0.82,0.50,0.0,0.0,27,0.0,0.0,0.0,0.0,0.0,0.0,0.0,0.0
210654,0,1,3400,-88,88,2165.692383,1.0,0.82,0.50,0.0,0.0,27,0.0,0.0,0.0,0.0,0.0,0.0,0.0,0.0
210903,0,1,3400,-88,88,2165.692383,1.0,0.82,0.50,0.0,0.0,27,0.0,0.0,0.0,0.0,0.0,0.0,0.0,0.0
211152,0,1,3400,-88,88,2165.692383,1.0,0.82,0.50,0.0,0.0,27,0.0,0.0,0.0,0.0,0.0,0.0,0.0,0.0
211401,0,1,3400,-88,88,2165.692383,1.0,0.82,0.50,0.0,0.0,27,0.0,0.0,0.0,0.0,0.0,0.0,0.0,0.0
211650,0,1,3400,-88,88,2165.692383,1.0,0.82,0.50,0.0,0.0,27,0.0,0.0,0.0,0.0,0.0,0.0,0.0,0.0
211899,0,1,3400,-88,88,2165.692383,1.0,0.82,0.50,0.0,0.0,27,0.0,0.0,0.0,0.0,0.0,0.0,0.0,0.0
212148,0,1,3400,-88,88,2165.692383,1.0,0.82,0.50,0.0,0.0,27,0.0,0.0,0.0,0.0,0.0,0.0,0.0,0.0
212397,0,1,3400,-88,88,2165.692383,1.0,0.82,0.50,0.0,0.0,27,0.0,0.0,0.0,0.0,0.0,0.0,0.0,0.0
212646,0,1,3400,-88,88,2165.692383,1.0,0.82,0.50,0.0,0.0,27,0.0,0.0,0.0,0.0,0.0,0.0,0.0,0.0
212895,0,1,3400,-88,88,2165.692383,1.0,0.82,0.50,0.0,0.0,27,0.0,0.0,0.0,0.0,0.0,0.0,0.0,0.0
213144,0,1,3400,-88,88,2165.692383,1.0,0.82,0.50,0.0,0.0,27,0.0,0.0,0.0,0.0,0.0,0.0,0.0,0.0
213393,0,1,3400,-88,88,2165.692383,1.0,0.82,0.50,0.0,0.0,27,0.0,0.0,0.0,0.0,0.0,0.0,0.0,0.0
213642,0,1,3400,-88,88,2165.692383,1.0,0.82,0.50,0.0,0.0,27,0.0,0.0,0.0,0.0,0.0,0.0,0.0,0.0
213891,0,1,3400,-88,88,2165.692383,1.0,0.82,0.50,0.0,0.0,27,0.0,0.0,0.0,0.0,0.0,0.0,0.0,0.0
214140,0,1,3400,-88,88,2165.692383,1.0,0.82,0.50,0.0,0.0,27,0.0,0.0,0.0,0.0,0.0,0.0,0.0,0.0
214389,0,1,3400,-88,88,2165.692383,1.0,0.82,0.50,0.0,0.0,27,0.0,0.0,0.0,0.0,0.0,0.0,0.0,0.0
214638,0,1,3400,-88,88,2165.692383,1.0,0.82,0.50,0.0,0.0,27,0.0,0.0,0.0,0.0,0.0,0.0,0.0,0.0
214887,0,1,3400,-88,88,2165.692383,1.0,0.82,0.50,0.0,0.0,27,0.0,0.0,0.0,0.0,0.0,0.0,0.0,0.0
215136,0,1,3400,-88,88,2165.692383,1.0,0.82,0.50,0.0,0.0,27,0.0,0.0,0.0,0.0,0.0,0.0,0.0,0.0
215385,0,1,3400,-88,88,2165.692383,1.0,0.82,0.50,0.0,0.0,27,0.0,0.0,0.0,0.0,0.0,0.0,0.0,0.0
215634,0,1,3400,-88,88,2165.692383,1.0,0.82,0.50,0.0,0.0,27,0.0,0.0,0.0,0.0,0.0,0.0,0.0,0.0
215883,0,1,3400,-88,88,2165.692383,1.0,0.82,0.50,0.0,0.0,27,0.0,0.0,0.0,0.0,0.0,0.0,0.0,0.0
216132,0,1,3400,-88,88,2165.692383,1.0,0.82,0.50,0.0,0.0,27,0.0,0.0,0.0,0.0,0.0,0.0,0.0,0.0
216381,0,1,3400,-88,88,2165.692383,1.0,0.82,0.50,0.0,0.0,27,0.0,0.0,0.0,0.0,0.0,0.0,0.0,0.0
216630,0,1,3400,-88,88,2165.692383,1.0,0.82,0.50,0.0,0.0,27,0.0,0.0,0.0,0.0,0.0,0.0,0.0,0.0
216879,0,1,3400,-88,88,2165.692383,1.0,0.82,0.50,0.0,0.0,27,0.0,0.0,0.0,0.0,0.0,0.0,0.0,0.0
217128,0,1,3400,-88,88,2165.692383,1.0,0.82,0.50,0.0,0.0,27,0.0,0.0,0.0,0.0,0.0,0.0,0.0,0.0
217377,0,1,3400,-88,88,2165.692383,1.0,0.82,0.50,0.0,0.0,27,0.0,0.0,0.0,0.0,0.0,0.0,0.0,0.0
217626,0,1,3400,-88,88,2165.692383,1.0,0.82,0.50,0.0,0.0,27,0.0,0.0,0.0,0.0,0.0,0.0,0.0,0.0
217875,0,1,3400,-88,88,2165.692383,1.0,0.82,0.50,0.0,0.0,27,0.0,0.0,0.0,0.0,0.0,0.0,0.0,0.0
218124,0,1,3400,-88,88,2165.692383,1.0,0.82,0.50,0.0,0.0,27,0.0,0.0,0.0,0.0,0.0,0.0,0.0,0.0
218373,0,1,3400,-88,88,2165.692383,1.0,0.82,0.50,0.0,0.0,27,0.0,0.0,0.0,0.0,0.0,0.0,0.0,0.0
218622,0,1,3400,-88,88,2165.692383,1.0,0.82,0.50,0.0,0.0,27,0.0,0.0,0.0,0.0,0.0,0.0,0.0,0.0
218871,0,1,3400,-88,88,2165.692383,1.0,0.82,0.50,0.0,0.0,27,0.0,0.0,0.0,0.0,0.0,0.0,0.0,0.0
219120,0,1,3400,-88,88,2165.692383,1.0,0.82,0.50,0.0,0.0,27,0.0,0.0,0.0,0.0,0.0,0.0,0.0,0.0
219369,0,1,3400,-88,88,2165.692383,1.0,0.82,0.50,0.0,0.0,27,0.0,0.0,0.0,0.0,0.0,0.0,0.0,0.0
219618,0,1,3400,-88,88,2165.692383,1.0,0.82,0.50,0.0,0.0,27,0.0,0.0,0.0,0.0,0.0,0.0,0.0,0.0
219867,0,1,3400,-88,88,2165.692383,1.0,0.82,0.50,0.0,0.0,27,0.0,0.0,0.0,0.0,0.0,0.0,0.0,0.0
220116,0,1,3400,-88,88,2165.692383,1.0,0.82,0.50,0.0,0.0,27,0.0,0.0,0.0,0.0,0.0,0.0,0.0,0.0
220365,0,1,3400,-88,88,2165.692383,1.0,0.82,0.50,0.0,0.0,27,0.0,0.0,0.0,0.0,0.0,0.0,0.0,0.0
220614,0,1,3400,-88,88,2165.692383,1.0,0.82,0.50,0.0,0.0,27,0.0,0.0,0.0,0.0,0.0,0.0,0.0,0.0
220863,0,1,3400,-88,88,2165.692383,1.0,0.82,0.50,0.0,0.0,27,0.0,0.0,0.0,0.0,0.0,0.0,0.0,0.0
221112,0,1,3400,-88,88,2165.692383,1.0,0.82,0.50,0.0,0.0,27,0.0,0.0,0.0,0.0,0.0,0.0,0.0,0.0
221361,0,1,3400,-88,88,2165.692383,1.0,0.82,0.50,0.0,0.0,27,0.0,0.0,0.0,0.0,0.0,0.0,0.0,0.0
221610,0,1,3400,-88,88,2165.692383,1.0,0.82,0.50,0.0,0.0,27,0.0,0.0,0.0,0.0,0.0,0.0,0.0,0.0
221859,0,1,3400,-88,88,2165.692383,1.0,0.82,0.50,0.0,0.0,27,0.0,0.0,0.0,0.0,0.0,0.0,0.0,0.0
222108,0,1,3400,-88,88,2165.692383,1.0,0.82,0.50,0.0,0.0,27,0.0,0.0,0.0,0.0,0.0,0.0,0.0,0.0
222358,0,1,3400,-88,88,2165.692383,1.0,0.82,0.50,0.0,0.0,27,0.0,0.0,0.0,0.0,0.0,0.0,0.0,0.0
222607,0,1,3400,-88,88,2165.692383,1.0,0.82,0.50,0.0,0.0,27,0.0,0.0,0.0,0.0,0.0,0.0,0.0,0.0
222856,0,1,3400,-88,88,2165.692383,1.0,0.82,0.50,0.0,0.0,27,0.0,0.0,0.0,0.0,0.0,0.0,0.0,0.0
223105,0,1,3400,-88,88,2165.692383,1.0,0.82,0.50,0.0,0.0,27,0.0,0.0,0.0,0.0,0.0,0.0,0.0,0.0
223354,0,1,3400,-88,88,2165.692383,1.0,0.82,0.50,0.0,0.0,27,0.0,0.0,0.0,0.0,0.0,0.0,0.0,0.0
223603,0,1,3400,-88,88,2165.692383,1.0,0.82,0.50,0.0,0.0,27,0.0,0.0,0.0,0.0,0.0,0.0,0.0,0.0
223852,0,1,3400,-88,88,2165.692383,1.0,0.82,0.50,0.0,0.0,27,0.0,0.0,0.0,0.0,0.0,0.0,0.0,0.0
224101,0,1,3400,-88,88,2165.692383,1.0,0.82,0.50,0.0,0.0,27,0.0,0.0,0.0,0.0,0.0,0.0,0.0,0.0
224350,0,1,3400,-88,88,2165.692383,1.0,0.82,0.50,0.0,0.0,27,0.0,0.0,0.0,0.0,0.0,0.0,0.0,0.0
224599,0,1,3400,-88,88,2165.692383,1.0,0.82,0.50,0.0,0.0,27,0.0,0.0,0.0,0.0,0.0,0.0,0.0,0.0
224848,0,1,3400,-88,88,2165.692383,1.0,0.82,0.50,0.0,0.0,27,0.0,0.0,0.0,0.0,0.0,0.0,0.0,0.0
225097,0,1,3400,-88,88,2165.692383,1.0,0.82,0.50,0.0,0.0,27,0.0,0.0,0.0,0.0,0.0,0.0,0.0,0.0
225346,0,1,3400,-88,88,2165.692383,1.0,0.82,0.50,0.0,0.0,27,0.0,0.0,0.0,0.0,0.0,0.0,0.0,0.0
225595,0,1,3400,-88,88,2165.692383,1.0,0.82,0.50,0.0,0.0,27,0.0,0.0,0.0,0.0,0.0,0.0,0.0,0.0
225844,0,1,3400,-88,88,2165.692383,1.0,0.82,0.50,0.0,0.0,27,0.0,0.0,0.0,0.0,0.0,0.0,0.0,0.0
226093,0,1,3400,-88,88,2165.692383,1.0,0.82,0.50,0.0,0.0,27,0.0,0.0,0.0,0.0,0.0,0.0,0.0,0.0
226342,0,1,3400,-88,88,2165.692383,1.0,0.82,0.50,0.0,0.0,27,0.0,0.0,0.0,0.0,0.0,0.0,0.0,0.0
226591,0,1,3400,-88,88,2165.692383,1.0,0.82,0.50,0.0,0.0,27,0.0,0.0,0.0,0.0,0.0,0.0,0.0,0.0
226840,0,1,3400,-88,88,2165.692383,1.0,0.82,0.50,0.0,0.0,27,0.0,0.0,0.0,0.0,0.0,0.0,0.0,0.0
227089,0,1,3400,-88,88,2165.692383,1.0,0.82,0.50,0.0,0.0,27,0.0,0.0,0.0,0.0,0.0,0.0,0.0,0.0
227338,0,1,3400,-88,88,2165.692383,1.0,0.82,0.50,0.0,0.0,27,0.0,0.0,0.0,0.0,0.0,0.0,0.0,0.0
227587,0,1,3400,-88,88,2165.692383,1.0,0.82,0.50,0.0,0.0,27,0.0,0.0,0.0,0.0,0.0,0.0,0.0,0.0
227836,0,1,3400,-88,88,2165.692383,1.0,0.82,0.50,0.0,0.0,27,0.0,0.0,0.0,0.0,0.0,0.0,0.0,0.0
228085,0,1,3400,-88,88,2165.692383,1.0,0.82,0.50,0.0,0.0,27,0.0,0.0,0.0,0.0,0.0,0.0,0.0,0.0
228334,0,1,3400,-88,88,2165.692383,1.0,0.82,0.50,0.0,0.0,27,0.0,0.0,0.0,0.0,0.0,0.0,0.0,0.0
228583,0,1,3400,-88,88,2165.692383,1.0,0.82,0.50,0.0,0.0,27,0.0,0.0,0.0,0.0,0.0,0.0,0.0,0.0
228832,0,1,3400,-88,88,2165.692383,1.0,0.82,0.50,0.0,0.0,27,0.0,0.0,0.0,0.0,0.0,0.0,0.0,0.0
229081,0,1,3400,-88,88,2165.692383,1.0,0.82,0.50,0.0,0.0,27,0.0,0.0,0.0,0.0,0.0,0.0,0.0,0.0
229330,0,1,3400,-88,88,2165.692383,1.0,0.82,0.50,0.0,0.0,27,0.0,0.0,0.0,0.0,0.0,0.0,0.0,0.0
229579,0,1,3400,-88,88,2165.692383,1.0,0.82,0.50,0.0,0.0,27,0.0,0.0,0.0,0.0,0.0,0.0,0.0,0.0
229828,0,1,3400,-88,88,2165.692383,1.0,0.82,0.50,0.0,0.0,27,0.0,0.0,0.0,0.0,0.0,0.0,0.0,0.0
230077,0,1,3400,-88,88,2165.692383,1.0,0.82,0.50,0.0,0.0,27,0.0,0.0,0.0,0.0,0.0,0.0,0.0,0.0
230326,0,1,3400,-88,88,2165.692383,1.0,0.82,0.50,0.0,0.0,27,0.0,0.0,0.0,0.0,0.0,0.0,0.0,0.0
230575,0,1,3400,-88,88,2165.692383,1.0,0.82,0.50,0.0,0.0,27,0.0,0.0,0.0,0.0,0.0,0.0,0.0,0.0
230824,0,1,3400,-88,88,2165.692383,1.0,0.82,0.50,0.0,0.0,27,0.0,0.0,0.0,0.0,0.0,0.0,0.0,0.0
231073,0,1,3400,-88,88,2165.692383,1.0,0.82,0.50,0.0,0.0,27,0.0,0.0,0.0,0.0,0.0,0.0,0.0,0.0
231322,0,1,3400,-88,88,2165.692383,1.0,0.82,0.50,0.0,0.0,27,0.0,0.0,0.0,0.0,0.0,0.0,0.0,0.0
231571,0,1,3400,-88,88,2165.692383,1.0,0.82,0.50,0.0,0.0,27,0.0,0.0,0.0,0.0,0.0,0.0,0.0,0.0
231820,0,1,3400,-88,88,2165.692383,1.0,0.82,0.50,0.0,0.0,27,0.0,0.0,0.0,0.0,0.0,0.0,0.0,0.0
232069,0,1,3400,-88,88,2165.692383,1.0,0.82,0.50,0.0,0.0,27,0.0,0.0,0.0,0.0,0.0,0.0,0.0,0.0
232318,0,1,3400,-88,88,2165.692383,1.0,0.82,0.50,0.0,0.0,27,0.0,0.0,0.0,0.0,0.0,0.0,0.0,0.0
232567,0,1,3400,-88,88,2165.692383,1.0,0.82,0.50,0.0,0.0,27,0.0,0.0,0.0,0.0,0.0,0.0,0.0,0.0
232816,0,1,3400,-88,88,2165.692383,1.0,0.82,0.50,0.0,0.0,27,0.0,0.0,0.0,0.0,0.0,0.0,0.0,0.0
233065,0,1,3400,-88,88,2165.692383,1.0,0.82,0.50,0.0,0.0,27,0.0,0.0,0.0,0.0,0.0,0.0,0.0,0.0
233314,0,1,3400,-88,88,2165.692383,1.0,0.82,0.50,0.0,0.0,27,0.0,0.0,0.0,0.0,0.0,0.0,0.0,0.0
233563,0,1,3400,-88,88,2165.692383,1.0,0.82,0.50,0.0,0.0,27,0.0,0.0,0.0,0.0,0.0,0.0,0.0,0.0
233812,0,1,3400,-88,88,2165.692383,1.0,0.82,0.50,0.0,0.0,27,0.0,0.0,0.0,0.0,0.0,0.0,0.0,0.0
234061,0,1,3400,-88,88,2165.692383,1.0,0.82,0.50,0.0,0.0,27,0.0,0.0,0.0,0.0,0.0,0.0,0.0,0.0
234310,0,1,3400,-88,88,2165.692383,1.0,0.82,0.50,0.0,0.0,27,0.0,0.0,0.0,0.0,0.0,0.0,0.0,0.0
234559,0,1,3400,-88,88,2165.692383,1.0,0.82,0.50,0.0,0.0,27,0.0,0.0,0.0,0.0,0.0,0.0,0.0,0.0
234808,0,1,3400,-88,88,2165.692383,1.0,0.82,0.50,0.0,0.0,27,0.0,0.0,0.0,0.0,0.0,0.0,0.0,0.0
235057,0,1,3400,-88,88,2165.692383,1.0,0.82,0.50,0.0,0.0,27,0.0,0.0,0.0,0.0,0.0,0.0,0.0,0.0
235306,0,1,3400,-88,88,2165.692383,1.0,0.82,0.50,0.0,0.0,27,0.0,0.0,0.0,0.0,0.0,0.0,0.0,0.0
235555,0,1,3400,-88,88,2165.692383,1.0,0.82,0.50,0.0,0.0,27,0.0,0.0,0.0,0.0,0.0,0.0,0.0,0.0
235804,0,1,3400,-88,88,2165.692383,1.0,0.82,0.50,0.0,0.0,27,0.0,0.0,0.0,0.0,0.0,0.0,0.0,0.0
236053,0,1,3400,-88,88,2165.692383,1.0,0.82,0.50,0.0,0.0,27,0.0,0.0,0.0,0.0,0.0,0.0,0.0,0.0
236302,0,1,3400,-88,88,2165.692383,1.0,0.82,0.50,0.0,0.0,27,0.0,0.0,0.0,0.0,0.0,0.0,0.0,0.0
236551,0,1,3400,-88,88,2165.692383,1.0,0.82,0.50,0.0,0.0,27,0.0,0.0,0.0,0.0,0.0,0.0,0.0,0.0
236800,0,1,3400,-88,88,2165.692383,1.0,0.82,0.50,0.0,0.0,27,0.0,0.0,0.0,0.0,0.0,0.0,0.0,0.0
237049,0,1,3400,-88,88,2165.692383,1.0,0.82,0.50,0.0,0.0,27,0.0,0.0,0.0,0.0,0.0,0.0,0.0,0.0
237298,0,1,3400,-88,88,2165.692383,1.0,0.82,0.50,0.0,0.0,27,0.0,0.0,0.0,0.0,0.0,0.0,0.0,0.0
237547,0,1,3400,-88,88,2165.692383,1.0,0.82,0.50,0.0,0.0,27,0.0,0.0,0.0,0.0,0.0,0.0,0.0,0.0
237796,0,1,3400,-88,88,2165.692383,1.0,0.82,0.50,0.0,0.0,27,0.0,0.0,0.0,0.0,0.0,0.0,0.0,0.0
238045,0,1,3400,-88,88,2165.692383,1.0,0.82,0.50,0.0,0.0,27,0.0,0.0,0.0,0.0,0.0,0.0,0.0,0.0
238294,0,1,3400,-88,88,2165.692383,1.0,0.82,0.50,0.0,0.0,27,0.0,0.0,0.0,0.0,0.0,0.0,0.0,0.0
238543,0,1,3400,-88,88,2165.692383,1.0,0.82,0.50,0.0,0.0,27,0.0,0.0,0.0,0.0,0.0,0.0,0.0,0.0
238792,0,1,3400,-88,88,2165.692383,1.0,0.82,0.50,0.0,0.0,27,0.0,0.0,0.0,0.0,0.0,0.0,0.0,0.0
239041,0,1,3400,-88,88,2165.692383,1.0,0.82,0.50,0.0,0.0,27,0.0,0.0,0.0,0.0,0.0,0.0,0.0,0.0
239290,0,1,3400,-88,88,2165.692383,1.0,0.82,0.50,0.0,0.0,27,0.0,0.0,0.0,0.0,0.0,0.0,0.0,0.0
239539,0,1,3400,-88,88,2165.692383,1.0,0.82,0.50,0.0,0.0,27,0.0,0.0,0.0,0.0,0.0,0.0,0.0,0.0
239788,0,1,3400,-88,88,2165.692383,1.0,0.82,0.50,0.0,0.0,27,0.0,0.0,0.0,0.0,0.0,0.0,0.0,0.0
240037,0,1,3400,-88,88,2165.692383,1.0,0.82,0.50,0.0,0.0,27,0.0,0.0,0.0,0.0,0.0,0.0,0.0,0.0
240286,0,1,3400,-88,88,2165.692383,1.0,0.82,0.50,0.0,0.0,27,0.0,0.0,0.0,0.0,0.0,0.0,0.0,0.0
240535,0,1,3400,-88,88,2165.692383,1.0,0.82,0.50,0.0,0.0,27,0.0,0.0,0.0,0.0,0.0,0.0,0.0,0.0
240784,0,1,3400,-88,88,2165.692383,1.0,0.82,0.50,0.0,0.0,27,0.0,0.0,0.0,0.0,0.0,0.0,0.0,0.0
241033,0,1,3400,-88,88,2165.692383,1.0,0.82,0.50,0.0,0.0,27,0.0,0.0,0.0,0.0,0.0,0.0,0.0,0.0
241282,0,1,3400,-88,88,2165.692383,1.0,0.82,0.50,0.0,0.0,27,0.0,0.0,0.0,0.0,0.0,0.0,0.0,0.0
241531,0,1,3400,-88,88,2165.692383,1.0,0.82,0.50,0.0,0.0,27,0.0,0.0,0.0,0.0,0.0,0.0,0.0,0.0
241780,0,1,3400,-88,88,2165.692383,1.0,0.82,0.50,0.0,0.0,27,0.0,0.0,0.0,0.0,0.0,0.0,0.0,0.0
242029,0,1,3400,-88,88,2165.692383,1.0,0.82,0.50,0.0,0.0,27,0.0,0.0,0.0,0.0,0.0,0.0,0.0,0.0
242278,0,1,3400,-88,88,2165.692383,1.0,0.82,0.50,0.0,0.0,27,0.0,0.0,0.0,0.0,0.0,0.0,0.0,0.0
242527,0,1,3400,-88,88,2165.692383,1.0,0.82,0.50,0.0,0.0,27,0.0,0.0,0.0,0.0,0.0,0.0,0.0,0.0
242776,0,1,3400,-88,88,2165.692383,1.0,0.82,0.50,0.0,0.0,27,0.0,0.0,0.0,0.0,0.0,0.0,0.0,0.0
243025,0,1,3400,-88,88,2165.692383,1.0,0.82,0.50,0.0,0.0,27,0.0,0.0,0.0,0.0,0.0,0.0,0.0,0.0
243274,0,1,3400,-88,88,2165.692383,1.0,0.82,0.50,0.0,0.0,27,0.0,0.0,0.0,0.0,0.0,0.0,0.0,0.0
243523,0,1,3400,-88,88,2165.692383,1.0,0.82,0.50,0.0,0.0,27,0.0,0.0,0.0,0.0,0.0,0.0,0.0,0.0
243772,0,1,3400,-88,88,2165.692383,1.0,0.82,0.50,0.0,0.0,27,0.0,0.0,0.0,0.0,0.0,0.0,0.0,0.0
244021,0,1,3400,-88,88,2165.692383,1.0,0.82,0.50,0.0,0.0,27,0.0,0.0,0.0,0.0,0.0,0.0,0.0,0.0
244270,0,1,3400,-88,88,2165.692383,1.0,0.82,0.50,0.0,0.0,27,0.0,0.0,0.0,0.0,0.0,0.0,0.0,0.0
244519,0,1,3400,-88,88,2165.692383,1.0,0.82,0.50,0.0,0.0,27,0.0,0.0,0.0,0.0,0.0,0.0,0.0,0.0
244768,0,1,3400,-88,88,2165.692383,1.0,0.82,0.50,0.0,0.0,27,0.0,0.0,0.0,0.0,0.0,0.0,0.0,0.0
245017,0,1,3400,-88,88,2165.692383,1.0,0.82,0.50,0.0,0.0,27,0.0,0.0,0.0,0.0,0.0,0.0,0.0,0.0
245266,0,1,3400,-88,88,2165.692383,1.0,0.82,0.50,0.0,0.0,27,0.0,0.0,0.0,0.0,0.0,0.0,0.0,0.0
245515,0,1,3400,-88,88,2165.692383,1.0,0.82,0.50,0.0,0.0,27,0.0,0.0,0.0,0.0,0.0,0.0,0.0,0.0
245764,0,1,3400,-88,88,2165.692383,1.0,0.82,0.50,0.0,0.0,27,0.0,0.0,0.0,0.0,0.0,0.0,0.0,0.0
246013,0,1,3400,-88,88,2165.692383,1.0,0.82,0.50,0.0,0.0,27,0.0,0.0,0.0,0.0,0.0,0.0,0.0,0.0
246262,0,1,3400,-88,88,2165.692383,1.0,0.82,0.50,0.0,0.0,27,0.0,0.0,0.0,0.0,0.0,0.0,0.0,0.0
246511,0,1,3400,-88,88,2165.692383,1.0,0.82,0.50,0.0,0.0,27,0.0,0.0,0.0,0.0,0.0,0.0,0.0,0.0
246760,0,1,3400,-88,88,2165.692383,1.0,0.82,0.50,0.0,0.0,27,0.0,0.0,0.0,0.0,0.0,0.0,0.0,0.0
247009,0,1,3400,-88,88,2165.692383,1.0,0.82,0.50,0.0,0.0,27,0.0,0.0,0.0,0.0,0.0,0.0,0.0,0.0
247258,0,1,3400,-88,88,2165.692383,1.0,0.82,0.50,0.0,0.0,27,0.0,0.0,0.0,0.0,0.0,0.0,0.0,0.0
247507,0,1,3400,-88,88,2165.692383,1.0,0.82,0.50,0.0,0.0,27,0.0,0.0,0.0,0.0,0.0,0.0,0.0,0.0
247756,0,1,3400,-88,88,2165.692383,1.0,0.82,0.50,0.0,0.0,27,0.0,0.0,0.0,0.0,0.0,0.0,0.0,0.0
248005,0,1,3400,-88,88,2165.692383,1.0,0.82,0.50,0.0,0.0,27,0.0,0.0,0.0,0.0,0.0,0.0,0.0,0.0
248254,0,1,3400,-88,88,2165.692383,1.0,0.82,0.50,0.0,0.0,27,0.0,0.0,0.0,0.0,0.0,0.0,0.0,0.0
248503,0,1,3400,-88,88,2165.692383,1.0,0.82,0.50,0.0,0.0,27,0.0,0.0,0.0,0.0,0.0,0.0,0.0,0.0
248752,0,1,3400,-88,88,2165.692383,1.0,0.82,0.50,0.0,0.0,27,0.0,0.0,0.0,0.0,0.0,0.0,0.0,0.0
249001,0,1,3400,-88,88,2165.692383,1.0,0.82,0.50,0.0,0.0,27,0.0,0.0,0.0,0.0,0.0,0.0,0.0,0.0
249250,0,1,3400,-88,88,2165.692383,1.0,0.82,0.50,0.0,0.0,27,0.0,0.0,0.0,0.0,0.0,0.0,0.0,0.0
249499,0,1,3400,-88,88,2165.692383,1.0,0.82,0.50,0.0,0.0,27,0.0,0.0,0.0,0.0,0.0,0.0,0.0,0.0
249748,0,1,3400,-88,88,2165.692383,1.0,0.82,0.50,0.0,0.0,27,0.0,0.0,0.0,0.0,0.0,0.0,0.0,0.0
249997,0,1,3400,-88,88,2165.692383,1.0,0.82,0.50,0.0,0.0,27,0.0,0.0,0.0,0.0,0.0,0.0,0.0,0.0
250246,0,1,3400,-88,88,2165.692383,1.0,0.82,0.50,0.0,0.0,27,0.0,0.0,0.0,0.0,0.0,0.0,0.0,0.0
250495,0,1,3400,-88,88,2165.692383,1.0,0.82,0.50,0.0,0.0,27,0.0,0.0,0.0,0.0,0.0,0.0,0.0,0.0
250744,0,1,3400,-88,88,2165.692383,1.0,0.82,0.50,0.0,0.0,27,0.0,0.0,0.0,0.0,0.0,0.0,0.0,0.0
250993,0,1,3400,-88,88,2165.692383,1.0,0.82,0.50,0.0,0.0,27,0.0,0.0,0.0,0.0,0.0,0.0,0.0,0.0
251242,0,1,3400,-88,88,2165.692383,1.0,0.82,0.50,0.0,0.0,27,0.0,0.0,0.0,0.0,0.0,0.0,0.0,0.0
251491,0,1,3400,-88,88,2165.692383,1.0,0.82,0.50,0.0,0.0,27,0.0,0.0,0.0,0.0,0.0,0.0,0.0,0.0
251740,0,1,3400,-88,88,2165.692383,1.0,0.82,0.50,0.0,0.0,27,0.0,0.0,0.0,0.0,0.0,0.0,0.0,0.0
251989,0,1,3400,-88,88,2165.692383,1.0,0.82,0.50,0.0,0.0,27,0.0,0.0,0.0,0.0,0.0,0.0,0.0,0.0
252238,0,1,3400,-88,88,2165.692383,1.0,0.82,0.50,0.0,0.0,27,0.0,0.0,0.0,0.0,0.0,0.0,0.0,0.0
252487,0,1,3400,-88,88,2165.692383,1.0,0.82,0.50,0.0,0.0,27,0.0,0.0,0.0,0.0,0.0,0.0,0.0,0.0
252736,0,1,3400,-88,88,2165.692383,1.0,0.82,0.50,0.0,0.0,27,0.0,0.0,0.0,0.0,0.0,0.0,0.0,0.0
252985,0,1,3400,-88,88,2165.692383,1.0,0.82,0.50,0.0,0.0,27,0.0,0.0,0.0,0.0,0.0,0.0,0.0,0.0
253234,0,1,3400,-88,88,2165.692383,1.0,0.82,0.50,0.0,0.0,27,0.0,0.0,0.0,0.0,0.0,0.0,0.0,0.0
253483,0,1,3400,-88,88,2165.692383,1.0,0.82,0.50,0.0,0.0,27,0.0,0.0,0.0,0.0,0.0,0.0,0.0,0.0
253732,0,1,3400,-88,88,2165.692383,1.0,0.82,0.50,0.0,0.0,27,0.0,0.0,0.0,0.0,0.0,0.0,0.0,0.0
253981,0,1,3400,-88,88,2165.692383,1.0,0.82,0.50,0.0,0.0,27,0.0,0.0,0.0,0.0,0.0,0.0,0.0,0.0
254230,0,1,3400,-88,88,2165.692383,1.0,0.82,0.50,0.0,0.0,27,0.0,0.0,0.0,0.0,0.0,0.0,0.0,0.0
254479,0,1,3400,-88,88,2165.692383,1.0,0.82,0.50,0.0,0.0,27,0.0,0.0,0.0,0.0,0.0,0.0,0.0,0.0
254728,0,1,3400,-88,88,2165.692383,1.0,0.82,0.50,0.0,0.0,27,0.0,0.0,0.0,0.0,0.0,0.0,0.0,0.0
254977,0,1,3400,-88,88,2165.692383,1.0,0.82,0.50,0.0,0.0,27,0.0,0.0,0.0,0.0,0.0,0.0,0.0,0.0
255226,0,1,3400,-88,88,2165.692383,1.0,0.82,0.50,0.0,0.0,27,0.0,0.0,0.0,0.0,0.0,0.0,0.0,0.0
255475,0,1,3400,-88,88,2165.692383,1.0,0.82,0.50,0.0,0.0,27,0.0,0.0,0.0,0.0,0.0,0.0,0.0,0.0
255724,0,1,3400,-88,88,2165.692383,1.0,0.82,0.50,0.0,0.0,27,0.0,0.0,0.0,0.0,0.0,0.0,0.0,0.0
255973,0,1,3400,-88,88,2165.692383,1.0,0.82,0.50,0.0,0.0,27,0.0,0.0,0.0,0.0,0.0,0.0,0.0,0.0
256222,0,1,3400,-88,88,2165.692383,1.0,0.82,0.50,0.0,0.0,27,0.0,0.0,0.0,0.0,0.0,0.0,0.0,0.0
256471,0,1,3400,-88,88,2165.692383,1.0,0.82,0.50,0.0,0.0,27,0.0,0.0,0.0,0.0,0.0,0.0,0.0,0.0
256720,0,1,3400,-88,88,2165.692383,1.0,0.82,0.50,0.0,0.0,27,0.0,0.0,0.0,0.0,0.0,0.0,0.0,0.0
256969,0,1,3400,-88,88,2165.692383,1.0,0.82,0.50,0.0,0.0,27,0.0,0.0,0.0,0.0,0.0,0.0,0.0,0.0
257218,0,1,3400,-88,88,2165.692383,1.0,0.82,0.50,0.0,0.0,27,0.0,0.0,0.0,0.0,0.0,0.0,0.0,0.0
257467,0,1,3400,-88,88,2165.692383,1.0,0.82,0.50,0.0,0.0,27,0.0,0.0,0.0,0.0,0.0,0.0,0.0,0.0
257716,0,1,3400,-88,88,2165.692383,1.0,0.82,0.50,0.0,0.0,27,0.0,0.0,0.0,0.0,0.0,0.0,0.0,0.0
257965,0,1,3400,-88,88,2165.692383,1.0,0.82,0.50,0.0,0.0,27,0.0,0.0,0.0,0.0,0.0,0.0,0.0,0.0
258214,0,1,3400,-88,88,2165.692383,1.0,0.82,0.50,0.0,0.0,27,0.0,0.0,0.0,0.0,0.0,0.0,0.0,0.0
258463,0,1,3400,-88,88,2165.692383,1.0,0.82,0.50,0.0,0.0,27,0.0,0.0,0.0,0.0,0.0,0.0,0.0,0.0
258712,0,1,3400,-88,88,2165.692383,1.0,0.82,0.50,0.0,0.0,27,0.0,0.0,0.0,0.0,0.0,0.0,0.0,0.0
258961,0,1,3400,-88,88,2165.692383,1.0,0.82,0.50,0.0,0.0,27,0.0,0.0,0.0,0.0,0.0,0.0,0.0,0.0
259210,0,1,3400,-88,88,2165.692383,1.0,0.82,0.50,0.0,0.0,27,0.0,0.0,0.0,0.0,0.0,0.0,0.0,0.0
259459,0,1,3400,-88,88,2165.692383,1.0,0.82,0.50,0.0,0.0,27,0.0,0.0,0.0,0.0,0.0,0.0,0.0,0.0
259708,0,1,3400,-88,88,2165.692383,1.0,0.82,0.50,0.0,0.0,27,0.0,0.0,0.0,0.0,0.0,0.0,0.0,0.0
259957,0,1,3400,-88,88,2165.692383,1.0,0.82,0.50,0.0,0.0,27,0.0,0.0,0.0,0.0,0.0,0.0,0.0,0.0
260206,0,1,3400,-88,88,2165.692383,1.0,0.82,0.50,0.0,0.0,27,0.0,0.0,0.0,0.0,0.0,0.0,0.0,0.0
260455,0,1,3400,-88,88,2165.692383,1.0,0.82,0.50,0.0,0.0,27,0.0,0.0,0.0,0.0,0.0,0.0,0.0,0.0
260704,0,1,3400,-88,88,2165.692383,1.0,0.82,0.50,0.0,0.0,27,0.0,0.0,0.0,0.0,0.0,0.0,0.0,0.0
260953,0,1,3400,-88,88,2165.692383,1.0,0.82,0.50,0.0,0.0,27,0.0,0.0,0.0,0.0,0.0,0.0,0.0,0.0
261202,0,1,3400,-88,88,2165.692383,1.0,0.82,0.50,0.0,0.0,27,0.0,0.0,0.0,0.0,0.0,0.0,0.0,0.0
261451,0,1,3400,-88,88,2165.692383,1.0,0.82,0.50,0.0,0.0,27,0.0,0.0,0.0,0.0,0.0,0.0,0.0,0.0
261700,0,1,3400,-88,88,2165.692383,1.0,0.82,0.50,0.0,0.0,27,0.0,0.0,0.0,0.0,0.0,0.0,0.0,0.0
261949,0,1,3400,-88,88,2165.692383,1.0,0.82,0.50,0.0,0.0,27,0.0,0.0,0.0,0.0,0.0,0.0,0.0,0.0
262198,0,1,3400,-88,88,2165.692383,1.0,0.82,0.50,0.0,0.0,27,0.0,0.0,0.0,0.0,0.0,0.0,0.0,0.0
262447,0,1,3400,-88,88,2165.692383,1.0,0.82,0.50,0.0,0.0,27,0.0,0.0,0.0,0.0,0.0,0.0,0.0,0.0
262696,0,1,3400,-88,88,2165.692383,1.0,0.82,0.50,0.0,0.0,27,0.0,0.0,0.0,0.0,0.0,0.0,0.0,0.0
262945,0,1,3400,-88,88,2165.692383,1.0,0.82,0.50,0.0,0.0,27,0.0,0.0,0.0,0.0,0.0,0.0,0.0,0.0
263194,0,1,3400,-88,88,2165.692383,1.0,0.82,0.50,0.0,0.0,27,0.0,0.0,0.0,0.0,0.0,0.0,0.0,0.0
263443,0,1,3400,-88,88,2165.692383,1.0,0.82,0.50,0.0,0.0,27,0.0,0.0,0.0,0.0,0.0,0.0,0.0,0.0
263692,0,1,3400,-88,88,2165.692383,1.0,0.82,0.50,0.0,0.0,27,0.0,0.0,0.0,0.0,0.0,0.0,0.0,0.0
263941,0,1,3400,-88,88,2165.692383,1.0,0.82,0.50,0.0,0.0,27,0.0,0.0,0.0,0.0,0.0,0.0,0.0,0.0
264190,0,1,3400,-88,88,2165.692383,1.0,0.82,0.50,0.0,0.0,27,0.0,0.0,0.0,0.0,0.0,0.0,0.0,0.0
264439,0,1,3400,-88,88,2165.692383,1.0,0.82,0.50,0.0,0.0,27,0.0,0.0,0.0,0.0,0.0,0.0,0.0,0.0
264688,0,1,3400,-88,88,2165.692383,1.0,0.82,0.50,0.0,0.0,27,0.0,0.0,0.0,0.0,0.0,0.0,0.0,0.0
264937,0,1,3400,-88,88,2165.692383,1.0,0.82,0.50,0.0,0.0,27,0.0,0.0,0.0,0.0,0.0,0.0,0.0,0.0
265186,0,1,3400,-88,88,2165.692383,1.0,0.82,0.50,0.0,0.0,27,0.0,0.0,0.0,0.0,0.0,0.0,0.0,0.0
265435,0,1,3400,-88,88,2165.692383,1.0,0.82,0.50,0.0,0.0,27,0.0,0.0,0.0,0.0,0.0,0.0,0.0,0.0
265684,0,1,3400,-88,88,2165.692383,1.0,0.82,0.50,0.0,0.0,27,0.0,0.0,0.0,0.0,0.0,0.0,0.0,0.0
265933,0,1,3400,-88,88,2165.692383,1.0,0.82,0.50,0.0,0.0,27,0.0,0.0,0.0,0.0,0.0,0.0,0.0,0.0
266182,0,1,3400,-88,88,2165.692383,1.0,0.82,0.50,0.0,0.0,27,0.0,0.0,0.0,0.0,0.0,0.0,0.0,0.0
266431,0,1,3400,-88,88,2165.692383,1.0,0.82,0.50,0.0,0.0,27,0.0,0.0,0.0,0.0,0.0,0.0,0.0,0.0
266680,0,1,3400,-88,88,2165.692383,1.0,0.82,0.50,0.0,0.0,27,0.0,0.0,0.0,0.0,0.0,0.0,0.0,0.0
266929,0,1,3400,-88,88,2165.692383,1.0,0.82,0.50,0.0,0.0,27,0.0,0.0,0.0,0.0,0.0,0.0,0.0,0.0
267178,0,1,3400,-88,88,2165.692383,1.0,0.82,0.50,0.0,0.0,27,0.0,0.0,0.0,0.0,0.0,0.0,0.0,0.0
267427,0,1,3400,-88,88,2165.692383,1.0,0.82,0.50,0.0,0.0,27,0.0,0.0,0.0,0.0,0.0,0.0,0.0,0.0
267676,0,1,3400,-88,88,2165.692383,1.0,0.82,0.50,0.0,0.0,27,0.0,0.0,0.0,0.0,0.0,0.0,0.0,0.0
267925,0,1,3400,-88,88,2165.692383,1.0,0.82,0.50,0.0,0.0,27,0.0,0.0,0.0,0.0,0.0,0.0,0.0,0.0
268174,0,1,3400,-88,88,2165.692383,1.0,0.82,0.50,0.0,0.0,27,0.0,0.0,0.0,0.0,0.0,0.0,0.0,0.0
268423,0,1,3400,-88,88,2165.692383,1.0,0.82,0.50,0.0,0.0,27,0.0,0.0,0.0,0.0,0.0,0.0,0.0,0.0
268672,0,1,3400,-88,88,2165.692383,1.0,0.82,0.50,0.0,0.0,27,0.0,0.0,0.0,0.0,0.0,0.0,0.0,0.0
268921,0,1,3400,-88,88,2165.692383,1.0,0.82,0.50,0.0,0.0,27,0.0,0.0,0.0,0.0,0.0,0.0,0.0,0.0
269170,0,1,3400,-88,88,2165.692383,1.0,0.82,0.50,0.0,0.0,27,0.0,0.0,0.0,0.0,0.0,0.0,0.0,0.0
269419,0,1,3400,-88,88,2165.692383,1.0,0.82,0.50,0.0,0.0,27,0.0,0.0,0.0,0.0,0.0,0.0,0.0,0.0
269668,0,1,3400,-88,88,2165.692383,1.0,0.82,0.50,0.0,0.0,27,0.0,0.0,0.0,0.0,0.0,0.0,0.0,0.0
269917,0,1,3400,-88,88,2165.692383,1.0,0.82,0.50,0.0,0.0,27,0.0,0.0,0.0,0.0,0.0,0.0,0.0,0.0
270166,0,1,3400,-88,88,2165.692383,1.0,0.82,0.50,0.0,0.0,27,0.0,0.0,0.0,0.0,0.0,0.0,0.0,0.0
270415,0,1,3400,-88,88,2165.692383,1.0,0.82,0.50,0.0,0.0,27,0.0,0.0,0.0,0.0,0.0,0.0,0.0,0.0
270664,0,1,3400,-88,88,2165.692383,1.0,0.82,0.50,0.0,0.0,27,0.0,0.0,0.0,0.0,0.0,0.0,0.0,0.0
270913,0,1,3400,-88,88,2165.692383,1.0,0.82,0.50,0.0,0.0,27,0.0,0.0,0.0,0.0,0.0,0.0,0.0,0.0
271162,0,1,3400,-88,88,2165.692383,1.0,0.82,0.50,0.0,0.0,27,0.0,0.0,0.0,0.0,0.0,0.0,0.0,0.0
271411,0,1,3400,-88,88,2165.692383,1.0,0.82,0.50,0.0,0.0,27,0.0,0.0,0.0,0.0,0.0,0.0,0.0,0.0
271660,0,1,3400,-88,88,2165.692383,1.0,0.82,0.50,0.0,0.0,27,0.0,0.0,0.0,0.0,0.0,0.0,0.0,0.0
271909,0,1,3400,-88,88,2165.692383,1.0,0.82,0.50,0.0,0.0,27,0.0,0.0,0.0,0.0,0.0,0.0,0.0,0.0
272158,0,1,3400,-88,88,2165.692383,1.0,0.82,0.50,0.0,0.0,27,0.0,0.0,0.0,0.0,0.0,0.0,0.0,0.0
272407,0,1,3400,-88,88,2165.692383,1.0,0.82,0.50,0.0,0.0,27,0.0,0.0,0.0,0.0,0.0,0.0,0.0,0.0
272656,0,1,3400,-88,88,2165.692383,1.0,0.82,0.50,0.0,0.0,27,0.0,0.0,0.0,0.0,0.0,0.0,0.0,0.0
272905,0,1,3400,-88,88,2165.692383,1.0,0.82,0.50,0.0,0.0,27,0.0,0.0,0.0,0.0,0.0,0.0,0.0,0.0
273154,0,1,3400,-88,88,2165.692383,1.0,0.82,0.50,0.0,0.0,27,0.0,0.0,0.0,0.0,0.0,0.0,0.0,0.0
273403,0,1,3400,-88,88,2165.692383,1.0,0.82,0.50,0.0,0.0,27,0.0,0.0,0.0,0.0,0.0,0.0,0.0,0.0
273652,0,1,3400,-88,88,2165.692383,1.0,0.82,0.50,0.0,0.0,27,0.0,0.0,0.0,0.0,0.0,0.0,0.0,0.0
273901,0,1,3400,-88,88,2165.692383,1.0,0.82,0.50,0.0,0.0,27,0.0,0.0,0.0,0.0,0.0,0.0,0.0,0.0
274150,0,1,3400,-88,88,2165.692383,1.0,0.82,0.50,0.0,0.0,27,0.0,0.0,0.0,0.0,0.0,0.0,0.0,0.0
274399,0,1,3400,-88,88,2165.692383,1.0,0.82,0.50,0.0,0.0,27,0.0,0.0,0.0,0.0,0.0,0.0,0.0,0.0
274648,0,1,3400,-88,88,2165.692383,1.0,0.82,0.50,0.0,0.0,27,0.0,0.0,0.0,0.0,0.0,0.0,0.0,0.0
274897,0,1,3400,-88,88,2165.692383,1.0,0.82,0.50,0.0,0.0,27,0.0,0.0,0.0,0.0,0.0,0.0,0.0,0.0
275146,0,1,3400,-88,88,2165.692383,1.0,0.82,0.50,0.0,0.0,27,0.0,0.0,0.0,0.0,0.0,0.0,0.0,0.0
275395,0,1,3400,-88,88,2165.692383,1.0,0.82,0.50,0.0,0.0,27,0.0,0.0,0.0,0.0,0.0,0.0,0.0,0.0
275644,0,1,3400,-88,88,2165.692383,1.0,0.82,0.50,0.0,0.0,27,0.0,0.0,0.0,0.0,0.0,0.0,0.0,0.0
275893,0,1,3400,-88,88,2165.692383,1.0,0.82,0.50,0.0,0.0,27,0.0,0.0,0.0,0.0,0.0,0.0,0.0,0.0
276142,0,1,3400,-88,88,2165.692383,1.0,0.82,0.50,0.0,0.0,27,0.0,0.0,0.0,0.0,0.0,0.0,0.0,0.0
276391,0,1,3400,-88,88,2165.692383,1.0,0.82,0.50,0.0,0.0,27,0.0,0.0,0.0,0.0,0.0,0.0,0.0,0.0
276640,0,1,3400,-88,88,2165.692383,1.0,0.82,0.50,0.0,0.0,27,0.0,0.0,0.0,0.0,0.0,0.0,0.0,0.0
276889,0,1,3400,-88,88,2165.692383,1.0,0.82,0.50,0.0,0.0,27,0.0,0.0,0.0,0.0,0.0,0.0,0.0,0.0
277138,0,1,3400,-88,88,2165.692383,1.0,0.82,0.50,0.0,0.0,27,0.0,0.0,0.0,0.0,0.0,0.0,0.0,0.0
277387,0,1,3400,-88,88,2165.692383,1.0,0.82,0.50,0.0,0.0,27,0.0,0.0,0.0,0.0,0.0,0.0,0.0,0.0
277636,0,1,3400,-88,88,2165.692383,1.0,0.82,0.50,0.0,0.0,27,0.0,0.0,0.0,0.0,0.0,0.0,0.0,0.0
277885,0,1,3400,-88,88,2165.692383,1.0,0.82,0.50,0.0,0.0,27,0.0,0.0,0.0,0.0,0.0,0.0,0.0,0.0
278134,0,1,3400,-88,88,2165.692383,1.0,0.82,0.50,0.0,0.0,27,0.0,0.0,0.0,0.0,0.0,0.0,0.0,0.0
278383,0,1,3400,-88,88,2165.692383,1.0,0.82,0.50,0.0,0.0,27,0.0,0.0,0.0,0.0,0.0,0.0,0.0,0.0
278632,0,1,3400,-88,88,2165.692383,1.0,0.82,0.50,0.0,0.0,27,0.0,0.0,0.0,0.0,0.0,0.0,0.0,0.0
278881,0,1,3400,-88,88,2165.692383,1.0,0.82,0.50,0.0,0.0,27,0.0,0.0,0.0,0.0,0.0,0.0,0.0,0.0
279130,0,1,3400,-88,88,2165.692383,1.0,0.82,0.50,0.0,0.0,27,0.0,0.0,0.0,0.0,0.0,0.0,0.0,0.0
279379,0,1,3400,-88,88,2165.692383,1.0,0.82,0.50,0.0,0.0,27,0.0,0.0,0.0,0.0,0.0,0.0,0.0,0.0
279628,0,1,3400,-88,88,2165.692383,1.0,0.82,0.50,0.0,0.0,27,0.0,0.0,0.0,0.0,0.0,0.0,0.0,0.0
279877,0,1,3400,-88,88,2165.692383,1.0,0.82,0.50,0.0,0.0,27,0.0,0.0,0.0,0.0,0.0,0.0,0.0,0.0
280126,0,1,3400,-88,88,2165.692383,1.0,0.82,0.50,0.0,0.0,27,0.0,0.0,0.0,0.0,0.0,0.0,0.0,0.0
280375,0,1,3400,-88,88,2165.692383,1.0,0.82,0.50,0.0,0.0,27,0.0,0.0,0.0,0.0,0.0,0.0,0.0,0.0
280624,0,1,3400,-88,88,2165.692383,1.0,0.82,0.50,0.0,0.0,27,0.0,0.0,0.0,0.0,0.0,0.0,0.0,0.0
280873,0,1,3400,-88,88,2165.692383,1.0,0.82,0.50,0.0,0.0,27,0.0,0.0,0.0,0.0,0.0,0.0,0.0,0.0
281122,0,1,3400,-88,88,2165.692383,1.0,0.82,0.50,0.0,0.0,27,0.0,0.0,0.0,0.0,0.0,0.0,0.0,0.0
281371,0,1,3400,-88,88,2165.692383,1.0,0.82,0.50,0.0,0.0,27,0.0,0.0,0.0,0.0,0.0,0.0,0.0,0.0
281620,0,1,3400,-88,88,2165.692383,1.0,0.82,0.50,0.0,0.0,27,0.0,0.0,0.0,0.0,0.0,0.0,0.0,0.0
281869,0,1,3400,-88,88,2165.692383,1.0,0.82,0.50,0.0,0.0,27,0.0,0.0,0.0,0.0,0.0,0.0,0.0,0.0
282118,0,1,3400,-88,88,2165.692383,1.0,0.82,0.50,0.0,0.0,27,0.0,0.0,0.0,0.0,0.0,0.0,0.0,0.0
282367,0,1,3400,-88,88,2165.692383,1.0,0.82,0.50,0.0,0.0,27,0.0,0.0,0.0,0.0,0.0,0.0,0.0,0.0
282616,0,1,3400,-88,88,2165.692383,1.0,0.82,0.50,0.0,0.0,27,0.0,0.0,0.0,0.0,0.0,0.0,0.0,0.0
282865,0,1,3400,-88,88,2165.692383,1.0,0.82,0.50,0.0,0.0,27,0.0,0.0,0.0,0.0,0.0,0.0,0.0,0.0
283114,0,1,3400,-88,88,2165.692383,1.0,0.82,0.50,0.0,0.0,27,0.0,0.0,0.0,0.0,0.0,0.0,0.0,0.0
283363,0,1,3400,-88,88,2165.692383,1.0,0.82,0.50,0.0,0.0,27,0.0,0.0,0.0,0.0,0.0,0.0,0.0,0.0
283612,0,1,3400,-88,88,2165.692383,1.0,0.82,0.50,0.0,0.0,27,0.0,0.0,0.0,0.0,0.0,0.0,0.0,0.0
283861,0,1,3400,-88,88,2165.692383,1.0,0.82,0.50,0.0,0.0,27,0.0,0.0,0.0,0.0,0.0,0.0,0.0,0.0
284110,0,1,3400,-88,88,2165.692383,1.0,0.82,0.50,0.0,0.0,27,0.0,0.0,0.0,0.0,0.0,0.0,0.0,0.0
284359,0,1,3400,-88,88,2165.692383,1.0,0.82,0.50,0.0,0.0,27,0.0,0.0,0.0,0.0,0.0,0.0,0.0,0.0
284608,0,1,3400,-88,88,2165.692383,1.0,0.82,0.50,0.0,0.0,27,0.0,0.0,0.0,0.0,0.0,0.0,0.0,0.0
284857,0,1,3400,-88,88,2165.692383,1.0,0.82,0.50,0.0,0.0,27,0.0,0.0,0.0,0.0,0.0,0.0,0.0,0.0
285106,0,1,3400,-88,88,2165.692383,1.0,0.82,0.50,0.0,0.0,27,0.0,0.0,0.0,0.0,0.0,0.0,0.0,0.0
285355,0,1,3400,-88,88,2165.692383,1.0,0.82,0.50,0.0,0.0,27,0.0,0.0,0.0,0.0,0.0,0.0,0.0,0.0
285604,0,1,3400,-88,88,2165.692383,1.0,0.82,0.50,0.0,0.0,27,0.0,0.0,0.0,0.0,0.0,0.0,0.0,0.0
285853,0,1,3400,-88,88,2165.692383,1.0,0.82,0.50,0.0,0.0,27,0.0,0.0,0.0,0.0,0.0,0.0,0.0,0.0
286102,0,1,3400,-88,88,2165.692383,1.0,0.82,0.50,0.0,0.0,27,0.0,0.0,0.0,0.0,0.0,0.0,0.0,0.0
286351,0,1,3400,-88,88,2165.692383,1.0,0.82,0.50,0.0,0.0,27,0.0,0.0,0.0,0.0,0.0,0.0,0.0,0.0
286600,0,1,3400,-88,88,2165.692383,1.0,0.82,0.50,0.0,0.0,27,0.0,0.0,0.0,0.0,0.0,0.0,0.0,0.0
286849,0,1,3400,-88,88,2165.692383,1.0,0.82,0.50,0.0,0.0,27,0.0,0.0,0.0,0.0,0.0,0.0,0.0,0.0
287098,0,1,3400,-88,88,2165.692383,1.0,0.82,0.50,0.0,0.0,27,0.0,0.0,0.0,0.0,0.0,0.0,0.0,0.0
287347,0,1,3400,-88,88,2165.692383,1.0,0.82,0.50,0.0,0.0,27,0.0,0.0,0.0,0.0,0.0,0.0,0.0,0.0
287596,0,1,3400,-88,88,2165.692383,1.0,0.82,0.50,0.0,0.0,27,0.0,0.0,0.0,0.0,0.0,0.0,0.0,0.0
287845,0,1,3400,-88,88,2165.692383,1.0,0.82,0.50,0.0,0.0,27,0.0,0.0,0.0,0.0,0.0,0.0,0.0,0.0
288094,0,1,3400,-88,88,2165.692383,1.0,0.82,0.50,0.0,0.0,27,0.0,0.0,0.0,0.0,0.0,0.0,0.0,0.0
288343,0,1,3400,-88,88,2165.692383,1.0,0.82,0.50,0.0,0.0,27,0.0,0.0,0.0,0.0,0.0,0.0,0.0,0.0
288592,0,1,3400,-88,88,2165.692383,1.0,0.82,0.50,0.0,0.0,27,0.0,0.0,0.0,0.0,0.0,0.0,0.0,0.0
288841,0,1,3400,-88,88,2165.692383,1.0,0.82,0.50,0.0,0.0,27,0.0,0.0,0.0,0.0,0.0,0.0,0.0,0.0
289090,0,1,3400,-88,88,2165.692383,1.0,0.82,0.50,0.0,0.0,27,0.0,0.0,0.0,0.0,0.0,0.0,0.0,0.0
289339,0,1,3400,-88,88,2165.692383,1.0,0.82,0.50,0.0,0.0,27,0.0,0.0,0.0,0.0,0.0,0.0,0.0,0.0
289588,0,1,3400,-88,88,2165.692383,1.0,0.82,0.50,0.0,0.0,27,0.0,0.0,0.0,0.0,0.0,0.0,0.0,0.0
289837,0,1,3400,-88,88,2165.692383,1.0,0.82,0.50,0.0,0.0,27,0.0,0.0,0.0,0.0,0.0,0.0,0.0,0.0
290086,0,1,3400,-88,88,2165.692383,1.0,0.82,0.50,0.0,0.0,27,0.0,0.0,0.0,0.0,0.0,0.0,0.0,0.0
290335,0,1,3400,-88,88,2165.692383,1.0,0.82,0.50,0.0,0.0,27,0.0,0.0,0.0,0.0,0.0,0.0,0.0,0.0
290584,0,1,3400,-88,88,2165.692383,1.0,0.82,0.50,0.0,0.0,27,0.0,0.0,0.0,0.0,0.0,0.0,0.0,0.0
290833,0,1,3400,-88,88,2165.692383,1.0,0.82,0.50,0.0,0.0,27,0.0,0.0,0.0,0.0,0.0,0.0,0.0,0.0
291082,0,1,3400,-88,88,2165.692383,1.0,0.82,0.50,0.0,0.0,27,0.0,0.0,0.0,0.0,0.0,0.0,0.0,0.0
291331,0,1,3400,-88,88,2165.692383,1.0,0.82,0.50,0.0,0.0,27,0.0,0.0,0.0,0.0,0.0,0.0,0.0,0.0
291580,0,1,3400,-88,88,2165.692383,1.0,0.82,0.50,0.0,0.0,27,0.0,0.0,0.0,0.0,0.0,0.0,0.0,0.0
291829,0,1,3400,-88,88,2165.692383,1.0,0.82,0.50,0.0,0.0,27,0.0,0.0,0.0,0.0,0.0,0.0,0.0,0.0
292078,0,1,3400,-88,88,2165.692383,1.0,0.82,0.50,0.0,0.0,27,0.0,0.0,0.0,0.0,0.0,0.0,0.0,0.0
292327,0,1,3400,-88,88,2165.692383,1.0,0.82,0.50,0.0,0.0,27,0.0,0.0,0.0,0.0,0.0,0.0,0.0,0.0
292576,0,1,3400,-88,88,2165.692383,1.0,0.82,0.50,0.0,0.0,27,0.0,0.0,0.0,0.0,0.0,0.0,0.0,0.0
292825,0,1,3400,-88,88,2165.692383,1.0,0.82,0.50,0.0,0.0,27,0.0,0.0,0.0,0.0,0.0,0.0,0.0,0.0
293074,0,1,3400,-88,88,2165.692383,1.0,0.82,0.50,0.0,0.0,27,0.0,0.0,0.0,0.0,0.0,0.0,0.0,0.0
293323,0,1,3400,-88,88,2165.692383,1.0,0.82,0.50,0.0,0.0,27,0.0,0.0,0.0,0.0,0.0,0.0,0.0,0.0
293572,0,1,3400,-88,88,2165.692383,1.0,0.82,0.50,0.0,0.0,27,0.0,0.0,0.0,0.0,0.0,0.0,0.0,0.0
293821,0,1,3400,-88,88,2165.692383,1.0,0.82,0.50,0.0,0.0,27,0.0,0.0,0.0,0.0,0.0,0.0,0.0,0.0
294070,0,1,3400,-88,88,2165.692383,1.0,0.82,0.50,0.0,0.0,27,0.0,0.0,0.0,0.0,0.0,0.0,0.0,0.0
294319,0,1,3400,-88,88,2165.692383,1.0,0.82,0.50,0.0,0.0,27,0.0,0.0,0.0,0.0,0.0,0.0,0.0,0.0
294568,0,1,3400,-88,88,2165.692383,1.0,0.82,0.50,0.0,0.0,27,0.0,0.0,0.0,0.0,0.0,0.0,0.0,0.0
294817,0,1,3400,-88,88,2165.692383,1.0,0.82,0.50,0.0,0.0,27,0.0,0.0,0.0,0.0,0.0,0.0,0.0,0.0
295066,0,1,3400,-88,88,2165.692383,1.0,0.82,0.50,0.0,0.0,27,0.0,0.0,0.0,0.0,0.0,0.0,0.0,0.0
295315,0,1,3400,-88,88,2165.692383,1.0,0.82,0.50,0.0,0.0,27,0.0,0.0,0.0,0.0,0.0,0.0,0.0,0.0
295564,0,1,3400,-88,88,2165.692383,1.0,0.82,0.50,0.0,0.0,27,0.0,0.0,0.0,0.0,0.0,0.0,0.0,0.0
295813,0,1,3400,-88,88,2165.692383,1.0,0.82,0.50,0.0,0.0,27,0.0,0.0,0.0,0.0,0.0,0.0,0.0,0.0
296062,0,1,3400,-88,88,2165.692383,1.0,0.82,0.50,0.0,0.0,27,0.0,0.0,0.0,0.0,0.0,0.0,0.0,0.0
296311,0,1,3400,-88,88,2165.692383,1.0,0.82,0.50,0.0,0.0,27,0.0,0.0,0.0,0.0,0.0,0.0,0.0,0.0
296560,0,1,3400,-88,88,2165.692383,1.0,0.82,0.50,0.0,0.0,27,0.0,0.0,0.0,0.0,0.0,0.0,0.0,0.0
296809,0,1,3400,-88,88,2165.692383,1.0,0.82,0.50,0.0,0.0,27,0.0,0.0,0.0,0.0,0.0,0.0,0.0,0.0
297058,0,1,3400,-88,88,2165.692383,1.0,0.82,0.50,0.0,0.0,27,0.0,0.0,0.0,0.0,0.0,0.0,0.0,0.0
297307,0,1,3400,-88,88,2165.692383,1.0,0.82,0.50,0.0,0.0,27,0.0,0.0,0.0,0.0,0.0,0.0,0.0,0.0
297556,0,1,3400,-88,88,2165.692383,1.0,0.82,0.50,0.0,0.0,27,0.0,0.0,0.0,0.0,0.0,0.0,0.0,0.0
297805,0,1,3400,-88,88,2165.692383,1.0,0.82,0.50,0.0,0.0,27,0.0,0.0,0.0,0.0,0.0,0.0,0.0,0.0
298054,0,1,3400,-88,88,2165.692383,1.0,0.82,0.50,0.0,0.0,27,0.0,0.0,0.0,0.0,0.0,0.0,0.0,0.0
298303,0,1,3400,-88,88,2165.692383,1.0,0.82,0.50,0.0,0.0,27,0.0,0.0,0.0,0.0,0.0,0.0,0.0,0.0
298552,0,1,3400,-88,88,2165.692383,1.0,0.82,0.50,0.0,0.0,27,0.0,0.0,0.0,0.0,0.0,0.0,0.0,0.0
298801,0,1,3400,-88,88,2165.692383,1.0,0.82,0.50,0.0,0.0,27,0.0,0.0,0.0,0.0,0.0,0.0,0.0,0.0
299050,0,1,3400,-88,88,2165.692383,1.0,0.82,0.50,0.0,0.0,27,0.0,0.0,0.0,0.0,0.0,0.0,0.0,0.0
299299,0,1,3400,-88,88,2165.692383,1.0,0.82,0.50,0.0,0.0,27,0.0,0.0,0.0,0.0,0.0,0.0,0.0,0.0
299548,0,1,3400,-88,88,2165.692383,1.0,0.82,0.50,0.0,0.0,27,0.0,0.0,0.0,0.0,0.0,0.0,0.0,0.0
299797,0,1,3400,-88,88,2165.692383,1.0,0.82,0.50,0.0,0.0,27,0.0,0.0,0.0,0.0,0.0,0.0,0.0,0.0
300046,0,1,3400,-88,88,2165.692383,1.0,0.82,0.50,0.0,0.0,27,0.0,0.0,0.0,0.0,0.0,0.0,0.0,0.0
300295,0,1,3400,-88,88,2165.692383,1.0,0.82,0.50,0.0,0.0,27,0.0,0.0,0.0,0.0,0.0,0.0,0.0,0.0
300544,0,1,3400,-88,88,2165.692383,1.0,0.82,0.50,0.0,0.0,27,0.0,0.0,0.0,0.0,0.0,0.0,0.0,0.0
300793,0,1,3400,-88,88,2165.692383,1.0,0.82,0.50,0.0,0.0,27,0.0,0.0,0.0,0.0,0.0,0.0,0.0,0.0
301042,0,1,3400,-88,88,2165.692383,1.0,0.82,0.50,0.0,0.0,27,0.0,0.0,0.0,0.0,0.0,0.0,0.0,0.0
301291,0,1,3400,-88,88,2165.692383,1.0,0.82,0.50,0.0,0.0,27,0.0,0.0,0.0,0.0,0.0,0.0,0.0,0.0
301540,0,1,3400,-88,88,2165.692383,1.0,0.82,0.50,0.0,0.0,27,0.0,0.0,0.0,0.0,0.0,0.0,0.0,0.0
301789,0,1,3400,-88,88,2165.692383,1.0,0.82,0.50,0.0,0.0,27,0.0,0.0,0.0,0.0,0.0,0.0,0.0,0.0
302038,0,1,3400,-88,88,2165.692383,1.0,0.82,0.50,0.0,0.0,27,0.0,0.0,0.0,0.0,0.0,0.0,0.0,0.0
302287,0,1,3400,-88,88,2165.692383,1.0,0.82,0.50,0.0,0.0,27,0.0,0.0,0.0,0.0,0.0,0.0,0.0,0.0
302536,0,1,3400,-88,88,2165.692383,1.0,0.82,0.50,0.0,0.0,27,0.0,0.0,0.0,0.0,0.0,0.0,0.0,0.0
302785,0,1,3400,-88,88,2165.692383,1.0,0.82,0.50,0.0,0.0,27,0.0,0.0,0.0,0.0,0.0,0.0,0.0,0.0
303034,0,1,3400,-88,88,2165.692383,1.0,0.82,0.50,0.0,0.0,27,0.0,0.0,0.0,0.0,0.0,0.0,0.0,0.0
303283,0,1,3400,-88,88,2165.692383,1.0,0.82,0.50,0.0,0.0,27,0.0,0.0,0.0,0.0,0.0,0.0,0.0,0.0
303532,0,1,3400,-88,88,2165.692383,1.0,0.82,0.50,0.0,0.0,27,0.0,0.0,0.0,0.0,0.0,0.0,0.0,0.0
303781,0,1,3400,-88,88,2165.692383,1.0,0.82,0.50,0.0,0.0,27,0.0,0.0,0.0,0.0,0.0,0.0,0.0,0.0
304030,0,1,3400,-88,88,2165.692383,1.0,0.82,0.50,0.0,0.0,27,0.0,0.0,0.0,0.0,0.0,0.0,0.0,0.0
304279,0,1,3400,-88,88,2165.692383,1.0,0.82,0.50,0.0,0.0,27,0.0,0.0,0.0,0.0,0.0,0.0,0.0,0.0
304528,0,1,3400,-88,88,2165.692383,1.0,0.82,0.50,0.0,0.0,27,0.0,0.0,0.0,0.0,0.0,0.0,0.0,0.0
304777,0,1,3400,-88,88,2165.692383,1.0,0.82,0.50,0.0,0.0,27,0.0,0.0,0.0,0.0,0.0,0.0,0.0,0.0
305026,0,1,3400,-88,88,2165.692383,1.0,0.82,0.50,0.0,0.0,27,0.0,0.0,0.0,0.0,0.0,0.0,0.0,0.0
305275,0,1,3400,-88,88,2165.692383,1.0,0.82,0.50,0.0,0.0,27,0.0,0.0,0.0,0.0,0.0,0.0,0.0,0.0
305524,0,1,3400,-88,88,2165.692383,1.0,0.82,0.50,0.0,0.0,27,0.0,0.0,0.0,0.0,0.0,0.0,0.0,0.0
305773,0,1,3400,-88,88,2165.692383,1.0,0.82,0.50,0.0,0.0,27,0.0,0.0,0.0,0.0,0.0,0.0,0.0,0.0
306022,0,1,3400,-88,88,2165.692383,1.0,0.82,0.50,0.0,0.0,27,0.0,0.0,0.0,0.0,0.0,0.0,0.0,0.0
306271,0,1,3400,-88,88,2165.692383,1.0,0.82,0.50,0.0,0.0,27,0.0,0.0,0.0,0.0,0.0,0.0,0.0,0.0
306520,0,1,3400,-88,88,2165.692383,1.0,0.82,0.50,0.0,0.0,27,0.0,0.0,0.0,0.0,0.0,0.0,0.0,0.0
306769,0,1,3400,-88,88,2165.692383,1.0,0.82,0.50,0.0,0.0,27,0.0,0.0,0.0,0.0,0.0,0.0,0.0,0.0
307018,0,1,3400,-88,88,2165.692383,1.0,0.82,0.50,0.0,0.0,27,0.0,0.0,0.0,0.0,0.0,0.0,0.0,0.0
307267,0,1,3400,-88,88,2165.692383,1.0,0.82,0.50,0.0,0.0,27,0.0,0.0,0.0,0.0,0.0,0.0,0.0,0.0
307516,0,1,3400,-88,88,2165.692383,1.0,0.82,0.50,0.0,0.0,27,0.0,0.0,0.0,0.0,0.0,0.0,0.0,0.0
307765,0,1,3400,-88,88,2165.692383,1.0,0.82,0.50,0.0,0.0,27,0.0,0.0,0.0,0.0,0.0,0.0,0.0,0.0
308014,0,1,3400,-88,88,2165.692383,1.0,0.82,0.50,0.0,0.0,27,0.0,0.0,0.0,0.0,0.0,0.0,0.0,0.0
308263,0,1,3400,-88,88,2165.692383,1.0,0.82,0.50,0.0,0.0,27,0.0,0.0,0.0,0.0,0.0,0.0,0.0,0.0
308512,0,1,3400,-88,88,2165.692383,1.0,0.82,0.50,0.0,0.0,27,0.0,0.0,0.0,0.0,0.0,0.0,0.0,0.0
308761,0,1,3400,-88,88,2165.692383,1.0,0.82,0.50,0.0,0.0,27,0.0,0.0,0.0,0.0,0.0,0.0,0.0,0.0
309010,0,1,3400,-88,88,2165.692383,1.0,0.82,0.50,0.0,0.0,27,0.0,0.0,0.0,0.0,0.0,0.0,0.0,0.0
309259,0,1,3400,-88,88,2165.692383,1.0,0.82,0.50,0.0,0.0,27,0.0,0.0,0.0,0.0,0.0,0.0,0.0,0.0
309508,0,1,3400,-88,88,2165.692383,1.0,0.82,0.50,0.0,0.0,27,0.0,0.0,0.0,0.0,0.0,0.0,0.0,0.0
309757,0,1,3400,-88,88,2165.692383,1.0,0.82,0.50,0.0,0.0,27,0.0,0.0,0.0,0.0,0.0,0.0,0.0,0.0
310006,0,1,3400,-88,88,2165.692383,1.0,0.82,0.50,0.0,0.0,27,0.0,0.0,0.0,0.0,0.0,0.0,0.0,0.0
310255,0,1,3400,-88,88,2165.692383,1.0,0.82,0.50,0.0,0.0,27,0.0,0.0,0.0,0.0,0.0,0.0,0.0,0.0
310504,0,1,3400,-88,88,2165.692383,1.0,0.82,0.50,0.0,0.0,27,0.0,0.0,0.0,0.0,0.0,0.0,0.0,0.0
310753,0,1,3400,-88,88,2165.692383,1.0,0.82,0.50,0.0,0.0,27,0.0,0.0,0.0,0.0,0.0,0.0,0.0,0.0
311002,0,1,3400,-88,88,2165.692383,1.0,0.82,0.50,0.0,0.0,27,0.0,0.0,0.0,0.0,0.0,0.0,0.0,0.0
311251,0,1,3400,-88,88,2165.692383,1.0,0.82,0.50,0.0,0.0,27,0.0,0.0,0.0,0.0,0.0,0.0,0.0,0.0
311500,0,1,3400,-88,88,2165.692383,1.0,0.82,0.50,0.0,0.0,27,0.0,0.0,0.0,0.0,0.0,0.0,0.0,0.0
311749,0,1,3400,-88,88,2165.692383,1.0,0.82,0.50,0.0,0.0,27,0.0,0.0,0.0,0.0,0.0,0.0,0.0,0.0
311998,0,1,3400,-88,88,2165.692383,1.0,0.82,0.50,0.0,0.0,27,0.0,0.0,0.0,0.0,0.0,0.0,0.0,0.0
312247,0,1,3400,-88,88,2165.692383,1.0,0.82,0.50,0.0,0.0,27,0.0,0.0,0.0,0.0,0.0,0.0,0.0,0.0
312496,0,1,3400,-88,88,2165.692383,1.0,0.82,0.50,0.0,0.0,27,0.0,0.0,0.0,0.0,0.0,0.0,0.0,0.0
312745,0,1,3400,-88,88,2165.692383,1.0,0.82,0.50,0.0,0.0,27,0.0,0.0,0.0,0.0,0.0,0.0,0.0,0.0
312994,0,1,3400,-88,88,2165.692383,1.0,0.82,0.50,0.0,0.0,27,0.0,0.0,0.0,0.0,0.0,0.0,0.0,0.0
313243,0,1,3400,-88,88,2165.692383,1.0,0.82,0.50,0.0,0.0,27,0.0,0.0,0.0,0.0,0.0,0.0,0.0,0.0
313492,0,1,3400,-88,88,2165.692383,1.0,0.82,0.50,0.0,0.0,27,0.0,0.0,0.0,0.0,0.0,0.0,0.0,0.0
313741,0,1,3400,-88,88,2165.692383,1.0,0.82,0.50,0.0,0.0,27,0.0,0.0,0.0,0.0,0.0,0.0,0.0,0.0
313990,0,1,3400,-88,88,2165.692383,1.0,0.82,0.50,0.0,0.0,27,0.0,0.0,0.0,0.0,0.0,0.0,0.0,0.0
314239,0,1,3400,-88,88,2165.692383,1.0,0.82,0.50,0.0,0.0,27,0.0,0.0,0.0,0.0,0.0,0.0,0.0,0.0
314488,0,1,3400,-88,88,2165.692383,1.0,0.82,0.50,0.0,0.0,27,0.0,0.0,0.0,0.0,0.0,0.0,0.0,0.0
314737,0,1,3400,-88,88,2165.692383,1.0,0.82,0.50,0.0,0.0,27,0.0,0.0,0.0,0.0,0.0,0.0,0.0,0.0
314986,0,1,3400,-88,88,2165.692383,1.0,0.82,0.50,0.0,0.0,27,0.0,0.0,0.0,0.0,0.0,0.0,0.0,0.0
315235,0,1,3400,-88,88,2165.692383,1.0,0.82,0.50,0.0,0.0,27,0.0,0.0,0.0,0.0,0.0,0.0,0.0,0.0
315484,0,1,3400,-88,88,2165.692383,1.0,0.82,0.50,0.0,0.0,27,0.0,0.0,0.0,0.0,0.0,0.0,0.0,0.0
315733,0,1,3400,-88,88,2165.692383,1.0,0.82,0.50,0.0,0.0,27,0.0,0.0,0.0,0.0,0.0,0.0,0.0,0.0
315982,0,1,3400,-88,88,2165.692383,1.0,0.82,0.50,0.0,0.0,27,0.0,0.0,0.0,0.0,0.0,0.0,0.0,0.0
316231,0,1,3400,-88,88,2165.692383,1.0,0.82,0.50,0.0,0.0,27,0.0,0.0,0.0,0.0,0.0,0.0,0.0,0.0
316480,0,1,3400,-88,88,2165.692383,1.0,0.82,0.50,0.0,0.0,27,0.0,0.0,0.0,0.0,0.0,0.0,0.0,0.0
316729,0,1,3400,-88,88,2165.692383,1.0,0.82,0.50,0.0,0.0,27,0.0,0.0,0.0,0.0,0.0,0.0,0.0,0.0
316978,0,1,3400,-88,88,2165.692383,1.0,0.82,0.50,0.0,0.0,27,0.0,0.0,0.0,0.0,0.0,0.0,0.0,0.0
317227,0,1,3400,-88,88,2165.692383,1.0,0.82,0.50,0.0,0.0,27,0.0,0.0,0.0,0.0,0.0,0.0,0.0,0.0
317476,0,1,3400,-88,88,2165.692383,1.0,0.82,0.50,0.0,0.0,27,0.0,0.0,0.0,0.0,0.0,0.0,0.0,0.0
317725,0,1,3400,-88,88,2165.692383,1.0,0.82,0.50,0.0,0.0,27,0.0,0.0,0.0,0.0,0.0,0.0,0.0,0.0
317974,0,1,3400,-88,88,2165.692383,1.0,0.82,0.50,0.0,0.0,27,0.0,0.0,0.0,0.0,0.0,0.0,0.0,0.0
318223,0,1,3400,-88,88,2165.692383,1.0,0.82,0.50,0.0,0.0,27,0.0,0.0,0.0,0.0,0.0,0.0,0.0,0.0
318472,0,1,3400,-88,88,2165.692383,1.0,0.82,0.50,0.0,0.0,27,0.0,0.0,0.0,0.0,0.0,0.0,0.0,0.0
318721,0,1,3400,-88,88,2165.692383,1.0,0.82,0.50,0.0,0.0,27,0.0,0.0,0.0,0.0,0.0,0.0,0.0,0.0
318970,0,1,3400,-88,88,2165.692383,1.0,0.82,0.50,0.0,0.0,27,0.0,0.0,0.0,0.0,0.0,0.0,0.0,0.0
319219,0,1,3400,-88,88,2165.692383,1.0,0.82,0.50,0.0,0.0,27,0.0,0.0,0.0,0.0,0.0,0.0,0.0,0.0
319468,0,1,3400,-88,88,2165.692383,1.0,0.82,0.50,0.0,0.0,27,0.0,0.0,0.0,0.0,0.0,0.0,0.0,0.0
319717,0,1,3400,-88,88,2165.692383,1.0,0.82,0.50,0.0,0.0,27,0.0,0.0,0.0,0.0,0.0,0.0,0.0,0.0
319966,0,1,3400,-88,88,2165.692383,1.0,0.82,0.50,0.0,0.0,27,0.0,0.0,0.0,0.0,0.0,0.0,0.0,0.0
320215,0,1,3400,-88,88,2165.692383,1.0,0.82,0.50,0.0,0.0,27,0.0,0.0,0.0,0.0,0.0,0.0,0.0,0.0
320464,0,1,3400,-88,88,2165.692383,1.0,0.82,0.50,0.0,0.0,27,0.0,0.0,0.0,0.0,0.0,0.0,0.0,0.0
320713,0,1,3400,-88,88,2165.692383,1.0,0.82,0.50,0.0,0.0,27,0.0,0.0,0.0,0.0,0.0,0.0,0.0,0.0
320962,0,1,3400,-88,88,2165.692383,1.0,0.82,0.50,0.0,0.0,27,0.0,0.0,0.0,0.0,0.0,0.0,0.0,0.0
321211,0,1,3400,-88,88,2165.692383,1.0,0.82,0.50,0.0,0.0,27,0.0,0.0,0.0,0.0,0.0,0.0,0.0,0.0
321460,0,1,3400,-88,88,2165.692383,1.0,0.82,0.50,0.0,0.0,27,0.0,0.0,0.0,0.0,0.0,0.0,0.0,0.0
321709,0,1,3400,-88,88,2165.692383,1.0,0.82,0.50,0.0,0.0,27,0.0,0.0,0.0,0.0,0.0,0.0,0.0,0.0
321958,0,1,3400,-88,88,2165.692383,1.0,0.82,0.50,0.0,0.0,27,0.0,0.0,0.0,0.0,0.0,0.0,0.0,0.0
322207,0,1,3400,-88,88,2165.692383,1.0,0.82,0.50,0.0,0.0,27,0.0,0.0,0.0,0.0,0.0,0.0,0.0,0.0
322456,0,1,3400,-88,88,2165.692383,1.0,0.82,0.50,0.0,0.0,27,0.0,0.0,0.0,0.0,0.0,0.0,0.0,0.0
322705,0,1,3400,-88,88,2165.692383,1.0,0.82,0.50,0.0,0.0,27,0.0,0.0,0.0,0.0,0.0,0.0,0.0,0.0
322954,0,1,3400,-88,88,2165.692383,1.0,0.82,0.50,0.0,0.0,27,0.0,0.0,0.0,0.0,0.0,0.0,0.0,0.0
323203,0,1,3400,-88,88,2165.692383,1.0,0.82,0.50,0.0,0.0,27,0.0,0.0,0.0,0.0,0.0,0.0,0.0,0.0
323452,0,1,3400,-88,88,2165.692383,1.0,0.82,0.50,0.0,0.0,27,0.0,0.0,0.0,0.0,0.0,0.0,0.0,0.0
323701,0,1,3400,-88,88,2165.692383,1.0,0.82,0.50,0.0,0.0,27,0.0,0.0,0.0,0.0,0.0,0.0,0.0,0.0
323950,0,1,3400,-88,88,2165.692383,1.0,0.82,0.50,0.0,0.0,27,0.0,0.0,0.0,0.0,0.0,0.0,0.0,0.0
324199,0,1,3400,-88,88,2165.692383,1.0,0.82,0.50,0.0,0.0,27,0.0,0.0,0.0,0.0,0.0,0.0,0.0,0.0
324448,0,1,3400,-88,88,2165.692383,1.0,0.82,0.50,0.0,0.0,27,0.0,0.0,0.0,0.0,0.0,0.0,0.0,0.0
324697,0,1,3400,-88,88,2165.692383,1.0,0.82,0.50,0.0,0.0,27,0.0,0.0,0.0,0.0,0.0,0.0,0.0,0.0
324946,0,1,3400,-88,88,2165.692383,1.0,0.82,0.50,0.0,0.0,27,0.0,0.0,0.0,0.0,0.0,0.0,0.0,0.0
325195,0,1,3400,-88,88,2165.692383,1.0,0.82,0.50,0.0,0.0,27,0.0,0.0,0.0,0.0,0.0,0.0,0.0,0.0
325444,0,1,3400,-88,88,2165.692383,1.0,0.82,0.50,0.0,0.0,27,0.0,0.0,0.0,0.0,0.0,0.0,0.0,0.0
325693,0,1,3400,-88,88,2165.692383,1.0,0.82,0.50,0.0,0.0,27,0.0,0.0,0.0,0.0,0.0,0.0,0.0,0.0
325942,0,1,3400,-88,88,2165.692383,1.0,0.82,0.50,0.0,0.0,27,0.0,0.0,0.0,0.0,0.0,0.0,0.0,0.0
326191,0,1,3400,-88,88,2165.692383,1.0,0.82,0.50,0.0,0.0,27,0.0,0.0,0.0,0.0,0.0,0.0,0.0,0.0
326440,0,1,3400,-88,88,2165.692383,1.0,0.82,0.50,0.0,0.0,27,0.0,0.0,0.0,0.0,0.0,0.0,0.0,0.0
326689,0,1,3400,-88,88,2165.692383,1.0,0.82,0.50,0.0,0.0,27,0.0,0.0,0.0,0.0,0.0,0.0,0.0,0.0
326938,0,1,3400,-88,88,2165.692383,1.0,0.82,0.50,0.0,0.0,27,0.0,0.0,0.0,0.0,0.0,0.0,0.0,0.0
327187,0,1,3400,-88,88,2165.692383,1.0,0.82,0.50,0.0,0.0,27,0.0,0.0,0.0,0.0,0.0,0.0,0.0,0.0
327436,0,1,3400,-88,88,2165.692383,1.0,0.82,0.50,0.0,0.0,27,0.0,0.0,0.0,0.0,0.0,0.0,0.0,0.0
327685,0,1,3400,-88,88,2165.692383,1.0,0.82,0.50,0.0,0.0,27,0.0,0.0,0.0,0.0,0.0,0.0,0.0,0.0
327934,0,1,3400,-88,88,2165.692383,1.0,0.82,0.50,0.0,0.0,27,0.0,0.0,0.0,0.0,0.0,0.0,0.0,0.0
328183,0,1,3400,-88,88,2165.692383,1.0,0.82,0.50,0.0,0.0,27,0.0,0.0,0.0,0.0,0.0,0.0,0.0,0.0
328432,0,1,3400,-88,88,2165.692383,1.0,0.82,0.50,0.0,0.0,27,0.0,0.0,0.0,0.0,0.0,0.0,0.0,0.0
328681,0,1,3400,-88,88,2165.692383,1.0,0.82,0.50,0.0,0.0,27,0.0,0.0,0.0,0.0,0.0,0.0,0.0,0.0
328930,0,1,3400,-88,88,2165.692383,1.0,0.82,0.50,0.0,0.0,27,0.0,0.0,0.0,0.0,0.0,0.0,0.0,0.0
329179,0,1,3400,-88,88,2165.692383,1.0,0.82,0.50,0.0,0.0,27,0.0,0.0,0.0,0.0,0.0,0.0,0.0,0.0
329428,0,1,3400,-88,88,2165.692383,1.0,0.82,0.50,0.0,0.0,27,0.0,0.0,0.0,0.0,0.0,0.0,0.0,0.0
329677,0,1,3400,-88,88,2165.692383,1.0,0.82,0.50,0.0,0.0,27,0.0,0.0,0.0,0.0,0.0,0.0,0.0,0.0
329926,0,1,3400,-88,88,2165.692383,1.0,0.82,0.50,0.0,0.0,27,0.0,0.0,0.0,0.0,0.0,0.0,0.0,0.0
330175,0,1,3400,-88,88,2165.692383,1.0,0.82,0.50,0.0,0.0,27,0.0,0.0,0.0,0.0,0.0,0.0,0.0,0.0
330424,0,1,3400,-88,88,2165.692383,1.0,0.82,0.50,0.0,0.0,27,0.0,0.0,0.0,0.0,0.0,0.0,0.0,0.0
330673,0,1,3400,-88,88,2165.692383,1.0,0.82,0.50,0.0,0.0,27,0.0,0.0,0.0,0.0,0.0,0.0,0.0,0.0
330922,0,1,3400,-88,88,2165.692383,1.0,0.82,0.50,0.0,0.0,27,0.0,0.0,0.0,0.0,0.0,0.0,0.0,0.0
331171,0,1,3400,-88,88,2165.692383,1.0,0.82,0.50,0.0,0.0,27,0.0,0.0,0.0,0.0,0.0,0.0,0.0,0.0
331420,0,1,3400,-88,88,2165.692383,1.0,0.82,0.50,0.0,0.0,27,0.0,0.0,0.0,0.0,0.0,0.0,0.0,0.0
331669,0,1,3400,-88,88,2165.692383,1.0,0.82,0.50,0.0,0.0,27,0.0,0.0,0.0,0.0,0.0,0.0,0.0,0.0
331918,0,1,3400,-88,88,2165.692383,1.0,0.82,0.50,0.0,0.0,27,0.0,0.0,0.0,0.0,0.0,0.0,0.0,0.0
332167,0,1,3400,-88,88,2165.692383,1.0,0.82,0.50,0.0,0.0,27,0.0,0.0,0.0,0.0,0.0,0.0,0.0,0.0
332416,0,1,3400,-88,88,2165.692383,1.0,0.82,0.50,0.0,0.0,27,0.0,0.0,0.0,0.0,0.0,0.0,0.0,0.0
332665,0,1,3400,-88,88,2165.692383,1.0,0.82,0.50,0.0,0.0,27,0.0,0.0,0.0,0.0,0.0,0.0,0.0,0.0
332914,0,1,3400,-88,88,2165.692383,1.0,0.82,0.50,0.0,0.0,27,0.0,0.0,0.0,0.0,0.0,0.0,0.0,0.0
333163,0,1,3400,-88,88,2165.692383,1.0,0.82,0.50,0.0,0.0,27,0.0,0.0,0.0,0.0,0.0,0.0,0.0,0.0
333412,0,1,3400,-88,88,2165.692383,1.0,0.82,0.50,0.0,0.0,27,0.0,0.0,0.0,0.0,0.0,0.0,0.0,0.0
333661,0,1,3400,-88,88,2165.692383,1.0,0.82,0.50,0.0,0.0,27,0.0,0.0,0.0,0.0,0.0,0.0,0.0,0.0
333910,0,1,3400,-88,88,2165.692383,1.0,0.82,0.50,0.0,0.0,27,0.0,0.0,0.0,0.0,0.0,0.0,0.0,0.0
334159,0,1,3400,-88,88,2165.692383,1.0,0.82,0.50,0.0,0.0,27,0.0,0.0,0.0,0.0,0.0,0.0,0.0,0.0
334408,0,1,3400,-88,88,2165.692383,1.0,0.82,0.50,0.0,0.0,27,0.0,0.0,0.0,0.0,0.0,0.0,0.0,0.0
334657,0,1,3400,-88,88,2165.692383,1.0,0.82,0.50,0.0,0.0,27,0.0,0.0,0.0,0.0,0.0,0.0,0.0,0.0
334906,0,1,3400,-88,88,2165.692383,1.0,0.82,0.50,0.0,0.0,27,0.0,0.0,0.0,0.0,0.0,0.0,0.0,0.0
335155,0,1,3400,-88,88,2165.692383,1.0,0.82,0.50,0.0,0.0,27,0.0,0.0,0.0,0.0,0.0,0.0,0.0,0.0
335404,0,1,3400,-88,88,2165.692383,1.0,0.82,0.50,0.0,0.0,27,0.0,0.0,0.0,0.0,0.0,0.0,0.0,0.0
335653,0,1,3400,-88,88,2165.692383,1.0,0.82,0.50,0.0,0.0,27,0.0,0.0,0.0,0.0,0.0,0.0,0.0,0.0
335902,0,1,3400,-88,88,2165.692383,1.0,0.82,0.50,0.0,0.0,27,0.0,0.0,0.0,0.0,0.0,0.0,0.0,0.0
336151,0,1,3400,-88,88,2165.692383,1.0,0.82,0.50,0.0,0.0,27,0.0,0.0,0.0,0.0,0.0,0.0,0.0,0.0
336400,0,1,3400,-88,88,2165.692383,1.0,0.82,0.50,0.0,0.0,27,0.0,0.0,0.0,0.0,0.0,0.0,0.0,0.0
336649,0,1,3400,-88,88,2165.692383,1.0,0.82,0.50,0.0,0.0,27,0.0,0.0,0.0,0.0,0.0,0.0,0.0,0.0
336898,0,1,3400,-88,88,2165.692383,1.0,0.82,0.50,0.0,0.0,27,0.0,0.0,0.0,0.0,0.0,0.0,0.0,0.0
337147,0,1,3400,-88,88,2165.692383,1.0,0.82,0.50,0.0,0.0,27,0.0,0.0,0.0,0.0,0.0,0.0,0.0,0.0
337396,0,1,3400,-88,88,2165.692383,1.0,0.82,0.50,0.0,0.0,27,0.0,0.0,0.0,0.0,0.0,0.0,0.0,0.0
337645,0,1,3400,-88,88,2165.692383,1.0,0.82,0.50,0.0,0.0,27,0.0,0.0,0.0,0.0,0.0,0.0,0.0,0.0
337894,0,1,3400,-88,88,2165.692383,1.0,0.82,0.50,0.0,0.0,27,0.0,0.0,0.0,0.0,0.0,0.0,0.0,0.0
338143,0,1,3400,-88,88,2165.692383,1.0,0.82,0.50,0.0,0.0,27,0.0,0.0,0.0,0.0,0.0,0.0,0.0,0.0
338392,0,1,3400,-88,88,2165.692383,1.0,0.82,0.50,0.0,0.0,27,0.0,0.0,0.0,0.0,0.0,0.0,0.0,0.0
338641,0,1,3400,-88,88,2165.692383,1.0,0.82,0.50,0.0,0.0,27,0.0,0.0,0.0,0.0,0.0,0.0,0.0,0.0
338890,0,1,3400,-88,88,2165.692383,1.0,0.82,0.50,0.0,0.0,27,0.0,0.0,0.0,0.0,0.0,0.0,0.0,0.0
339139,0,1,3400,-88,88,2165.692383,1.0,0.82,0.50,0.0,0.0,27,0.0,0.0,0.0,0.0,0.0,0.0,0.0,0.0
339388,0,1,3400,-88,88,2165.692383,1.0,0.82,0.50,0.0,0.0,27,0.0,0.0,0.0,0.0,0.0,0.0,0.0,0.0
339637,0,1,3400,-88,88,2165.692383,1.0,0.82,0.50,0.0,0.0,27,0.0,0.0,0.0,0.0,0.0,0.0,0.0,0.0
339886,0,1,3400,-88,88,2165.692383,1.0,0.82,0.50,0.0,0.0,27,0.0,0.0,0.0,0.0,0.0,0.0,0.0,0.0
340135,0,1,3400,-88,88,2165.692383,1.0,0.82,0.50,0.0,0.0,27,0.0,0.0,0.0,0.0,0.0,0.0,0.0,0.0
340384,0,1,3400,-88,88,2165.692383,1.0,0.82,0.50,0.0,0.0,27,0.0,0.0,0.0,0.0,0.0,0.0,0.0,0.0
340633,0,1,3400,-88,88,2165.692383,1.0,0.82,0.50,0.0,0.0,27,0.0,0.0,0.0,0.0,0.0,0.0,0.0,0.0
340882,0,1,3400,-88,88,2165.692383,1.0,0.82,0.50,0.0,0.0,27,0.0,0.0,0.0,0.0,0.0,0.0,0.0,0.0
341131,0,1,3400,-88,88,2165.692383,1.0,0.82,0.50,0.0,0.0,27,0.0,0.0,0.0,0.0,0.0,0.0,0.0,0.0
341380,0,1,3400,-88,88,2165.692383,1.0,0.82,0.50,0.0,0.0,27,0.0,0.0,0.0,0.0,0.0,0.0,0.0,0.0
341629,0,1,3400,-88,88,2165.692383,1.0,0.82,0.50,0.0,0.0,27,0.0,0.0,0.0,0.0,0.0,0.0,0.0,0.0
341878,0,1,3400,-88,88,2165.692383,1.0,0.82,0.50,0.0,0.0,27,0.0,0.0,0.0,0.0,0.0,0.0,0.0,0.0
342127,0,1,3400,-88,88,2165.692383,1.0,0.82,0.50,0.0,0.0,27,0.0,0.0,0.0,0.0,0.0,0.0,0.0,0.0
342376,0,1,3400,-88,88,2165.692383,1.0,0.82,0.50,0.0,0.0,27,0.0,0.0,0.0,0.0,0.0,0.0,0.0,0.0
342625,0,1,3400,-88,88,2165.692383,1.0,0.82,0.50,0.0,0.0,27,0.0,0.0,0.0,0.0,0.0,0.0,0.0,0.0
342874,0,1,3400,-88,88,2165.692383,1.0,0.82,0.50,0.0,0.0,27,0.0,0.0,0.0,0.0,0.0,0.0,0.0,0.0
343123,0,1,3400,-88,88,2165.692383,1.0,0.82,0.50,0.0,0.0,27,0.0,0.0,0.0,0.0,0.0,0.0,0.0,0.0
343372,0,1,3400,-88,88,2165.692383,1.0,0.82,0.50,0.0,0.0,27,0.0,0.0,0.0,0.0,0.0,0.0,0.0,0.0
343621,0,1,3400,-88,88,2165.692383,1.0,0.82,0.50,0.0,0.0,27,0.0,0.0,0.0,0.0,0.0,0.0,0.0,0.0
343870,0,1,3400,-88,88,2165.692383,1.0,0.82,0.50,0.0,0.0,27,0.0,0.0,0.0,0.0,0.0,0.0,0.0,0.0
344119,0,1,3400,-88,88,2165.692383,1.0,0.82,0.50,0.0,0.0,27,0.0,0.0,0.0,0.0,0.0,0.0,0.0,0.0
344368,0,1,3400,-88,88,2165.692383,1.0,0.82,0.50,0.0,0.0,27,0.0,0.0,0.0,0.0,0.0,0.0,0.0,0.0
344617,0,1,3400,-88,88,2165.692383,1.0,0.82,0.50,0.0,0.0,27,0.0,0.0,0.0,0.0,0.0,0.0,0.0,0.0
344866,0,1,3400,-88,88,2165.692383,1.0,0.82,0.50,0.0,0.0,27,0.0,0.0,0.0,0.0,0.0,0.0,0.0,0.0
345115,0,1,3400,-88,88,2165.692383,1.0,0.82,0.50,0.0,0.0,27,0.0,0.0,0.0,0.0,0.0,0.0,0.0,0.0
345364,0,1,3400,-88,88,2165.692383,1.0,0.82,0.50,0.0,0.0,27,0.0,0.0,0.0,0.0,0.0,0.0,0.0,0.0
345613,0,1,3400,-88,88,2165.692383,1.0,0.82,0.50,0.0,0.0,27,0.0,0.0,0.0,0.0,0.0,0.0,0.0,0.0
345862,0,1,3400,-88,88,2165.692383,1.0,0.82,0.50,0.0,0.0,27,0.0,0.0,0.0,0.0,0.0,0.0,0.0,0.0
346111,0,1,3400,-88,88,2165.692383,1.0,0.82,0.50,0.0,0.0,27,0.0,0.0,0.0,0.0,0.0,0.0,0.0,0.0
346360,0,1,3400,-88,88,2165.692383,1.0,0.82,0.50,0.0,0.0,27,0.0,0.0,0.0,0.0,0.0,0.0,0.0,0.0
346609,0,1,3400,-88,88,2165.692383,1.0,0.82,0.50,0.0,0.0,27,0.0,0.0,0.0,0.0,0.0,0.0,0.0,0.0
346858,0,1,3400,-88,88,2165.692383,1.0,0.82,0.50,0.0,0.0,27,0.0,0.0,0.0,0.0,0.0,0.0,0.0,0.0
347107,0,1,3400,-88,88,2165.692383,1.0,0.82,0.50,0.0,0.0,27,0.0,0.0,0.0,0.0,0.0,0.0,0.0,0.0
347356,0,1,3400,-88,88,2165.692383,1.0,0.82,0.50,0.0,0.0,27,0.0,0.0,0.0,0.0,0.0,0.0,0.0,0.0
347605,0,1,3400,-88,88,2165.692383,1.0,0.82,0.50,0.0,0.0,27,0.0,0.0,0.0,0.0,0.0,0.0,0.0,0.0
347854,0,1,3400,-88,88,2165.692383,1.0,0.82,0.50,0.0,0.0,27,0.0,0.0,0.0,0.0,0.0,0.0,0.0,0.0
348103,0,1,3400,-88,88,2165.692383,1.0,0.82,0.50,0.0,0.0,27,0.0,0.0,0.0,0.0,0.0,0.0,0.0,0.0
348352,0,1,3400,-88,88,2165.692383,1.0,0.82,0.50,0.0,0.0,27,0.0,0.0,0.0,0.0,0.0,0.0,0.0,0.0
348601,0,1,3400,-88,88,2165.692383,1.0,0.82,0.50,0.0,0.0,27,0.0,0.0,0.0,0.0,0.0,0.0,0.0,0.0
348850,0,1,3400,-88,88,2165.692383,1.0,0.82,0.50,0.0,0.0,27,0.0,0.0,0.0,0.0,0.0,0.0,0.0,0.0
349099,0,1,3400,-88,88,2165.692383,1.0,0.82,0.50,0.0,0.0,27,0.0,0.0,0.0,0.0,0.0,0.0,0.0,0.0
349348,0,1,3400,-88,88,2165.692383,1.0,0.82,0.50,0.0,0.0,27,0.0,0.0,0.0,0.0,0.0,0.0,0.0,0.0
349597,0,1,3400,-88,88,2165.692383,1.0,0.82,0.50,0.0,0.0,27,0.0,0.0,0.0,0.0,0.0,0.0,0.0,0.0
349846,0,1,3400,-88,88,2165.692383,1.0,0.82,0.50,0.0,0.0,27,0.0,0.0,0.0,0.0,0.0,0.0,0.0,0.0
350095,0,1,3400,-88,88,2165.692383,1.0,0.82,0.50,0.0,0.0,27,0.0,0.0,0.0,0.0,0.0,0.0,0.0,0.0
350344,0,1,3400,-88,88,2165.692383,1.0,0.82,0.50,0.0,0.0,27,0.0,0.0,0.0,0.0,0.0,0.0,0.0,0.0
350593,0,1,3400,-88,88,2165.692383,1.0,0.82,0.50,0.0,0.0,27,0.0,0.0,0.0,0.0,0.0,0.0,0.0,0.0
350842,0,1,3400,-88,88,2165.692383,1.0,0.82,0.50,0.0,0.0,27,0.0,0.0,0.0,0.0,0.0,0.0,0.0,0.0
351091,0,1,3400,-88,88,2165.692383,1.0,0.82,0.50,0.0,0.0,27,0.0,0.0,0.0,0.0,0.0,0.0,0.0,0.0
351340,0,1,3400,-88,88,2165.692383,1.0,0.82,0.50,0.0,0.0,27,0.0,0.0,0.0,0.0,0.0,0.0,0.0,0.0
351589,0,1,3400,-88,88,2165.692383,1.0,0.82,0.50,0.0,0.0,27,0.0,0.0,0.0,0.0,0.0,0.0,0.0,0.0
351838,0,1,3400,-88,88,2165.692383,1.0,0.82,0.50,0.0,0.0,27,0.0,0.0,0.0,0.0,0.0,0.0,0.0,0.0
352087,0,1,3400,-88,88,2165.692383,1.0,0.82,0.50,0.0,0.0,27,0.0,0.0,0.0,0.0,0.0,0.0,0.0,0.0
352336,0,1,3400,-88,88,2165.692383,1.0,0.82,0.50,0.0,0.0,27,0.0,0.0,0.0,0.0,0.0,0.0,0.0,0.0
352585,0,1,3400,-88,88,2165.692383,1.0,0.82,0.50,0.0,0.0,27,0.0,0.0,0.0,0.0,0.0,0.0,0.0,0.0
352834,0,1,3400,-88,88,2165.692383,1.0,0.82,0.50,0.0,0.0,27,0.0,0.0,0.0,0.0,0.0,0.0,0.0,0.0
353083,0,1,3400,-88,88,2165.692383,1.0,0.82,0.50,0.0,0.0,27,0.0,0.0,0.0,0.0,0.0,0.0,0.0,0.0
353332,0,1,3400,-88,88,2165.692383,1.0,0.82,0.50,0.0,0.0,27,0.0,0.0,0.0,0.0,0.0,0.0,0.0,0.0
353581,0,1,3400,-88,88,2165.692383,1.0,0.82,0.50,0.0,0.0,27,0.0,0.0,0.0,0.0,0.0,0.0,0.0,0.0
353830,0,1,3400,-88,88,2165.692383,1.0,0.82,0.50,0.0,0.0,27,0.0,0.0,0.0,0.0,0.0,0.0,0.0,0.0
354079,0,1,3400,-88,88,2165.692383,1.0,0.82,0.50,0.0,0.0,27,0.0,0.0,0.0,0.0,0.0,0.0,0.0,0.0
354328,0,1,3400,-88,88,2165.692383,1.0,0.82,0.50,0.0,0.0,27,0.0,0.0,0.0,0.0,0.0,0.0,0.0,0.0
354577,0,1,3400,-88,88,2165.692383,1.0,0.82,0.50,0.0,0.0,27,0.0,0.0,0.0,0.0,0.0,0.0,0.0,0.0
354826,0,1,3400,-88,88,2165.692383,1.0,0.82,0.50,0.0,0.0,27,0.0,0.0,0.0,0.0,0.0,0.0,0.0,0.0
355075,0,1,3400,-88,88,2165.692383,1.0,0.82,0.50,0.0,0.0,27,0.0,0.0,0.0,0.0,0.0,0.0,0.0,0.0
355324,0,1,3400,-88,88,2165.692383,1.0,0.82,0.50,0.0,0.0,27,0.0,0.0,0.0,0.0,0.0,0.0,0.0,0.0
355573,0,1,3400,-88,88,2165.692383,1.0,0.82,0.50,0.0,0.0,27,0.0,0.0,0.0,0.0,0.0,0.0,0.0,0.0
355822,0,1,3400,-88,88,2165.692383,1.0,0.82,0.50,0.0,0.0,27,0.0,0.0,0.0,0.0,0.0,0.0,0.0,0.0
356071,0,1,3400,-88,88,2165.692383,1.0,0.82,0.50,0.0,0.0,27,0.0,0.0,0.0,0.0,0.0,0.0,0.0,0.0
356320,0,1,3400,-88,88,2165.692383,1.0,0.82,0.50,0.0,0.0,27,0.0,0.0,0.0,0.0,0.0,0.0,0.0,0.0
356569,0,1,3400,-88,88,2165.692383,1.0,0.82,0.50,0.0,0.0,27,0.0,0.0,0.0,0.0,0.0,0.0,0.0,0.0
356818,0,1,3400,-88,88,2165.692383,1.0,0.82,0.50,0.0,0.0,27,0.0,0.0,0.0,0.0,0.0,0.0,0.0,0.0
357067,0,1,3400,-88,88,2165.692383,1.0,0.82,0.50,0.0,0.0,27,0.0,0.0,0.0,0.0,0.0,0.0,0.0,0.0
357316,0,1,3400,-88,88,2165.692383,1.0,0.82,0.50,0.0,0.0,27,0.0,0.0,0.0,0.0,0.0,0.0,0.0,0.0
357565,0,1,3400,-88,88,2165.692383,1.0,0.82,0.50,0.0,0.0,27,0.0,0.0,0.0,0.0,0.0,0.0,0.0,0.0
357814,0,1,3400,-88,88,2165.692383,1.0,0.82,0.50,0.0,0.0,27,0.0,0.0,0.0,0.0,0.0,0.0,0.0,0.0
358063,0,1,3400,-88,88,2165.692383,1.0,0.82,0.50,0.0,0.0,27,0.0,0.0,0.0,0.0,0.0,0.0,0.0,0.0
358312,0,1,3400,-88,88,2165.692383,1.0,0.82,0.50,0.0,0.0,27,0.0,0.0,0.0,0.0,0.0,0.0,0.0,0.0
358561,0,1,3400,-88,88,2165.692383,1.0,0.82,0.50,0.0,0.0,27,0.0,0.0,0.0,0.0,0.0,0.0,0.0,0.0
358810,0,1,3400,-88,88,2165.692383,1.0,0.82,0.50,0.0,0.0,27,0.0,0.0,0.0,0.0,0.0,0.0,0.0,0.0
359059,0,1,3400,-88,88,2165.692383,1.0,0.82,0.50,0.0,0.0,27,0.0,0.0,0.0,0.0,0.0,0.0,0.0,0.0
359308,0,1,3400,-88,88,2165.692383,1.0,0.82,0.50,0.0,0.0,27,0.0,0.0,0.0,0.0,0.0,0.0,0.0,0.0
359557,0,1,3400,-88,88,2165.692383,1.0,0.82,0.50,0.0,0.0,27,0.0,0.0,0.0,0.0,0.0,0.0,0.0,0.0
359806,0,1,3400,-88,88,2165.692383,1.0,0.82,0.50,0.0,0.0,27,0.0,0.0,0.0,0.0,0.0,0.0,0.0,0.0
360055,0,1,3400,-88,88,2165.692383,1.0,0.82,0.50,0.0,0.0,27,0.0,0.0,0.0,0.0,0.0,0.0,0.0,0.0
360304,0,1,3400,-88,88,2165.692383,1.0,0.82,0.50,0.0,0.0,27,0.0,0.0,0.0,0.0,0.0,0.0,0.0,0.0
360553,0,1,3400,-88,88,2165.692383,1.0,0.82,0.50,0.0,0.0,27,0.0,0.0,0.0,0.0,0.0,0.0,0.0,0.0
360802,0,1,3400,-88,88,2165.692383,1.0,0.82,0.50,0.0,0.0,27,0.0,0.0,0.0,0.0,0.0,0.0,0.0,0.0
361051,0,1,3400,-88,88,2165.692383,1.0,0.82,0.50,0.0,0.0,27,0.0,0.0,0.0,0.0,0.0,0.0,0.0,0.0
361300,0,1,3400,-88,88,2165.692383,1.0,0.82,0.50,0.0,0.0,27,0.0,0.0,0.0,0.0,0.0,0.0,0.0,0.0
361549,0,1,3400,-88,88,2165.692383,1.0,0.82,0.50,0.0,0.0,27,0.0,0.0,0.0,0.0,0.0,0.0,0.0,0.0
361798,0,1,3400,-88,88,2165.692383,1.0,0.82,0.50,0.0,0.0,27,0.0,0.0,0.0,0.0,0.0,0.0,0.0,0.0
362047,0,1,3400,-88,88,2165.692383,1.0,0.82,0.50,0.0,0.0,27,0.0,0.0,0.0,0.0,0.0,0.0,0.0,0.0
362296,0,1,3400,-88,88,2165.692383,1.0,0.82,0.50,0.0,0.0,27,0.0,0.0,0.0,0.0,0.0,0.0,0.0,0.0
362545,0,1,3400,-88,88,2165.692383,1.0,0.82,0.50,0.0,0.0,27,0.0,0.0,0.0,0.0,0.0,0.0,0.0,0.0
362794,0,1,3400,-88,88,2165.692383,1.0,0.82,0.50,0.0,0.0,27,0.0,0.0,0.0,0.0,0.0,0.0,0.0,0.0
363043,0,1,3400,-88,88,2165.692383,1.0,0.82,0.50,0.0,0.0,27,0.0,0.0,0.0,0.0,0.0,0.0,0.0,0.0
363292,0,1,3400,-88,88,2165.692383,1.0,0.82,0.50,0.0,0.0,27,0.0,0.0,0.0,0.0,0.0,0.0,0.0,0.0
363541,0,1,3400,-88,88,2165.692383,1.0,0.82,0.50,0.0,0.0,27,0.0,0.0,0.0,0.0,0.0,0.0,0.0,0.0
363790,0,1,3400,-88,88,2165.692383,1.0,0.82,0.50,0.0,0.0,27,0.0,0.0,0.0,0.0,0.0,0.0,0.0,0.0
364039,0,1,3400,-88,88,2165.692383,1.0,0.82,0.50,0.0,0.0,27,0.0,0.0,0.0,0.0,0.0,0.0,0.0,0.0
364288,0,1,3400,-88,88,2165.692383,1.0,0.82,0.50,0.0,0.0,27,0.0,0.0,0.0,0.0,0.0,0.0,0.0,0.0
364537,0,1,3400,-88,88,2165.692383,1.0,0.82,0.50,0.0,0.0,27,0.0,0.0,0.0,0.0,0.0,0.0,0.0,0.0
364786,0,1,3400,-88,88,2165.692383,1.0,0.82,0.50,0.0,0.0,27,0.0,0.0,0.0,0.0,0.0,0.0,0.0,0.0
365035,0,1,3400,-88,88,2165.692383,1.0,0.82,0.50,0.0,0.0,27,0.0,0.0,0.0,0.0,0.0,0.0,0.0,0.0
365284,0,1,3400,-88,88,2165.692383,1.0,0.82,0.50,0.0,0.0,27,0.0,0.0,0.0,0.0,0.0,0.0,0.0,0.0
365533,0,1,3400,-88,88,2165.692383,1.0,0.82,0.50,0.0,0.0,27,0.0,0.0,0.0,0.0,0.0,0.0,0.0,0.0
365782,0,1,3400,-88,88,2165.692383,1.0,0.82,0.50,0.0,0.0,27,0.0,0.0,0.0,0.0,0.0,0.0,0.0,0.0
366031,0,1,3400,-88,88,2165.692383,1.0,0.82,0.50,0.0,0.0,27,0.0,0.0,0.0,0.0,0.0,0.0,0.0,0.0
366280,0,1,3400,-88,88,2165.692383,1.0,0.82,0.50,0.0,0.0,27,0.0,0.0,0.0,0.0,0.0,0.0,0.0,0.0
366529,0,1,3400,-88,88,2165.692383,1.0,0.82,0.50,0.0,0.0,27,0.0,0.0,0.0,0.0,0.0,0.0,0.0,0.0
366778,0,1,3400,-88,88,2165.692383,1.0,0.82,0.50,0.0,0.0,27,0.0,0.0,0.0,0.0,0.0,0.0,0.0,0.0
367027,0,1,3400,-88,88,2165.692383,1.0,0.82,0.50,0.0,0.0,27,0.0,0.0,0.0,0.0,0.0,0.0,0.0,0.0
367276,0,1,3400,-88,88,2165.692383,1.0,0.82,0.50,0.0,0.0,27,0.0,0.0,0.0,0.0,0.0,0.0,0.0,0.0
367525,0,1,3400,-88,88,2165.692383,1.0,0.82,0.50,0.0,0.0,27,0.0,0.0,0.0,0.0,0.0,0.0,0.0,0.0
367774,0,1,3400,-88,88,2165.692383,1.0,0.82,0.50,0.0,0.0,27,0.0,0.0,0.0,0.0,0.0,0.0,0.0,0.0
368023,0,1,3400,-88,88,2165.692383,1.0,0.82,0.50,0.0,0.0,27,0.0,0.0,0.0,0.0,0.0,0.0,0.0,0.0
368272,0,1,3400,-88,88,2165.692383,1.0,0.82,0.50,0.0,0.0,27,0.0,0.0,0.0,0.0,0.0,0.0,0.0,0.0
368521,0,1,3400,-88,88,2165.692383,1.0,0.82,0.50,0.0,0.0,27,0.0,0.0,0.0,0.0,0.0,0.0,0.0,0.0
368770,0,1,3400,-88,88,2165.692383,1.0,0.82,0.50,0.0,0.0,27,0.0,0.0,0.0,0.0,0.0,0.0,0.0,0.0
369019,0,1,3400,-88,88,2165.692383,1.0,0.82,0.50,0.0,0.0,27,0.0,0.0,0.0,0.0,0.0,0.0,0.0,0.0
369268,0,1,3400,-88,88,2165.692383,1.0,0.82,0.50,0.0,0.0,27,0.0,0.0,0.0,0.0,0.0,0.0,0.0,0.0
369517,0,1,3400,-88,88,2165.692383,1.0,0.82,0.50,0.0,0.0,27,0.0,0.0,0.0,0.0,0.0,0.0,0.0,0.0
369766,0,1,3400,-88,88,2165.692383,1.0,0.82,0.50,0.0,0.0,27,0.0,0.0,0.0,0.0,0.0,0.0,0.0,0.0
370015,0,1,3400,-88,88,2165.692383,1.0,0.82,0.50,0.0,0.0,27,0.0,0.0,0.0,0.0,0.0,0.0,0.0,0.0
370264,0,1,3400,-88,88,2165.692383,1.0,0.82,0.50,0.0,0.0,27,0.0,0.0,0.0,0.0,0.0,0.0,0.0,0.0
370513,0,1,3400,-88,88,2165.692383,1.0,0.82,0.50,0.0,0.0,27,0.0,0.0,0.0,0.0,0.0,0.0,0.0,0.0
370762,0,1,3400,-88,88,2165.692383,1.0,0.82,0.50,0.0,0.0,27,0.0,0.0,0.0,0.0,0.0,0.0,0.0,0.0
371011,0,1,3400,-88,88,2165.692383,1.0,0.82,0.50,0.0,0.0,27,0.0,0.0,0.0,0.0,0.0,0.0,0.0,0.0
371260,0,1,3400,-88,88,2165.692383,1.0,0.82,0.50,0.0,0.0,27,0.0,0.0,0.0,0.0,0.0,0.0,0.0,0.0
371509,0,1,3400,-88,88,2165.692383,1.0,0.82,0.50,0.0,0.0,27,0.0,0.0,0.0,0.0,0.0,0.0,0.0,0.0
371758,0,1,3400,-88,88,2165.692383,1.0,0.82,0.50,0.0,0.0,27,0.0,0.0,0.0,0.0,0.0,0.0,0.0,0.0
372007,0,1,3400,-88,88,2165.692383,1.0,0.82,0.50,0.0,0.0,27,0.0,0.0,0.0,0.0,0.0,0.0,0.0,0.0
372256,0,1,3400,-88,88,2165.692383,1.0,0.82,0.50,0.0,0.0,27,0.0,0.0,0.0,0.0,0.0,0.0,0.0,0.0
372505,0,1,3400,-88,88,2165.692383,1.0,0.82,0.50,0.0,0.0,27,0.0,0.0,0.0,0.0,0.0,0.0,0.0,0.0
372754,0,1,3400,-88,88,2165.692383,1.0,0.82,0.50,0.0,0.0,27,0.0,0.0,0.0,0.0,0.0,0.0,0.0,0.0
373003,0,1,3400,-88,88,2165.692383,1.0,0.82,0.50,0.0,0.0,27,0.0,0.0,0.0,0.0,0.0,0.0,0.0,0.0
373252,0,1,3400,-88,88,2165.692383,1.0,0.82,0.50,0.0,0.0,27,0.0,0.0,0.0,0.0,0.0,0.0,0.0,0.0
373501,0,1,3400,-88,88,2165.692383,1.0,0.82,0.50,0.0,0.0,27,0.0,0.0,0.0,0.0,0.0,0.0,0.0,0.0
373750,0,1,3400,-88,88,2165.692383,1.0,0.82,0.50,0.0,0.0,27,0.0,0.0,0.0,0.0,0.0,0.0,0.0,0.0
373999,0,1,3400,-88,88,2165.692383,1.0,0.82,0.50,0.0,0.0,27,0.0,0.0,0.0,0.0,0.0,0.0,0.0,0.0
374248,0,1,3400,-88,88,2165.692383,1.0,0.82,0.50,0.0,0.0,27,0.0,0.0,0.0,0.0,0.0,0.0,0.0,0.0
374497,0,1,3400,-88,88,2165.692383,1.0,0.82,0.50,0.0,0.0,27,0.0,0.0,0.0,0.0,0.0,0.0,0.0,0.0
374746,0,1,3400,-88,88,2165.692383,1.0,0.82,0.50,0.0,0.0,27,0.0,0.0,0.0,0.0,0.0,0.0,0.0,0.0
374995,0,1,3400,-88,88,2165.692383,1.0,0.82,0.50,0.0,0.0,27,0.0,0.0,0.0,0.0,0.0,0.0,0.0,0.0
375244,0,1,3400,-88,88,2165.692383,1.0,0.82,0.50,0.0,0.0,27,0.0,0.0,0.0,0.0,0.0,0.0,0.0,0.0
375493,0,1,3400,-88,88,2165.692383,1.0,0.82,0.50,0.0,0.0,27,0.0,0.0,0.0,0.0,0.0,0.0,0.0,0.0
375742,0,1,3400,-88,88,2165.692383,1.0,0.82,0.50,0.0,0.0,27,0.0,0.0,0.0,0.0,0.0,0.0,0.0,0.0
375991,0,1,3400,-88,88,2165.692383,1.0,0.82,0.50,0.0,0.0,27,0.0,0.0,0.0,0.0,0.0,0.0,0.0,0.0
376240,0,1,3400,-88,88,2165.692383,1.0,0.82,0.50,0.0,0.0,27,0.0,0.0,0.0,0.0,0.0,0.0,0.0,0.0
376489,0,1,3400,-88,88,2165.692383,1.0,0.82,0.50,0.0,0.0,27,0.0,0.0,0.0,0.0,0.0,0.0,0.0,0.0
376738,0,1,3400,-88,88,2165.692383,1.0,0.82,0.50,0.0,0.0,27,0.0,0.0,0.0,0.0,0.0,0.0,0.0,0.0
376987,0,1,3400,-88,88,2165.692383,1.0,0.82,0.50,0.0,0.0,27,0.0,0.0,0.0,0.0,0.0,0.0,0.0,0.0
377236,0,1,3400,-88,88,2165.692383,1.0,0.82,0.50,0.0,0.0,27,0.0,0.0,0.0,0.0,0.0,0.0,0.0,0.0
377485,0,1,3400,-88,88,2165.692383,1.0,0.82,0.50,0.0,0.0,27,0.0,0.0,0.0,0.0,0.0,0.0,0.0,0.0
377734,0,1,3400,-88,88,2165.692383,1.0,0.82,0.50,0.0,0.0,27,0.0,0.0,0.0,0.0,0.0,0.0,0.0,0.0
377983,0,1,3400,-88,88,2165.692383,1.0,0.82,0.50,0.0,0.0,27,0.0,0.0,0.0,0.0,0.0,0.0,0.0,0.0
378232,0,1,3400,-88,88,2165.692383,1.0,0.82,0.50,0.0,0.0,27,0.0,0.0,0.0,0.0,0.0,0.0,0.0,0.0
378481,0,1,3400,-88,88,2165.692383,1.0,0.82,0.50,0.0,0.0,27,0.0,0.0,0.0,0.0,0.0,0.0,0.0,0.0
378730,0,1,3400,-88,88,2165.692383,1.0,0.82,0.50,0.0,0.0,27,0.0,0.0,0.0,0.0,0.0,0.0,0.0,0.0
378979,0,1,3400,-88,88,2165.692383,1.0,0.82,0.50,0.0,0.0,27,0.0,0.0,0.0,0.0,0.0,0.0,0.0,0.0
379228,0,1,3400,-88,88,2165.692383,1.0,0.82,0.50,0.0,0.0,27,0.0,0.0,0.0,0.0,0.0,0.0,0.0,0.0
379477,0,1,3400,-88,88,2165.692383,1.0,0.82,0.50,0.0,0.0,27,0.0,0.0,0.0,0.0,0.0,0.0,0.0,0.0
379726,0,1,3400,-88,88,2165.692383,1.0,0.82,0.50,0.0,0.0,27,0.0,0.0,0.0,0.0,0.0,0.0,0.0,0.0
379975,0,1,3400,-88,88,2165.692383,1.0,0.82,0.50,0.0,0.0,27,0.0,0.0,0.0,0.0,0.0,0.0,0.0,0.0
380224,0,1,3400,-88,88,2165.692383,1.0,0.82,0.50,0.0,0.0,27,0.0,0.0,0.0,0.0,0.0,0.0,0.0,0.0
380473,0,1,3400,-88,88,2165.692383,1.0,0.82,0.50,0.0,0.0,27,0.0,0.0,0.0,0.0,0.0,0.0,0.0,0.0
380722,0,1,3400,-88,88,2165.692383,1.0,0.82,0.50,0.0,0.0,27,0.0,0.0,0.0,0.0,0.0,0.0,0.0,0.0
380971,0,1,3400,-88,88,2165.692383,1.0,0.82,0.50,0.0,0.0,27,0.0,0.0,0.0,0.0,0.0,0.0,0.0,0.0
381220,0,1,3400,-88,88,2165.692383,1.0,0.82,0.50,0.0,0.0,27,0.0,0.0,0.0,0.0,0.0,0.0,0.0,0.0
381469,0,1,3400,-88,88,2165.692383,1.0,0.82,0.50,0.0,0.0,27,0.0,0.0,0.0,0.0,0.0,0.0,0.0,0.0
381718,0,1,3400,-88,88,2165.692383,1.0,0.82,0.50,0.0,0.0,27,0.0,0.0,0.0,0.0,0.0,0.0,0.0,0.0
381967,0,1,3400,-88,88,2165.692383,1.0,0.82,0.50,0.0,0.0,27,0.0,0.0,0.0,0.0,0.0,0.0,0.0,0.0
382216,0,1,3400,-88,88,2165.692383,1.0,0.82,0.50,0.0,0.0,27,0.0,0.0,0.0,0.0,0.0,0.0,0.0,0.0
382465,0,1,3400,-88,88,2165.692383,1.0,0.82,0.50,0.0,0.0,27,0.0,0.0,0.0,0.0,0.0,0.0,0.0,0.0
382714,0,1,3400,-88,88,2165.692383,1.0,0.82,0.50,0.0,0.0,27,0.0,0.0,0.0,0.0,0.0,0.0,0.0,0.0
382963,0,1,3400,-88,88,2165.692383,1.0,0.82,0.50,0.0,0.0,27,0.0,0.0,0.0,0.0,0.0,0.0,0.0,0.0
383212,0,1,3400,-88,88,2165.692383,1.0,0.82,0.50,0.0,0.0,27,0.0,0.0,0.0,0.0,0.0,0.0,0.0,0.0
383461,0,1,3400,-88,88,2165.692383,1.0,0.82,0.50,0.0,0.0,27,0.0,0.0,0.0,0.0,0.0,0.0,0.0,0.0
383710,0,1,3400,-88,88,2165.692383,1.0,0.82,0.50,0.0,0.0,27,0.0,0.0,0.0,0.0,0.0,0.0,0.0,0.0
383959,0,1,3400,-88,88,2165.692383,1.0,0.82,0.50,0.0,0.0,27,0.0,0.0,0.0,0.0,0.0,0.0,0.0,0.0
384208,0,1,3400,-88,88,2165.692383,1.0,0.82,0.50,0.0,0.0,27,0.0,0.0,0.0,0.0,0.0,0.0,0.0,0.0
384457,0,1,3400,-88,88,2165.692383,1.0,0.82,0.50,0.0,0.0,27,0.0,0.0,0.0,0.0,0.0,0.0,0.0,0.0
384706,0,1,3400,-88,88,2165.692383,1.0,0.82,0.50,0.0,0.0,27,0.0,0.0,0.0,0.0,0.0,0.0,0.0,0.0
384955,0,1,3400,-88,88,2165.692383,1.0,0.82,0.50,0.0,0.0,27,0.0,0.0,0.0,0.0,0.0,0.0,0.0,0.0
385204,0,1,3400,-88,88,2165.692383,1.0,0.82,0.50,0.0,0.0,27,0.0,0.0,0.0,0.0,0.0,0.0,0.0,0.0
385453,0,1,3400,-88,88,2165.692383,1.0,0.82,0.50,0.0,0.0,27,0.0,0.0,0.0,0.0,0.0,0.0,0.0,0.0
385702,0,1,3400,-88,88,2165.692383,1.0,0.82,0.50,0.0,0.0,27,0.0,0.0,0.0,0.0,0.0,0.0,0.0,0.0
385951,0,1,3400,-88,88,2165.692383,1.0,0.82,0.50,0.0,0.0,27,0.0,0.0,0.0,0.0,0.0,0.0,0.0,0.0
386200,0,1,3400,-88,88,2165.692383,1.0,0.82,0.50,0.0,0.0,27,0.0,0.0,0.0,0.0,0.0,0.0,0.0,0.0
386449,0,1,3400,-88,88,2165.692383,1.0,0.82,0.50,0.0,0.0,27,0.0,0.0,0.0,0.0,0.0,0.0,0.0,0.0
386698,0,1,3400,-88,88,2165.692383,1.0,0.82,0.50,0.0,0.0,27,0.0,0.0,0.0,0.0,0.0,0.0,0.0,0.0
386947,0,1,3400,-88,88,2165.692383,1.0,0.82,0.50,0.0,0.0,27,0.0,0.0,0.0,0.0,0.0,0.0,0.0,0.0
387196,0,1,3400,-88,88,2165.692383,1.0,0.82,0.50,0.0,0.0,27,0.0,0.0,0.0,0.0,0.0,0.0,0.0,0.0
387445,0,1,3400,-88,88,2165.692383,1.0,0.82,0.50,0.0,0.0,27,0.0,0.0,0.0,0.0,0.0,0.0,0.0,0.0
387694,0,1,3400,-88,88,2165.692383,1.0,0.82,0.50,0.0,0.0,27,0.0,0.0,0.0,0.0,0.0,0.0,0.0,0.0
387943,0,1,3400,-88,88,2165.692383,1.0,0.82,0.50,0.0,0.0,27,0.0,0.0,0.0,0.0,0.0,0.0,0.0,0.0
388192,0,1,3400,-88,88,2165.692383,1.0,0.82,0.50,0.0,0.0,27,0.0,0.0,0.0,0.0,0.0,0.0,0.0,0.0
388441,0,1,3400,-88,88,2165.692383,1.0,0.82,0.50,0.0,0.0,27,0.0,0.0,0.0,0.0,0.0,0.0,0.0,0.0
388690,0,1,3400,-88,88,2165.692383,1.0,0.82,0.50,0.0,0.0,27,0.0,0.0,0.0,0.0,0.0,0.0,0.0,0.0
388939,0,1,3400,-88,88,2165.692383,1.0,0.82,0.50,0.0,0.0,27,0.0,0.0,0.0,0.0,0.0,0.0,0.0,0.0
389188,0,1,3400,-88,88,2165.692383,1.0,0.82,0.50,0.0,0.0,27,0.0,0.0,0.0,0.0,0.0,0.0,0.0,0.0
389437,0,1,3400,-88,88,2165.692383,1.0,0.82,0.50,0.0,0.0,27,0.0,0.0,0.0,0.0,0.0,0.0,0.0,0.0
389686,0,1,3400,-88,88,2165.692383,1.0,0.82,0.50,0.0,0.0,27,0.0,0.0,0.0,0.0,0.0,0.0,0.0,0.0
389935,0,1,3400,-88,88,2165.692383,1.0,0.82,0.50,0.0,0.0,27,0.0,0.0,0.0,0.0,0.0,0.0,0.0,0.0
390184,0,1,3400,-88,88,2165.692383,1.0,0.82,0.50,0.0,0.0,27,0.0,0.0,0.0,0.0,0.0,0.0,0.0,0.0
390433,0,1,3400,-88,88,2165.692383,1.0,0.82,0.50,0.0,0.0,27,0.0,0.0,0.0,0.0,0.0,0.0,0.0,0.0
390682,0,1,3400,-88,88,2165.692383,1.0,0.82,0.50,0.0,0.0,27,0.0,0.0,0.0,0.0,0.0,0.0,0.0,0.0
390931,0,1,3400,-88,88,2165.692383,1.0,0.82,0.50,0.0,0.0,27,0.0,0.0,0.0,0.0,0.0,0.0,0.0,0.0
391180,0,1,3400,-88,88,2165.692383,1.0,0.82,0.50,0.0,0.0,27,0.0,0.0,0.0,0.0,0.0,0.0,0.0,0.0
391429,0,1,3400,-88,88,2165.692383,1.0,0.82,0.50,0.0,0.0,27,0.0,0.0,0.0,0.0,0.0,0.0,0.0,0.0
391678,0,1,3400,-88,88,2165.692383,1.0,0.82,0.50,0.0,0.0,27,0.0,0.0,0.0,0.0,0.0,0.0,0.0,0.0
391927,0,1,3400,-88,88,2165.692383,1.0,0.82,0.50,0.0,0.0,27,0.0,0.0,0.0,0.0,0.0,0.0,0.0,0.0
392176,0,1,3400,-88,88,2165.692383,1.0,0.82,0.50,0.0,0.0,27,0.0,0.0,0.0,0.0,0.0,0.0,0.0,0.0
392425,0,1,3400,-88,88,2165.692383,1.0,0.82,0.50,0.0,0.0,27,0.0,0.0,0.0,0.0,0.0,0.0,0.0,0.0
392674,0,1,3400,-88,88,2165.692383,1.0,0.82,0.50,0.0,0.0,27,0.0,0.0,0.0,0.0,0.0,0.0,0.0,0.0
392923,0,1,3400,-88,88,2165.692383,1.0,0.82,0.50,0.0,0.0,27,0.0,0.0,0.0,0.0,0.0,0.0,0.0,0.0
393172,0,1,3400,-88,88,2165.692383,1.0,0.82,0.50,0.0,0.0,27,0.0,0.0,0.0,0.0,0.0,0.0,0.0,0.0
393421,0,1,3400,-88,88,2165.692383,1.0,0.82,0.50,0.0,0.0,27,0.0,0.0,0.0,0.0,0.0,0.0,0.0,0.0
393670,0,1,3400,-88,88,2165.692383,1.0,0.82,0.50,0.0,0.0,27,0.0,0.0,0.0,0.0,0.0,0.0,0.0,0.0
393919,0,1,3400,-88,88,2165.692383,1.0,0.82,0.50,0.0,0.0,27,0.0,0.0,0.0,0.0,0.0,0.0,0.0,0.0
394168,0,1,3400,-88,88,2165.692383,1.0,0.82,0.50,0.0,0.0,27,0.0,0.0,0.0,0.0,0.0,0.0,0.0,0.0
394417,0,1,3400,-88,88,2165.692383,1.0,0.82,0.50,0.0,0.0,27,0.0,0.0,0.0,0.0,0.0,0.0,0.0,0.0
394666,0,1,3400,-88,88,2165.692383,1.0,0.82,0.50,0.0,0.0,27,0.0,0.0,0.0,0.0,0.0,0.0,0.0,0.0
394915,0,1,3400,-88,88,2165.692383,1.0,0.82,0.50,0.0,0.0,27,0.0,0.0,0.0,0.0,0.0,0.0,0.0,0.0
395164,0,1,3400,-88,88,2165.692383,1.0,0.82,0.50,0.0,0.0,27,0.0,0.0,0.0,0.0,0.0,0.0,0.0,0.0
395413,0,1,3400,-88,88,2165.692383,1.0,0.82,0.50,0.0,0.0,27,0.0,0.0,0.0,0.0,0.0,0.0,0.0,0.0
395662,0,1,3400,-88,88,2165.692383,1.0,0.82,0.50,0.0,0.0,27,0.0,0.0,0.0,0.0,0.0,0.0,0.0,0.0
395911,0,1,3400,-88,88,2165.692383,1.0,0.82,0.50,0.0,0.0,27,0.0,0.0,0.0,0.0,0.0,0.0,0.0,0.0
396160,0,1,3400,-88,88,2165.692383,1.0,0.82,0.50,0.0,0.0,27,0.0,0.0,0.0,0.0,0.0,0.0,0.0,0.0
396409,0,1,3400,-88,88,2165.692383,1.0,0.82,0.50,0.0,0.0,27,0.0,0.0,0.0,0.0,0.0,0.0,0.0,0.0
396658,0,1,3400,-88,88,2165.692383,1.0,0.82,0.50,0.0,0.0,27,0.0,0.0,0.0,0.0,0.0,0.0,0.0,0.0
396907,0,1,3400,-88,88,2165.692383,1.0,0.82,0.50,0.0,0.0,27,0.0,0.0,0.0,0.0,0.0,0.0,0.0,0.0
397156,0,1,3400,-88,88,2165.692383,1.0,0.82,0.50,0.0,0.0,27,0.0,0.0,0.0,0.0,0.0,0.0,0.0,0.0
397405,0,1,3400,-88,88,2165.692383,1.0,0.82,0.50,0.0,0.0,27,0.0,0.0,0.0,0.0,0.0,0.0,0.0,0.0
397654,0,1,3400,-88,88,2165.692383,1.0,0.82,0.50,0.0,0.0,27,0.0,0.0,0.0,0.0,0.0,0.0,0.0,0.0
397903,0,1,3400,-88,88,2165.692383,1.0,0.82,0.50,0.0,0.0,27,0.0,0.0,0.0,0.0,0.0,0.0,0.0,0.0
398152,0,1,3400,-88,88,2165.692383,1.0,0.82,0.50,0.0,0.0,27,0.0,0.0,0.0,0.0,0.0,0.0,0.0,0.0
398401,0,1,3400,-88,88,2165.692383,1.0,0.82,0.50,0.0,0.0,27,0.0,0.0,0.0,0.0,0.0,0.0,0.0,0.0
398650,0,1,3400,-88,88,2165.692383,1.0,0.82,0.50,0.0,0.0,27,0.0,0.0,0.0,0.0,0.0,0.0,0.0,0.0
398899,0,1,3400,-88,88,2165.692383,1.0,0.82,0.50,0.0,0.0,27,0.0,0.0,0.0,0.0,0.0,0.0,0.0,0.0
399148,0,1,3400,-88,88,2165.692383,1.0,0.82,0.50,0.0,0.0,27,0.0,0.0,0.0,0.0,0.0,0.0,0.0,0.0
399397,0,1,3400,-88,88,2165.692383,1.0,0.82,0.50,0.0,0.0,27,0.0,0.0,0.0,0.0,0.0,0.0,0.0,0.0
399646,0,1,3400,-88,88,2165.692383,1.0,0.82,0.50,0.0,0.0,27,0.0,0.0,0.0,0.0,0.0,0.0,0.0,0.0
399895,0,1,3400,-88,88,2165.692383,1.0,0.82,0.50,0.0,0.0,27,0.0,0.0,0.0,0.0,0.0,0.0,0.0,0.0
400144,0,1,3400,-88,88,2165.692383,1.0,0.82,0.50,0.0,0.0,27,0.0,0.0,0.0,0.0,0.0,0.0,0.0,0.0
400393,0,1,3400,-88,88,2165.692383,1.0,0.82,0.50,0.0,0.0,27,0.0,0.0,0.0,0.0,0.0,0.0,0.0,0.0
400642,0,1,3400,-88,88,2165.692383,1.0,0.82,0.50,0.0,0.0,27,0.0,0.0,0.0,0.0,0.0,0.0,0.0,0.0
400891,0,1,3400,-88,88,2165.692383,1.0,0.82,0.50,0.0,0.0,27,0.0,0.0,0.0,0.0,0.0,0.0,0.0,0.0
401140,0,1,3400,-88,88,2165.692383,1.0,0.82,0.50,0.0,0.0,27,0.0,0.0,0.0,0.0,0.0,0.0,0.0,0.0
401389,0,1,3400,-88,88,2165.692383,1.0,0.82,0.50,0.0,0.0,27,0.0,0.0,0.0,0.0,0.0,0.0,0.0,0.0
401638,0,1,3400,-88,88,2165.692383,1.0,0.82,0.50,0.0,0.0,27,0.0,0.0,0.0,0.0,0.0,0.0,0.0,0.0
401887,0,1,3400,-88,88,2165.692383,1.0,0.82,0.50,0.0,0.0,27,0.0,0.0,0.0,0.0,0.0,0.0,0.0,0.0
402136,0,1,3400,-88,88,2165.692383,1.0,0.82,0.50,0.0,0.0,27,0.0,0.0,0.0,0.0,0.0,0.0,0.0,0.0
402385,0,1,3400,-88,88,2165.692383,1.0,0.82,0.50,0.0,0.0,27,0.0,0.0,0.0,0.0,0.0,0.0,0.0,0.0
402634,0,1,3400,-88,88,2165.692383,1.0,0.82,0.50,0.0,0.0,27,0.0,0.0,0.0,0.0,0.0,0.0,0.0,0.0
402883,0,1,3400,-88,88,2165.692383,1.0,0.82,0.50,0.0,0.0,27,0.0,0.0,0.0,0.0,0.0,0.0,0.0,0.0
403132,0,1,3400,-88,88,2165.692383,1.0,0.82,0.50,0.0,0.0,27,0.0,0.0,0.0,0.0,0.0,0.0,0.0,0.0
403381,0,1,3400,-88,88,2165.692383,1.0,0.82,0.50,0.0,0.0,27,0.0,0.0,0.0,0.0,0.0,0.0,0.0,0.0
403630,0,1,3400,-88,88,2165.692383,1.0,0.82,0.50,0.0,0.0,27,0.0,0.0,0.0,0.0,0.0,0.0,0.0,0.0
403879,0,1,3400,-88,88,2165.692383,1.0,0.82,0.50,0.0,0.0,27,0.0,0.0,0.0,0.0,0.0,0.0,0.0,0.0
404128,0,1,3400,-88,88,2165.692383,1.0,0.82,0.50,0.0,0.0,27,0.0,0.0,0.0,0.0,0.0,0.0,0.0,0.0
404377,0,1,3400,-88,88,2165.692383,1.0,0.82,0.50,0.0,0.0,27,0.0,0.0,0.0,0.0,0.0,0.0,0.0,0.0
404626,0,1,3400,-88,88,2165.692383,1.0,0.82,0.50,0.0,0.0,27,0.0,0.0,0.0,0.0,0.0,0.0,0.0,0.0
404875,0,1,3400,-88,88,2165.692383,1.0,0.82,0.50,0.0,0.0,27,0.0,0.0,0.0,0.0,0.0,0.0,0.0,0.0
405124,0,1,3400,-88,88,2165.692383,1.0,0.82,0.50,0.0,0.0,27,0.0,0.0,0.0,0.0,0.0,0.0,0.0,0.0
405373,0,1,3400,-88,88,2165.692383,1.0,0.82,0.50,0.0,0.0,27,0.0,0.0,0.0,0.0,0.0,0.0,0.0,0.0
405622,0,1,3400,-88,88,2165.692383,1.0,0.82,0.50,0.0,0.0,27,0.0,0.0,0.0,0.0,0.0,0.0,0.0,0.0
405871,0,1,3400,-88,88,2165.692383,1.0,0.82,0.50,0.0,0.0,27,0.0,0.0,0.0,0.0,0.0,0.0,0.0,0.0
406120,0,1,3400,-88,88,2165.692383,1.0,0.82,0.50,0.0,0.0,27,0.0,0.0,0.0,0.0,0.0,0.0,0.0,0.0
406369,0,1,3400,-88,88,2165.692383,1.0,0.82,0.50,0.0,0.0,27,0.0,0.0,0.0,0.0,0.0,0.0,0.0,0.0
406618,0,1,3400,-88,88,2165.692383,1.0,0.82,0.50,0.0,0.0,27,0.0,0.0,0.0,0.0,0.0,0.0,0.0,0.0
406867,0,1,3400,-88,88,2165.692383,1.0,0.82,0.50,0.0,0.0,27,0.0,0.0,0.0,0.0,0.0,0.0,0.0,0.0
407116,0,1,3400,-88,88,2165.692383,1.0,0.82,0.50,0.0,0.0,27,0.0,0.0,0.0,0.0,0.0,0.0,0.0,0.0
407365,0,1,3400,-88,88,2165.692383,1.0,0.82,0.50,0.0,0.0,27,0.0,0.0,0.0,0.0,0.0,0.0,0.0,0.0
407614,0,1,3400,-88,88,2165.692383,1.0,0.82,0.50,0.0,0.0,27,0.0,0.0,0.0,0.0,0.0,0.0,0.0,0.0
407864,0,1,3400,-88,88,2165.692383,1.0,0.82,0.50,0.0,0.0,27,0.0,0.0,0.0,0.0,0.0,0.0,0.0,0.0
408113,0,1,3400,-88,88,2165.692383,1.0,0.82,0.50,0.0,0.0,27,0.0,0.0,0.0,0.0,0.0,0.0,0.0,0.0
408362,0,1,3400,-88,88,2165.692383,1.0,0.82,0.50,0.0,0.0,27,0.0,0.0,0.0,0.0,0.0,0.0,0.0,0.0
408611,0,1,3400,-88,88,2165.692383,1.0,0.82,0.50,0.0,0.0,27,0.0,0.0,0.0,0.0,0.0,0.0,0.0,0.0
408860,0,1,3400,-88,88,2165.692383,1.0,0.82,0.50,0.0,0.0,27,0.0,0.0,0.0,0.0,0.0,0.0,0.0,0.0
409109,0,1,3400,-88,88,2165.692383,1.0,0.82,0.50,0.0,0.0,27,0.0,0.0,0.0,0.0,0.0,0.0,0.0,0.0
409358,0,1,3400,-88,88,2165.692383,1.0,0.82,0.50,0.0,0.0,27,0.0,0.0,0.0,0.0,0.0,0.0,0.0,0.0
409607,0,1,3400,-88,88,2165.692383,1.0,0.82,0.50,0.0,0.0,27,0.0,0.0,0.0,0.0,0.0,0.0,0.0,0.0
409856,0,1,3400,-88,88,2165.692383,1.0,0.82,0.50,0.0,0.0,27,0.0,0.0,0.0,0.0,0.0,0.0,0.0,0.0
410105,0,1,3400,-88,88,2165.692383,1.0,0.82,0.50,0.0,0.0,27,0.0,0.0,0.0,0.0,0.0,0.0,0.0,0.0
410354,0,1,3400,-88,88,2165.692383,1.0,0.82,0.50,0.0,0.0,27,0.0,0.0,0.0,0.0,0.0,0.0,0.0,0.0
410603,0,1,3400,-88,88,2165.692383,1.0,0.82,0.50,0.0,0.0,27,0.0,0.0,0.0,0.0,0.0,0.0,0.0,0.0
410852,0,1,3400,-88,88,2165.692383,1.0,0.82,0.50,0.0,0.0,27,0.0,0.0,0.0,0.0,0.0,0.0,0.0,0.0
411101,0,1,3400,-88,88,2165.692383,1.0,0.82,0.50,0.0,0.0,27,0.0,0.0,0.0,0.0,0.0,0.0,0.0,0.0
411350,0,1,3400,-88,88,2165.692383,1.0,0.82,0.50,0.0,0.0,27,0.0,0.0,0.0,0.0,0.0,0.0,0.0,0.0
411599,0,1,3400,-88,88,2165.692383,1.0,0.82,0.50,0.0,0.0,27,0.0,0.0,0.0,0.0,0.0,0.0,0.0,0.0
411848,0,1,3400,-88,88,2165.692383,1.0,0.82,0.50,0.0,0.0,27,0.0,0.0,0.0,0.0,0.0,0.0,0.0,0.0
412097,0,1,3400,-88,88,2165.692383,1.0,0.82,0.50,0.0,0.0,27,0.0,0.0,0.0,0.0,0.0,0.0,0.0,0.0
412346,0,1,3400,-88,88,2165.692383,1.0,0.82,0.50,0.0,0.0,27,0.0,0.0,0.0,0.0,0.0,0.0,0.0,0.0
412595,0,1,3400,-88,88,2165.692383,1.0,0.82,0.50,0.0,0.0,27,0.0,0.0,0.0,0.0,0.0,0.0,0.0,0.0
412844,0,1,3400,-88,88,2165.692383,1.0,0.82,0.50,0.0,0.0,27,0.0,0.0,0.0,0.0,0.0,0.0,0.0,0.0
413093,0,1,3400,-88,88,2165.692383,1.0,0.82,0.50,0.0,0.0,27,0.0,0.0,0.0,0.0,0.0,0.0,0.0,0.0
413342,0,1,3400,-88,88,2165.692383,1.0,0.82,0.50,0.0,0.0,27,0.0,0.0,0.0,0.0,0.0,0.0,0.0,0.0
413591,0,1,3400,-88,88,2165.692383,1.0,0.82,0.50,0.0,0.0,27,0.0,0.0,0.0,0.0,0.0,0.0,0.0,0.0
413840,0,1,3400,-88,88,2165.692383,1.0,0.82,0.50,0.0,0.0,27,0.0,0.0,0.0,0.0,0.0,0.0,0.0,0.0
414089,0,1,3400,-88,88,2165.692383,1.0,0.82,0.50,0.0,0.0,27,0.0,0.0,0.0,0.0,0.0,0.0,0.0,0.0
414338,0,1,3400,-88,88,2165.692383,1.0,0.82,0.50,0.0,0.0,27,0.0,0.0,0.0,0.0,0.0,0.0,0.0,0.0
414587,0,1,3400,-88,88,2165.692383,1.0,0.82,0.50,0.0,0.0,27,0.0,0.0,0.0,0.0,0.0,0.0,0.0,0.0
414836,0,1,3400,-88,88,2165.692383,1.0,0.82,0.50,0.0,0.0,27,0.0,0.0,0.0,0.0,0.0,0.0,0.0,0.0
415085,0,1,3400,-88,88,2165.692383,1.0,0.82,0.50,0.0,0.0,27,0.0,0.0,0.0,0.0,0.0,0.0,0.0,0.0
415334,0,1,3400,-88,88,2165.692383,1.0,0.82,0.50,0.0,0.0,27,0.0,0.0,0.0,0.0,0.0,0.0,0.0,0.0
415583,0,1,3400,-88,88,2165.692383,1.0,0.82,0.50,0.0,0.0,27,0.0,0.0,0.0,0.0,0.0,0.0,0.0,0.0
415832,0,1,3400,-88,88,2165.692383,1.0,0.82,0.50,0.0,0.0,27,0.0,0.0,0.0,0.0,0.0,0.0,0.0,0.0
416081,0,1,3400,-88,88,2165.692383,1.0,0.82,0.50,0.0,0.0,27,0.0,0.0,0.0,0.0,0.0,0.0,0.0,0.0
416330,0,1,3400,-88,88,2165.692383,1.0,0.82,0.50,0.0,0.0,27,0.0,0.0,0.0,0.0,0.0,0.0,0.0,0.0
416579,0,1,3400,-88,88,2165.692383,1.0,0.82,0.50,0.0,0.0,27,0.0,0.0,0.0,0.0,0.0,0.0,0.0,0.0
416828,0,1,3400,-88,88,2165.692383,1.0,0.82,0.50,0.0,0.0,27,0.0,0.0,0.0,0.0,0.0,0.0,0.0,0.0
417077,0,1,3400,-88,88,2165.692383,1.0,0.82,0.50,0.0,0.0,27,0.0,0.0,0.0,0.0,0.0,0.0,0.0,0.0
417326,0,1,3400,-88,88,2165.692383,1.0,0.82,0.50,0.0,0.0,27,0.0,0.0,0.0,0.0,0.0,0.0,0.0,0.0
417575,0,1,3400,-88,88,2165.692383,1.0,0.82,0.50,0.0,0.0,27,0.0,0.0,0.0,0.0,0.0,0.0,0.0,0.0
417824,0,1,3400,-88,88,2165.692383,1.0,0.82,0.50,0.0,0.0,27,0.0,0.0,0.0,0.0,0.0,0.0,0.0,0.0
418073,0,1,3400,-88,88,2165.692383,1.0,0.82,0.50,0.0,0.0,27,0.0,0.0,0.0,0.0,0.0,0.0,0.0,0.0
418322,0,1,3400,-88,88,2165.692383,1.0,0.82,0.50,0.0,0.0,27,0.0,0.0,0.0,0.0,0.0,0.0,0.0,0.0
418571,0,1,3400,-88,88,2165.692383,1.0,0.82,0.50,0.0,0.0,27,0.0,0.0,0.0,0.0,0.0,0.0,0.0,0.0
418820,0,1,3400,-88,88,2165.692383,1.0,0.82,0.50,0.0,0.0,27,0.0,0.0,0.0,0.0,0.0,0.0,0.0,0.0
419069,0,1,3400,-88,88,2165.692383,1.0,0.82,0.50,0.0,0.0,27,0.0,0.0,0.0,0.0,0.0,0.0,0.0,0.0
419318,0,1,3400,-88,88,2165.692383,1.0,0.82,0.50,0.0,0.0,27,0.0,0.0,0.0,0.0,0.0,0.0,0.0,0.0
419567,0,1,3400,-88,88,2165.692383,1.0,0.82,0.50,0.0,0.0,27,0.0,0.0,0.0,0.0,0.0,0.0,0.0,0.0
419816,0,1,3400,-88,88,2165.692383,1.0,0.82,0.50,0.0,0.0,27,0.0,0.0,0.0,0.0,0.0,0.0,0.0,0.0
420065,0,1,3400,-88,88,2165.692383,1.0,0.82,0.50,0.0,0.0,27,0.0,0.0,0.0,0.0,0.0,0.0,0.0,0.0
420314,0,1,3400,-88,88,2165.692383,1.0,0.82,0.50,0.0,0.0,27,0.0,0.0,0.0,0.0,0.0,0.0,0.0,0.0
420563,0,1,3400,-88,88,2165.692383,1.0,0.82,0.50,0.0,0.0,27,0.0,0.0,0.0,0.0,0.0,0.0,0.0,0.0
420812,0,1,3400,-88,88,2165.692383,1.0,0.82,0.50,0.0,0.0,27,0.0,0.0,0.0,0.0,0.0,0.0,0.0,0.0
421061,0,1,3400,-88,88,2165.692383,1.0,0.82,0.50,0.0,0.0,27,0.0,0.0,0.0,0.0,0.0,0.0,0.0,0.0
421310,0,1,3400,-88,88,2165.692383,1.0,0.82,0.50,0.0,0.0,27,0.0,0.0,0.0,0.0,0.0,0.0,0.0,0.0
421559,0,1,3400,-88,88,2165.692383,1.0,0.82,0.50,0.0,0.0,27,0.0,0.0,0.0,0.0,0.0,0.0,0.0,0.0
421808,0,1,3400,-88,88,2165.692383,1.0,0.82,0.50,0.0,0.0,27,0.0,0.0,0.0,0.0,0.0,0.0,0.0,0.0
422057,0,1,3400,-88,88,2165.692383,1.0,0.82,0.50,0.0,0.0,27,0.0,0.0,0.0,0.0,0.0,0.0,0.0,0.0
422306,0,1,3400,-88,88,2165.692383,1.0,0.82,0.50,0.0,0.0,27,0.0,0.0,0.0,0.0,0.0,0.0,0.0,0.0
422555,0,1,3400,-88,88,2165.692383,1.0,0.82,0.50,0.0,0.0,27,0.0,0.0,0.0,0.0,0.0,0.0,0.0,0.0
422804,0,1,3400,-88,88,2165.692383,1.0,0.82,0.50,0.0,0.0,27,0.0,0.0,0.0,0.0,0.0,0.0,0.0,0.0
423053,0,1,3400,-88,88,2165.692383,1.0,0.82,0.50,0.0,0.0,27,0.0,0.0,0.0,0.0,0.0,0.0,0.0,0.0
423302,0,1,3400,-88,88,2165.692383,1.0,0.82,0.50,0.0,0.0,27,0.0,0.0,0.0,0.0,0.0,0.0,0.0,0.0
423551,0,1,3400,-88,88,2165.692383,1.0,0.82,0.50,0.0,0.0,27,0.0,0.0,0.0,0.0,0.0,0.0,0.0,0.0
423800,0,1,3400,-88,88,2165.692383,1.0,0.82,0.50,0.0,0.0,27,0.0,0.0,0.0,0.0,0.0,0.0,0.0,0.0
424049,0,1,3400,-88,88,2165.692383,1.0,0.82,0.50,0.0,0.0,27,0.0,0.0,0.0,0.0,0.0,0.0,0.0,0.0
424298,0,1,3400,-88,88,2165.692383,1.0,0.82,0.50,0.0,0.0,27,0.0,0.0,0.0,0.0,0.0,0.0,0.0,0.0
424547,0,1,3400,-88,88,2165.692383,1.0,0.82,0.50,0.0,0.0,27,0.0,0.0,0.0,0.0,0.0,0.0,0.0,0.0
424796,0,1,3400,-88,88,2165.692383,1.0,0.82,0.50,0.0,0.0,27,0.0,0.0,0.0,0.0,0.0,0.0,0.0,0.0
425045,0,1,3400,-88,88,2165.692383,1.0,0.82,0.50,0.0,0.0,27,0.0,0.0,0.0,0.0,0.0,0.0,0.0,0.0
425294,0,1,3400,-88,88,2165.692383,1.0,0.82,0.50,0.0,0.0,27,0.0,0.0,0.0,0.0,0.0,0.0,0.0,0.0
425543,0,1,3400,-88,88,2165.692383,1.0,0.82,0.50,0.0,0.0,27,0.0,0.0,0.0,0.0,0.0,0.0,0.0,0.0
425792,0,1,3400,-88,88,2165.692383,1.0,0.82,0.50,0.0,0.0,27,0.0,0.0,0.0,0.0,0.0,0.0,0.0,0.0
426041,0,1,3400,-88,88,2165.692383,1.0,0.82,0.50,0.0,0.0,27,0.0,0.0,0.0,0.0,0.0,0.0,0.0,0.0
426290,0,1,3400,-88,88,2165.692383,1.0,0.82,0.50,0.0,0.0,27,0.0,0.0,0.0,0.0,0.0,0.0,0.0,0.0
426539,0,1,3400,-88,88,2165.692383,1.0,0.82,0.50,0.0,0.0,27,0.0,0.0,0.0,0.0,0.0,0.0,0.0,0.0
426788,0,1,3400,-88,88,2165.692383,1.0,0.82,0.50,0.0,0.0,27,0.0,0.0,0.0,0.0,0.0,0.0,0.0,0.0
427037,0,1,3400,-88,88,2165.692383,1.0,0.82,0.50,0.0,0.0,27,0.0,0.0,0.0,0.0,0.0,0.0,0.0,0.0
427286,0,1,3400,-88,88,2165.692383,1.0,0.82,0.50,0.0,0.0,27,0.0,0.0,0.0,0.0,0.0,0.0,0.0,0.0
427535,0,1,3400,-88,88,2165.692383,1.0,0.82,0.50,0.0,0.0,27,0.0,0.0,0.0,0.0,0.0,0.0,0.0,0.0
427784,0,1,3400,-88,88,2165.692383,1.0,0.82,0.50,0.0,0.0,27,0.0,0.0,0.0,0.0,0.0,0.0,0.0,0.0
428033,0,1,3400,-88,88,2165.692383,1.0,0.82,0.50,0.0,0.0,27,0.0,0.0,0.0,0.0,0.0,0.0,0.0,0.0
428282,0,1,3400,-88,88,2165.692383,1.0,0.82,0.50,0.0,0.0,27,0.0,0.0,0.0,0.0,0.0,0.0,0.0,0.0
428531,0,1,3400,-88,88,2165.692383,1.0,0.82,0.50,0.0,0.0,27,0.0,0.0,0.0,0.0,0.0,0.0,0.0,0.0
428780,0,1,3400,-88,88,2165.692383,1.0,0.82,0.50,0.0,0.0,27,0.0,0.0,0.0,0.0,0.0,0.0,0.0,0.0
429029,0,1,3400,-88,88,2165.692383,1.0,0.82,0.50,0.0,0.0,27,0.0,0.0,0.0,0.0,0.0,0.0,0.0,0.0
429278,0,1,3400,-88,88,2165.692383,1.0,0.82,0.50,0.0,0.0,27,0.0,0.0,0.0,0.0,0.0,0.0,0.0,0.0
429527,0,1,3400,-88,88,2165.692383,1.0,0.82,0.50,0.0,0.0,27,0.0,0.0,0.0,0.0,0.0,0.0,0.0,0.0
429776,0,1,3400,-88,88,2165.692383,1.0,0.82,0.50,0.0,0.0,27,0.0,0.0,0.0,0.0,0.0,0.0,0.0,0.0
430025,0,1,3400,-88,88,2165.692383,1.0,0.82,0.50,0.0,0.0,27,0.0,0.0,0.0,0.0,0.0,0.0,0.0,0.0
430274,0,1,3400,-88,88,2165.692383,1.0,0.82,0.50,0.0,0.0,27,0.0,0.0,0.0,0.0,0.0,0.0,0.0,0.0
430523,0,1,3400,-88,88,2165.692383,1.0,0.82,0.50,0.0,0.0,27,0.0,0.0,0.0,0.0,0.0,0.0,0.0,0.0
430772,0,1,3400,-88,88,2165.692383,1.0,0.82,0.50,0.0,0.0,27,0.0,0.0,0.0,0.0,0.0,0.0,0.0,0.0
431021,0,1,3400,-88,88,2165.692383,1.0,0.82,0.50,0.0,0.0,27,0.0,0.0,0.0,0.0,0.0,0.0,0.0,0.0
431270,0,1,3400,-88,88,2165.692383,1.0,0.82,0.50,0.0,0.0,27,0.0,0.0,0.0,0.0,0.0,0.0,0.0,0.0
431519,0,1,3400,-88,88,2165.692383,1.0,0.82,0.50,0.0,0.0,27,0.0,0.0,0.0,0.0,0.0,0.0,0.0,0.0
431768,0,1,3400,-88,88,2165.692383,1.0,0.82,0.50,0.0,0.0,27,0.0,0.0,0.0,0.0,0.0,0.0,0.0,0.0
432017,0,1,3400,-88,88,2165.692383,1.0,0.82,0.50,0.0,0.0,27,0.0,0.0,0.0,0.0,0.0,0.0,0.0,0.0
432266,0,1,3400,-88,88,2165.692383,1.0,0.82,0.50,0.0,0.0,27,0.0,0.0,0.0,0.0,0.0,0.0,0.0,0.0
432515,0,1,3400,-88,88,2165.692383,1.0,0.82,0.50,0.0,0.0,27,0.0,0.0,0.0,0.0,0.0,0.0,0.0,0.0
432764,0,1,3400,-88,88,2165.692383,1.0,0.82,0.50,0.0,0.0,27,0.0,0.0,0.0,0.0,0.0,0.0,0.0,0.0
433013,0,1,3400,-88,88,2165.692383,1.0,0.82,0.50,0.0,0.0,27,0.0,0.0,0.0,0.0,0.0,0.0,0.0,0.0
433262,0,1,3400,-88,88,2165.692383,1.0,0.82,0.50,0.0,0.0,27,0.0,0.0,0.0,0.0,0.0,0.0,0.0,0.0
433511,0,1,3400,-88,88,2165.692383,1.0,0.82,0.50,0.0,0.0,27,0.0,0.0,0.0,0.0,0.0,0.0,0.0,0.0
433760,0,1,3400,-88,88,2165.692383,1.0,0.82,0.50,0.0,0.0,27,0.0,0.0,0.0,0.0,0.0,0.0,0.0,0.0
434009,0,1,3400,-88,88,2165.692383,1.0,0.82,0.50,0.0,0.0,27,0.0,0.0,0.0,0.0,0.0,0.0,0.0,0.0
434258,0,1,3400,-88,88,2165.692383,1.0,0.82,0.50,0.0,0.0,27,0.0,0.0,0.0,0.0,0.0,0.0,0.0,0.0
434507,0,1,3400,-88,88,2165.692383,1.0,0.82,0.50,0.0,0.0,27,0.0,0.0,0.0,0.0,0.0,0.0,0.0,0.0
434756,0,1,3400,-88,88,2165.692383,1.0,0.82,0.50,0.0,0.0,27,0.0,0.0,0.0,0.0,0.0,0.0,0.0,0.0
435005,0,1,3400,-88,88,2165.692383,1.0,0.82,0.50,0.0,0.0,27,0.0,0.0,0.0,0.0,0.0,0.0,0.0,0.0
435254,0,1,3400,-88,88,2165.692383,1.0,0.82,0.50,0.0,0.0,27,0.0,0.0,0.0,0.0,0.0,0.0,0.0,0.0
435503,0,1,3400,-88,88,2165.692383,1.0,0.82,0.50,0.0,0.0,27,0.0,0.0,0.0,0.0,0.0,0.0,0.0,0.0
435752,0,1,3400,-88,88,2165.692383,1.0,0.82,0.50,0.0,0.0,27,0.0,0.0,0.0,0.0,0.0,0.0,0.0,0.0
436001,0,1,3400,-88,88,2165.692383,1.0,0.82,0.50,0.0,0.0,27,0.0,0.0,0.0,0.0,0.0,0.0,0.0,0.0
436250,0,1,3400,-88,88,2165.692383,1.0,0.82,0.50,0.0,0.0,27,0.0,0.0,0.0,0.0,0.0,0.0,0.0,0.0
436499,0,1,3400,-88,88,2165.692383,1.0,0.82,0.50,0.0,0.0,27,0.0,0.0,0.0,0.0,0.0,0.0,0.0,0.0
436748,0,1,3400,-88,88,2165.692383,1.0,0.82,0.50,0.0,0.0,27,0.0,0.0,0.0,0.0,0.0,0.0,0.0,0.0
436997,0,1,3400,-88,88,2165.692383,1.0,0.82,0.50,0.0,0.0,27,0.0,0.0,0.0,0.0,0.0,0.0,0.0,0.0
437246,0,1,3400,-88,88,2165.692383,1.0,0.82,0.50,0.0,0.0,27,0.0,0.0,0.0,0.0,0.0,0.0,0.0,0.0
437495,0,1,3400,-88,88,2165.692383,1.0,0.82,0.50,0.0,0.0,27,0.0,0.0,0.0,0.0,0.0,0.0,0.0,0.0
437744,0,1,3400,-88,88,2165.692383,1.0,0.82,0.50,0.0,0.0,27,0.0,0.0,0.0,0.0,0.0,0.0,0.0,0.0
437993,0,1,3400,-88,88,2165.692383,1.0,0.82,0.50,0.0,0.0,27,0.0,0.0,0.0,0.0,0.0,0.0,0.0,0.0
438242,0,1,3400,-88,88,2165.692383,1.0,0.82,0.50,0.0,0.0,27,0.0,0.0,0.0,0.0,0.0,0.0,0.0,0.0
438491,0,1,3400,-88,88,2165.692383,1.0,0.82,0.50,0.0,0.0,27,0.0,0.0,0.0,0.0,0.0,0.0,0.0,0.0
438740,0,1,3400,-88,88,2165.692383,1.0,0.82,0.50,0.0,0.0,27,0.0,0.0,0.0,0.0,0.0,0.0,0.0,0.0
438989,0,1,3400,-88,88,2165.692383,1.0,0.82,0.50,0.0,0.0,27,0.0,0.0,0.0,0.0,0.0,0.0,0.0,0.0
439238,0,1,3400,-88,88,2165.692383,1.0,0.82,0.50,0.0,0.0,27,0.0,0.0,0.0,0.0,0.0,0.0,0.0,0.0
439487,0,1,3400,-88,88,2165.692383,1.0,0.82,0.50,0.0,0.0,27,0.0,0.0,0.0,0.0,0.0,0.0,0.0,0.0
439736,0,1,3400,-88,88,2165.692383,1.0,0.82,0.50,0.0,0.0,27,0.0,0.0,0.0,0.0,0.0,0.0,0.0,0.0
439986,0,1,3400,-88,88,2165.692383,1.0,0.82,0.50,0.0,0.0,27,0.0,0.0,0.0,0.0,0.0,0.0,0.0,0.0
440235,0,1,3400,-88,88,2165.692383,1.0,0.82,0.50,0.0,0.0,27,0.0,0.0,0.0,0.0,0.0,0.0,0.0,0.0
440484,0,1,3400,-88,88,2165.692383,1.0,0.82,0.50,0.0,0.0,27,0.0,0.0,0.0,0.0,0.0,0.0,0.0,0.0
440733,0,1,3400,-88,88,2165.692383,1.0,0.82,0.50,0.0,0.0,27,0.0,0.0,0.0,0.0,0.0,0.0,0.0,0.0
440982,0,1,3400,-88,88,2165.692383,1.0,0.82,0.50,0.0,0.0,27,0.0,0.0,0.0,0.0,0.0,0.0,0.0,0.0
441231,0,1,3400,-88,88,2165.692383,1.0,0.82,0.50,0.0,0.0,27,0.0,0.0,0.0,0.0,0.0,0.0,0.0,0.0
441480,0,1,3400,-88,88,2165.692383,1.0,0.82,0.50,0.0,0.0,27,0.0,0.0,0.0,0.0,0.0,0.0,0.0,0.0
441729,0,1,3400,-88,88,2165.692383,1.0,0.82,0.50,0.0,0.0,27,0.0,0.0,0.0,0.0,0.0,0.0,0.0,0.0
441978,0,1,3400,-88,88,2165.692383,1.0,0.82,0.50,0.0,0.0,27,0.0,0.0,0.0,0.0,0.0,0.0,0.0,0.0
442227,0,1,3400,-88,88,2165.692383,1.0,0.82,0.50,0.0,0.0,27,0.0,0.0,0.0,0.0,0.0,0.0,0.0,0.0
442476,0,1,3400,-88,88,2165.692383,1.0,0.82,0.50,0.0,0.0,27,0.0,0.0,0.0,0.0,0.0,0.0,0.0,0.0
442725,0,1,3400,-88,88,2165.692383,1.0,0.82,0.50,0.0,0.0,27,0.0,0.0,0.0,0.0,0.0,0.0,0.0,0.0
442974,0,1,3400,-88,88,2165.692383,1.0,0.82,0.50,0.0,0.0,27,0.0,0.0,0.0,0.0,0.0,0.0,0.0,0.0
443223,0,1,3400,-88,88,2165.692383,1.0,0.82,0.50,0.0,0.0,27,0.0,0.0,0.0,0.0,0.0,0.0,0.0,0.0
443472,0,1,3400,-88,88,2165.692383,1.0,0.82,0.50,0.0,0.0,27,0.0,0.0,0.0,0.0,0.0,0.0,0.0,0.0
443721,0,1,3400,-88,88,2165.692383,1.0,0.82,0.50,0.0,0.0,27,0.0,0.0,0.0,0.0,0.0,0.0,0.0,0.0
443970,0,1,3400,-88,88,2165.692383,1.0,0.82,0.50,0.0,0.0,27,0.0,0.0,0.0,0.0,0.0,0.0,0.0,0.0
444219,0,1,3400,-88,88,2165.692383,1.0,0.82,0.50,0.0,0.0,27,0.0,0.0,0.0,0.0,0.0,0.0,0.0,0.0
444468,0,1,3400,-88,88,2165.692383,1.0,0.82,0.50,0.0,0.0,27,0.0,0.0,0.0,0.0,0.0,0.0,0.0,0.0
444717,0,1,3400,-88,88,2165.692383,1.0,0.82,0.50,0.0,0.0,27,0.0,0.0,0.0,0.0,0.0,0.0,0.0,0.0
444966,0,1,3400,-88,88,2165.692383,1.0,0.82,0.50,0.0,0.0,27,0.0,0.0,0.0,0.0,0.0,0.0,0.0,0.0
445215,0,1,3400,-88,88,2165.692383,1.0,0.82,0.50,0.0,0.0,27,0.0,0.0,0.0,0.0,0.0,0.0,0.0,0.0
445464,0,1,3400,-88,88,2165.692383,1.0,0.82,0.50,0.0,0.0,27,0.0,0.0,0.0,0.0,0.0,0.0,0.0,0.0
445713,0,1,3400,-88,88,2165.692383,1.0,0.82,0.50,0.0,0.0,27,0.0,0.0,0.0,0.0,0.0,0.0,0.0,0.0
445962,0,1,3400,-88,88,2165.692383,1.0,0.82,0.50,0.0,0.0,27,0.0,0.0,0.0,0.0,0.0,0.0,0.0,0.0
446211,0,1,3400,-88,88,2165.692383,1.0,0.82,0.50,0.0,0.0,