Timestamp,num_ues,IMSI,RNTI,,slicing_enabled,slice_id,slice_prb,power_multiplier,scheduling_policy,,dl_mcs,dl_n_samples,dl_buffer [bytes],tx_brate downlink [Mbps],tx_pkts downlink,tx_errors downlink (%),dl_cqi,,ul_mcs,ul_n_samples,ul_buffer [bytes],rx_brate uplink [Mbps],rx_pkts uplink,rx_errors uplink (%),ul_rssi,ul_sinr,phr,,sum_requested_prbs,sum_granted_prbs,,dl_pmi,dl_ri,ul_n,ul_turbo_iters
1602987539445,10,1010123456003,77,,1,0,8,1,1,,17.4015,132,2693,0.336803,51,0,11,,5.69027,113,4996,0.1,47,36.1702,0,5.68351,31,,45,238,,0,0,0,4.40708
1602987539695,10,1010123456003,77,,1,0,8,1,1,,17.0653,398,21207,0.389462,162,0,10,,5.625,64,0,0.1,25,32,0,4.98308,31,,493,360,,0,0,0,4.39063
1602987539945,9,1010123456003,77,,1,0,8,1,1,,17.9721,395,36604,0.490368,160,0,10,,0,0,0,0,0,0,0,0,0,,569,378,,0,0,0,0
1602987540195,9,1010123456003,77,,1,0,8,1,1,,17.4391,394,51370,0.458795,157,0,10,,0,0,0,0,0,0,0,0,0,,563,398,,0,0,0,0
1602987540445,9,1010123456003,77,,1,0,8,1,1,,18.0307,424,63955,0.585349,169,0,10,,0.269231,52,0,0.1,21,0,0,4.16581,31,,620,444,,0,0,0,1
1602987540695,9,1010123456003,77,,1,0,8,1,1,,18.3867,450,70960,0.76496,183,0,10.1667,,0,0,0,0,0,0,0,0,0,,700,558,,0,0,0,0
1602987540945,9,1010123456003,77,,1,0,8,1,1,,17.8249,434,80565,0.678944,175,0,10,,0,0,0,0,0,0,0,0,0,,701,522,,0,0,0,0
1602987541195,9,1010123456003,77,,1,0,8,1,1,,18.1416,459,87355,0.777088,187,0,10,,0,0,0,0,0,0,0,0,0,,719,578,,0,0,0,0
1602987541445,9,1010123456003,77,,1,0,8,1,1,,18.0607,494,93197,0.787424,192,0,10,,0.44898,49,0,0.1,20,0,0,5.22853,31,,726,600,,0,0,0,1
1602987541695,9,1010123456003,77,,1,0,8,1,1,,17.8661,448,101991,0.71872,184,0,10,,0,0,0,0,0,0,0,0,0,,695,536,,0,0,0,0
1602987541945,9,1010123456003,77,,1,0,8,1,1,,18.7231,484,106465,0.833216,192,0,10.2,,0,0,0,0,0,0,0,0,0,,720,600,,0,0,0,0
1602987542195,9,1010123456003,77,,1,0,8,1,1,,18.2703,455,112876,0.785824,180,0,10.1667,,0,0,0,0,0,0,0,0,0,,707,570,,0,0,0,0
1602987542445,9,1010123456003,77,,1,0,8,1,1,,18.0176,455,120813,0.738112,186,0,10,,0.588235,51,0,0.1,20,0,0,5.28771,31,,698,554,,0,0,0,1.05882
1602987542695,9,1010123456003,77,,1,0,8,1,1,,17.9866,449,129486,0.712128,179,0,10,,0.1,3,0,0.1,1,0,0,4.33453,0,,704,540,,0,0,0,1
1602987542945,9,1010123456003,77,,1,0,8,1,1,,18.4277,470,133627,0.81408,190,0,10.1667,,0,0,0,0,0,0,0,0,0,,727,586,,0,0,0,0
1602987543195,9,1010123456003,77,,1,0,8,1,1,,18.3126,451,140541,0.75632,180,0,10,,0,0,0,0,0,0,0,0,0,,729,568,,0,0,0,0
1602987543445,9,1010123456003,77,,1,0,8,1,1,,18.2317,492,144687,0.858144,195,0,10,,1.21429,42,0,0.1,17,0,0,5.40197,31,,750,638,,0,0,0,1
1602987543695,9,1010123456003,77,,1,0,8,1,1,,17.9542,480,150386,0.820192,194,0,9.83333,,0,0,0,0,0,0,0,0,0,,733,606,,0,0,0,0
1602987543945,9,1010123456003,77,,1,0,8,1,1,,18.7034,499,154583,0.851808,199,0,10.1667,,0,0,0,0,0,0,0,0,0,,728,608,,0,0,0,0
1602987544195,9,1010123456003,77,,1,0,8,1,1,,18.1795,468,160745,0.798528,194,0,10,,0,0,0,0,0,0,0,0,0,,727,592,,0,0,0,0
1602987544445,9,1010123456003,77,,1,0,8,1,1,,18.1795,468,166714,0.79408,187,0,10,,0.377358,53,0,0.1,21,0,0,5.13693,31,,729,594,,0,0,0,1
1602987544695,9,1010123456003,77,,1,0,8,1,1,,18.055,491,171758,0.816064,195,0,10,,12,10,0,0,4,100,0,3.02114,0,,745,622,,0,0,0,10
1602987544945,11,1010123456003,77,,1,0,8,1,1,,18.7034,435,181817,0.68288,172,0,10.25,,0,0,0,0,0,0,0,0,0,,635,472,,0,0,0,0
1602987545195,13,1010123456003,77,,1,0,8,1,1,,17.9579,261,183782,0.285205,111,0,10.1667,,0,0,0,0,0,0,0,0,0,,338,212,,0,0,0,0
1602987545445,13,1010123456003,77,,1,0,8,1,1,,17.6618,275,184302,0.265542,107,0,10,,8.38461,13,0,0.1,6,0,0,15.2397,31,,325,220,,0,0,0,1.15385
1602987545695,13,1010123456003,77,,1,0,8,1,1,,18.6052,271,184046,0.3024,110,0,10.6667,,12,3,0,0.1,1,0,0,15.3358,31,,334,216,,0,0,0,2
1602987545945,11,1010123456003,77,,1,0,8,1,1,,17.4122,279,183250,0.267168,109,0,10,,0,4,0,0.1,2,50,0,0,31,,357,220,,0,0,0,0
1602987546195,10,1010123456003,77,,1,0,8,1,1,,19.9819,331,183866,0.50048,132,0,10.8333,,0,0,0,0,0,0,0,0,0,,566,308,,0,0,0,0
1602987546445,10,1010123456003,77,,1,0,8,1,1,,18.503,336,184057,0.470528,136,0,10,,14,12,0,0,4,100,0,4.37139,0,,586,346,,0,0,0,10
1602987546695,10,1010123456003,77,,1,0,8,1,1,,18.3719,363,183144,0.49376,142,0,10,,0,0,0,0,0,0,0,0,0,,587,374,,0,0,0,0
1602987546945,10,1010123456003,77,,1,0,8,1,1,,18.2425,400,183151,0.530816,162,0,10,,4.21053,19,0,0.1,8,50,0,6.7384,31,,595,392,,0,0,0,4.78947
1602987547195,10,1010123456003,77,,1,0,8,1,1,,18.9134,381,184138,0.544512,154,0,10.1667,,0,0,0,0,0,0,0,0,0,,604,382,,0,0,0,0
1602987547445,10,1010123456003,77,,1,0,8,1,1,,18.526,481,184000,0.853184,192,0,10.1667,,1.33333,42,0,0.1,17,0,0,5.75356,31,,757,616,,0,0,0,1
1602987547695,10,1010123456003,77,,1,0,8,1,1,,19.0225,445,183514,0.866592,177,0,10.2857,,0,0,0,0,0,0,0,0,0,,762,596,,0,0,0,0
1602987547945,10,1010123456003,77,,1,0,8,1,1,,18.6128,483,183435,0.84608,196,0,10.2,,0,0,0,0,0,0,0,0,0,,749,620,,0,0,0,0
1602987548195,10,1010123456003,77,,1,0,8,1,1,,18.6899,487,184255,0.876416,192,0,10.2,,0,0,0,0,0,0,0,0,0,,755,610,,0,0,0,0
1602987548445,10,1010123456003,77,,1,0,8,1,1,,18.4916,476,184081,0.86016,190,0,10.1667,,1.66667,42,0,0.1,17,0,0,5.17749,31,,744,620,,0,0,0,1.04762
1602987548695,10,1010123456003,77,,1,0,8,1,1,,19.4438,489,183370,0.951776,193,0,10.5714,,0,0,0,0,0,0,0,0,0,,769,638,,0,0,0,0
1602987548945,10,1010123456003,77,,1,0,8,1,1,,19.2489,458,182071,0.898496,186,0,10.3333,,0,0,0,0,0,0,0,0,0,,759,604,,0,0,0,0
1602987549195,10,1010123456003,77,,1,0,8,1,1,,19.197,462,182665,0.8808,185,0,10.5,,0,0,0,0,0,0,0,0,0,,756,592,,0,0,0,0
1602987549445,10,1010123456003,77,,1,0,8,1,1,,18.7824,432,183559,0.827328,175,0,10,,1.725,40,0,0.1,16,0,0,5.71418,31,,738,574,,0,0,0,1
1602987549695,10,1010123456003,77,,1,0,8,1,1,,18.2134,464,183469,0.812032,187,0,10,,0,0,0,0,0,0,0,0,0,,758,602,,0,0,0,0
1602987549945,10,1010123456003,77,,1,0,8,1,1,,18.3573,473,183727,0.852096,190,0,10.1667,,0,0,0,0,0,0,0,0,0,,760,608,,0,0,0,0
1602987550195,10,1010123456003,77,,1,0,8,1,1,,18.7379,435,183863,0.804128,179,0,10.2,,0,0,0,0,0,0,0,0,0,,743,572,,0,0,0,0
1602987550445,10,1010123456003,77,,1,0,8,1,1,,18.6667,456,183585,0.801152,180,0,10.1667,,0,0,0,0,0,0,0,0,0,,729,580,,0,0,0,0
1602987550695,10,1010123456003,77,,1,0,8,1,1,,19.0122,492,183764,0.937376,197,0,10.3333,,1.65116,43,0,0.1,17,0,0,5.26518,31,,768,650,,0,0,0,1.06977
1602987550945,10,1010123456003,77,,1,0,8,1,1,,18.7911,450,183491,0.80528,181,0,10.2,,0,0,0,0,0,0,0,0,0,,740,578,,0,0,0,0
1602987551195,10,1010123456003,77,,1,0,8,1,1,,18.6993,429,184136,0.794176,172,0,10.2,,0,0,0,0,0,0,0,0,0,,727,560,,0,0,0,0
1602987551445,10,1010123456003,77,,1,0,8,1,1,,17.0444,450,183602,0.744896,182,0,9.2,,4.33333,15,0,0.1,6,0,0,8.30129,31,,752,592,,0,0,0,1.6
1602987551695,10,1010123456003,77,,1,0,8,1,1,,18.6763,482,183544,0.831936,191,0,10.2857,,0,0,0,0,0,0,0,0,0,,752,610,,0,0,0,0
1602987551945,10,1010123456003,77,,1,0,8,1,1,,18.8688,480,182839,0.886368,197,0,10.1667,,0,0,0,0,0,0,0,0,0,,748,614,,0,0,0,0
1602987552195,10,1010123456003,77,,1,0,8,1,1,,18.4635,466,183506,0.791008,187,0,10,,0,0,0,0,0,0,0,0,0,,731,578,,0,0,0,0
1602987552445,10,1010123456003,77,,1,0,8,1,1,,16.6777,422,182717,0.683392,171,0,8.5,,1.875,40,0,0.1,16,0,0,5.18803,31,,744,588,,0,0,0,1.075
1602987552695,10,1010123456003,77,,1,0,8,1,1,,19.4356,450,183124,0.892128,183,0,10.3333,,0,0,0,0,0,0,0,0,0,,750,588,,0,0,0,0
1602987552945,10,1010123456003,77,,1,0,8,1,1,,18.9268,478,182429,0.862496,189,0,10.3333,,0,0,0,0,0,0,0,0,0,,743,608,,0,0,0,0
1602987553195,10,1010123456003,77,,1,0,8,1,1,,18.9934,454,183888,0.852992,184,0,10.2,,0,0,0,0,0,0,0,0,0,,745,594,,0,0,0,0
1602987553445,10,1010123456003,77,,1,0,8,1,1,,18.3122,426,184023,0.762464,175,0,10,,0.392157,51,0,0.1,20,0,0,5.02939,31,,726,558,,0,0,0,1
1602987553695,10,1010123456003,77,,1,0,8,1,1,,17.2392,464,183107,0.774528,186,0,9.66667,,0,0,0,0,0,0,0,0,0,,755,608,,0,0,0,0
1602987553945,10,1010123456003,77,,1,0,8,1,1,,19.4902,459,183262,0.893056,182,0,10.25,,0,0,0,0,0,0,0,0,0,,736,580,,0,0,0,0
1602987554195,10,1010123456003,77,,1,0,8,1,1,,16.8022,445,184376,0.754496,178,0,8.33333,,0,0,0,0,0,0,0,0,0,,748,608,,0,0,0,0
1602987554445,10,1010123456003,77,,1,0,8,1,1,,17.9321,427,184475,0.729696,173,0,10,,7.5,30,0,0.1,12,33.3333,0,8.26217,31,,751,582,,0,0,0,3.93333
1602987554695,10,1010123456003,77,,1,0,8,1,1,,18.5799,457,182690,0.767584,186,0,10.1429,,8.27273,11,0,0,4,100,0,3.38625,0,,719,556,,0,0,0,10
1602987554945,10,1010123456003,77,,1,0,8,1,1,,18.2468,474,182425,0.82445,191,0,10,,0,0,0,0,0,0,0,0,0,,747,604,,0,0,0,0
1602987555195,10,1010123456003,77,,1,0,8,1,1,,19.3991,466,182658,0.890816,190,0,10.5,,0,0,0,0,0,0,0,0,0,,750,596,,0,0,0,0
1602987555445,10,1010123456003,77,,1,0,8,1,1,,18.3246,419,184003,0.766816,173,0,10,,0.588235,51,0,0.1,21,0,0,4.74025,31,,745,564,,0,0,0,1
1602987555695,10,1010123456003,77,,1,0,8,1,1,,18.8956,450,183276,0.843328,186,0,10.1429,,0,0,0,0,0,0,0,0,0,,731,582,,0,0,0,0
1602987555945,10,1010123456003,77,,1,0,8,1,1,,18.3333,471,182963,0.803584,184,0,10,,0,0,0,0,0,0,0,0,0,,745,602,,0,0,0,0
1602987556195,10,1010123456003,77,,1,0,8,1,1,,18.0823,462,183475,0.73744,187,0,10,,0,0,0,0,0,0,0,0,0,,743,556,,0,0,0,0
1602987556445,10,1010123456003,77,,1,0,8,1,1,,19.5295,457,183559,0.935936,184,0,10.6667,,0.653846,52,0,0.1,21,0,0,4.81064,31,,761,610,,0,0,0,1.05769
1602987556695,10,1010123456003,77,,1,0,8,1,1,,18.3057,458,183535,0.810024,184,0,10,,0,0,0,0,0,0,0,0,0,,757,596,,0,0,0,0
1602987556945,10,1010123456003,77,,1,0,8,1,1,,18.4292,480,183551,0.846715,190,0,10,,0,0,0,0,0,0,0,0,0,,766,626,,0,0,0,0
1602987557195,10,1010123456003,77,,1,0,8,1,1,,18.4137,452,184354,0.78448,185,0,10,,0,0,0,0,0,0,0,0,0,,738,574,,0,0,0,0
1602987557445,10,1010123456003,77,,1,0,8,1,1,,18.7045,467,183232,0.848803,189,0,10.25,,0.244898,49,0,0.1,20,0,0,4.52601,31,,741,598,,0,0,0,1
1602987557695,10,1010123456003,77,,1,0,8,1,1,,19.2574,439,183652,0.889408,182,0,10.2857,,0,0,0,0,0,0,0,0,0,,754,604,,0,0,0,0
1602987557945,10,1010123456003,77,,1,0,8,1,1,,18.4477,440,183276,0.777344,178,0,10.2,,0,0,0,0,0,0,0,0,0,,730,562,,0,0,0,0
1602987558195,10,1010123456003,77,,1,0,8,1,1,,18.9693,456,183719,0.836992,184,0,10.3333,,0,0,0,0,0,0,0,0,0,,736,576,,0,0,0,0
1602987558445,10,1010123456003,77,,1,0,8,1,1,,15.9622,476,183983,0.659488,191,0,9.4,,4.2,30,0,0.1,12,25,0,5.33183,31,,741,578,,0,0,0,3.76667
1602987558695,10,1010123456003,77,,1,0,8,1,1,,18.9541,458,182546,0.883616,185,0,10.4286,,12,3,0,0,1,100,0,2.24444,0,,752,614,,0,0,0,10
1602987558945,10,1010123456003,77,,1,0,8,1,1,,18.8845,476,184161,0.910656,194,0,10.1667,,0,0,0,0,0,0,0,0,0,,753,620,,0,0,0,0
1602987559195,10,1010123456003,77,,1,0,8,1,1,,18.7632,456,183756,0.859616,185,0,10.2,,0,0,0,0,0,0,0,0,0,,766,616,,0,0,0,0
1602987559445,10,1010123456003,77,,1,0,8,1,1,,18.7379,477,182856,0.872832,192,0,10.3333,,2.63333,30,0,0.1,12,8.33333,0,7.25739,31,,765,616,,0,0,0,2.03333
1602987559695,10,1010123456003,77,,1,0,8,1,1,,19.0975,482,182964,0.940512,195,0,10.4286,,0,0,0,0,0,0,0,0,0,,766,642,,0,0,0,0
1602987559945,10,1010123456003,77,,1,0,8,1,1,,19.3753,469,183548,0.93152,190,0,10.5,,0,0,0,0,0,0,0,0,0,,759,612,,0,0,0,0
1602987560195,10,1010123456003,77,,1,0,8,1,1,,18.3753,453,183481,0.760768,180,0,10,,0,0,0,0,0,0,0,0,0,,742,558,,0,0,0,0
1602987560445,10,1010123456003,77,,1,0,8,1,1,,19.5268,448,183764,0.870656,181,0,10.8,,1.38095,42,0,0.1,17,0,0,5.20097,31,,740,580,,0,0,0,1
1602987560695,10,1010123456003,77,,1,0,8,1,1,,18.5193,466,182028,0.866784,189,0,10.1667,,0,0,0,0,0,0,0,0,0,,764,632,,0,0,0,0
1602987560945,10,1010123456003,77,,1,0,8,1,1,,19.0174,461,182668,0.895264,189,0,10.2,,0,0,0,0,0,0,0,0,0,,751,610,,0,0,0,0
1602987561195,10,1010123456003,77,,1,0,8,1,1,,19.2706,462,182288,0.899424,185,0,10.4,,0,0,0,0,0,0,0,0,0,,765,612,,0,0,0,0
1602987561445,10,1010123456003,77,,1,0,8,1,1,,18.5252,476,182891,0.888256,196,0,10,,0.178571,56,0,0.1,22,0,0,4.61782,31,,759,640,,0,0,0,1
1602987561695,10,1010123456003,77,,1,0,8,1,1,,20.5021,480,182205,1.02938,192,0,10.8571,,0,0,0,0,0,0,0,0,0,,750,616,,0,0,0,0
1602987561945,10,1010123456003,77,,1,0,8,1,1,,18.766,470,183243,0.790426,188,0,10.3333,,0,0,0,0,0,0,0,0,0,,734,582,,0,0,0,0
1602987562195,10,1010123456003,77,,1,0,8,1,1,,19.0481,478,182822,0.926272,192,0,10.1667,,0,0,0,0,0,0,0,0,0,,768,632,,0,0,0,0
1602987562445,10,1010123456003,77,,1,0,8,1,1,,19.0179,448,182934,0.841248,181,0,10.3333,,0.48,50,0,0.1,21,0,0,4.90197,31,,750,584,,0,0,0,1
1602987562695,10,1010123456003,77,,1,0,8,1,1,,18.4101,473,183216,0.848768,192,0,10,,0,0,0,0,0,0,0,0,0,,751,622,,0,0,0,0
1602987562945,10,1010123456003,77,,1,0,8,1,1,,18.9184,478,182874,0.902304,193,0,10.3333,,0,0,0,0,0,0,0,0,0,,780,634,,0,0,0,0
1602987563195,10,1010123456003,77,,1,0,8,1,1,,18.4842,475,184205,0.820884,192,0,10,,0,0,0,0,0,0,0,0,0,,743,596,,0,0,0,0
1602987563445,10,1010123456003,77,,1,0,8,1,1,,18.8005,436,183805,0.811663,177,0,10.3333,,4.07692,52,0,0.1,20,20,0,5.31146,31,,756,572,,0,0,0,3.11538
1602987563695,10,1010123456003,77,,1,0,8,1,1,,18.2384,453,183826,0.822816,185,0,10,,0,0,0,0,0,0,0,0,0,,751,598,,0,0,0,0
1602987563945,10,1010123456003,77,,1,0,8,1,1,,19.065,492,182820,0.917792,195,0,10.3333,,0,0,0,0,0,0,0,0,0,,769,646,,0,0,0,0
1602987564195,10,1010123456003,77,,1,0,8,1,1,,18.6623,456,182815,0.82688,190,0,10.2,,0,0,0,0,0,0,0,0,0,,757,576,,0,0,0,0
1602987564445,10,1010123456003,77,,1,0,8,1,1,,18.9692,455,183126,0.84336,183,0,10.2,,1.11628,43,0,0.1,17,0,0,4.55112,31,,739,582,,0,0,0,1
1602987564695,10,1010123456003,77,,1,0,8,1,1,,19.8512,477,181926,0.978912,193,0,10.6667,,0,0,0,0,0,0,0,0,0,,770,632,,0,0,0,0
1602987564945,10,1010123456003,77,,1,0,8,1,1,,19.3791,459,183849,0.880384,182,0,10,,0,0,0,0,0,0,0,0,0,,747,590,,0,0,0,0
1602987565195,10,1010123456003,77,,1,0,8,1,1,,19.1898,469,184261,0.884448,191,0,10.3333,,0,0,0,0,0,0,0,0,0,,751,602,,0,0,0,0
1602987565445,10,1010123456003,77,,1,0,8,1,1,,20.1292,449,182641,0.88912,179,0,11,,1.74419,43,0,0.1,17,0,0,5.3004,31,,734,558,,0,0,0,1.13953
1602987565695,10,1010123456003,77,,1,0,8,1,1,,18.7878,476,184408,0.892032,196,0,10.2857,,0,0,0,0,0,0,0,0,0,,752,628,,0,0,0,0
1602987565945,10,1010123456003,77,,1,0,8,1,1,,19.553,481,184492,0.940512,193,0,10.5,,0,0,0,0,0,0,0,0,0,,755,618,,0,0,0,0
1602987566195,10,1010123456003,77,,1,0,8,1,1,,18.9201,463,183859,0.878592,186,0,10.1667,,0,0,0,0,0,0,0,0,0,,753,606,,0,0,0,0
1602987566445,10,1010123456003,77,,1,0,8,1,1,,18.5137,438,184232,0.740512,175,0,10,,0.408163,49,0,0.1,20,0,0,5.19071,31,,731,546,,0,0,0,1
1602987566695,10,1010123456003,77,,1,0,8,1,1,,18.2516,473,183358,0.842816,190,0,10,,0,0,0,0,0,0,0,0,0,,756,618,,0,0,0,0
1602987566945,10,1010123456003,77,,1,0,8,1,1,,18.7511,450,183112,0.810304,180,0,10.4,,0,0,0,0,0,0,0,0,0,,730,562,,0,0,0,0
1602987567195,10,1010123456003,77,,1,0,8,1,1,,18.3699,465,183201,0.808996,184,0,10,,0,0,0,0,0,0,0,0,0,,736,594,,0,0,0,0
1602987567445,10,1010123456003,77,,1,0,8,1,1,,18.4198,455,183205,0.813472,183,0,10,,3,60,0,0.1,23,17.3913,0,5.38616,31,,750,594,,0,0,0,2.8
1602987567695,10,1010123456003,77,,1,0,8,1,1,,18.5094,481,183475,0.842816,196,0,10,,0,0,0,0,0,0,0,0,0,,746,616,,0,0,0,0
1602987567945,10,1010123456003,77,,1,0,8,1,1,,18.4349,453,184110,0.773696,178,0,10,,0,0,0,0,0,0,0,0,0,,737,576,,0,0,0,0
1602987568195,10,1010123456003,77,,1,0,8,1,1,,18.3253,458,183817,0.776512,185,0,10,,0,0,0,0,0,0,0,0,0,,741,574,,0,0,0,0
1602987568445,10,1010123456003,77,,1,0,8,1,1,,19.2407,457,183568,0.895296,184,0,10.5,,1.61905,42,0,0.1,17,0,0,5.83,31,,747,608,,0,0,0,1.07143
1602987568695,10,1010123456003,77,,1,0,8,1,1,,18.6618,476,183438,0.85888,192,0,10.1429,,0,0,0,0,0,0,0,0,0,,762,610,,0,0,0,0
1602987568945,10,1010123456003,77,,1,0,8,1,1,,18.5667,457,182923,0.821719,186,0,10,,0,0,0,0,0,0,0,0,0,,758,602,,0,0,0,0
1602987569195,10,1010123456003,77,,1,0,8,1,1,,18.5586,444,183685,0.821152,180,0,10.1667,,0,0,0,0,0,0,0,0,0,,751,598,,0,0,0,0
1602987569445,10,1010123456003,77,,1,0,8,1,1,,18.4915,468,183907,0.86,193,0,10,,0.625,48,0,0.1,19,0,0,4.52656,31,,753,620,,0,0,0,1
1602987569695,10,1010123456003,77,,1,0,8,1,1,,18.6295,448,182142,0.816288,184,0,10.1667,,0,0,0,0,0,0,0,0,0,,749,586,,0,0,0,0
1602987569945,10,1010123456003,77,,1,0,8,1,1,,18.6234,454,183952,0.802368,182,0,10.2,,0,0,0,0,0,0,0,0,0,,746,572,,0,0,0,0
1602987570195,10,1010123456003,77,,1,0,8,1,1,,19.0022,462,183532,0.871648,189,0,10.3333,,0,0,0,0,0,0,0,0,0,,739,600,,0,0,0,0
1602987570445,10,1010123456003,77,,1,0,8,1,1,,19.146,452,183504,0.80224,180,0,10.3333,,0.384615,52,0,0.1,21,0,0,4.94776,31,,722,546,,0,0,0,1.03846
1602987570695,10,1010123456003,77,,1,0,8,1,1,,18.5693,476,183697,0.837632,186,0,10.1429,,0,2,0,0.1,1,0,0,0,0,,749,612,,0,0,0,0
1602987570945,10,1010123456003,77,,1,0,8,1,1,,18.4232,456,183046,0.77856,182,0,10,,0,0,0,0,0,0,0,0,0,,740,576,,0,0,0,0
1602987571195,10,1010123456003,77,,1,0,8,1,1,,18.622,455,182988,0.856032,187,0,10.1667,,0,0,0,0,0,0,0,0,0,,768,606,,0,0,0,0
1602987571445,10,1010123456003,77,,1,0,8,1,1,,19.1921,484,183983,0.911008,196,0,10.5,,0.32,50,0,0.1,20,0,0,4.18936,31,,757,618,,0,0,0,1
1602987571695,10,1010123456003,77,,1,0,8,1,1,,18.7064,453,183950,0.79712,184,0,10.1429,,0,0,0,0,0,0,0,0,0,,729,576,,0,0,0,0
1602987571945,10,1010123456003,77,,1,0,8,1,1,,19.3531,456,183175,0.92704,186,0,10.5,,0,0,0,0,0,0,0,0,0,,759,620,,0,0,0,0
1602987572195,10,1010123456003,77,,1,0,8,1,1,,18.5787,470,184316,0.850624,188,0,10.1667,,0,0,0,0,0,0,0,0,0,,781,622,,0,0,0,0
1602987572445,10,1010123456003,77,,1,0,8,1,1,,19.7325,456,182326,0.927232,187,0,10.6667,,1.74419,43,0,0.1,17,0,0,6.78194,31,,760,600,,0,0,0,1
1602987572695,10,1010123456003,77,,1,0,8,1,1,,19.2452,469,182548,0.897792,194,0,10.4286,,0,0,0,0,0,0,0,0,0,,748,604,,0,0,0,0
1602987572945,10,1010123456003,77,,1,0,8,1,1,,19.208,452,182912,0.887264,183,0,10.25,,0,0,0,0,0,0,0,0,0,,754,596,,0,0,0,0
1602987573195,10,1010123456003,77,,1,0,8,1,1,,18.7662,462,182906,0.852768,187,0,10.2,,0,0,0,0,0,0,0,0,0,,759,608,,0,0,0,0
1602987573445,10,1010123456003,77,,1,0,8,1,1,,18.4767,451,183644,0.78192,183,0,10,,0.367347,49,0,0.1,20,0,0,4.72898,31,,733,574,,0,0,0,1
1602987573695,10,1010123456003,77,,1,0,8,1,1,,18.4067,477,183314,0.868288,192,0,10,,0,0,0,0,0,0,0,0,0,,762,638,,0,0,0,0
1602987573945,10,1010123456003,77,,1,0,8,1,1,,18.6573,499,183266,0.880704,198,0,10.1667,,0,0,0,0,0,0,0,0,0,,775,652,,0,0,0,0
1602987574195,10,1010123456003,77,,1,0,8,1,1,,19.1002,469,183013,0.876128,187,0,10.3333,,0,0,0,0,0,0,0,0,0,,745,582,,0,0,0,0
1602987574445,10,1010123456003,77,,1,0,8,1,1,,18.1705,440,184334,0.758272,173,0,10,,0.384615,52,0,0.1,21,0,0,4.62479,31,,739,564,,0,0,0,1.03846
1602987574695,10,1010123456003,77,,1,0,8,1,1,,19.3651,482,183252,0.971424,191,0,10.5714,,0,0,0,0,0,0,0,0,0,,780,638,,0,0,0,0
1602987574945,10,1010123456003,77,,1,0,8,1,1,,19.0129,464,183221,0.853888,188,0,10.3333,,0,0,0,0,0,0,0,0,0,,742,590,,0,0,0,0
1602987575195,10,1010123456003,77,,1,0,8,1,1,,17.2475,408,183785,0.697792,163,0,8.4,,0,0,0,0,0,0,0,0,0,,736,576,,0,0,0,0
1602987575445,10,1010123456003,77,,1,0,8,1,1,,18.5127,474,181832,0.872352,190,0,10.1667,,1.9,40,0,0.1,16,0,0,5.52226,31,,762,624,,0,0,0,1.175
1602987575695,10,1010123456003,77,,1,0,8,1,1,,18.5587,494,182688,0.916128,199,0,10.2857,,0,0,0,0,0,0,0,0,0,,779,654,,0,0,0,0
1602987575945,10,1010123456003,77,,1,0,8,1,1,,20.0772,479,181816,1.02096,191,0,10.6,,0,0,0,0,0,0,0,0,0,,757,636,,0,0,0,0
1602987576195,10,1010123456003,77,,1,0,8,1,1,,16.689,463,184047,0.744161,185,0,9.16667,,0,0,0,0,0,0,0,0,0,,730,580,,0,0,0,0
1602987576445,10,1010123456003,77,,1,0,8,1,1,,18.4044,497,183014,0.831168,198,0,10.2,,0.291667,48,0,0.1,20,0,0,4.48115,31,,747,606,,0,0,0,1
1602987576695,10,1010123456003,77,,1,0,8,1,1,,15.9955,442,183694,0.706432,179,0,8.28571,,0,0,0,0,0,0,0,0,0,,754,608,,0,0,0,0
1602987576945,10,1010123456003,77,,1,0,8,1,1,,17.5884,464,182959,0.722474,184,0,10.1667,,0,0,0,0,0,0,0,0,0,,732,564,,0,0,0,0
1602987577195,10,1010123456003,77,,1,0,8,1,1,,19.0364,467,182825,0.894784,188,0,10.3333,,0,0,0,0,0,0,0,0,0,,764,622,,0,0,0,0
1602987577445,10,1010123456003,77,,1,0,8,1,1,,18.7152,453,183115,0.845984,183,0,10.1667,,1.97619,42,0,0.1,17,0,0,5.91152,31,,758,592,,0,0,0,1.11905
1602987577695,10,1010123456003,77,,1,0,8,1,1,,18.9621,449,183148,0.844896,185,0,10.2857,,0,0,0,0,0,0,0,0,0,,762,596,,0,0,0,0
1602987577945,10,1010123456003,77,,1,0,8,1,1,,18.9588,461,183775,0.889664,188,0,10.1667,,0,0,0,0,0,0,0,0,0,,755,608,,0,0,0,0
1602987578195,10,1010123456003,77,,1,0,8,1,1,,18.6867,466,183168,0.820928,188,0,10.25,,0,0,0,0,0,0,0,0,0,,765,602,,0,0,0,0
1602987578445,10,1010123456003,77,,1,0,8,1,1,,19.0676,473,181374,0.898912,191,0,10.3333,,1.69767,43,0,0.1,17,0,0,5.85052,31,,765,628,,0,0,0,1
1602987578695,10,1010123456003,77,,1,0,8,1,1,,18.7585,501,182435,0.882688,205,0,10.1667,,0,0,0,0,0,0,0,0,0,,753,618,,0,0,0,0
1602987578945,10,1010123456003,77,,1,0,8,1,1,,18.7229,462,182802,0.8344,186,0,10.4,,0,0,0,0,0,0,0,0,0,,730,590,,0,0,0,0
1602987579195,10,1010123456003,77,,1,0,8,1,1,,19.3745,470,183164,0.943008,191,0,10.5,,0,0,0,0,0,0,0,0,0,,760,620,,0,0,0,0
1602987579445,10,1010123456003,77,,1,0,8,1,1,,18.606,467,183040,0.859104,189,0,10,,0.509804,51,0,0.1,20,0,0,4.98768,31,,750,616,,0,0,0,1
1602987579695,10,1010123456003,77,,1,0,8,1,1,,19.0743,444,183850,0.873696,183,0,10.4,,0,0,0,0,0,0,0,0,0,,760,600,,0,0,0,0
1602987579945,10,1010123456003,77,,1,0,8,1,1,,18.2164,476,182973,0.828224,190,0,10,,0,0,0,0,0,0,0,0,0,,753,622,,0,0,0,0
1602987580195,10,1010123456003,77,,1,0,8,1,1,,18.2989,445,183231,0.795904,182,0,10,,0,0,0,0,0,0,0,0,0,,750,588,,0,0,0,0
1602987580445,10,1010123456003,77,,1,0,8,1,1,,17.8855,489,184148,0.734618,195,0,10,,0.490566,53,0,0.1,21,0,0,5.03689,31,,751,556,,0,0,0,1
1602987580695,10,1010123456003,77,,1,0,8,1,1,,18.6897,477,183780,0.87232,194,0,10.1429,,0,0,0,0,0,0,0,0,0,,767,618,,0,0,0,0
1602987580945,10,1010123456003,77,,1,0,8,1,1,,19.162,469,183654,0.885216,189,0,10.5,,0,0,0,0,0,0,0,0,0,,758,616,,0,0,0,0
1602987581195,10,1010123456003,77,,1,0,8,1,1,,21.7446,462,176680,1.17165,186,0,11.2,,0,0,0,0,0,0,0,0,0,,773,614,,0,0,0,0
1602987581445,10,1010123456003,77,,1,0,8,1,1,,19.2532,462,178249,0.882528,184,0,10.5,,1.59524,42,0,0.1,17,0,0,5.24505,31,,756,594,,0,0,0,1.07143
1602987581695,10,1010123456003,77,,1,0,8,1,1,,20.3631,482,175932,1.07837,197,0,10.8571,,0,0,0,0,0,0,0,0,0,,786,650,,0,0,0,0
1602987581945,10,1010123456003,77,,1,0,8,1,1,,19.5867,450,178171,0.923008,182,0,10.6667,,0,0,0,0,0,0,0,0,0,,762,600,,0,0,0,0
1602987582195,10,1010123456003,77,,1,0,8,1,1,,19.413,477,180778,0.91408,193,0,10.6667,,0,0,0,0,0,0,0,0,0,,755,600,,0,0,0,0
1602987582445,10,1010123456003,77,,1,0,8,1,1,,18.6462,489,183973,0.89102,194,0,10.2,,0.285714,49,0,0.1,20,0,0,5.2877,31,,759,628,,0,0,0,1
1602987582695,10,1010123456003,77,,1,0,8,1,1,,18.5841,464,182859,0.887712,189,0,10.1429,,0,0,0,0,0,0,0,0,0,,770,630,,0,0,0,0
1602987582945,10,1010123456003,77,,1,0,8,1,1,,18.9122,467,183800,0.864128,186,0,10.1667,,0,0,0,0,0,0,0,0,0,,745,612,,0,0,0,0
1602987583195,10,1010123456003,77,,1,0,8,1,1,,19.7447,423,184101,0.886016,174,0,10.8333,,0,0,0,0,0,0,0,0,0,,738,564,,0,0,0,0
1602987583445,10,1010123456003,77,,1,0,8,1,1,,19.1653,478,184159,0.880704,188,0,10.3333,,4.10204,49,0,0.1,21,14.2857,0,6.28479,31,,753,614,,0,0,0,2.61224
1602987583695,10,1010123456003,77,,1,0,8,1,1,,19.5351,499,182072,1.01834,203,0,10.5714,,0,0,0,0,0,0,0,0,0,,797,660,,0,0,0,0
1602987583945,10,1010123456003,77,,1,0,8,1,1,,18.5536,448,184263,0.828544,180,0,10,,0,0,0,0,0,0,0,0,0,,766,596,,0,0,0,0
1602987584195,10,1010123456003,77,,1,0,8,1,1,,18.5637,463,184607,0.852224,186,0,10.1667,,0,0,0,0,0,0,0,0,0,,755,598,,0,0,0,0
1602987584445,10,1010123456003,77,,1,0,8,1,1,,19.4155,426,182114,0.826016,174,0,10.4,,0.875,48,0,0.1,19,0,0,5.14882,31,,753,558,,0,0,0,1.0625
1602987584695,10,1010123456003,77,,1,0,8,1,1,,18.8438,461,183124,0.879296,188,0,10.3333,,0,0,0,0,0,0,0,0,0,,756,606,,0,0,0,0
1602987584945,10,1010123456003,77,,1,0,8,1,1,,18.6696,454,182675,0.771712,178,0,10.2,,0,0,0,0,0,0,0,0,0,,738,544,,0,0,0,0
1602987585195,10,1010123456003,77,,1,0,8,1,1,,19.5311,467,183055,0.93824,192,0,10.6667,,0,0,0,0,0,0,0,0,0,,750,606,,0,0,0,0
1602987585445,10,1010123456003,77,,1,0,8,1,1,,19.1199,492,183250,0.939424,197,0,10.4,,1.5,40,0,0.1,16,0,0,5.07411,31,,764,646,,0,0,0,1.075
1602987585695,10,1010123456003,77,,1,0,8,1,1,,19.0021,472,183368,0.888768,188,0,10.3333,,0,0,0,0,0,0,0,0,0,,753,610,,0,0,0,0
1602987585945,10,1010123456003,77,,1,0,8,1,1,,18.7495,463,183879,0.830048,185,0,10.25,,0,0,0,0,0,0,0,0,0,,760,594,,0,0,0,0
1602987586195,10,1010123456003,77,,1,0,8,1,1,,19.135,489,183959,0.949462,194,0,10.4,,0,0,0,0,0,0,0,0,0,,767,644,,0,0,0,0
1602987586445,10,1010123456003,77,,1,0,8,1,1,,18.1511,483,183288,0.87136,196,0,10,,3.925,40,0,0.1,16,12.5,0,7.66301,31,,764,650,,0,0,0,2.3
1602987586695,10,1010123456003,77,,1,0,8,1,1,,19,474,183430,0.84496,191,0,10.3333,,0,0,0,0,0,0,0,0,0,,736,588,,0,0,0,0
1602987586945,10,1010123456003,77,,1,0,8,1,1,,18.5451,477,184521,0.814336,190,0,10.1667,,0,0,0,0,0,0,0,0,0,,745,594,,0,0,0,0
1602987587195,10,1010123456003,77,,1,0,8,1,1,,18.5145,449,182717,0.81376,183,0,10.1667,,0,0,0,0,0,0,0,0,0,,756,590,,0,0,0,0
1602987587445,10,1010123456003,77,,1,0,8,1,1,,18.695,459,183120,0.854528,188,0,10.1667,,3.03333,30,0,0.1,12,8.33333,0,5.87521,31,,746,596,,0,0,0,1.9
1602987587695,10,1010123456003,77,,1,0,8,1,1,,18.2398,417,183118,0.714048,169,0,10,,0,0,0,0,0,0,0,0,0,,711,528,,0,0,0,0
1602987587945,10,1010123456003,77,,1,0,8,1,1,,18.718,461,183146,0.833824,187,0,10.4,,0,0,0,0,0,0,0,0,0,,753,602,,0,0,0,0
1602987588195,10,1010123456003,77,,1,0,8,1,1,,18.7849,451,183926,0.888032,183,0,10.1667,,0,0,0,0,0,0,0,0,0,,764,612,,0,0,0,0
1602987588445,10,1010123456003,77,,1,0,8,1,1,,18.5864,469,183536,0.820288,186,0,10.2,,0.204082,49,0,0.1,20,0,0,4.43465,31,,738,588,,0,0,0,1
1602987588695,10,1010123456003,77,,1,0,8,1,1,,19.479,476,183485,0.960932,193,0,10.3333,,0,0,0,0,0,0,0,0,0,,778,624,,0,0,0,0
1602987588945,10,1010123456003,77,,1,0,8,1,1,,17.194,469,182825,0.712161,187,0,9.66667,,0,0,0,0,0,0,0,0,0,,744,586,,0,0,0,0
1602987589195,10,1010123456003,77,,1,0,8,1,1,,17.9487,468,183846,0.783936,192,0,9.6,,0,0,0,0,0,0,0,0,0,,734,584,,0,0,0,0
1602987589445,10,1010123456003,77,,1,0,8,1,1,,18.6078,459,184090,0.8336,181,0,10.1667,,1.66667,42,0,0.1,17,0,0,5.16196,31,,756,602,,0,0,0,1.09524
1602987589695,10,1010123456003,77,,1,0,8,1,1,,18.8462,468,184624,0.836723,189,0,10.4286,,0,0,0,0,0,0,0,0,0,,754,578,,0,0,0,0
1602987589945,10,1010123456003,77,,1,0,8,1,1,,19.0743,471,183427,0.906624,186,0,10.5,,0,0,0,0,0,0,0,0,0,,750,608,,0,0,0,0
1602987590195,10,1010123456003,77,,1,0,8,1,1,,19.0342,468,182397,0.840768,188,0,10.3333,,0,0,0,0,0,0,0,0,0,,727,572,,0,0,0,0
1602987590445,10,1010123456003,77,,1,0,8,1,1,,18.6899,487,182055,0.848864,193,0,10.1667,,0.851064,47,0,0.1,19,0,0,5.74442,31,,753,612,,0,0,0,1.06383
1602987590695,10,1010123456003,77,,1,0,8,1,1,,18.7661,466,183464,0.87568,189,0,10.1667,,0,0,0,0,0,0,0,0,0,,761,600,,0,0,0,0
1602987590945,10,1010123456003,77,,1,0,8,1,1,,18.2284,451,183407,0.812544,184,0,10,,0,0,0,0,0,0,0,0,0,,749,602,,0,0,0,0
1602987591195,10,1010123456003,77,,1,0,8,1,1,,18.6395,466,183221,0.803648,186,0,10.1667,,0,0,0,0,0,0,0,0,0,,728,576,,0,0,0,0
1602987591445,10,1010123456003,77,,1,0,8,1,1,,18.9405,471,183570,0.87632,188,0,10.3333,,0.458333,48,0,0.1,20,0,0,5.00692,31,,761,612,,0,0,0,1
1602987591695,10,1010123456003,77,,1,0,8,1,1,,19.1304,460,183542,0.900096,190,0,10.4286,,0,0,0,0,0,0,0,0,0,,767,616,,0,0,0,0
1602987591945,10,1010123456003,77,,1,0,8,1,1,,18.9719,499,184056,0.921056,199,0,10.1667,,0,0,0,0,0,0,0,0,0,,773,646,,0,0,0,0
1602987592195,10,1010123456003,77,,1,0,8,1,1,,19.1932,440,183924,0.902016,178,0,10.5,,0,0,0,0,0,0,0,0,0,,755,602,,0,0,0,0
1602987592445,10,1010123456003,77,,1,0,8,1,1,,18.6366,465,184303,0.83792,185,0,10.2,,1.90244,41,0,0.1,17,0,0,5.99137,31,,762,598,,0,0,0,1
1602987592695,10,1010123456003,77,,1,0,8,1,1,,18.7009,458,183873,0.863392,183,0,10.3333,,0,0,0,0,0,0,0,0,0,,774,608,,0,0,0,0
1602987592945,10,1010123456003,77,,1,0,8,1,1,,18.3474,426,184350,0.751296,174,0,10,,0,0,0,0,0,0,0,0,0,,724,548,,0,0,0,0
1602987593195,10,1010123456003,77,,1,0,8,1,1,,17.9559,476,182659,0.80976,192,0,10,,0,0,0,0,0,0,0,0,0,,753,614,,0,0,0,0
1602987593445,10,1010123456003,77,,1,0,8,1,1,,17.9231,455,182999,0.800032,184,0,9.83333,,1.92683,41,0,0.1,16,0,0,5.29344,31,,738,594,,0,0,0,1.19512
1602987593695,10,1010123456003,77,,1,0,8,1,1,,19.7681,457,183489,0.929125,185,0,10.6667,,0,0,0,0,0,0,0,0,0,,738,596,,0,0,0,0
1602987593945,10,1010123456003,77,,1,0,8,1,1,,18.8193,476,183115,0.873728,194,0,10,,0,0,0,0,0,0,0,0,0,,760,618,,0,0,0,0
1602987594195,10,1010123456003,77,,1,0,8,1,1,,18.8983,462,182260,0.876576,187,0,10.3333,,0,0,0,0,0,0,0,0,0,,769,616,,0,0,0,0
1602987594445,10,1010123456003,77,,1,0,8,1,1,,18.375,464,184043,0.845536,189,0,10,,1.06122,49,0,0.1,20,5,0,5.19661,31,,765,618,,0,0,0,1.36735
1602987594695,10,1010123456003,77,,1,0,8,1,1,,18.6421,475,183795,0.818892,189,0,10.2,,0,4,0,0.1,2,50,0,0,0,,735,582,,0,0,0,0
1602987594945,10,1010123456003,77,,1,0,8,1,1,,18.397,461,182897,0.826313,186,0,10,,0,0,0,0,0,0,0,0,0,,757,616,,0,0,0,0
1602987595195,10,1010123456003,77,,1,0,8,1,1,,19.0368,462,183626,0.884562,186,0,10.25,,0,0,0,0,0,0,0,0,0,,744,602,,0,0,0,0
1602987595445,10,1010123456003,77,,1,0,8,1,1,,18.6328,463,184115,0.8352,183,0,10.2,,0.571429,42,0,0.1,17,0,0,4.85032,31,,753,594,,0,0,0,1.04762
1602987595695,10,1010123456003,77,,1,0,8,1,1,,18.8517,445,183232,0.832928,181,0,10.1667,,0,0,0,0,0,0,0,0,0,,743,592,,0,0,0,0
1602987595945,10,1010123456003,77,,1,0,8,1,1,,18.4915,472,184369,0.856032,189,0,10,,0,0,0,0,0,0,0,0,0,,771,634,,0,0,0,0
1602987596195,10,1010123456003,77,,1,0,8,1,1,,18.3988,489,183047,0.842816,195,0,10.1667,,0,0,0,0,0,0,0,0,0,,759,620,,0,0,0,0
1602987596445,10,1010123456003,77,,1,0,8,1,1,,18.936,453,182331,0.841536,182,0,10.2,,0.1,53,0,0.1,22,0,0,4.49076,31,,743,578,,0,0,0,1.03774
1602987596695,10,1010123456003,77,,1,0,8,1,1,,18.5127,472,182867,0.793408,192,0,10.1667,,0,0,0,0,0,0,0,0,0,,731,572,,0,0,0,0
1602987596945,10,1010123456003,77,,1,0,8,1,1,,18.6349,482,183175,0.886816,193,0,10.1667,,0,0,0,0,0,0,0,0,0,,759,628,,0,0,0,0
1602987597195,10,1010123456003,77,,1,0,8,1,1,,18.8537,458,184163,0.828992,188,0,10.2,,0,0,0,0,0,0,0,0,0,,747,580,,0,0,0,0
1602987597445,10,1010123456003,77,,1,0,8,1,1,,19.0267,450,183211,0.880128,180,0,10.25,,0.297872,47,0,0.1,19,0,0,4.47496,31,,743,604,,0,0,0,1
1602987597695,10,1010123456003,77,,1,0,8,1,1,,18.5142,492,183608,0.891424,197,0,10.1667,,0,0,0,0,0,0,0,0,0,,777,634,,0,0,0,0
1602987597945,10,1010123456003,77,,1,0,8,1,1,,18.8578,457,183395,0.848288,185,0,10.1667,,0,0,0,0,0,0,0,0,0,,751,606,,0,0,0,0
1602987598195,10,1010123456003,77,,1,0,8,1,1,,18.4989,463,183874,0.841568,187,0,10.1667,,0,0,0,0,0,0,0,0,0,,742,600,,0,0,0,0
1602987598445,10,1010123456003,77,,1,0,8,1,1,,18.7149,470,183082,0.868896,186,0,10.4,,7.63636,33,0,0.1,13,30.7692,0,6.81031,31,,751,612,,0,0,0,4.51515
1602987598695,10,1010123456003,77,,1,0,8,1,1,,19.2978,450,183790,0.878272,184,0,10.4286,,0,0,0,0,0,0,0,0,0,,756,588,,0,0,0,0
1602987598945,10,1010123456003,77,,1,0,8,1,1,,19.0338,473,182108,0.883392,190,0,10.5,,0,0,0,0,0,0,0,0,0,,765,614,,0,0,0,0
1602987599195,10,1010123456003,77,,1,0,8,1,1,,18.3795,469,182710,0.80704,187,0,10,,0,0,0,0,0,0,0,0,0,,742,580,,0,0,0,0
1602987599445,10,1010123456003,77,,1,0,8,1,1,,18.8565,460,182390,0.870624,188,0,10.1667,,1.41463,41,0,0.1,16,0,0,4.78554,31,,748,608,,0,0,0,1.07317
1602987599695,10,1010123456003,77,,1,0,8,1,1,,19.4617,431,182915,0.876736,176,0,10.4286,,0,0,0,0,0,0,0,0,0,,752,586,,0,0,0,0
1602987599945,9,1010123456003,77,,1,0,8,1,1,,18.8565,453,182876,0.855168,186,0,10.4,,0,0,0,0,0,0,0,0,0,,768,602,,0,0,0,0
1602987600229,7,1010123456003,77,,1,0,8,1,1,,0,0,169905,1.13806,219,0,11,,0,0,0,0,0,0,0,0,0,,946,800,,0,0,0,0
1602987600445,7,1010123456003,77,,1,0,8,1,1,,20.6675,418,179146,0.915333,136,0,12,,0.612245,49,0,0.1,20,0,0,5.44735,31,,631,446,,0,0,0,1
1602987600695,7,1010123456003,77,,1,0,8,1,1,,25.4115,435,166063,1.42099,174,0,13.2857,,0,0,0,0,0,0,0,0,0,,778,590,,0,0,0,0
1602987600945,7,1010123456003,77,,1,0,8,1,1,,25.0355,423,155580,1.30474,165,0,13,,0,0,0,0,0,0,0,0,0,,771,578,,0,0,0,0
1602987601195,7,1010123456003,77,,1,0,8,1,1,,22.6822,428,150039,1.21053,171,0,10.8333,,0,0,0,0,0,0,0,0,0,,760,588,,0,0,0,0
1602987601445,7,1010123456003,77,,1,0,8,1,1,,23.3456,408,143570,1.16374,163,0,12.5,,1.67442,43,0,0.1,17,0,0,5.84039,31,,772,584,,0,0,0,1.04651
1602987601695,8,1010123456003,77,,1,0,8,1,1,,24.9759,456,130000,1.41638,184,0,13,,0,0,0,0,0,0,0,0,0,,795,632,,0,0,0,0
1602987601945,7,1010123456003,77,,1,0,8,1,1,,25.0516,426,116656,1.37285,174,0,13,,0,0,0,0,0,0,0,0,0,,766,602,,0,0,0,0
1602987602195,6,1010123456003,77,,1,0,8,1,1,,25.2716,475,102152,1.4551,190,0,13,,0,0,0,0,0,0,0,0,0,,780,632,,0,0,0,0
1602987602445,6,1010123456003,77,,1,0,8,1,1,,24.3873,457,91065,1.33686,181,0,12.8,,0.769231,52,0,0.1,21,0,0,5.53767,31,,781,614,,0,0,0,1.03846
1602987602695,6,1010123456003,77,,1,0,8,1,1,,24.9329,462,77555,1.45357,188,0,13,,0,0,0,0,0,0,0,0,0,,785,626,,0,0,0,0
1602987602945,6,1010123456003,77,,1,0,8,1,1,,25.2382,445,64783,1.38752,180,0,13,,0,0,0,0,0,0,0,0,0,,782,604,,0,0,0,0
1602987603195,5,1010123456003,77,,1,0,8,1,1,,25.6545,466,24041,2.29344,190,0,13,,0,0,0,0,0,0,0,0,0,,1109,946,,0,0,0,0
1602987603445,4,1010123456003,77,,1,0,8,1,1,,24.6908,456,2036,1.67232,176,0,12.75,,0.533333,45,0,0.1,18,0,0,5.40792,31,,835,724,,0,0,0,1
1602987603695,4,1010123456003,77,,1,0,8,1,1,,23.9145,421,969,1.06736,173,0,13,,0,0,0,0,0,0,0,0,0,,629,482,,0,0,0,0
1602987603945,4,1010123456003,77,,1,0,8,1,1,,21.4521,407,1238,0.977856,163,0,11.8,,0,0,0,0,0,0,0,0,0,,622,528,,0,0,0,0
1602987604195,4,1010123456003,77,,1,0,8,1,1,,22.6578,374,1289,0.978176,151,0,13,,0,0,0,0,0,0,0,0,0,,589,500,,0,0,0,0
1602987604445,4,1010123456003,77,,1,0,8,1,1,,23.6069,379,1086,1.01382,152,0,13,,4.53571,28,0,0.1,11,18.1818,0,6.81839,31,,571,472,,0,0,0,3.10714
1602987604695,4,1010123456003,77,,1,0,8,1,1,,24.0106,376,1137,0.97552,150,0,13,,0,0,0,0,0,0,0,0,0,,564,460,,0,0,0,0
1602987604945,4,1010123456003,77,,1,0,8,1,1,,23.0081,371,0,0.978368,149,0,12.8,,0,0,0,0,0,0,0,0,0,,565,480,,0,0,0,0
1602987605195,4,1010123456003,77,,1,0,8,1,1,,23.7338,402,0,0.98112,161,0,13,,0,0,0,0,0,0,0,0,0,,606,472,,0,0,0,0
1602987605445,4,1010123456003,77,,1,0,8,1,1,,17.8636,396,0,0.98848,158,0,9.16667,,12.1176,17,0,0.1,7,71.4286,0,8.81004,31,,822,720,,0,0,0,7.88235
1602987605695,5,1010123456003,77,,1,0,8,1,1,,24.095,337,77,0.982944,136,0,13,,0,2,0,0,1,100,0,0,0,,595,454,,0,0,0,0
1602987605945,5,1010123456003,77,,1,0,8,1,1,,23.5722,360,525,0.991424,149,0,13,,0,0,0,0,0,0,0,0,0,,593,468,,0,0,0,0
1602987606195,5,1010123456003,77,,1,0,8,1,1,,23.6917,360,693,0.988736,143,0,13,,0,0,0,0,0,0,0,0,0,,651,458,,0,0,0,0
1602987606445,5,1010123456003,77,,1,0,8,1,1,,23.7351,370,901,0.990432,149,0,13,,2.54054,37,0,0.1,15,0,0,8.92757,31,,600,472,,0,0,0,1.18919
1602987606695,5,1010123456003,77,,1,0,8,1,1,,23.8995,408,1289,0.991008,167,0,13.2857,,15,10,0,0,4,100,0,5.99726,0,,660,454,,0,0,0,10
1602987606945,5,1010123456003,77,,1,0,8,1,1,,22.6917,360,2351,0.926976,140,0,12.6,,0,0,0,0,0,0,0,0,0,,639,462,,0,0,0,0
1602987607195,5,1010123456003,77,,1,0,8,1,1,,23.5478,387,993,1.03584,157,0,12.75,,0,0,0,0,0,0,0,0,0,,635,490,,0,0,0,0
1602987607445,5,1010123456003,77,,1,0,8,1,1,,19.4663,401,1433,0.979456,159,0,10.8333,,5.57692,52,0,0.1,21,19.0476,0,7.26582,31,,755,630,,0,0,0,2.76923
1602987607695,5,1010123456003,77,,1,0,8,1,1,,23.8125,336,1289,0.980544,136,0,13,,0,0,0,0,0,0,0,0,0,,587,458,,0,0,0,0
1602987607945,5,1010123456003,77,,1,0,8,1,1,,23.8892,343,0,0.988448,134,0,13,,0,0,0,0,0,0,0,0,0,,566,454,,0,0,0,0
1602987608195,5,1010123456003,77,,1,0,8,1,1,,23.8587,361,172,0.992,143,0,13.1667,,0,0,0,0,0,0,0,0,0,,604,458,,0,0,0,0
1602987608445,5,1010123456003,77,,1,0,8,1,1,,23.7913,369,0,0.978656,146,0,13,,2.45161,31,0,0.1,12,0,0,6.03896,31,,580,462,,0,0,0,1.48387
1602987608695,5,1010123456003,77,,1,0,8,1,1,,19.4358,413,338,0.985184,168,0,10.8,,0,0,0,0,0,0,0,0,0,,721,598,,0,0,0,0
1602987608945,5,1010123456003,77,,1,0,8,1,1,,15.4605,380,8823,0.748448,157,0,8.75,,0,0,0,0,0,0,0,0,0,,736,622,,0,0,0,0
1602987609195,5,1010123456003,77,,1,0,8,1,1,,21.2779,403,993,1.22682,160,0,12.6,,0,0,0,0,0,0,0,0,0,,822,678,,0,0,0,0
1602987609445,5,1010123456003,77,,1,0,8,1,1,,21.6099,405,2668,0.905952,158,0,9.75,,9.88889,9,0,0.1,4,0,0,6.93833,31,,688,524,,0,0,0,2.22222
1602987609695,5,1010123456003,77,,1,0,8,1,1,,24.372,371,705,1.07213,152,0,13,,0,0,0,0,0,0,0,0,0,,610,488,,0,0,0,0
1602987609945,5,1010123456003,77,,1,0,8,1,1,,23.8947,323,993,0.973088,128,0,13,,0,0,0,0,0,0,0,0,0,,555,448,,0,0,0,0
1602987610195,5,1010123456003,77,,1,0,8,1,1,,23.9044,366,1206,0.976896,144,0,13.2,,0,0,0,0,0,0,0,0,0,,567,456,,0,0,0,0
1602987610445,5,1010123456003,77,,1,0,8,1,1,,22.7339,387,1390,0.981696,154,0,12.6667,,10.0909,22,0,0.1,9,33.3333,0,10.0098,31,,642,496,,0,0,0,4.18182
1602987610695,5,1010123456003,77,,1,0,8,1,1,,24.3222,360,1433,0.993184,147,0,13.2857,,2,3,0,0.1,1,0,0,18.9647,31,,601,438,,0,0,0,1
1602987610945,5,1010123456003,77,,1,0,8,1,1,,23.5629,334,0,0.986816,137,0,12.6,,0,0,0,0,0,0,0,0,0,,612,472,,0,0,0,0
1602987611195,5,1010123456003,77,,1,0,8,1,1,,21.3325,379,0,0.987552,149,0,11.8,,0,0,0,0,0,0,0,0,0,,700,554,,0,0,0,0
1602987611445,5,1010123456003,77,,1,0,8,1,1,,23.6967,366,0,0.983552,146,0,13,,8.54545,77,0,0.1,33,60.6061,0,5.62853,31,,589,466,,0,0,0,6.55844
1602987611695,5,1010123456003,77,,1,0,8,1,1,,21.7978,371,1171,0.977376,149,0,11.4,,0,0,0,0,0,0,0,0,0,,625,494,,0,0,0,0
1602987611945,5,1010123456003,77,,1,0,8,1,1,,18.2484,471,580,0.990048,190,0,12.5,,0,0,0,0,0,0,0,0,0,,835,670,,0,0,0,0
1602987612195,5,1010123456003,77,,1,0,8,1,1,,22.7708,349,798,0.988224,141,0,12.5,,0,0,0,0,0,0,0,0,0,,630,496,,0,0,0,0
1602987612445,5,1010123456003,77,,1,0,8,1,1,,23.5438,388,1001,0.990272,157,0,12.8333,,5,53,0,0.1,21,19.0476,0,9.16563,31,,643,468,,0,0,0,3.16981
1602987612695,5,1010123456003,77,,1,0,8,1,1,,24.0938,373,775,0.982304,148,0,13,,4,3,0,0.1,1,0,0,4.68511,31,,609,458,,0,0,0,1
1602987612945,5,1010123456003,77,,1,0,8,1,1,,22.0298,369,1350,0.983264,150,0,13.2,,0,0,0,0,0,0,0,0,0,,610,492,,0,0,0,0
1602987613195,5,1010123456003,77,,1,0,8,1,1,,22.1536,345,1180,0.978752,138,0,12.2,,0,0,0,0,0,0,0,0,0,,642,506,,0,0,0,0
1602987613445,5,1010123456003,77,,1,0,8,1,1,,23.9788,378,2134,0.974394,151,0,13,,0.918367,49,0,0.1,20,0,0,6.12425,31,,620,442,,0,0,0,1.06122
1602987613695,5,1010123456003,77,,1,0,8,1,1,,22.8718,390,1433,1.00896,162,0,12.8333,,0,0,0,0,0,0,0,0,0,,635,504,,0,0,0,0
1602987613945,5,1010123456003,77,,1,0,8,1,1,,23.3421,380,387,0.972576,149,0,12.5,,0,0,0,0,0,0,0,0,0,,597,470,,0,0,0,0
1602987614195,5,1010123456003,77,,1,0,8,1,1,,22.4808,416,0,0.987904,169,0,13,,0,0,0,0,0,0,0,0,0,,680,512,,0,0,0,0
1602987614445,5,1010123456003,77,,1,0,8,1,1,,21.5983,351,4868,0.869376,143,0,10.6,,6.76923,26,0,0.1,10,30,0,6.18816,31,,599,476,,0,0,0,3.26923
1602987614695,5,1010123456003,77,,1,0,8,1,1,,23.5602,357,99,1.10802,147,0,13,,0,2,0,0,1,100,0,0,0,,671,534,,0,0,0,0
1602987614945,5,1010123456003,77,,1,0,8,1,1,,20.6773,344,2849,0.886176,140,0,10,,0,0,0,0,0,0,0,0,0,,688,546,,0,0,0,0
1602987615195,5,1010123456003,77,,1,0,8,1,1,,21.9146,410,1350,1.08669,170,0,12,,0,0,0,0,0,0,0,0,0,,691,542,,0,0,0,0
1602987615445,5,1010123456003,77,,1,0,8,1,1,,22.3906,384,1206,0.97984,152,0,12.25,,0.346154,52,0,0.1,21,0,0,5.41539,31,,655,514,,0,0,0,1
1602987615695,5,1010123456003,77,,1,0,8,1,1,,24.4128,344,1045,0.975904,137,0,13,,0,0,0,0,0,0,0,0,0,,560,452,,0,0,0,0
1602987615945,5,1010123456003,77,,1,0,8,1,1,,23.1516,343,1160,0.967712,135,0,12.4,,0,0,0,0,0,0,0,0,0,,595,478,,0,0,0,0
1602987616195,5,1010123456003,77,,1,0,8,1,1,,23.4916,358,1433,1.00726,147,0,13.25,,0,0,0,0,0,0,0,0,0,,620,474,,0,0,0,0
1602987616445,5,1010123456003,77,,1,0,8,1,1,,23.4,345,1382,0.984896,137,0,13,,5.65385,52,0,0.1,21,19.0476,0,7.50235,31,,613,466,,0,0,0,2.96154
1602987616695,5,1010123456003,77,,1,0,8,1,1,,24.3559,354,0,0.984352,143,0,13,,0,0,0,0,0,0,0,0,0,,561,456,,0,0,0,0
1602987616945,5,1010123456003,77,,1,0,8,1,1,,23.4536,366,0,0.992576,147,0,12.6,,0,0,0,0,0,0,0,0,0,,586,476,,0,0,0,0
1602987617195,5,1010123456003,77,,1,0,8,1,1,,24.185,346,0,0.973472,139,0,13.2,,0,0,0,0,0,0,0,0,0,,587,460,,0,0,0,0
1602987617445,5,1010123456003,77,,1,0,8,1,1,,23.8892,388,0,0.984864,160,0,13,,1.42857,42,0,0.1,17,0,0,7.29137,31,,644,470,,0,0,0,1.07143
1602987617695,5,1010123456003,77,,1,0,8,1,1,,23.8931,346,384,0.98784,141,0,13,,14,9,0,0.1,3,66.6667,0,8.47564,31,,588,454,,0,0,0,7
1602987617945,5,1010123456003,77,,1,0,8,1,1,,22.9896,386,569,0.990432,158,0,12.25,,0,0,0,0,0,0,0,0,0,,664,496,,0,0,0,0
1602987618195,5,1010123456003,77,,1,0,8,1,1,,19.1738,420,1723,0.965056,167,0,11.6,,0,0,0,0,0,0,0,0,0,,732,554,,0,0,0,0
1602987618445,5,1010123456003,77,,1,0,8,1,1,,23.9109,393,798,1.0087,155,0,13,,0,8,0,0,4,100,0,0,0,,639,480,,0,0,0,0
1602987618695,5,1010123456003,77,,1,0,8,1,1,,23.7,350,1133,0.988928,147,0,13,,0,0,0,0,0,0,0,0,0,,598,462,,0,0,0,0
1602987618945,5,1010123456003,77,,1,0,8,1,1,,23.7402,331,1094,0.96448,129,0,13.2,,2.92,25,0,0.1,10,0,0,11.2541,31,,591,456,,0,0,0,1.6
1602987619195,5,1010123456003,77,,1,0,8,1,1,,22.4127,395,1230,0.978368,159,0,12.6,,0,0,0,0,0,0,0,0,0,,680,502,,0,0,0,0
1602987619445,5,1010123456003,77,,1,0,8,1,1,,23.5289,363,1287,1.00096,148,0,13.2,,12.875,64,0,0.106496,26,65.3846,0,6.91424,31,,595,466,,0,0,0,7.21875
1602987619695,5,1010123456003,77,,1,0,8,1,1,,24.0698,358,0,0.983616,144,0,13,,0,4,0,0,2,100,0,0,0,,598,460,,0,0,0,0
1602987619945,5,1010123456003,77,,1,0,8,1,1,,23.9054,349,0,0.998016,140,0,13,,0,0,0,0,0,0,0,0,0,,605,462,,0,0,0,0
1602987620195,5,1010123456003,77,,1,0,8,1,1,,22.6005,398,356,0.968771,160,0,12.3333,,0,0,0,0,0,0,0,0,0,,676,508,,0,0,0,0
1602987620445,5,1010123456003,77,,1,0,8,1,1,,21.9248,399,459,0.996384,163,0,12.2,,1.52381,42,0,0.1,17,0,0,5.58796,31,,699,536,,0,0,0,1
1602987620695,5,1010123456003,77,,1,0,8,1,1,,24.2076,366,605,0.98592,144,0,13,,0,0,0,0,0,0,0,0,0,,593,450,,0,0,0,0
1602987620945,5,1010123456003,77,,1,0,8,1,1,,23.3641,368,296,0.987744,144,0,13,,0,0,0,0,0,0,0,0,0,,585,474,,0,0,0,0
1602987621195,5,1010123456003,77,,1,0,8,1,1,,23.6346,416,1001,0.985472,167,0,13,,0,0,0,0,0,0,0,0,0,,664,456,,0,0,0,0
1602987621445,5,1010123456003,77,,1,0,8,1,1,,19.6289,380,1017,0.970432,152,0,11.3333,,14.8205,78,0,0.135616,32,68.75,0,7.40547,31,,694,558,,0,0,0,7.79487
1602987621695,5,1010123456003,77,,1,0,8,1,1,,23.8686,350,950,1.00048,144,0,12.8333,,0,0,0,0,0,0,0,0,0,,587,470,,0,0,0,0
1602987621945,5,1010123456003,77,,1,0,8,1,1,,23.8959,365,1382,0.983584,151,0,13,,0,0,0,0,0,0,0,0,0,,607,460,,0,0,0,0
1602987622195,5,1010123456003,77,,1,0,8,1,1,,23.8879,348,1382,0.975328,140,0,13,,0,0,0,0,0,0,0,0,0,,587,468,,0,0,0,0
1602987622445,5,1010123456003,77,,1,0,8,1,1,,24.8358,341,1614,0.975328,131,0,13.6,,7.02857,35,0,0.1,14,21.4286,0,8.27985,31,,585,422,,0,0,0,3.71429
1602987622695,5,1010123456003,77,,1,0,8,1,1,,23.3034,379,0,0.999744,158,0,12.8333,,0,0,0,0,0,0,0,0,0,,633,488,,0,0,0,0
1602987622945,5,1010123456003,77,,1,0,8,1,1,,23.3662,355,114,0.98016,142,0,12.5,,0,0,0,0,0,0,0,0,0,,614,486,,0,0,0,0
1602987623195,5,1010123456003,77,,1,0,8,1,1,,22.631,393,486,0.99088,160,0,13,,0,0,0,0,0,0,0,0,0,,619,498,,0,0,0,0
1602987623445,5,1010123456003,77,,1,0,8,1,1,,23.7762,344,588,0.984864,140,0,13,,0.909091,33,0,0.1,13,0,0,8.50275,31,,629,460,,0,0,0,1
1602987623695,5,1010123456003,77,,1,0,8,1,1,,22.5314,382,837,0.990368,155,0,12.75,,0,0,0,0,0,0,0,0,0,,606,496,,0,0,0,0
1602987623945,5,1010123456003,77,,1,0,8,1,1,,23.4763,359,1004,0.986816,144,0,12.6667,,0,0,0,0,0,0,0,0,0,,605,468,,0,0,0,0
1602987624195,5,1010123456003,77,,1,0,8,1,1,,22.9943,351,553,0.988224,143,0,13.2,,0,0,0,0,0,0,0,0,0,,610,492,,0,0,0,0
1602987624445,5,1010123456003,77,,1,0,8,1,1,,24.6209,306,401,0.986048,125,0,13.6667,,14,11,0,0,4,100,0,4.84563,0,,539,424,,0,0,0,10
1602987624695,5,1010123456003,77,,1,0,8,1,1,,22.1839,386,1145,0.985728,157,0,12.4286,,0,0,0,0,0,0,0,0,0,,631,508,,0,0,0,0
1602987624945,5,1010123456003,77,,1,0,8,1,1,,24.3684,380,1054,0.980832,151,0,13.1667,,0.6,10,0,0.1,4,0,0,5.40654,31,,599,456,,0,0,0,1.3
1602987625195,5,1010123456003,77,,1,0,8,1,1,,23.4572,374,1137,0.975488,149,0,13,,0,0,0,0,0,0,0,0,0,,595,462,,0,0,0,0
1602987625445,5,1010123456003,77,,1,0,8,1,1,,20.5208,384,1433,0.990816,156,0,11.4,,13,33,0,0.1,12,58.3333,0,9.62819,31,,702,564,,0,0,0,6.54545
1602987625695,5,1010123456003,77,,1,0,8,1,1,,23.5718,362,0,0.983872,142,0,13.1667,,0,0,0,0,0,0,0,0,0,,585,468,,0,0,0,0
1602987625945,5,1010123456003,77,,1,0,8,1,1,,22.6135,370,0,0.985824,146,0,12.5,,0,0,0,0,0,0,0,0,0,,626,496,,0,0,0,0
1602987626195,5,1010123456003,77,,1,0,8,1,1,,20.6813,386,0,0.97751,153,0,11.8,,0,0,0,0,0,0,0,0,0,,695,578,,0,0,0,0
1602987626445,5,1010123456003,77,,1,0,8,1,1,,21.6015,394,2014,0.93856,156,0,12.1667,,1.34884,43,0,0.1,18,0,0,5.72375,31,,646,500,,0,0,0,1
1602987626695,5,1010123456003,77,,1,0,8,1,1,,23.7736,424,691,1.0436,174,0,12.8333,,0,0,0,0,0,0,0,0,0,,668,488,,0,0,0,0
1602987626945,5,1010123456003,77,,1,0,8,1,1,,24.0596,369,574,0.989376,147,0,13,,0,0,0,0,0,0,0,0,0,,584,462,,0,0,0,0
1602987627195,5,1010123456003,77,,1,0,8,1,1,,21.1159,371,796,0.987264,151,0,11.6667,,0,0,0,0,0,0,0,0,0,,671,508,,0,0,0,0
1602987627445,5,1010123456003,77,,1,0,8,1,1,,24.7458,354,910,0.979136,140,0,13.2,,0.431373,51,0,0.1,20,0,0,5.21908,31,,607,444,,0,0,0,1
1602987627695,5,1010123456003,77,,1,0,8,1,1,,23.9119,363,1289,0.983296,146,0,13,,0,2,0,0.1,1,0,0,0,31,,584,462,,0,0,0,0
1602987627945,5,1010123456003,77,,1,0,8,1,1,,22.9541,414,1133,0.980704,163,0,12.8,,0,0,0,0,0,0,0,0,0,,654,488,,0,0,0,0
1602987628195,5,1010123456003,77,,1,0,8,1,1,,23.4331,351,1433,0.97472,144,0,13,,0,0,0,0,0,0,0,0,0,,595,466,,0,0,0,0
1602987628445,5,1010123456003,77,,1,0,8,1,1,,20.0569,369,0,0.986336,148,0,10,,4.97872,47,0,0.1,18,22.2222,0,5.04699,31,,710,580,,0,0,0,3.34043
1602987628695,5,1010123456003,77,,1,0,8,1,1,,20.8333,408,293,0.961952,160,0,12,,0,0,0,0,0,0,0,0,0,,752,584,,0,0,0,0
1602987628945,5,1010123456003,77,,1,0,8,1,1,,22.9892,369,0,1.0144,151,0,12.8,,0,0,0,0,0,0,0,0,0,,599,490,,0,0,0,0
1602987629195,5,1010123456003,77,,1,0,8,1,1,,23.9203,364,549,0.98416,144,0,13.3333,,0,0,0,0,0,0,0,0,0,,612,444,,0,0,0,0
1602987629445,5,1010123456003,77,,1,0,8,1,1,,21.7253,375,245,0.987584,152,0,12,,4.81395,43,0,0.1,17,17.6471,0,8.38566,31,,683,548,,0,0,0,2.7907
1602987629695,5,1010123456003,77,,1,0,8,1,1,,23.2745,368,2236,0.95872,151,0,10.25,,14.75,24,0,0,9,100,0,5.99336,0,,603,456,,0,0,0,10
1602987629945,5,1010123456003,77,,1,0,8,1,1,,20.6975,400,677,1.01277,156,0,12.8,,0,0,0,0,0,0,0,0,0,,689,580,,0,0,0,0
1602987630195,5,1010123456003,77,,1,0,8,1,1,,23.6696,336,697,0.995552,139,0,12.8,,0,0,0,0,0,0,0,0,0,,583,468,,0,0,0,0
1602987630445,5,1010123456003,77,,1,0,8,1,1,,21.3542,415,1062,0.990528,165,0,12,,1.84615,39,0,0.1,16,0,0,6.56135,31,,660,544,,0,0,0,1.05128
1602987630695,5,1010123456003,77,,1,0,8,1,1,,22.7403,362,1017,0.980032,145,0,12.6,,0,0,0,0,0,0,0,0,0,,609,488,,0,0,0,0
1602987630945,5,1010123456003,77,,1,0,8,1,1,,22.2751,378,947,0.968288,154,0,12.6,,0,0,0,0,0,0,0,0,0,,631,512,,0,0,0,0
1602987631195,5,1010123456003,77,,1,0,8,1,1,,23.4661,354,1433,0.987936,143,0,13,,0,0,0,0,0,0,0,0,0,,591,470,,0,0,0,0
1602987631445,5,1010123456003,77,,1,0,8,1,1,,22.4227,388,0,0.99184,155,0,12.75,,1.65385,52,0,0.1,21,4.7619,0,5.82663,31,,675,498,,0,0,0,1.46154
1602987631695,5,1010123456003,77,,1,0,8,1,1,,24.0262,344,0,0.978944,138,0,13.3333,,0,0,0,0,0,0,0,0,0,,580,446,,0,0,0,0
1602987631945,5,1010123456003,77,,1,0,8,1,1,,22.6903,381,0,0.992928,154,0,12.6667,,0,0,0,0,0,0,0,0,0,,599,494,,0,0,0,0
1602987632195,5,1010123456003,77,,1,0,8,1,1,,23.9106,369,0,0.974752,149,0,13,,0,0,0,0,0,0,0,0,0,,598,464,,0,0,0,0
1602987632445,5,1010123456003,77,,1,0,8,1,1,,19.7507,357,4343,0.89216,142,0,11.1667,,6.04478,67,0,0.1,27,29.6296,0,7.78633,31,,651,542,,0,0,0,3.64179
1602987632695,5,1010123456003,77,,1,0,8,1,1,,23.5398,389,553,1.0849,155,0,13,,0,0,0,0,0,0,0,0,0,,693,524,,0,0,0,0
1602987632945,5,1010123456003,77,,1,0,8,1,1,,23.5365,397,11,0.990496,160,0,13,,0,0,0,0,0,0,0,0,0,,668,482,,0,0,0,0
1602987633195,5,1010123456003,77,,1,0,8,1,1,,23.5746,362,105,0.990176,148,0,12.75,,0,0,0,0,0,0,0,0,0,,602,476,,0,0,0,0
1602987633445,5,1010123456003,77,,1,0,8,1,1,,22.7832,346,1261,0.960256,140,0,12.8333,,6.42308,26,0,0.1,11,0,0,10.1634,31,,614,476,,0,0,0,2.15385
1602987633695,5,1010123456003,77,,1,0,8,1,1,,19.2444,401,3590,0.8656,159,0,11.1667,,0,0,0,0,0,0,0,0,0,,690,550,,0,0,0,0
1602987633945,5,1010123456003,77,,1,0,8,1,1,,21.1749,406,1599,1.07453,160,0,12,,0,0,0,0,0,0,0,0,0,,699,580,,0,0,0,0
1602987634195,5,1010123456003,77,,1,0,8,1,1,,23.6194,381,1433,1.02445,159,0,13,,0,0,0,0,0,0,0,0,0,,590,476,,0,0,0,0
1602987634445,5,1010123456003,77,,1,0,8,1,1,,23.7816,403,0,0.980032,157,0,13,,2.15152,33,0,0.1,13,0,0,5.38755,31,,663,468,,0,0,0,1
1602987634695,5,1010123456003,77,,1,0,8,1,1,,23.5238,378,0,0.992416,156,0,13,,0.1,3,0,0.1,1,0,0,3.55213,31,,581,474,,0,0,0,1
1602987634945,5,1010123456003,77,,1,0,8,1,1,,22.3397,418,0,0.981344,166,0,12.6667,,0,8,0,0.1,4,50,0,0,31,,602,508,,0,0,0,0
1602987635195,5,1010123456003,77,,1,0,8,1,1,,23.0317,379,553,0.987392,152,0,12.8333,,0,0,0,0,0,0,0,0,0,,677,480,,0,0,0,0
1602987635445,5,1010123456003,77,,1,0,8,1,1,,23.0189,371,624,0.987776,147,0,12.75,,8.3,20,0,0.1,8,37.5,0,6.64718,31,,599,476,,0,0,0,4.9
1602987635695,5,1010123456003,77,,1,0,8,1,1,,13.0644,357,8436,0.717088,148,0,8.83333,,0.1,17,0,0.1,7,14.2857,0,5.25251,0,,859,724,,0,0,0,2.05882
1602987635945,5,1010123456003,77,,1,0,8,1,1,,22.8451,439,1238,1.23328,175,0,12.2,,0,0,0,0,0,0,0,0,0,,748,600,,0,0,0,0
1602987636195,5,1010123456003,77,,1,0,8,1,1,,23.6166,373,1001,1.01216,150,0,12.8333,,0,0,0,0,0,0,0,0,0,,601,478,,0,0,0,0
1602987636445,5,1010123456003,77,,1,0,8,1,1,,23.0763,367,1068,0.969824,146,0,12.5,,13.8571,14,0,0.1,6,66.6667,0,9.26813,31,,591,488,,0,0,0,6.14286
1602987636695,5,1010123456003,77,,1,0,8,1,1,,23.0191,366,1382,0.982944,150,0,13.2,,0,0,0,0,0,0,0,0,0,,597,486,,0,0,0,0
1602987636945,5,1010123456003,77,,1,0,8,1,1,,22.4342,380,1382,0.987456,151,0,12.2,,0,0,0,0,0,0,0,0,0,,606,500,,0,0,0,0
1602987637195,5,1010123456003,77,,1,0,8,1,1,,23.3378,370,1289,0.989696,153,0,13,,0,0,0,0,0,0,0,0,0,,603,484,,0,0,0,0
1602987637445,5,1010123456003,77,,1,0,8,1,1,,21.9462,372,0,0.992768,154,0,12.4,,12.6154,26,201,0.1,10,70,0,6.61826,31,,648,524,,0,0,0,7.69231
1602987637695,5,1010123456003,77,,1,0,8,1,1,,23.6182,330,0,0.985696,133,0,12.8,,3.06667,15,0,0.1,6,0,0,7.29408,31,,609,468,,0,0,0,1
1602987637945,5,1010123456003,77,,1,0,8,1,1,,23.6871,342,0,0.98384,138,0,13,,0,0,0,0,0,0,0,0,0,,587,464,,0,0,0,0
1602987638195,5,1010123456003,77,,1,0,8,1,1,,23.8201,328,240,0.978784,135,0,12.8,,0,0,0,0,0,0,0,0,0,,588,458,,0,0,0,0
1602987638445,5,1010123456003,77,,1,0,8,1,1,,23.9169,385,0,0.989792,154,0,13,,0.55814,43,0,0.1,17,0,0,4.59519,31,,620,466,,0,0,0,1.04651
1602987638695,5,1010123456003,77,,1,0,8,1,1,,23.6194,360,748,0.986816,144,0,13.4,,0,0,0,0,0,0,0,0,0,,578,452,,0,0,0,0
1602987638945,5,1010123456003,77,,1,0,8,1,1,,21.041,390,195,0.989088,155,0,11.8333,,0,0,0,0,0,0,0,0,0,,708,560,,0,0,0,0
1602987639195,5,1010123456003,77,,1,0,8,1,1,,23.9759,373,976,0.975392,150,0,13,,0,0,0,0,0,0,0,0,0,,606,456,,0,0,0,0
1602987639445,5,1010123456003,77,,1,0,8,1,1,,23.8594,377,1145,0.995168,152,0,13,,12.3077,13,0,0.1,6,66.6667,0,11.3886,31,,597,470,,0,0,0,7.23077
1602987639695,5,1010123456003,77,,1,0,8,1,1,,24.0896,357,1289,0.97952,142,0,13,,0,0,0,0,0,0,0,0,0,,593,458,,0,0,0,0
1602987639945,5,1010123456003,77,,1,0,8,1,1,,24.7918,365,1279,0.977856,150,0,13.5,,0,0,0,0,0,0,0,0,0,,623,442,,0,0,0,0
1602987640195,5,1010123456003,77,,1,0,8,1,1,,22.8387,372,1135,1.00803,152,0,12.5,,0,0,0,0,0,0,0,0,0,,611,502,,0,0,0,0
1602987640445,5,1010123456003,77,,1,0,8,1,1,,23.6185,367,0,0.969344,144,0,13,,3.58333,48,0,0.1,20,15,0,5.82319,31,,587,472,,0,0,0,2.29167
1602987640695,5,1010123456003,77,,1,0,8,1,1,,23.1897,348,0,0.991232,138,0,13,,0,0,0,0,0,0,0,0,0,,598,474,,0,0,0,0
1602987640945,5,1010123456003,77,,1,0,8,1,1,,23.6505,392,338,0.983936,159,0,12.75,,0,0,0,0,0,0,0,0,0,,627,474,,0,0,0,0
1602987641195,5,1010123456003,77,,1,0,8,1,1,,22.239,364,1677,0.965472,151,0,12,,0,0,0,0,0,0,0,0,0,,615,484,,0,0,0,0
1602987641445,5,1010123456003,77,,1,0,8,1,1,,21.1414,389,2941,0.941536,155,0,12.2,,1.7561,41,0,0.1,16,0,0,5.62917,31,,678,516,,0,0,0,1
1602987641695,5,1010123456003,77,,1,0,8,1,1,,24.2964,415,1021,1.05264,171,0,13.2857,,0,0,0,0,0,0,0,0,0,,677,482,,0,0,0,0
1602987641945,5,1010123456003,77,,1,0,8,1,1,,22.7005,374,993,0.988512,153,0,12.8333,,0,0,0,0,0,0,0,0,0,,626,482,,0,0,0,0
1602987642195,5,1010123456003,77,,1,0,8,1,1,,23.4054,370,1289,0.982496,149,0,13,,0,0,0,0,0,0,0,0,0,,608,472,,0,0,0,0
1602987642445,5,1010123456003,77,,1,0,8,1,1,,24.8297,323,1145,0.961472,128,0,13.6667,,1.93478,46,0,0.1,18,0,0,6.95679,31,,568,422,,0,0,0,1
1602987642695,5,1010123456003,77,,1,0,8,1,1,,24.0726,358,1369,0.99744,142,0,12.8,,0,0,0,0,0,0,0,0,0,,599,454,,0,0,0,0
1602987642945,5,1010123456003,77,,1,0,8,1,1,,21.1736,432,2439,0.962208,172,0,10.75,,0,0,0,0,0,0,0,0,0,,728,538,,0,0,0,0
1602987643195,5,1010123456003,77,,1,0,8,1,1,,21.4515,392,1923,0.999136,156,0,12.5,,0,0,0,0,0,0,0,0,0,,713,558,,0,0,0,0
1602987643445,5,1010123456003,77,,1,0,8,1,1,,15.6543,376,3772,0.832544,150,0,9.75,,13,12,0,0.1,5,60,0,8.14711,31,,933,758,,0,0,0,5.75
1602987643695,5,1010123456003,77,,1,0,8,1,1,,23.6737,377,85,1.14854,153,0,13,,0,2,0,0,1,100,0,0,0,,673,516,,0,0,0,0
1602987643945,5,1010123456003,77,,1,0,8,1,1,,22.777,417,0,0.981664,167,0,12.5,,0,0,0,0,0,0,0,0,0,,671,496,,0,0,0,0
1602987644195,5,1010123456003,77,,1,0,8,1,1,,23.7077,366,245,0.996928,150,0,12.8333,,0,0,0,0,0,0,0,0,0,,627,470,,0,0,0,0
1602987644445,5,1010123456003,77,,1,0,8,1,1,,23.5978,368,584,0.98304,148,0,13,,1.34091,44,0,0.1,18,0,0,7.14949,31,,602,466,,0,0,0,1.59091
1602987644695,5,1010123456003,77,,1,0,8,1,1,,23.9466,337,551,0.988864,138,0,13,,0,0,0,0,0,0,0,0,0,,592,456,,0,0,0,0
1602987644945,5,1010123456003,77,,1,0,8,1,1,,22.6625,400,509,0.967168,159,0,12.75,,0,0,0,0,0,0,0,0,0,,655,496,,0,0,0,0
1602987645195,5,1010123456003,77,,1,0,8,1,1,,22.7622,370,1232,0.985024,151,0,12.4,,0,0,0,0,0,0,0,0,0,,608,486,,0,0,0,0
1602987645445,5,1010123456003,77,,1,0,8,1,1,,22.7727,396,847,0.995136,159,0,13,,6.72727,33,0,0.1,13,15.3846,0,7.94548,31,,618,516,,0,0,0,2.27273
1602987645695,5,1010123456003,77,,1,0,8,1,1,,22.1894,433,1321,0.982208,175,0,12,,0,0,0,0,0,0,0,0,0,,711,526,,0,0,0,0
1602987645945,5,1010123456003,77,,1,0,8,1,1,,22.4431,413,1135,0.98272,170,0,12.75,,0,0,0,0,0,0,0,0,0,,689,514,,0,0,0,0
1602987646195,5,1010123456003,77,,1,0,8,1,1,,24.1592,358,0,0.994464,146,0,13,,0,0,0,0,0,0,0,0,0,,578,452,,0,0,0,0
1602987646445,5,1010123456003,77,,1,0,8,1,1,,23.2246,374,355,0.97968,150,0,12.75,,4.86885,61,0,0.1,26,30.7692,0,6.38689,31,,620,480,,0,0,0,4
1602987646695,5,1010123456003,77,,1,0,8,1,1,,23.6179,369,463,0.988608,150,0,12.8,,0,0,0,0,0,0,0,0,0,,607,482,,0,0,0,0
1602987646945,5,1010123456003,77,,1,0,8,1,1,,22.3597,367,0,0.99456,150,0,12.25,,0,0,0,0,0,0,0,0,0,,638,512,,0,0,0,0
1602987647195,5,1010123456003,77,,1,0,8,1,1,,22.3506,368,99,0.983616,147,0,12.5,,0,0,0,0,0,0,0,0,0,,648,504,,0,0,0,0
1602987647445,5,1010123456003,77,,1,0,8,1,1,,23.6667,369,505,0.989847,149,0,13,,1.21951,41,0,0.1,17,0,0,4.7821,31,,615,466,,0,0,0,1
1602987647695,5,1010123456003,77,,1,0,8,1,1,,23.4824,369,1086,0.988768,150,0,12.8333,,0,0,0,0,0,0,0,0,0,,581,460,,0,0,0,0
1602987647945,5,1010123456003,77,,1,0,8,1,1,,24.9853,340,993,0.979648,135,0,13.5,,0,0,0,0,0,0,0,0,0,,563,440,,0,0,0,0
1602987648195,5,1010123456003,77,,1,0,8,1,1,,23.448,346,993,0.973568,141,0,12.75,,0,0,0,0,0,0,0,0,0,,591,476,,0,0,0,0
1602987648445,5,1010123456003,77,,1,0,8,1,1,,22.5,374,1189,0.989248,153,0,12.8,,4.67857,28,0,0.1,11,0,0,10.2127,31,,629,504,,0,0,0,2.42857
1602987648695,5,1010123456003,77,,1,0,8,1,1,,22.6585,366,1382,0.976736,146,0,12.2,,0,0,0,0,0,0,0,0,0,,628,502,,0,0,0,0
1602987648945,5,1010123456003,77,,1,0,8,1,1,,23.3509,379,1433,0.996512,152,0,13,,0,0,0,0,0,0,0,0,0,,606,476,,0,0,0,0
1602987649195,5,1010123456003,77,,1,0,8,1,1,,22.9865,446,0,0.987456,177,0,12.6667,,0,0,0,0,0,0,0,0,0,,709,484,,0,0,0,0
1602987649445,5,1010123456003,77,,1,0,8,1,1,,23.1266,403,0,0.988416,161,0,12.6667,,15,11,0,0,4,100,0,5.20306,0,,633,492,,0,0,0,10
1602987649695,5,1010123456003,77,,1,0,8,1,1,,24.2557,352,0,0.974688,141,0,13.25,,0,0,0,0,0,0,0,0,0,,582,450,,0,0,0,0
1602987649945,5,1010123456003,77,,1,0,8,1,1,,22.1077,353,693,0.988064,143,0,12.25,,0.1,8,0,0.1,3,0,0,9.91186,31,,651,516,,0,0,0,1
1602987650195,5,1010123456003,77,,1,0,8,1,1,,24.4182,330,582,0.988288,132,0,12.6667,,0,0,0,0,0,0,0,0,0,,587,454,,0,0,0,0
1602987650445,5,1010123456003,77,,1,0,8,1,1,,23.3769,390,637,0.989056,156,0,13,,15,12,0,0,4,100,0,4.25465,0,,628,484,,0,0,0,10
1602987650695,5,1010123456003,77,,1,0,8,1,1,,22.5556,414,1809,0.93584,161,0,12.8,,0,0,0,0,0,0,0,0,0,,656,482,,0,0,0,0
1602987650945,5,1010123456003,77,,1,0,8,1,1,,24.0198,353,758,1.03846,146,0,13.1667,,0.428571,7,0,0.1,3,0,0,7.15883,31,,596,476,,0,0,0,1
1602987651195,5,1010123456003,77,,1,0,8,1,1,,23.2542,421,1525,0.963488,164,0,13,,0,0,0,0,0,0,0,0,0,,679,460,,0,0,0,0
1602987651445,5,1010123456003,77,,1,0,8,1,1,,23.3382,411,940,0.996864,165,0,12.8,,2.41667,36,0,0.1,14,0,0,5.9006,31,,649,490,,0,0,0,1.11111
1602987651695,5,1010123456003,77,,1,0,8,1,1,,21.4573,398,2239,0.984,164,0,11.1429,,0,0,0,0,0,0,0,0,0,,688,526,,0,0,0,0
1602987651945,5,1010123456003,77,,1,0,8,1,1,,19.5985,396,1433,0.98848,160,0,11.8333,,0,0,0,0,0,0,0,0,0,,765,636,,0,0,0,0
1602987652195,5,1010123456003,77,,1,0,8,1,1,,23.0914,372,0,0.988768,154,0,12.75,,0,0,0,0,0,0,0,0,0,,617,494,,0,0,0,0
1602987652445,5,1010123456003,77,,1,0,8,1,1,,23.732,347,0,0.985984,140,0,13,,4,62,0,0.1,24,25,0,6.96381,31,,590,466,,0,0,0,3.35484
1602987652695,5,1010123456003,77,,1,0,8,1,1,,24.3623,334,0,0.973344,134,0,13,,0,0,0,0,0,0,0,0,0,,579,454,,0,0,0,0
1602987652945,5,1010123456003,77,,1,0,8,1,1,,22.7543,346,0,0.992832,141,0,12.6,,0,0,0,0,0,0,0,0,0,,620,496,,0,0,0,0
1602987653195,5,1010123456003,77,,1,0,8,1,1,,20.9517,373,315,0.982752,149,0,10.6,,0,0,0,0,0,0,0,0,0,,722,562,,0,0,0,0
1602987653445,5,1010123456003,77,,1,0,8,1,1,,23.0557,395,1055,0.970464,156,0,12.6667,,1.5102,49,0,0.1,21,0,0,5.35282,31,,663,476,,0,0,0,1.42857
1602987653695,5,1010123456003,77,,1,0,8,1,1,,22.5666,413,1433,0.999104,172,0,10,,0,0,0,0,0,0,0,0,0,,729,502,,0,0,0,0
1602987653945,5,1010123456003,77,,1,0,8,1,1,,17.3179,390,958,0.97568,152,0,12.6,,0,0,0,0,0,0,0,0,0,,809,658,,0,0,0,0
1602987654195,5,1010123456003,77,,1,0,8,1,1,,22.0607,379,1189,0.97744,152,0,12.6667,,0,0,0,0,0,0,0,0,0,,637,506,,0,0,0,0
1602987654445,5,1010123456003,77,,1,0,8,1,1,,23.1862,392,1045,0.999744,154,0,13,,0.72,50,0,0.1,20,0,0,5.83333,31,,662,476,,0,0,0,1
1602987654695,5,1010123456003,77,,1,0,8,1,1,,14.0617,324,13622,0.540544,131,0,10,,0,2,0,0.1,1,0,0,0,0,,803,654,,0,0,0,0
1602987654945,5,1010123456003,77,,1,0,8,1,1,,23.7956,411,2038,1.4057,162,0,12.8,,0,0,0,0,0,0,0,0,0,,760,622,,0,0,0,0
1602987655195,5,1010123456003,77,,1,0,8,1,1,,20.3762,428,0,0.997376,170,0,11.6667,,0,0,0,0,0,0,0,0,0,,740,576,,0,0,0,0
1602987655445,5,1010123456003,77,,1,0,8,1,1,,23.7423,388,428,0.980352,157,0,13,,5.27586,58,0,0.1,24,25,0,6.85682,31,,604,462,,0,0,0,3.37931
1602987655695,5,1010123456003,77,,1,0,8,1,1,,19.9515,371,396,0.992832,150,0,11.4286,,0,0,0,0,0,0,0,0,0,,765,596,,0,0,0,0
1602987655945,5,1010123456003,77,,1,0,8,1,1,,24.0087,346,344,0.987328,141,0,13.2,,0,0,0,0,0,0,0,0,0,,584,458,,0,0,0,0
1602987656195,5,1010123456003,77,,1,0,8,1,1,,18.4987,397,292,0.987776,159,0,8.25,,0,0,0,0,0,0,0,0,0,,797,668,,0,0,0,0
1602987656445,5,1010123456003,77,,1,0,8,1,1,,22.5267,374,1262,0.987776,149,0,12.8,,8.91667,12,0,0.1,5,20,0,13.0501,31,,568,474,,0,0,0,3.58333
1602987656695,5,1010123456003,77,,1,0,8,1,1,,23.6639,357,1289,0.970016,143,0,13,,0,0,0,0,0,0,0,0,0,,596,470,,0,0,0,0
1602987656945,5,1010123456003,77,,1,0,8,1,1,,23.8365,367,2264,0.96304,146,0,13,,0,0,0,0,0,0,0,0,0,,579,450,,0,0,0,0
1602987657195,5,1010123456003,77,,1,0,8,1,1,,20.3979,377,1289,1.01789,156,0,10.6667,,0,0,0,0,0,0,0,0,0,,781,622,,0,0,0,0
1602987657445,5,1010123456003,77,,1,0,8,1,1,,22.4736,397,908,0.983008,151,0,12.6667,,10.125,40,0,0.1,17,35.2941,0,7.34015,31,,632,508,,0,0,0,5
1602987657695,5,1010123456003,77,,1,0,8,1,1,,23.231,368,1287,0.973536,149,0,12.8,,0,0,0,0,0,0,0,0,0,,603,472,,0,0,0,0
1602987657945,5,1010123456003,77,,1,0,8,1,1,,24.1593,364,0,0.995232,147,0,13,,0,0,0,0,0,0,0,0,0,,562,456,,0,0,0,0
1602987658195,5,1010123456003,77,,1,0,8,1,1,,22.9861,361,0,0.984128,147,0,12.6667,,0,0,0,0,0,0,0,0,0,,618,488,,0,0,0,0
1602987658445,5,1010123456003,77,,1,0,8,1,1,,23.8134,359,0,0.990688,146,0,13,,4.64407,59,0,0.1,23,26.087,0,7.90766,31,,589,466,,0,0,0,3.67797
1602987658695,5,1010123456003,77,,1,0,8,1,1,,23.8804,326,0,0.9816,132,0,13,,0,0,0,0,0,0,0,0,0,,592,458,,0,0,0,0
1602987658945,5,1010123456003,77,,1,0,8,1,1,,24.1009,327,99,0.982848,134,0,13,,0,0,0,0,0,0,0,0,0,,568,452,,0,0,0,0
1602987659195,5,1010123456003,77,,1,0,8,1,1,,22.6389,396,409,0.985088,159,0,12.6667,,0,0,0,0,0,0,0,0,0,,644,492,,0,0,0,0
1602987659445,5,1010123456003,77,,1,0,8,1,1,,22.4038,369,726,0.987968,150,0,12.6,,0.489796,49,0,0.1,20,0,0,6.07576,31,,645,494,,0,0,0,1.04082
1602987659695,5,1010123456003,77,,1,0,8,1,1,,22.2115,383,1137,0.97824,152,0,12.5,,0,0,0,0,0,0,0,0,0,,630,508,,0,0,0,0
1602987659945,5,1010123456003,77,,1,0,8,1,1,,21.4025,395,1971,0.948,154,0,11.1667,,0,0,0,0,0,0,0,0,0,,780,572,,0,0,0,0
1602987660195,5,1010123456003,77,,1,0,8,1,1,,23.0944,392,2019,0.995936,161,0,12.4,,0,0,0,0,0,0,0,0,0,,674,496,,0,0,0,0
1602987660445,5,1010123456003,77,,1,0,8,1,1,,21.8184,435,1189,1.01261,175,0,12.4,,4.9,10,0,0.1,4,0,0,8.67663,31,,696,552,,0,0,0,1.2
1602987660695,5,1010123456003,77,,1,0,8,1,1,,23.6694,363,1696,0.975008,143,0,12.8,,0,0,0,0,0,0,0,0,0,,625,468,,0,0,0,0
1602987660945,5,1010123456003,77,,1,0,8,1,1,,21.0601,366,4636,0.837536,149,0,10.8,,0,0,0,0,0,0,0,0,0,,699,522,,0,0,0,0
1602987661195,5,1010123456003,77,,1,0,8,1,1,,22.1932,440,0,1.14102,177,0,11.6,,0,0,0,0,0,0,0,0,0,,702,584,,0,0,0,0
1602987661445,5,1010123456003,77,,1,0,8,1,1,,23.1278,352,0,0.98416,141,0,13,,4.46429,56,0,0.1,22,27.2727,0,6.57159,31,,624,478,,0,0,0,3.57143
1602987661695,5,1010123456003,77,,1,0,8,1,1,,23.196,347,288,0.982176,137,0,13,,0,0,0,0,0,0,0,0,0,,602,464,,0,0,0,0
1602987661945,5,1010123456003,77,,1,0,8,1,1,,23.4853,375,549,0.989056,147,0,12.8,,0,0,0,0,0,0,0,0,0,,595,474,,0,0,0,0
1602987662195,5,1010123456003,77,,1,0,8,1,1,,14.5027,374,10132,0.667712,152,0,10,,0,0,0,0,0,0,0,0,0,,931,748,,0,0,0,0
1602987662445,5,1010123456003,77,,1,0,8,1,1,,23.2203,454,1068,1.29542,188,0,12.4,,1.63158,38,0,0.1,15,0,0,6.33791,31,,790,630,,0,0,0,1
1602987662695,5,1010123456003,77,,1,0,8,1,1,,22.8586,403,1119,0.958944,157,0,12.7143,,7,3,0,0.1,1,0,0,6.52178,31,,651,496,,0,0,0,2
1602987662945,5,1010123456003,77,,1,0,8,1,1,,20.796,397,2453,0.964192,157,0,12,,0,0,0,0,0,0,0,0,0,,672,552,,0,0,0,0
1602987663195,5,1010123456003,77,,1,0,8,1,1,,22.4198,374,1433,1.03037,152,0,12.8,,0,0,0,0,0,0,0,0,0,,670,526,,0,0,0,0
1602987663445,5,1010123456003,77,,1,0,8,1,1,,22.2214,411,1137,1.01629,166,0,12.4,,5.83721,43,0,0.1,17,17.6471,0,6.21523,31,,702,516,,0,0,0,3.23256
1602987663695,5,1010123456003,77,,1,0,8,1,1,,20.0392,459,1878,0.92752,179,0,10.3333,,0,0,0,0,0,0,0,0,0,,797,604,,0,0,0,0
1602987663945,5,1010123456003,77,,1,0,8,1,1,,23.1048,372,0,1.01344,147,0,12.8,,0,0,0,0,0,0,0,0,0,,604,484,,0,0,0,0
1602987664195,5,1010123456003,77,,1,0,8,1,1,,23.1054,389,0,0.983136,159,0,13,,0,0,0,0,0,0,0,0,0,,666,482,,0,0,0,0
1602987664445,5,1010123456003,77,,1,0,8,1,1,,23.7198,364,0,0.988704,146,0,13,,5.31035,58,0,0.1,23,30.4348,0,7.02442,31,,570,470,,0,0,0,4.31034
1602987664695,5,1010123456003,77,,1,0,8,1,1,,20.1174,409,4228,0.853696,165,0,10.8333,,0,0,0,0,0,0,0,0,0,,744,560,,0,0,0,0
1602987664945,5,1010123456003,77,,1,0,8,1,1,,20.3065,385,2262,1.04685,153,0,11,,0,0,0,0,0,0,0,0,0,,711,572,,0,0,0,0
1602987665195,5,1010123456003,77,,1,0,8,1,1,,20.523,392,703,1.06371,162,0,11.3333,,0,0,0,0,0,0,0,0,0,,761,616,,0,0,0,0
1602987665445,5,1010123456003,77,,1,0,8,1,1,,23.2033,359,1182,0.986976,146,0,12.75,,5.29508,61,0,0.1,24,25,0,8.06996,31,,588,480,,0,0,0,3.2459
1602987665695,5,1010123456003,77,,1,0,8,1,1,,23.0809,383,1866,0.946208,146,0,12.8333,,0,0,0,0,0,0,0,0,0,,626,462,,0,0,0,0
1602987665945,5,1010123456003,77,,1,0,8,1,1,,23.2808,381,1137,1.01443,156,0,13,,0,0,0,0,0,0,0,0,0,,631,494,,0,0,0,0
1602987666195,5,1010123456003,77,,1,0,8,1,1,,22.7775,373,1318,0.971488,146,0,12.6,,0,0,0,0,0,0,0,0,0,,649,486,,0,0,0,0
1602987666445,5,1010123456003,77,,1,0,8,1,1,,23.5606,371,1204,0.996992,153,0,13,,6.36364,33,0,0.1,13,15.3846,0,6.99594,31,,601,476,,0,0,0,2.42424
1602987666695,5,1010123456003,77,,1,0,8,1,1,,23.1989,362,1433,0.974464,145,0,12.7143,,0,0,0,0,0,0,0,0,0,,622,480,,0,0,0,0
1602987666945,5,1010123456003,77,,1,0,8,1,1,,22.6806,407,0,0.991264,162,0,12,,0,0,0,0,0,0,0,0,0,,644,508,,0,0,0,0
1602987667195,5,1010123456003,77,,1,0,8,1,1,,21.391,399,40,0.987936,162,0,12.2,,0,0,0,0,0,0,0,0,0,,667,544,,0,0,0,0
1602987667445,5,1010123456003,77,,1,0,8,1,1,,22.4898,394,0,0.986688,154,0,12.8,,2.2,40,0,0.1,16,6.25,0,5.73666,31,,633,502,,0,0,0,1.45
1602987667695,5,1010123456003,77,,1,0,8,1,1,,23.2283,346,433,0.9872,138,0,12.7143,,0,4,0,0.1,2,50,0,0,0,,619,466,,0,0,0,0
1602987667945,5,1010123456003,77,,1,0,8,1,1,,19.5085,411,533,0.97424,164,0,10.8,,0,0,0,0,0,0,0,0,0,,775,628,,0,0,0,0
1602987668195,5,1010123456003,77,,1,0,8,1,1,,20.7342,395,1116,1.00634,164,0,12,,0,0,0,0,0,0,0,0,0,,727,572,,0,0,0,0
1602987668445,5,1010123456003,77,,1,0,8,1,1,,23.5887,372,697,0.985472,149,0,13,,9.88,25,0,0.1,10,50,0,8.17809,31,,611,484,,0,0,0,5.88
1602987668695,5,1010123456003,77,,1,0,8,1,1,,23.1477,352,1281,0.975648,139,0,12.8333,,0,0,0,0,0,0,0,0,0,,606,464,,0,0,0,0
1602987668945,5,1010123456003,77,,1,0,8,1,1,,23.5179,363,1376,0.977824,146,0,12.6667,,0,0,0,0,0,0,0,0,0,,605,478,,0,0,0,0
1602987669195,5,1010123456003,77,,1,0,8,1,1,,22.9424,399,1238,0.991296,162,0,12.75,,7,3,0,0.1,1,0,0,4.75552,31,,672,500,,0,0,0,2
1602987669445,5,1010123456003,77,,1,0,8,1,1,,23.4608,395,1382,0.988512,158,0,12.8333,,7.36364,22,0,0.1,9,44.4444,0,7.84298,31,,606,474,,0,0,0,4.40909
1602987669695,5,1010123456003,77,,1,0,8,1,1,,22.7163,356,1433,0.989184,143,0,12.5,,0,0,0,0,0,0,0,0,0,,630,492,,0,0,0,0
1602987669945,5,1010123456003,77,,1,0,8,1,1,,23.232,388,0,0.983424,153,0,13,,0,0,0,0,0,0,0,0,0,,635,478,,0,0,0,0
1602987670195,5,1010123456003,77,,1,0,8,1,1,,22.9353,371,0,0.980352,151,0,13,,0,0,0,0,0,0,0,0,0,,631,488,,0,0,0,0
1602987670445,5,1010123456003,77,,1,0,8,1,1,,22.0705,383,0,0.998272,154,0,12.1667,,4.67857,28,0,0.1,11,0,0,9.62718,31,,650,522,,0,0,0,1.46429
1602987670695,5,1010123456003,77,,1,0,8,1,1,,23.2279,373,0,0.974048,150,0,12.8333,,0,0,0,0,0,0,0,0,0,,613,488,,0,0,0,0
1602987670945,5,1010123456003,77,,1,0,8,1,1,,23.8567,328,711,0.987648,135,0,13.2,,0,0,0,0,0,0,0,0,0,,591,450,,0,0,0,0
1602987671195,5,1010123456003,77,,1,0,8,1,1,,23.5849,371,547,0.987808,147,0,13,,0,0,0,0,0,0,0,0,0,,596,470,,0,0,0,0
1602987671445,5,1010123456003,77,,1,0,8,1,1,,23.8889,396,613,0.989376,159,0,13,,15,12,0,0,4,100,0,3.98223,0,,679,464,,0,0,0,10
1602987671695,5,1010123456003,77,,1,0,8,1,1,,23.4077,363,316,0.966912,148,0,12.8571,,0.1,8,0,0.1,3,0,0,13.0428,31,,587,482,,0,0,0,1
1602987671945,5,1010123456003,77,,1,0,8,1,1,,22.0615,374,1094,0.996736,153,0,11.3333,,0,0,0,0,0,0,0,0,0,,685,522,,0,0,0,0
1602987672195,5,1010123456003,77,,1,0,8,1,1,,23.5973,375,1279,0.973248,151,0,13.1667,,0,0,0,0,0,0,0,0,0,,618,458,,0,0,0,0
1602987672445,5,1010123456003,77,,1,0,8,1,1,,23.0394,381,1694,0.978752,151,0,12.6,,5.26087,23,0,0.1,9,22.2222,0,7.37435,31,,635,486,,0,0,0,2.56522
1602987672695,5,1010123456003,77,,1,0,8,1,1,,23.8218,348,1433,0.989568,146,0,13.4,,0,0,0,0,0,0,0,0,0,,578,468,,0,0,0,0
1602987672945,5,1010123456003,77,,1,0,8,1,1,,23.1425,379,90,0.994912,153,0,12.4,,0,0,0,0,0,0,0,0,0,,631,484,,0,0,0,0
1602987673195,5,1010123456003,77,,1,0,8,1,1,,24.1158,354,0,0.984736,145,0,13,,0,0,0,0,0,0,0,0,0,,603,458,,0,0,0,0
1602987673445,5,1010123456003,77,,1,0,8,1,1,,22.6375,389,231,0.98192,153,0,12.75,,11.8462,13,0,0.1,5,40,0,10.3306,31,,652,494,,0,0,0,5.30769
1602987673695,5,1010123456003,77,,1,0,8,1,1,,23.3842,380,261,0.985984,150,0,12.8571,,3.4,15,0,0.1,6,0,0,6.3739,0,,605,466,,0,0,0,1.13333
1602987673945,5,1010123456003,77,,1,0,8,1,1,,23.3424,368,788,0.98704,149,0,12.8333,,0,0,0,0,0,0,0,0,0,,599,476,,0,0,0,0
1602987674195,5,1010123456003,77,,1,0,8,1,1,,20.1103,399,841,0.983968,159,0,10.8333,,0,0,0,0,0,0,0,0,0,,752,616,,0,0,0,0
1602987674445,5,1010123456003,77,,1,0,8,1,1,,23.6287,334,947,0.97728,134,0,12.75,,5.49091,55,0,0.1,23,26.087,0,7.69516,31,,595,466,,0,0,0,3.34545
1602987674695,5,1010123456003,77,,1,0,8,1,1,,23.3656,372,1045,0.993056,153,0,13,,0,0,0,0,0,0,0,0,0,,626,474,,0,0,0,0
1602987674945,5,1010123456003,77,,1,0,8,1,1,,23.6556,392,1145,0.960512,154,0,13,,0,0,0,0,0,0,0,0,0,,605,470,,0,0,0,0
1602987675195,5,1010123456003,77,,1,0,8,1,1,,23.0825,400,1137,0.996128,165,0,12.8333,,0,0,0,0,0,0,0,0,0,,667,490,,0,0,0,0
1602987675445,5,1010123456003,77,,1,0,8,1,1,,22.5064,389,1382,0.994528,157,0,12.75,,4.975,40,0,0.1,16,12.5,0,8.70382,31,,622,502,,0,0,0,2.125
1602987675695,5,1010123456003,77,,1,0,8,1,1,,24.1507,345,0,0.978944,142,0,13,,0,0,0,0,0,0,0,0,0,,565,458,,0,0,0,0
1602987675945,5,1010123456003,77,,1,0,8,1,1,,23.9944,355,1213,0.96016,146,0,13,,0,0,0,0,0,0,0,0,0,,605,442,,0,0,0,0
1602987676195,5,1010123456003,77,,1,0,8,1,1,,23.9697,396,0,1.01533,158,0,13.2,,0,0,0,0,0,0,0,0,0,,594,480,,0,0,0,0
1602987676445,5,1010123456003,77,,1,0,8,1,1,,21.5065,383,0,0.978016,156,0,12.1667,,4.51613,31,0,0.1,13,15.3846,0,6.55377,31,,657,524,,0,0,0,2.64516
1602987676695,5,1010123456003,77,,1,0,8,1,1,,24.1062,339,251,0.990208,140,0,12.8333,,0,0,0,0,0,0,0,0,0,,592,460,,0,0,0,0
1602987676945,5,1010123456003,77,,1,0,8,1,1,,23.9178,377,553,0.989184,155,0,13,,0,0,0,0,0,0,0,0,0,,605,452,,0,0,0,0
1602987677195,5,1010123456003,77,,1,0,8,1,1,,23.9038,364,559,0.988384,145,0,13,,0,0,0,0,0,0,0,0,0,,589,466,,0,0,0,0
1602987677445,5,1010123456003,77,,1,0,8,1,1,,18.1395,337,9669,0.720384,136,0,8.4,,1.95455,44,0,0.1,17,0,0,6.79695,31,,669,522,,0,0,0,1.18182
1602987677695,5,1010123456003,77,,1,0,8,1,1,,23.7097,403,999,1.24592,157,0,12.8333,,0,0,0,0,0,0,0,0,0,,727,588,,0,0,0,0
1602987677945,5,1010123456003,77,,1,0,8,1,1,,23.6486,370,1433,0.971904,149,0,12.8333,,0,0,0,0,0,0,0,0,0,,580,466,,0,0,0,0
1602987678195,5,1010123456003,77,,1,0,8,1,1,,22.811,381,841,0.99264,153,0,12.8,,0,0,0,0,0,0,0,0,0,,638,508,,0,0,0,0
1602987678446,5,1010123456003,77,,1,0,8,1,1,,23.5263,361,1433,0.975012,144,0,12.8,,14.88,75,0,0.105785,30,73.3333,0,6.74063,31,,591,460,,0,0,0,7.90667
1602987678695,5,1010123456003,77,,1,0,8,1,1,,19.4433,388,2822,0.845558,152,0,10.3333,,0,0,0,0,0,0,0,0,0,,716,586,,0,0,0,0
1602987678945,5,1010123456003,77,,1,0,8,1,1,,24.1741,379,0,1.12035,152,0,13,,0,0,0,0,0,0,0,0,0,,605,492,,0,0,0,0
1602987679195,5,1010123456003,77,,1,0,8,1,1,,23.7225,382,253,0.99568,151,0,13,,0,0,0,0,0,0,0,0,0,,573,460,,0,0,0,0
1602987679445,5,1010123456003,77,,1,0,8,1,1,,23.2861,353,0,0.983872,140,0,13,,5.61364,44,0,0.1,18,27.7778,0,7.86601,31,,600,472,,0,0,0,3.79545
1602987679695,5,1010123456003,77,,1,0,8,1,1,,20.3368,389,156,0.988448,157,0,11.1429,,13.6,20,0,0.1,8,62.5,0,8.07841,0,,730,590,,0,0,0,6.85
1602987679945,5,1010123456003,77,,1,0,8,1,1,,23.6589,343,569,0.987168,138,0,13,,0,0,0,0,0,0,0,0,0,,568,452,,0,0,0,0
1602987680195,5,1010123456003,77,,1,0,8,1,1,,23.2948,363,1019,0.969664,146,0,12.8,,0,0,0,0,0,0,0,0,0,,651,472,,0,0,0,0
1602987680445,5,1010123456003,77,,1,0,8,1,1,,22.7101,376,1140,0.989024,150,0,12.75,,6.65116,43,0,0.1,17,23.5294,0,9.48816,31,,631,492,,0,0,0,3.09302
1602987680695,5,1010123456003,77,,1,0,8,1,1,,23.7592,353,1206,0.981568,143,0,13,,0,0,0,0,0,0,0,0,0,,581,466,,0,0,0,0
1602987680945,5,1010123456003,77,,1,0,8,1,1,,23.2713,376,1312,0.981088,149,0,12.75,,0,0,0,0,0,0,0,0,0,,605,474,,0,0,0,0
1602987681195,5,1010123456003,77,,1,0,8,1,1,,23.4052,348,1433,0.986272,143,0,13,,0,0,0,0,0,0,0,0,0,,639,468,,0,0,0,0
1602987681445,5,1010123456003,77,,1,0,8,1,1,,24.226,354,1433,0.997408,141,0,13,,15.381,84,0,0.1,35,88.5714,0,6.29601,31,,597,460,,0,0,0,9
1602987681695,5,1010123456003,77,,1,0,8,1,1,,20.5946,370,0,0.978368,151,0,11,,15.5,8,0,0,3,100,0,0.138751,0,,686,568,,0,0,0,10
1602987681945,5,1010123456003,77,,1,0,8,1,1,,23.1397,358,379,0.967008,147,0,12.5,,0,0,0,0,0,0,0,0,0,,650,476,,0,0,0,0
1602987682195,5,1010123456003,77,,1,0,8,1,1,,23.0769,403,0,1.00714,160,0,12.75,,0,0,0,0,0,0,0,0,0,,651,494,,0,0,0,0
1602987682445,5,1010123456003,77,,1,0,8,1,1,,23.41,361,0,0.983392,142,0,13,,6.46667,30,0,0.1,12,25,0,6.96666,31,,603,468,,0,0,0,3.7
1602987682695,5,1010123456003,77,,1,0,8,1,1,,22.7899,357,549,0.987168,142,0,12.6667,,12,3,0,0,1,100,0,4.42583,0,,632,484,,0,0,0,10
1602987682945,5,1010123456003,77,,1,0,8,1,1,,23.7435,347,1021,0.989504,139,0,13,,0,0,0,0,0,0,0,0,0,,584,456,,0,0,0,0
1602987683195,5,1010123456003,77,,1,0,8,1,1,,23.4932,367,705,0.989056,147,0,13,,0,0,0,0,0,0,0,0,0,,566,472,,0,0,0,0
1602987683445,5,1010123456003,77,,1,0,8,1,1,,23.0166,362,1017,0.976928,148,0,12.75,,1.44231,52,0,0.1,21,0,0,6.4057,31,,624,478,,0,0,0,1.28846
1602987683695,5,1010123456003,77,,1,0,8,1,1,,23.2691,405,1309,0.979808,161,0,12.7143,,0,0,0,0,0,0,0,0,0,,678,482,,0,0,0,0
1602987683945,5,1010123456003,77,,1,0,8,1,1,,23.2157,357,1145,0.980768,145,0,13,,0,0,0,0,0,0,0,0,0,,604,474,,0,0,0,0
1602987684195,5,1010123456003,77,,1,0,8,1,1,,22.377,374,1086,0.980768,150,0,12,,0,0,0,0,0,0,0,0,0,,645,514,,0,0,0,0
1602987684445,5,1010123456003,77,,1,0,8,1,1,,23.8288,368,1433,0.994048,147,0,13,,6.35849,53,0,0.1,21,28.5714,0,7.19532,31,,576,462,,0,0,0,4
1602987684695,5,1010123456003,77,,1,0,8,1,1,,24.0262,344,0,0.989152,135,0,12.75,,0,0,0,0,0,0,0,0,0,,616,460,,0,0,0,0
1602987684945,5,1010123456003,77,,1,0,8,1,1,,23.4694,392,0,0.98736,156,0,13,,0,0,0,0,0,0,0,0,0,,587,484,,0,0,0,0
1602987685195,5,1010123456003,77,,1,0,8,1,1,,21.0345,406,0,0.979296,164,0,11.6,,0,0,0,0,0,0,0,0,0,,684,532,,0,0,0,0
1602987685445,5,1010123456003,77,,1,0,8,1,1,,23.3662,396,1492,0.948192,157,0,12.75,,0.409091,44,0,0.1,18,0,0,5.03804,31,,667,460,,0,0,0,1
1602987685695,5,1010123456003,77,,1,0,8,1,1,,23.0368,408,713,1.02717,166,0,12.5,,0,0,0,0,0,0,0,0,0,,642,508,,0,0,0,0
1602987685945,5,1010123456003,77,,1,0,8,1,1,,23.3561,351,1238,0.98416,145,0,12.6,,0,0,0,0,0,0,0,0,0,,590,468,,0,0,0,0
1602987686195,5,1010123456003,77,,1,0,8,1,1,,23.6291,337,1238,0.9928,141,0,13,,0,0,0,0,0,0,0,0,0,,584,462,,0,0,0,0
1602987686445,5,1010123456003,77,,1,0,8,1,1,,24.355,369,798,0.98064,141,0,13.1667,,0.44898,49,0,0.1,20,0,0,5.8177,31,,646,456,,0,0,0,1
1602987686695,5,1010123456003,77,,1,0,8,1,1,,24.181,326,1145,0.972032,132,0,13,,0,0,0,0,0,0,0,0,0,,559,446,,0,0,0,0
1602987686945,5,1010123456003,77,,1,0,8,1,1,,23.837,368,1277,0.987488,147,0,13,,0,0,0,0,0,0,0,0,0,,583,466,,0,0,0,0
1602987687195,5,1010123456003,77,,1,0,8,1,1,,23.1284,335,1433,0.98352,136,0,12.2,,0,0,0,0,0,0,0,0,0,,649,478,,0,0,0,0
1602987687445,5,1010123456003,77,,1,0,8,1,1,,20.5962,364,4035,0.882624,144,0,10.25,,7.01754,57,0,0.1,23,43.4783,0,6.55151,31,,702,530,,0,0,0,4.87719
1602987687695,5,1010123456003,77,,1,0,8,1,1,,22.5074,404,0,1.08099,161,0,12.5714,,0,0,0,0,0,0,0,0,0,,699,574,,0,0,0,0
1602987687945,5,1010123456003,77,,1,0,8,1,1,,22.9542,371,0,0.989216,151,0,12.6667,,0,0,0,0,0,0,0,0,0,,591,492,,0,0,0,0
1602987688195,5,1010123456003,77,,1,0,8,1,1,,23.9143,350,693,0.984832,146,0,13,,0,0,0,0,0,0,0,0,0,,601,458,,0,0,0,0
1602987688445,5,1010123456003,77,,1,0,8,1,1,,23.2705,366,65,0.988192,144,0,13,,4.58621,29,0,0.1,12,16.6667,0,8.29073,31,,604,488,,0,0,0,2.34483
1602987688695,5,1010123456003,77,,1,0,8,1,1,,23.8011,372,553,0.989152,150,0,12.8,,8,3,0,0.1,1,0,0,3.31813,0,,581,464,,0,0,0,4
1602987688945,5,1010123456003,77,,1,0,8,1,1,,23.5117,342,693,0.988128,142,0,13,,0,0,0,0,0,0,0,0,0,,606,462,,0,0,0,0
1602987689195,5,1010123456003,77,,1,0,8,1,1,,23.8277,354,1299,0.953184,140,0,13,,0,0,0,0,0,0,0,0,0,,615,450,,0,0,0,0
1602987689445,5,1010123456003,77,,1,0,8,1,1,,21.3422,374,1289,1.00787,156,0,10.6667,,4.81667,60,0,0.1,24,33.3333,0,6.16463,31,,699,548,,0,0,0,4.15
1602987689695,5,1010123456003,77,,1,0,8,1,1,,23.3187,386,1238,0.994688,153,0,13,,0,2,0,0.1,1,0,0,0,31,,590,474,,0,0,0,0
1602987689945,5,1010123456003,77,,1,0,8,1,1,,23.5185,351,1289,0.971712,139,0,13,,0,0,0,0,0,0,0,0,0,,589,466,,0,0,0,0
1602987690195,5,1010123456003,77,,1,0,8,1,1,,23.5592,338,1137,0.984992,136,0,12.6667,,0,0,0,0,0,0,0,0,0,,611,480,,0,0,0,0
1602987690445,5,1010123456003,77,,1,0,8,1,1,,22.4324,377,0,0.980096,149,0,12.6667,,14.45,20,0,0.1,7,57.1429,0,8.58153,31,,620,500,,0,0,0,6.5
1602987690695,5,1010123456003,77,,1,0,8,1,1,,24.0319,345,0,0.991296,140,0,13.1667,,0,0,0,0,0,0,0,0,0,,576,458,,0,0,0,0
1602987690945,5,1010123456003,77,,1,0,8,1,1,,23.904,375,130,0.980416,148,0,13,,0,0,0,0,0,0,0,0,0,,630,464,,0,0,0,0
1602987691195,5,1010123456003,77,,1,0,8,1,1,,24.4713,348,0,0.988992,138,0,13.2,,0,0,0,0,0,0,0,0,0,,570,456,,0,0,0,0
1602987691445,5,1010123456003,77,,1,0,8,1,1,,23.4917,362,0,0.984736,145,0,13.4,,0,0,0,0,0,0,0,0,0,,565,462,,0,0,0,0
1602987691695,5,1010123456003,77,,1,0,8,1,1,,23.6267,359,703,0.989184,146,0,13,,0.27451,51,0,0.1,20,0,0,6.69474,31,,593,466,,0,0,0,1
1602987691945,5,1010123456003,77,,1,0,8,1,1,,22.6192,386,533,0.989216,152,0,12.5,,0,0,0,0,0,0,0,0,0,,637,502,,0,0,0,0
1602987692195,5,1010123456003,77,,1,0,8,1,1,,23.7111,360,749,0.981696,144,0,13,,0,0,0,0,0,0,0,0,0,,590,460,,0,0,0,0
1602987692445,5,1010123456003,77,,1,0,8,1,1,,16.4332,374,5013,0.877248,149,0,8.6,,12.8,15,0,0.1,7,57.1429,0,12.2239,31,,752,632,,0,0,0,5.8
1602987692695,5,1010123456003,77,,1,0,8,1,1,,23.6082,365,1401,1.08518,146,0,11.75,,0,0,0,0,0,0,0,0,0,,620,516,,0,0,0,0
1602987692945,5,1010123456003,77,,1,0,8,1,1,,21.1005,428,1433,0.984064,170,0,12.6667,,0,0,0,0,0,0,0,0,0,,689,558,,0,0,0,0
1602987693195,5,1010123456003,77,,1,0,8,1,1,,21.4623,385,1433,0.973984,155,0,12.2,,0,0,0,0,0,0,0,0,0,,679,544,,0,0,0,0
1602987693445,5,1010123456003,77,,1,0,8,1,1,,22.7493,383,0,1.0007,150,0,12.6667,,5.76923,52,0,0.1,21,19.0476,0,7.5782,31,,630,492,,0,0,0,2.76923
1602987693695,5,1010123456003,77,,1,0,8,1,1,,19.3023,387,22,0.960544,154,0,11.2857,,0,0,0,0,0,0,0,0,0,,742,604,,0,0,0,0
1602987693945,5,1010123456003,77,,1,0,8,1,1,,22.6336,393,437,1.00813,162,0,12.6667,,0,0,0,0,0,0,0,0,0,,652,486,,0,0,0,0
1602987694195,5,1010123456003,77,,1,0,8,1,1,,23.4418,378,405,0.983552,149,0,12.8333,,0,0,0,0,0,0,0,0,0,,626,476,,0,0,0,0
1602987694445,5,1010123456003,77,,1,0,8,1,1,,21.6827,375,868,0.991648,155,0,12.2,,15,12,0,0,4,100,0,4.12544,0,,658,520,,0,0,0,10
1602987694695,5,1010123456003,77,,1,0,8,1,1,,24.1775,355,826,0.989216,142,0,13,,0,0,0,0,0,0,0,0,0,,585,462,,0,0,0,0
1602987694945,5,1010123456003,77,,1,0,8,1,1,,22.6055,398,857,0.98896,159,0,12.8,,0.1,8,0,0.1,3,0,0,4.80825,31,,600,506,,0,0,0,1
1602987695195,5,1010123456003,77,,1,0,8,1,1,,23.9045,356,1478,0.975104,143,0,13,,0,0,0,0,0,0,0,0,0,,624,444,,0,0,0,0
1602987695445,5,1010123456003,77,,1,0,8,1,1,,23.0154,389,1145,0.99088,159,0,12.8,,8.51515,33,0,0.1,14,42.8571,0,7.20947,31,,644,500,,0,0,0,4.90909
1602987695695,5,1010123456003,77,,1,0,8,1,1,,24.3943,317,1332,0.974944,126,0,12.8,,0,0,0,0,0,0,0,0,0,,585,442,,0,0,0,0
1602987695945,5,1010123456003,77,,1,0,8,1,1,,23.3477,394,1350,0.988608,156,0,13,,0,0,0,0,0,0,0,0,0,,633,482,,0,0,0,0
1602987696195,5,1010123456003,77,,1,0,8,1,1,,22.5121,371,1433,0.983936,151,0,12.6667,,0,0,0,0,0,0,0,0,0,,621,496,,0,0,0,0
1602987696445,5,1010123456003,77,,1,0,8,1,1,,22.3926,405,0,0.974944,161,0,12.3333,,1.34884,43,0,0.1,17,0,0,6.13877,31,,686,528,,0,0,0,1
1602987696695,5,1010123456003,77,,1,0,8,1,1,,21.9388,425,0,1.00211,172,0,12.1429,,0,0,0,0,0,0,0,0,0,,696,536,,0,0,0,0
1602987696945,5,1010123456003,77,,1,0,8,1,1,,22.6015,399,0,0.9864,159,0,13,,0,0,0,0,0,0,0,0,0,,635,504,,0,0,0,0
1602987697195,5,1010123456003,77,,1,0,8,1,1,,23.0751,373,0,0.988434,147,0,12.8,,0,0,0,0,0,0,0,0,0,,600,484,,0,0,0,0
1602987697445,5,1010123456003,77,,1,0,8,1,1,,21.3548,341,3729,0.903744,135,0,11.6,,3.61905,42,0,0.1,17,5.88235,0,7.42109,31,,647,472,,0,0,0,1.80952
1602987697695,5,1010123456003,77,,1,0,8,1,1,,20.5301,432,613,1.0696,173,0,11.5,,14,6,0,0.1,2,50,0,9.03204,0,,763,624,,0,0,0,5.5
1602987697945,5,1010123456003,77,,1,0,8,1,1,,21.6132,424,1001,0.979488,168,0,12.5,,0,0,0,0,0,0,0,0,0,,684,530,,0,0,0,0
1602987698195,5,1010123456003,77,,1,0,8,1,1,,22.8571,364,989,0.999488,147,0,12.8,,0,0,0,0,0,0,0,0,0,,612,484,,0,0,0,0
1602987698445,5,1010123456003,77,,1,0,8,1,1,,23.1515,363,1206,0.972096,144,0,12.75,,14.75,16,0,0.1,6,66.6667,0,7.20308,31,,610,476,,0,0,0,7.75
1602987698695,5,1010123456003,77,,1,0,8,1,1,,23.336,381,1089,0.975424,149,0,12.3333,,0,0,0,0,0,0,0,0,0,,578,484,,0,0,0,0
1602987698945,5,1010123456003,77,,1,0,8,1,1,,22.3807,394,1312,0.999328,158,0,12.75,,0,0,0,0,0,0,0,0,0,,639,508,,0,0,0,0
1602987699195,5,1010123456003,77,,1,0,8,1,1,,23.1108,370,1433,0.97008,145,0,12.6667,,0,0,0,0,0,0,0,0,0,,620,478,,0,0,0,0
1602987699445,5,1010123456003,77,,1,0,8,1,1,,22.4958,357,0,0.989856,147,0,13.25,,6.6,50,0,0.1,21,33.3333,0,6.24582,31,,641,496,,0,0,0,4.06
1602987699695,5,1010123456003,77,,1,0,8,1,1,,21.4111,377,0,0.989184,148,0,11.8,,0,0,0,0,0,0,0,0,0,,674,536,,0,0,0,0
1602987699945,5,1010123456003,77,,1,0,8,1,1,,20.3923,413,0,0.989248,164,0,11.5,,0,0,0,0,0,0,0,0,0,,714,578,,0,0,0,0
1602987700195,5,1010123456003,77,,1,0,8,1,1,,23.9333,345,461,0.978688,139,0,13.25,,0,0,0,0,0,0,0,0,0,,581,452,,0,0,0,0
1602987700445,5,1010123456003,77,,1,0,8,1,1,,23.2053,380,835,0.985824,155,0,12.6,,15,12,0,0,4,100,0,3.7302,0,,658,486,,0,0,0,10
1602987700695,5,1010123456003,77,,1,0,8,1,1,,23.8476,361,1001,0.951328,143,0,13,,0,0,0,0,0,0,0,0,0,,615,456,,0,0,0,0
1602987700945,5,1010123456003,77,,1,0,8,1,1,,24.1301,346,1054,1.024,143,0,13.3333,,0.1,7,0,0.1,3,0,0,4.01087,31,,578,454,,0,0,0,1
1602987701195,5,1010123456003,77,,1,0,8,1,1,,23.8269,335,1312,0.9712,139,0,12.6667,,0,0,0,0,0,0,0,0,0,,590,468,,0,0,0,0
1602987701445,5,1010123456003,77,,1,0,8,1,1,,20.7325,400,1137,0.984576,159,0,11.8333,,0.775,40,0,0.1,16,6.25,0,5.01568,31,,671,550,,0,0,0,1.675
1602987701695,5,1010123456003,77,,1,0,8,1,1,,21.5869,397,1433,0.990656,162,0,12.25,,6.23077,13,0,0.1,5,80,0,2.99477,0,,683,532,,0,0,0,8.61539
1602987701945,5,1010123456003,77,,1,0,8,1,1,,22.3142,401,1433,0.983712,162,0,12.4,,0,0,0,0,0,0,0,0,0,,682,514,,0,0,0,0
1602987702195,5,1010123456003,77,,1,0,8,1,1,,24.0028,362,1433,0.985216,147,0,13,,0,0,0,0,0,0,0,0,0,,590,462,,0,0,0,0
1602987702445,5,1010123456003,77,,1,0,8,1,1,,19.9398,399,1173,0.96208,158,0,11.3333,,0.92,50,0,0.1,20,0,0,5.55001,31,,685,528,,0,0,0,1
1602987702695,5,1010123456003,77,,1,0,8,1,1,,21.5325,400,0,1.00925,161,0,12,,0,2,0,0.1,1,0,0,0,0,,697,556,,0,0,0,0
1602987702945,5,1010123456003,77,,1,0,8,1,1,,23.172,372,0,1.00275,147,0,12.8,,0,0,0,0,0,0,0,0,0,,629,486,,0,0,0,0
1602987703195,5,1010123456003,77,,1,0,8,1,1,,24.0583,343,436,0.978464,139,0,13.2,,0,0,0,0,0,0,0,0,0,,569,444,,0,0,0,0
1602987703445,5,1010123456003,77,,1,0,8,1,1,,19.8201,417,572,0.989888,167,0,11,,1.82927,41,0,0.1,17,0,0,5.52977,31,,712,552,,0,0,0,1.07317
1602987703695,5,1010123456003,77,,1,0,8,1,1,,23.507,355,955,0.989792,146,0,12.25,,0.1,3,0,0.1,1,0,0,16.6865,0,,587,472,,0,0,0,1
1602987703945,5,1010123456003,77,,1,0,8,1,1,,21.9652,431,1231,0.965472,169,0,12.4,,0,0,0,0,0,0,0,0,0,,719,532,,0,0,0,0
1602987704195,5,1010123456003,77,,1,0,8,1,1,,23.3558,385,837,1.00048,157,0,12.8,,0,0,0,0,0,0,0,0,0,,623,486,,0,0,0,0
1602987704445,5,1010123456003,77,,1,0,8,1,1,,23.4259,378,2029,0.959424,153,0,12.8333,,13.5333,90,148725,0.1,36,88.8889,0,5.95944,31,,640,466,,0,0,0,8.96667
1602987704695,5,1010123456003,77,,1,0,8,1,1,,23.418,366,1433,1.00896,146,0,12.6667,,2.69565,23,0,0.1,9,33.3333,0,3.54912,0,,630,476,,0,0,0,3.73913
1602987704945,5,1010123456003,77,,1,0,8,1,1,,22.0904,387,1433,0.979296,153,0,12.6,,0,0,0,0,0,0,0,0,0,,663,512,,0,0,0,0
1602987705195,5,1010123456003,77,,1,0,8,1,1,,23.7349,347,0,0.984416,138,0,13,,0,0,0,0,0,0,0,0,0,,579,462,,0,0,0,0
1602987705445,5,1010123456003,77,,1,0,8,1,1,,22.7673,361,0,0.991008,149,0,12.8,,4.31034,58,0,0.1,22,18.1818,0,4.87077,31,,628,498,,0,0,0,2.93103
1602987705695,5,1010123456003,77,,1,0,8,1,1,,24.0964,363,401,0.98496,148,0,13.3333,,0,0,0,0,0,0,0,0,0,,631,452,,0,0,0,0
1602987705945,5,1010123456003,77,,1,0,8,1,1,,24.0426,352,446,0.983392,140,0,13,,0,0,0,0,0,0,0,0,0,,611,458,,0,0,0,0
1602987706195,5,1010123456003,77,,1,0,8,1,1,,23.2914,350,457,0.987328,141,0,13,,0,0,0,0,0,0,0,0,0,,615,480,,0,0,0,0
1602987706445,5,1010123456003,77,,1,0,8,1,1,,24.169,361,622,0.98832,144,0,13.4,,1.27273,44,0,0.1,18,0,0,6.74464,31,,575,446,,0,0,0,1.06818
1602987706695,5,1010123456003,77,,1,0,8,1,1,,21.832,387,2714,0.920544,152,0,12.3333,,0,0,0,0,0,0,0,0,0,,619,488,,0,0,0,0
1602987706945,5,1010123456003,77,,1,0,8,1,1,,22.6834,439,934,1.04474,174,0,12.4,,0,0,0,0,0,0,0,0,0,,711,526,,0,0,0,0
1602987707195,5,1010123456003,77,,1,0,8,1,1,,23.9438,338,841,0.976352,139,0,13.2,,0,0,0,0,0,0,0,0,0,,573,462,,0,0,0,0
1602987707445,5,1010123456003,77,,1,0,8,1,1,,22.4107,375,1433,0.991872,151,0,12.5,,3.08772,57,0,0.1,22,9.09091,0,6.86744,31,,615,496,,0,0,0,2.01754
1602987707695,5,1010123456003,77,,1,0,8,1,1,,23.6317,372,1382,0.972256,147,0,13,,0,0,0,0,0,0,0,0,0,,611,468,,0,0,0,0
1602987707945,5,1010123456003,77,,1,0,8,1,1,,23.3265,389,1753,0.98368,153,0,12.4,,0,0,0,0,0,0,0,0,0,,599,482,,0,0,0,0
1602987708195,5,1010123456003,77,,1,0,8,1,1,,23.177,356,0,1.01898,150,0,13.5,,0,0,0,0,0,0,0,0,0,,618,486,,0,0,0,0
1602987708445,5,1010123456003,77,,1,0,8,1,1,,23.8394,330,0,0.953248,130,0,13,,12.0769,13,0,0.1,5,40,0,9.36273,31,,613,458,,0,0,0,5.07692
1602987708695,5,1010123456003,77,,1,0,8,1,1,,24.3743,342,666,0.978848,141,0,12.6,,0,0,0,0,0,0,0,0,0,,615,446,,0,0,0,0
1602987708945,5,1010123456003,77,,1,0,8,1,1,,21.8723,423,561,0.999136,169,0,12.4,,0,0,0,0,0,0,0,0,0,,688,536,,0,0,0,0
1602987709195,5,1010123456003,77,,1,0,8,1,1,,23.965,343,477,0.986624,140,0,13,,0,0,0,0,0,0,0,0,0,,663,458,,0,0,0,0
1602987709445,5,1010123456003,77,,1,0,8,1,1,,22.672,378,265,0.988352,153,0,12.6667,,2.48333,60,0,0.1,25,16,0,5.79242,31,,614,496,,0,0,0,2.25
1602987709695,5,1010123456003,77,,1,0,8,1,1,,23.7251,382,1006,0.978624,150,0,13,,0,0,0,0,0,0,0,0,0,,615,454,,0,0,0,0
1602987709945,5,1010123456003,77,,1,0,8,1,1,,23.7237,380,895,1.00115,154,0,13,,0,0,0,0,0,0,0,0,0,,631,470,,0,0,0,0
1602987710195,5,1010123456003,77,,1,0,8,1,1,,24.2251,351,993,0.980544,135,0,13.6667,,0,0,0,0,0,0,0,0,0,,575,440,,0,0,0,0
1602987710445,5,1010123456003,77,,1,0,8,1,1,,23.4665,418,1206,0.979776,168,0,12.8333,,1.53488,43,0,0.1,17,0,0,6.19658,31,,690,468,,0,0,0,1.04651
1602987710695,5,1010123456003,77,,1,0,8,1,1,,20.3852,405,1289,0.984768,166,0,11.8333,,0,0,0,0,0,0,0,0,0,,713,564,,0,0,0,0
1602987710945,5,1010123456003,77,,1,0,8,1,1,,23.9766,384,1433,0.979488,154,0,13,,0,0,0,0,0,0,0,0,0,,625,462,,0,0,0,0
1602987711195,5,1010123456003,77,,1,0,8,1,1,,21.0936,438,0,0.9936,174,0,11.6667,,0,0,0,0,0,0,0,0,0,,726,556,,0,0,0,0
1602987711445,5,1010123456003,77,,1,0,8,1,1,,19.6094,361,3938,0.890144,145,0,11.3333,,5.39623,53,0,0.1,21,28.5714,0,6.12156,31,,627,516,,0,0,0,3.71698
1602987711695,5,1010123456003,77,,1,0,8,1,1,,21.9259,432,744,1.07354,173,0,12.6,,0,0,0,0,0,0,0,0,0,,730,566,,0,0,0,0
1602987711945,5,1010123456003,77,,1,0,8,1,1,,23.7506,385,245,0.990176,152,0,13,,0,0,0,0,0,0,0,0,0,,596,470,,0,0,0,0
1602987712195,5,1010123456003,77,,1,0,8,1,1,,23.7308,364,553,0.987712,148,0,13.1667,,0,0,0,0,0,0,0,0,0,,589,464,,0,0,0,0
1602987712445,5,1010123456003,77,,1,0,8,1,1,,23.9974,381,789,0.989376,154,0,13,,11.2,15,0,0.1,5,80,0,6.75266,31,,595,464,,0,0,0,8.2
1602987712695,5,1010123456003,77,,1,0,8,1,1,,24.1261,357,1137,0.98896,145,0,13,,0,0,0,0,0,0,0,0,0,,566,452,,0,0,0,0
1602987712945,5,1010123456003,77,,1,0,8,1,1,,22.8137,408,865,0.95568,160,0,12.6667,,0.1,13,0,0.1,5,0,0,7.06739,31,,634,496,,0,0,0,1
1602987713195,5,1010123456003,77,,1,0,8,1,1,,23.0414,362,993,1.00416,149,0,12.8333,,0,0,0,0,0,0,0,0,0,,635,480,,0,0,0,0
1602987713445,5,1010123456003,77,,1,0,8,1,1,,23.9943,350,2377,0.959776,143,0,13.5,,13.3425,73,0,0.1,31,80.6452,0,7.02857,31,,575,440,,0,0,0,8.05479
1602987713695,5,1010123456003,77,,1,0,8,1,1,,23.8779,385,1574,0.995552,149,0,12.8571,,14,3,0,0,1,100,0,0.538702,0,,627,474,,0,0,0,10
1602987713945,5,1010123456003,77,,1,0,8,1,1,,22.7225,418,1433,0.999008,172,0,12.5,,0,0,0,0,0,0,0,0,0,,685,514,,0,0,0,0
1602987714195,5,1010123456003,77,,1,0,8,1,1,,23.3253,375,0,0.988512,150,0,13,,0,0,0,0,0,0,0,0,0,,600,474,,0,0,0,0
1602987714445,5,1010123456003,77,,1,0,8,1,1,,21.0886,350,4215,0.881952,146,0,11.1667,,6.18182,55,0,0.1,22,27.2727,0,6.82083,31,,693,500,,0,0,0,3.61818
1602987714695,5,1010123456003,77,,1,0,8,1,1,,20.8857,385,253,1.08454,157,0,12.6,,0.1,3,0,0.1,1,0,0,20.7731,31,,791,656,,0,0,0,1
1602987714945,5,1010123456003,77,,1,0,8,1,1,,22.6995,396,541,0.985056,162,0,12.6667,,0,0,0,0,0,0,0,0,0,,677,492,,0,0,0,0
1602987715195,5,1010123456003,77,,1,0,8,1,1,,23.3561,351,693,0.988544,142,0,12.8,,0,0,0,0,0,0,0,0,0,,619,474,,0,0,0,0
1602987715445,5,1010123456003,77,,1,0,8,1,1,,23.3371,350,962,0.988064,141,0,13,,9.25,12,0,0.1,5,20,0,13.2363,31,,614,466,,0,0,0,3.16667
1602987715695,5,1010123456003,77,,1,0,8,1,1,,20.1286,381,790,0.98928,152,0,11.5,,0,0,0,0,0,0,0,0,0,,689,548,,0,0,0,0
1602987715945,5,1010123456003,77,,1,0,8,1,1,,23.5409,342,1001,0.988832,138,0,12.75,,0,0,0,0,0,0,0,0,0,,596,472,,0,0,0,0
1602987716195,5,1010123456003,77,,1,0,8,1,1,,22.9617,366,1177,0.968512,148,0,12.75,,0,0,0,0,0,0,0,0,0,,614,486,,0,0,0,0
1602987716445,5,1010123456003,77,,1,0,8,1,1,,22.6477,386,1145,0.989984,158,0,12.6,,9,20,0,0.1,7,57.1429,0,8.24079,31,,664,506,,0,0,0,6.4
1602987716695,5,1010123456003,77,,1,0,8,1,1,,23.4189,370,1238,0.993024,148,0,12.8333,,0,0,0,0,0,0,0,0,0,,650,476,,0,0,0,0
1602987716945,5,1010123456003,77,,1,0,8,1,1,,23.0294,408,1287,0.9608,159,0,12.8,,0,0,0,0,0,0,0,0,0,,662,482,,0,0,0,0
1602987717195,5,1010123456003,77,,1,0,8,1,1,,23.9579,356,0,0.99728,146,0,13,,0,0,0,0,0,0,0,0,0,,578,458,,0,0,0,0
1602987717445,5,1010123456003,77,,1,0,8,1,1,,23.6898,361,0,0.98896,143,0,13,,4.43243,37,0,0.1,15,26.6667,0,8.10361,31,,594,466,,0,0,0,3.62162
1602987717695,5,1010123456003,77,,1,0,8,1,1,,23.8287,327,177,0.981952,133,0,13,,0,0,0,0,0,0,0,0,0,,581,456,,0,0,0,0
1602987717945,5,1010123456003,77,,1,0,8,1,1,,19.7886,350,3754,0.874112,140,0,10.2,,0,0,0,0,0,0,0,0,0,,720,564,,0,0,0,0
1602987718195,5,1010123456003,77,,1,0,8,1,1,,18.9908,327,9496,0.801088,132,0,10.4,,0,0,0,0,0,0,0,0,0,,720,558,,0,0,0,0
1602987718445,5,1010123456003,77,,1,0,8,1,1,,23.3213,417,1289,1.28208,172,0,12.6667,,4.34247,73,0,0.1,29,10.3448,0,7.08619,31,,709,598,,0,0,0,2.53425
1602987718695,5,1010123456003,77,,1,0,8,1,1,,23.8034,407,697,0.976832,160,0,13,,0,0,0,0,0,0,0,0,0,,630,468,,0,0,0,0
1602987718945,5,1010123456003,77,,1,0,8,1,1,,22.4406,404,1003,0.97856,156,0,12.3333,,0,0,0,0,0,0,0,0,0,,645,498,,0,0,0,0
1602987719195,5,1010123456003,77,,1,0,8,1,1,,22.8844,372,1137,0.982048,156,0,12.5,,0,0,0,0,0,0,0,0,0,,652,490,,0,0,0,0
1602987719445,5,1010123456003,77,,1,0,8,1,1,,23.9044,366,1433,1.00317,150,0,13,,2.21951,41,0,0.1,16,0,0,5.83299,31,,643,454,,0,0,0,1.14634
1602987719695,5,1010123456003,77,,1,0,8,1,1,,23.6629,353,1433,0.978592,142,0,13.1667,,0,0,0,0,0,0,0,0,0,,578,464,,0,0,0,0
1602987719945,5,1010123456003,77,,1,0,8,1,1,,22.437,373,0,0.972672,145,0,12.4,,0,0,0,0,0,0,0,0,0,,642,508,,0,0,0,0
1602987720195,5,1010123456003,77,,1,0,8,1,1,,23.9762,336,0,0.995072,136,0,13.2,,0,0,0,0,0,0,0,0,0,,611,460,,0,0,0,0
1602987720445,5,1010123456003,77,,1,0,8,1,1,,24.2974,380,0,0.990752,149,0,13,,12.9231,13,148854,0.1,5,40,0,10.7117,31,,612,450,,0,0,0,5.15385
1602987720695,5,1010123456003,77,,1,0,8,1,1,,23.0307,391,440,0.975936,155,0,13,,15.5909,44,0,0.143872,18,55.5556,0,9.31455,0,,600,472,,0,0,0,6.04545
1602987720945,5,1010123456003,77,,1,0,8,1,1,,22.8854,384,733,0.98976,154,0,12.6,,0,0,0,0,0,0,0,0,0,,618,500,,0,0,0,0
1602987721195,5,1010123456003,77,,1,0,8,1,1,,23.2069,348,993,0.987616,141,0,12.8,,0,0,0,0,0,0,0,0,0,,607,472,,0,0,0,0
1602987721445,5,1010123456003,77,,1,0,8,1,1,,23.4961,389,1145,0.98656,156,0,12.8,,14,3,0,0.1,1,0,0,17.1339,31,,615,476,,0,0,0,1
1602987721695,5,1010123456003,77,,1,0,8,1,1,,20.4485,408,893,0.975712,165,0,12.75,,14,9,0,0,4,100,0,4.54298,0,,715,596,,0,0,0,10
1602987721945,5,1010123456003,77,,1,0,8,1,1,,25.0694,317,1189,0.986688,130,0,13,,4.76,25,0,0.1,10,0,0,6.53964,31,,537,410,,0,0,0,1.52
1602987722195,5,1010123456003,77,,1,0,8,1,1,,23.4349,407,597,0.987968,160,0,13,,0,0,0,0,0,0,0,0,0,,637,478,,0,0,0,0
1602987722445,5,1010123456003,77,,1,0,8,1,1,,23.2156,371,1118,1.00214,155,0,13,,7.78571,42,94,0.1,16,37.5,0,6.753,31,,630,472,,0,0,0,4.54762
1602987722695,5,1010123456003,77,,1,0,8,1,1,,23.663,359,1277,0.969728,144,0,12.8,,1.4,10,0,0.1,4,0,0,4.85405,31,,597,470,,0,0,0,1
1602987722945,5,1010123456003,77,,1,0,8,1,1,,24.0725,331,0,0.98384,136,0,13.6,,0,0,0,0,0,0,0,0,0,,582,450,,0,0,0,0
1602987723195,5,1010123456003,77,,1,0,8,1,1,,23.2437,394,0,0.990656,155,0,13,,0,0,0,0,0,0,0,0,0,,625,490,,0,0,0,0
1602987723445,5,1010123456003,77,,1,0,8,1,1,,24.5833,348,0,0.984544,143,0,13,,0.666667,42,0,0.1,17,0,0,5.87713,31,,613,446,,0,0,0,1
1602987723695,5,1010123456003,77,,1,0,8,1,1,,23.3109,386,233,0.98384,153,0,12.8333,,0,0,0,0,0,0,0,0,0,,681,460,,0,0,0,0
1602987723945,5,1010123456003,77,,1,0,8,1,1,,22.6846,371,798,0.983072,145,0,12.8,,0,0,0,0,0,0,0,0,0,,598,490,,0,0,0,0
1602987724195,5,1010123456003,77,,1,0,8,1,1,,23.1709,351,850,0.987744,142,0,12.75,,0,0,0,0,0,0,0,0,0,,593,478,,0,0,0,0
1602987724445,5,1010123456003,77,,1,0,8,1,1,,22.9524,378,993,0.987904,154,0,12.4,,3.72414,58,0,0.1,23,26.087,0,7.8558,31,,655,490,,0,0,0,3.17241
1602987724695,5,1010123456003,77,,1,0,8,1,1,,23.3801,371,1133,0.9856,152,0,12.3333,,0,0,0,0,0,0,0,0,0,,593,478,,0,0,0,0
1602987724945,5,1010123456003,77,,1,0,8,1,1,,20.347,389,1133,0.957184,151,0,9.75,,0,0,0,0,0,0,0,0,0,,745,576,,0,0,0,0
1602987725195,5,1010123456003,77,,1,0,8,1,1,,24.2688,372,1045,1.00438,149,0,13,,0,0,0,0,0,0,0,0,0,,586,458,,0,0,0,0
1602987725445,5,1010123456003,77,,1,0,8,1,1,,24.3075,348,1433,0.977472,138,0,13.3333,,0.489796,49,0,0.1,20,0,0,6.55902,31,,549,438,,0,0,0,1.06122
1602987725695,5,1010123456003,77,,1,0,8,1,1,,23.3917,360,1433,0.977984,142,0,13.1429,,0,0,0,0,0,0,0,0,0,,609,472,,0,0,0,0
1602987725945,5,1010123456003,77,,1,0,8,1,1,,21.094,383,0,0.997696,150,0,10.4,,0,0,0,0,0,0,0,0,0,,700,580,,0,0,0,0
1602987726195,5,1010123456003,77,,1,0,8,1,1,,22.6503,406,0,0.989472,165,0,12.3333,,0,0,0,0,0,0,0,0,0,,687,510,,0,0,0,0
1602987726445,5,1010123456003,77,,1,0,8,1,1,,23.035,429,276,0.976928,169,0,12.6,,6.94286,35,0,0.1,14,35.7143,0,6.08705,31,,709,488,,0,0,0,4.42857
1602987726695,5,1010123456003,77,,1,0,8,1,1,,23.5083,362,561,0.98816,146,0,13,,0,0,0,0,0,0,0,0,0,,584,464,,0,0,0,0
1602987726945,5,1010123456003,77,,1,0,8,1,1,,22.9227,388,1100,0.966464,157,0,12.6,,0,0,0,0,0,0,0,0,0,,656,486,,0,0,0,0
1602987727195,5,1010123456003,77,,1,0,8,1,1,,22.9948,384,604,1.01296,157,0,12.75,,0,0,0,0,0,0,0,0,0,,618,492,,0,0,0,0
1602987727445,5,1010123456003,77,,1,0,8,1,1,,21.7481,389,913,0.984224,158,0,12,,13.5867,75,0,0.1,32,78.125,0,6.93483,31,,646,526,,0,0,0,8.16
1602987727695,5,1010123456003,77,,1,0,8,1,1,,18.5755,417,1238,0.988576,167,0,9,,14.6667,21,0,0.1,9,88.8889,0,3.50345,0,,752,646,,0,0,0,9.14286
1602987727945,5,1010123456003,77,,1,0,8,1,1,,23.6257,366,1393,0.972288,146,0,13,,0,0,0,0,0,0,0,0,0,,609,470,,0,0,0,0
1602987728195,5,1010123456003,77,,1,0,8,1,1,,22.828,436,1433,0.992256,178,0,12.8,,0,0,0,0,0,0,0,0,0,,720,494,,0,0,0,0
1602987728445,5,1010123456003,77,,1,0,8,1,1,,22.7132,394,1358,0.986944,156,0,12.6,,4.96296,27,0,0.1,11,0,0,6.32996,31,,616,502,,0,0,0,2.07407
1602987728695,5,1010123456003,77,,1,0,8,1,1,,23.9213,356,1433,0.977824,142,0,13,,0,0,0,0,0,0,0,0,0,,589,458,,0,0,0,0
1602987728945,5,1010123456003,77,,1,0,8,1,1,,23.525,360,0,0.980928,144,0,13,,0,0,0,0,0,0,0,0,0,,589,468,,0,0,0,0
1602987729195,5,1010123456003,77,,1,0,8,1,1,,23.9573,351,490,0.983584,141,0,13,,0,0,0,0,0,0,0,0,0,,611,454,,0,0,0,0
1602987729445,5,1010123456003,77,,1,0,8,1,1,,19.8929,420,3897,0.90704,168,0,11.2,,3.96078,51,0,0.1,20,30,0,5.86914,31,,701,506,,0,0,0,3.82353
1602987729695,5,1010123456003,77,,1,0,8,1,1,,20.3054,406,1569,1.06093,164,0,11.4,,0,0,0,0,0,0,0,0,0,,769,594,,0,0,0,0
1602987729945,5,1010123456003,77,,1,0,8,1,1,,21.3379,438,129,1.00224,174,0,13,,0,0,0,0,0,0,0,0,0,,696,546,,0,0,0,0
1602987730195,5,1010123456003,77,,1,0,8,1,1,,23.9721,359,620,0.987488,146,0,13,,0,0,0,0,0,0,0,0,0,,605,452,,0,0,0,0
1602987730445,5,1010123456003,77,,1,0,8,1,1,,21.0071,423,693,0.98976,172,0,11.8333,,1.43478,46,0,0.1,18,0,0,6.81178,31,,731,566,,0,0,0,1.30435
1602987730695,5,1010123456003,77,,1,0,8,1,1,,23.5085,354,1533,0.94208,141,0,13,,0,0,0,0,0,0,0,0,0,,620,454,,0,0,0,0
1602987730945,5,1010123456003,77,,1,0,8,1,1,,24.4079,353,1289,1.02506,147,0,13.2,,0,0,0,0,0,0,0,0,0,,599,454,,0,0,0,0
1602987731195,5,1010123456003,77,,1,0,8,1,1,,23.3005,366,1086,0.9744,145,0,12.8,,0.1,3,0,0.1,1,0,0,6.61983,31,,631,476,,0,0,0,1
1602987731445,5,1010123456003,77,,1,0,8,1,1,,21.2921,380,1137,0.975296,152,0,11.5,,8.4375,32,0,0.1,12,33.3333,0,7.70938,31,,676,548,,0,0,0,5
1602987731695,5,1010123456003,77,,1,0,8,1,1,,22.9436,337,1433,0.978848,137,0,12.6,,0,0,0,0,0,0,0,0,0,,622,482,,0,0,0,0
1602987731945,5,1010123456003,77,,1,0,8,1,1,,22.8589,411,0,0.99776,163,0,12.8,,0,0,0,0,0,0,0,0,0,,654,496,,0,0,0,0
1602987732195,5,1010123456003,77,,1,0,8,1,1,,23.9895,379,0,0.989184,150,0,13.2,,0,0,0,0,0,0,0,0,0,,603,464,,0,0,0,0
1602987732445,5,1010123456003,77,,1,0,8,1,1,,24.1144,367,0,0.984544,147,0,13,,2.56522,46,0,0.1,19,21.0526,0,5.69375,31,,567,462,,0,0,0,2.56522
1602987732695,5,1010123456003,77,,1,0,8,1,1,,23.8168,404,597,0.98464,162,0,13,,0,0,0,0,0,0,0,0,0,,649,450,,0,0,0,0
1602987732945,5,1010123456003,77,,1,0,8,1,1,,23.0836,371,1133,0.988512,153,0,12.8,,0,0,0,0,0,0,0,0,0,,620,484,,0,0,0,0
1602987733195,5,1010123456003,77,,1,0,8,1,1,,22.466,382,994,0.983488,154,0,12.8,,0,0,0,0,0,0,0,0,0,,620,500,,0,0,0,0
1602987733445,5,1010123456003,77,,1,0,8,1,1,,23.8395,349,1001,0.989696,141,0,13,,1.06977,43,0,0.1,17,0,0,6.88641,31,,594,460,,0,0,0,1.04651
1602987733695,5,1010123456003,77,,1,0,8,1,1,,23.6548,394,453,0.993248,160,0,13,,0,0,0,0,0,0,0,0,0,,602,482,,0,0,0,0
1602987733945,5,1010123456003,77,,1,0,8,1,1,,23.1629,356,1433,0.961504,144,0,12.8,,0,0,0,0,0,0,0,0,0,,594,470,,0,0,0,0
1602987734195,5,1010123456003,77,,1,0,8,1,1,,24.1341,328,1238,0.985568,133,0,13,,0,0,0,0,0,0,0,0,0,,594,454,,0,0,0,0
1602987734445,5,1010123456003,77,,1,0,8,1,1,,23.1261,349,1350,0.981152,143,0,13,,7.70588,34,0,0.1,14,28.5714,0,6.83603,31,,595,474,,0,0,0,4.61765
1602987734695,5,1010123456003,77,,1,0,8,1,1,,23.3873,377,0,0.988288,155,0,12.8333,,0,0,0,0,0,0,0,0,0,,637,476,,0,0,0,0
1602987734945,5,1010123456003,77,,1,0,8,1,1,,23.7362,345,0,0.982624,137,0,12.8,,0,0,0,0,0,0,0,0,0,,609,466,,0,0,0,0
1602987735195,5,1010123456003,77,,1,0,8,1,1,,22.7312,372,101,0.988896,147,0,12.75,,0,0,0,0,0,0,0,0,0,,600,498,,0,0,0,0
1602987735445,5,1010123456003,77,,1,0,8,1,1,,23.9576,377,2574,0.931648,154,0,13,,1.02174,46,0,0.1,19,0,0,5.37708,31,,644,422,,0,0,0,1.06522
1602987735695,5,1010123456003,77,,1,0,8,1,1,,23.5746,362,753,1.03898,144,0,13,,0,0,0,0,0,0,0,0,0,,629,494,,0,0,0,0
1602987735945,5,1010123456003,77,,1,0,8,1,1,,23.6845,374,101,0.989376,148,0,13,,0,0,0,0,0,0,0,0,0,,618,478,,0,0,0,0
1602987736195,5,1010123456003,77,,1,0,8,1,1,,23.7565,386,405,0.989376,150,0,13,,0,0,0,0,0,0,0,0,0,,609,454,,0,0,0,0
1602987736445,5,1010123456003,77,,1,0,8,1,1,,22.158,386,105,0.989696,157,0,12.6667,,0,10,0,0.1,5,80,0,0,31,,605,512,,0,0,0,0
1602987736695,5,1010123456003,77,,1,0,8,1,1,,23.9767,343,993,0.971424,135,0,13,,0,0,0,0,0,0,0,0,0,,571,446,,0,0,0,0
1602987736945,5,1010123456003,77,,1,0,8,1,1,,21.6228,334,2823,0.957952,133,0,10.5,,0.1,8,0,0.1,3,0,0,17.0653,31,,605,512,,0,0,0,1
1602987737195,5,1010123456003,77,,1,0,8,1,1,,22.1367,373,1350,1.01898,147,0,13,,15,5,0,0.1,2,50,0,8.72428,31,,700,546,,0,0,0,6.4
1602987737445,5,1010123456003,77,,1,0,8,1,1,,23.2961,358,1433,0.976224,142,0,13.4,,7.94203,69,0,0.1,27,37.037,0,8.61958,31,,603,472,,0,0,0,4.53623
1602987737695,5,1010123456003,77,,1,0,8,1,1,,23.8408,402,0,0.98512,162,0,13,,0,0,0,0,0,0,0,0,0,,645,468,,0,0,0,0
1602987737945,5,1010123456003,77,,1,0,8,1,1,,21.7554,372,1384,0.964832,146,0,11.8333,,0,0,0,0,0,0,0,0,0,,629,502,,0,0,0,0
1602987738195,5,1010123456003,77,,1,0,8,1,1,,23.1542,415,101,1.0113,167,0,13,,0,0,0,0,0,0,0,0,0,,676,500,,0,0,0,0
1602987738445,5,1010123456003,77,,1,0,8,1,1,,20.5871,402,0,0.98016,163,0,11.6,,0,0,0,0,0,0,0,0,0,,674,556,,0,0,0,0
1602987738695,5,1010123456003,77,,1,0,8,1,1,,17.635,400,1476,0.948896,158,0,10.6,,9,17,0,0.1,7,57.1429,0,7.62807,31,,808,644,,0,0,0,5.23529
1602987738945,5,1010123456003,77,,1,0,8,1,1,,22.1791,374,1472,1.00861,151,0,12,,0,0,0,0,0,0,0,0,0,,645,510,,0,0,0,0
1602987739195,5,1010123456003,77,,1,0,8,1,1,,22.3673,343,1137,1.00285,143,0,13,,0,0,0,0,0,0,0,0,0,,637,508,,0,0,0,0
1602987739445,5,1010123456003,77,,1,0,8,1,1,,23.4015,401,553,0.991296,157,0,13,,1.53846,39,0,0.1,16,0,0,4.97324,31,,647,476,,0,0,0,1.23077
1602987739695,5,1010123456003,77,,1,0,8,1,1,,23.9041,365,1289,0.973984,147,0,13.25,,0,0,0,0,0,0,0,0,0,,572,444,,0,0,0,0
1602987739945,5,1010123456003,77,,1,0,8,1,1,,23.728,397,1054,0.974496,158,0,12.8333,,0,0,0,0,0,0,0,0,0,,679,472,,0,0,0,0
1602987740195,5,1010123456003,77,,1,0,8,1,1,,22.7077,349,1433,0.977952,141,0,12.2,,0,0,0,0,0,0,0,0,0,,635,494,,0,0,0,0
1602987740445,5,1010123456003,77,,1,0,8,1,1,,23.1508,378,1433,1.00694,153,0,13,,13.25,16,0,0.1,6,66.6667,0,6.70452,31,,600,480,,0,0,0,8
1602987740695,5,1010123456003,77,,1,0,8,1,1,,22.6631,377,0,0.97664,147,0,12.6667,,0,0,0,0,0,0,0,0,0,,592,492,,0,0,0,0
1602987740945,5,1010123456003,77,,1,0,8,1,1,,23.8135,386,0,0.989088,151,0,12.8333,,0,0,0,0,0,0,0,0,0,,615,462,,0,0,0,0
1602987741195,5,1010123456003,77,,1,0,8,1,1,,23.0769,364,397,0.983104,148,0,12.6,,0,0,0,0,0,0,0,0,0,,608,480,,0,0,0,0
1602987741445,5,1010123456003,77,,1,0,8,1,1,,23.5134,337,420,0.98608,135,0,12.8,,10,12,148854,0.1,5,40,0,10.5657,31,,624,470,,0,0,0,4.5
1602987741695,5,1010123456003,77,,1,0,8,1,1,,23.2141,355,705,0.989216,145,0,13,,15.8537,41,0,0.125536,17,58.8235,0,8.33677,0,,609,474,,0,0,0,6.56098
1602987741945,5,1010123456003,77,,1,0,8,1,1,,23.9413,341,1094,0.988224,139,0,13,,0,0,0,0,0,0,0,0,0,,578,456,,0,0,0,0
1602987742195,5,1010123456003,77,,1,0,8,1,1,,19.1343,335,7137,0.780704,133,0,9.5,,0,0,0,0,0,0,0,0,0,,743,526,,0,0,0,0
1602987742445,5,1010123456003,77,,1,0,8,1,1,,22.3698,430,1070,1.17395,172,0,12.5,,7.28169,71,0,0.1,28,28.5714,0,9.73411,31,,741,600,,0,0,0,3.87324
1602987742695,5,1010123456003,77,,1,0,8,1,1,,22.9506,405,1289,1.00477,166,0,13,,0,0,0,0,0,0,0,0,0,,647,478,,0,0,0,0
1602987742945,5,1010123456003,77,,1,0,8,1,1,,23.7354,393,1289,0.975936,156,0,12.8333,,0,0,0,0,0,0,0,0,0,,628,470,,0,0,0,0
1602987743195,5,1010123456003,77,,1,0,8,1,1,,23.7481,401,1382,0.97984,163,0,13,,0,0,0,0,0,0,0,0,0,,637,468,,0,0,0,0
1602987743445,5,1010123456003,77,,1,0,8,1,1,,23.633,376,2934,0.938176,148,0,13,,12.75,60,0,0.119968,24,58.3333,0,7.05186,31,,602,444,,0,0,0,6.95
1602987743695,5,1010123456003,77,,1,0,8,1,1,,24.1762,369,0,1.03216,151,0,13,,0,0,0,0,0,0,0,0,0,,608,478,,0,0,0,0
1602987743945,5,1010123456003,77,,1,0,8,1,1,,22.3286,356,0,0.985056,146,0,12.5,,0,0,0,0,0,0,0,0,0,,625,502,,0,0,0,0
1602987744195,5,1010123456003,77,,1,0,8,1,1,,22.9355,341,557,0.978752,137,0,12.8,,0,0,0,0,0,0,0,0,0,,618,472,,0,0,0,0
1602987744445,5,1010123456003,77,,1,0,8,1,1,,23.1617,402,109,0.990304,161,0,12.8,,1.37143,35,0,0.1,14,0,0,5.18833,31,,667,496,,0,0,0,1
1602987744695,5,1010123456003,77,,1,0,8,1,1,,22.4293,403,561,0.989344,161,0,12.75,,0,0,0,0,0,0,0,0,0,,651,508,,0,0,0,0
1602987744945,5,1010123456003,77,,1,0,8,1,1,,23.8396,374,892,0.989472,149,0,13,,0,0,0,0,0,0,0,0,0,,564,452,,0,0,0,0
1602987745195,5,1010123456003,77,,1,0,8,1,1,,23.6983,358,993,0.984288,145,0,13.1667,,0,0,0,0,0,0,0,0,0,,606,462,,0,0,0,0
1602987745445,5,1010123456003,77,,1,0,8,1,1,,23.9124,354,1206,0.980128,142,0,13,,0.408163,49,0,0.1,20,0,0,6.28961,31,,586,458,,0,0,0,1
1602987745695,5,1010123456003,77,,1,0,8,1,1,,23.4293,368,1277,1.00173,151,0,13,,0,0,0,0,0,0,0,0,0,,596,472,,0,0,0,0
1602987745945,5,1010123456003,77,,1,0,8,1,1,,24.1738,351,1433,0.95536,136,0,13.1667,,0,0,0,0,0,0,0,0,0,,579,452,,0,0,0,0
1602987746195,5,1010123456003,77,,1,0,8,1,1,,22.7437,398,1433,0.991904,160,0,12.4,,0,0,0,0,0,0,0,0,0,,652,504,,0,0,0,0
1602987746445,5,1010123456003,77,,1,0,8,1,1,,22.1355,428,0,0.968864,167,0,11.8333,,1.62791,43,0,0.1,17,0,0,6.02884,31,,737,510,,0,0,0,1
1602987746695,5,1010123456003,77,,1,0,8,1,1,,22.9321,383,0,1.0056,156,0,12.8,,0,0,0,0,0,0,0,0,0,,660,486,,0,0,0,0
1602987746945,5,1010123456003,77,,1,0,8,1,1,,22.7701,361,1398,0.961088,148,0,12.75,,0,0,0,0,0,0,0,0,0,,601,468,,0,0,0,0
1602987747195,5,1010123456003,77,,1,0,8,1,1,,22.289,391,0,1.00803,154,0,12.3333,,0,0,0,0,0,0,0,0,0,,671,536,,0,0,0,0
1602987747445,5,1010123456003,77,,1,0,8,1,1,,23.7936,373,1240,0.962464,155,0,13,,0.45,40,0,0.1,17,0,0,6.19503,31,,650,454,,0,0,0,1
1602987747695,5,1010123456003,77,,1,0,8,1,1,,23.8895,389,684,1.01082,155,0,12.75,,0.1,3,0,0.1,1,0,0,3.82354,0,,609,476,,0,0,0,1
1602987747945,5,1010123456003,77,,1,0,8,1,1,,23.118,373,766,0.970016,155,0,13,,0,0,0,0,0,0,0,0,0,,643,480,,0,0,0,0
1602987748195,5,1010123456003,77,,1,0,8,1,1,,22.8,360,1001,1.00867,149,0,12.5,,0,0,0,0,0,0,0,0,0,,635,502,,0,0,0,0
1602987748445,5,1010123456003,77,,1,0,8,1,1,,23.2893,363,1133,0.962304,146,0,13.1667,,5.02703,74,0,0.137728,30,13.3333,0,8.83218,31,,593,480,,0,0,0,2.45946
1602987748695,5,1010123456003,77,,1,0,8,1,1,,22.415,400,1145,1.00672,164,0,12.5,,0,0,0,0,0,0,0,0,0,,677,512,,0,0,0,0
1602987748945,5,1010123456003,77,,1,0,8,1,1,,23.4974,380,2175,0.941376,151,0,12.8333,,0,0,0,0,0,0,0,0,0,,623,464,,0,0,0,0
1602987749195,5,1010123456003,77,,1,0,8,1,1,,24.1468,395,1063,1.02675,162,0,13.3333,,0,0,0,0,0,0,0,0,0,,625,466,,0,0,0,0
1602987749445,5,1010123456003,77,,1,0,8,1,1,,24.5546,348,1339,0.923712,138,0,13,,11.3846,26,0,0.1,10,80,0,6.21875,31,,592,426,,0,0,0,8.15385
1602987749695,5,1010123456003,77,,1,0,8,1,1,,23.8646,362,0,1.03517,147,0,13,,0,0,0,0,0,0,0,0,0,,613,486,,0,0,0,0
1602987749945,5,1010123456003,77,,1,0,8,1,1,,22.6783,401,133,0.989472,166,0,12.8,,0,0,0,0,0,0,0,0,0,,657,502,,0,0,0,0
1602987750195,5,1010123456003,77,,1,0,8,1,1,,22.8605,387,0,0.986688,155,0,12.5,,0,0,0,0,0,0,0,0,0,,665,492,,0,0,0,0
1602987750445,5,1010123456003,77,,1,0,8,1,1,,24.4722,360,253,0.984128,144,0,13.25,,8.2,30,0,0.1,12,25,0,7.14703,31,,595,444,,0,0,0,3.66667
1602987750695,5,1010123456003,77,,1,0,8,1,1,,23.416,363,713,0.989888,148,0,13,,6.8,5,0,0.1,2,50,0,5.51333,31,,597,466,,0,0,0,4.6
1602987750945,5,1010123456003,77,,1,0,8,1,1,,23.6531,369,522,0.989312,149,0,12.8333,,0,0,0,0,0,0,0,0,0,,584,476,,0,0,0,0
1602987751195,5,1010123456003,77,,1,0,8,1,1,,23.5994,337,1137,0.98736,140,0,13,,0,0,0,0,0,0,0,0,0,,598,466,,0,0,0,0
1602987751445,5,1010123456003,77,,1,0,8,1,1,,22.8015,398,950,0.97824,157,0,12.8,,1.78571,42,0,0.1,17,0,0,6.64721,31,,618,494,,0,0,0,1.07143
1602987751695,5,1010123456003,77,,1,0,8,1,1,,23.05,360,1683,0.957728,142,0,13,,0.1,6,0,0.1,2,0,0,4.61483,31,,625,464,,0,0,0,1
1602987751945,5,1010123456003,77,,1,0,8,1,1,,23.0675,415,1289,0.991936,165,0,12.6667,,0,0,0,0,0,0,0,0,0,,671,492,,0,0,0,0
1602987752195,5,1010123456003,77,,1,0,8,1,1,,23.8874,364,1350,0.990656,146,0,13,,0,0,0,0,0,0,0,0,0,,618,466,,0,0,0,0
1602987752445,5,1010123456003,77,,1,0,8,1,1,,23.5485,361,0,0.985248,145,0,13,,9.5,50,0,0.1,20,45,0,8.19391,31,,599,472,,0,0,0,5.5
1602987752695,5,1010123456003,77,,1,0,8,1,1,,22.1711,409,0,0.99904,163,0,12.4,,0,0,0,0,0,0,0,0,0,,659,514,,0,0,0,0
1602987752945,5,1010123456003,77,,1,0,8,1,1,,23.6632,389,0,0.985536,156,0,13,,0,0,0,0,0,0,0,0,0,,654,464,,0,0,0,0
1602987753195,5,1010123456003,77,,1,0,8,1,1,,23.4848,361,607,0.971168,145,0,12.75,,0,0,0,0,0,0,0,0,0,,599,456,,0,0,0,0
1602987753445,5,1010123456003,77,,1,0,8,1,1,,23.9667,360,358,0.991328,145,0,13,,13.5714,14,0,0.1,5,60,0,9.41435,31,,611,466,,0,0,0,6.78571
1602987753695,5,1010123456003,77,,1,0,8,1,1,,23.6135,370,798,0.990688,149,0,13.4,,16,9,0,0,3,100,0,4.68538,0,,606,452,,0,0,0,10
1602987753945,5,1010123456003,77,,1,0,8,1,1,,23.6783,345,565,0.97504,135,0,13,,0,0,0,0,0,0,0,0,0,,584,470,,0,0,0,0
1602987754195,5,1010123456003,77,,1,0,8,1,1,,23.6433,356,918,0.985952,147,0,13,,0,0,0,0,0,0,0,0,0,,603,472,,0,0,0,0
1602987754445,5,1010123456003,77,,1,0,8,1,1,,22.9813,374,630,0.982848,153,0,12.8,,13.0986,71,0,0.1,29,75.8621,0,6.96227,31,,648,492,,0,0,0,7.97183
1602987754695,5,1010123456003,77,,1,0,8,1,1,,22.5344,393,1289,0.985696,161,0,12.5,,14.5263,19,0,0.1,7,85.7143,0,3.8077,0,,646,492,,0,0,0,9.05263
1602987754945,5,1010123456003,77,,1,0,8,1,1,,23.3458,373,1433,0.968896,150,0,12.75,,0,0,0,0,0,0,0,0,0,,638,478,,0,0,0,0
1602987755195,5,1010123456003,77,,1,0,8,1,1,,24.1144,367,1433,1.01757,149,0,13.2,,0,0,0,0,0,0,0,0,0,,589,460,,0,0,0,0
1602987755445,5,1010123456003,77,,1,0,8,1,1,,20.1551,361,4042,0.871168,142,0,10.1667,,4.25532,47,0,0.1,18,22.2222,0,5.74423,31,,699,564,,0,0,0,3.42553
1602987755695,5,1010123456003,77,,1,0,8,1,1,,23.3052,367,0,1.09667,148,0,12.7143,,0,0,0,0,0,0,0,0,0,,648,530,,0,0,0,0
1602987755945,5,1010123456003,77,,1,0,8,1,1,,22.7076,424,0,0.9704,163,0,12.5,,0,0,0,0,0,0,0,0,0,,689,498,,0,0,0,0
1602987756195,5,1010123456003,77,,1,0,8,1,1,,22.9447,380,0,0.984256,149,0,12.6,,0,0,0,0,0,0,0,0,0,,615,490,,0,0,0,0
1602987756445,5,1010123456003,77,,1,0,8,1,1,,23.867,376,0,0.98928,150,0,13,,1.66667,42,0,0.1,17,11.7647,0,6.37279,31,,579,468,,0,0,0,2.14286
1602987756695,5,1010123456003,77,,1,0,8,1,1,,21.3417,398,665,0.989056,157,0,12,,12,15,0,0.1,6,83.3333,0,4.32135,0,,681,528,,0,0,0,9
1602987756945,5,1010123456003,77,,1,0,8,1,1,,23.345,342,857,0.978144,137,0,12.5,,0,0,0,0,0,0,0,0,0,,571,466,,0,0,0,0
1602987757195,5,1010123456003,77,,1,0,8,1,1,,22.6872,406,910,1.00042,164,0,12.8,,0,2,0,0.1,1,0,0,0,31,,657,504,,0,0,0,0
1602987757445,5,1010123456003,77,,1,0,8,1,1,,22.9971,344,1086,0.957216,141,0,12.8,,3.65,60,0,0.1,24,25,0,7.37294,31,,622,476,,0,0,0,3.1
1602987757695,5,1010123456003,77,,1,0,8,1,1,,22.3689,366,1206,0.988512,148,0,13,,0,0,0,0,0,0,0,0,0,,642,504,,0,0,0,0
1602987757945,5,1010123456003,77,,1,0,8,1,1,,24.5425,365,1510,0.990464,147,0,13.2,,0,0,0,0,0,0,0,0,0,,646,434,,0,0,0,0
1602987758195,5,1010123456003,77,,1,0,8,1,1,,23.2931,389,1433,0.977056,157,0,12.8333,,0,0,0,0,0,0,0,0,0,,630,484,,0,0,0,0
1602987758445,5,1010123456003,77,,1,0,8,1,1,,23.67,394,0,0.992416,157,0,13.2,,3.91667,48,0,0.1,20,20,0,5.4985,31,,646,474,,0,0,0,2.60417
1602987758695,5,1010123456003,77,,1,0,8,1,1,,22.4059,372,0,0.98528,150,0,12.8,,0,0,0,0,0,0,0,0,0,,628,496,,0,0,0,0
1602987758945,5,1010123456003,77,,1,0,8,1,1,,23.7309,353,0,0.987552,144,0,13,,0,0,0,0,0,0,0,0,0,,611,464,,0,0,0,0
1602987759195,5,1010123456003,77,,1,0,8,1,1,,23.8839,336,33,0.982432,134,0,13,,0,0,0,0,0,0,0,0,0,,595,456,,0,0,0,0
1602987759445,5,1010123456003,77,,1,0,8,1,1,,22.9973,365,309,0.987104,144,0,12.8,,2.79245,53,0,0.1,21,9.52381,0,8.29097,31,,619,480,,0,0,0,2.01887
1602987759695,5,1010123456003,77,,1,0,8,1,1,,23.3934,422,959,0.991392,172,0,12.8571,,16,13,0,0.1,5,80,0,7.53672,0,,655,470,,0,0,0,8.92308
1602987759945,5,1010123456003,77,,1,0,8,1,1,,23.1301,392,502,0.98064,156,0,12.75,,0,0,0,0,0,0,0,0,0,,644,498,,0,0,0,0
1602987760195,5,1010123456003,77,,1,0,8,1,1,,23.2274,387,1049,0.996064,160,0,12.8333,,0,0,0,0,0,0,0,0,0,,636,476,,0,0,0,0
1602987760445,5,1010123456003,77,,1,0,8,1,1,,24.1003,369,1289,0.97024,148,0,13,,0.714286,42,0,0.1,17,0,0,5.36093,31,,622,454,,0,0,0,1.04762
1602987760695,5,1010123456003,77,,1,0,8,1,1,,19.4703,404,1261,0.989088,161,0,11.4286,,0,2,0,0.1,1,0,0,0,0,,694,558,,0,0,0,0
1602987760945,5,1010123456003,77,,1,0,8,1,1,,23.5734,354,1433,0.98736,143,0,13,,0,0,0,0,0,0,0,0,0,,588,470,,0,0,0,0
1602987761195,5,1010123456003,77,,1,0,8,1,1,,24.8063,320,0,0.981312,130,0,13.25,,0,0,0,0,0,0,0,0,0,,586,442,,0,0,0,0
1602987761445,5,1010123456003,77,,1,0,8,1,1,,23.1675,382,1650,0.931904,152,0,12.8333,,0.545455,44,0,0.1,18,0,0,4.82004,31,,679,452,,0,0,0,1
1602987761695,5,1010123456003,77,,1,0,8,1,1,,24.2559,383,0,1.04102,157,0,13,,0,0,0,0,0,0,0,0,0,,605,484,,0,0,0,0
1602987761945,5,1010123456003,77,,1,0,8,1,1,,23.8005,411,0,0.987104,164,0,13.2,,0,0,0,0,0,0,0,0,0,,639,468,,0,0,0,0
1602987762195,5,1010123456003,77,,1,0,8,1,1,,22.4131,397,459,0.978944,159,0,12.3333,,0,0,0,0,0,0,0,0,0,,659,516,,0,0,0,0
1602987762445,5,1010123456003,77,,1,0,8,1,1,,20.6427,417,341,0.99232,171,0,12,,1.61364,44,0,0.1,18,0,0,7.47421,31,,707,582,,0,0,0,1.11364
1602987762695,5,1010123456003,77,,1,0,8,1,1,,22.0646,418,857,0.989792,167,0,12.25,,0,0,0,0,0,0,0,0,0,,693,516,,0,0,0,0
1602987762945,5,1010123456003,77,,1,0,8,1,1,,23.9767,386,1110,0.979264,154,0,13,,0,0,0,0,0,0,0,0,0,,621,462,,0,0,0,0
1602987763195,5,1010123456003,77,,1,0,8,1,1,,23.4578,415,1798,0.971168,167,0,13,,0,0,0,0,0,0,0,0,0,,644,460,,0,0,0,0
1602987763445,5,1010123456003,77,,1,0,8,1,1,,23.4,385,1045,0.986272,156,0,12.8333,,0.901961,51,0,0.1,21,0,0,5.76387,31,,636,494,,0,0,0,1.15686
1602987763695,5,1010123456003,77,,1,0,8,1,1,,23.0136,369,1433,1.01158,151,0,12.6,,0,0,0,0,0,0,0,0,0,,615,478,,0,0,0,0
1602987763945,5,1010123456003,77,,1,0,8,1,1,,23.1938,356,1433,0.958912,143,0,12.6,,0,0,0,0,0,0,0,0,0,,620,484,,0,0,0,0
1602987764195,5,1010123456003,77,,1,0,8,1,1,,23.492,374,0,0.987136,150,0,13,,0,0,0,0,0,0,0,0,0,,579,470,,0,0,0,0
1602987764445,5,1010123456003,77,,1,0,8,1,1,,24.0508,315,0,1.00026,130,0,13,,11.2857,14,0,0.1,6,66.6667,0,7.98177,31,,580,454,,0,0,0,6.57143
1602987764695,5,1010123456003,77,,1,0,8,1,1,,24.1386,368,0,0.972544,146,0,13.1667,,0,0,0,0,0,0,0,0,0,,582,464,,0,0,0,0
1602987764945,5,1010123456003,77,,1,0,8,1,1,,24.5131,343,0,0.98704,140,0,13,,0,0,0,0,0,0,0,0,0,,594,452,,0,0,0,0
1602987765195,5,1010123456003,77,,1,0,8,1,1,,23.8,375,265,0.98928,149,0,12.8,,0,0,0,0,0,0,0,0,0,,586,466,,0,0,0,0
1602987765445,5,1010123456003,77,,1,0,8,1,1,,19.2724,312,9672,0.718592,127,0,9.33333,,3.22222,63,0,0.1,25,8,0,7.12671,31,,696,466,,0,0,0,1.96825
1602987765695,5,1010123456003,77,,1,0,8,1,1,,22.7,440,1277,1.25533,180,0,12.4286,,0,0,0,0,0,0,0,0,0,,820,602,,0,0,0,0
1602987765945,5,1010123456003,77,,1,0,8,1,1,,24.022,364,1017,0.961376,145,0,13,,0,0,0,0,0,0,0,0,0,,632,472,,0,0,0,0
1602987766195,5,1010123456003,77,,1,0,8,1,1,,24.3031,353,1433,0.9944,141,0,13,,0,0,0,0,0,0,0,0,0,,583,444,,0,0,0,0
1602987766445,5,1010123456003,77,,1,0,8,1,1,,23.3639,393,993,0.98288,154,0,12.8,,14,8,0,0,4,100,0,5.79997,0,,662,482,,0,0,0,10
1602987766695,5,1010123456003,77,,1,0,8,1,1,,22.32,375,1231,0.99008,150,0,12,,0,0,0,0,0,0,0,0,0,,649,520,,0,0,0,0
1602987766945,5,1010123456003,77,,1,0,8,1,1,,22.5962,369,1350,0.981184,149,0,12.6,,6.94118,17,0,0.1,6,33.3333,0,8.61489,31,,629,502,,0,0,0,4.17647
1602987767195,5,1010123456003,77,,1,0,8,1,1,,23.1813,375,0,0.998144,154,0,12.6667,,0,0,0,0,0,0,0,0,0,,608,486,,0,0,0,0
1602987767445,5,1010123456003,77,,1,0,8,1,1,,24.4225,355,0,0.988416,140,0,13.6667,,8.53191,47,0,0.1,18,44.4444,0,8.2918,31,,548,442,,0,0,0,5.2766
1602987767695,5,1010123456003,77,,1,0,8,1,1,,24.0388,361,693,0.977216,149,0,13,,0,0,0,0,0,0,0,0,0,,621,448,,0,0,0,0
1602987767945,5,1010123456003,77,,1,0,8,1,1,,23.4303,423,109,0.9864,167,0,13,,0,0,0,0,0,0,0,0,0,,683,488,,0,0,0,0
1602987768195,5,1010123456003,77,,1,0,8,1,1,,23.6603,368,693,0.989536,156,0,13,,0,0,0,0,0,0,0,0,0,,598,468,,0,0,0,0
1602987768445,5,1010123456003,77,,1,0,8,1,1,,22.7466,367,1019,0.987296,147,0,12.6667,,13.4444,18,0,0.1,8,62.5,0,6.72414,31,,600,488,,0,0,0,6.94444
1602987768695,5,1010123456003,77,,1,0,8,1,1,,21.745,400,806,0.993792,161,0,12.5,,0,0,0,0,0,0,0,0,0,,654,540,,0,0,0,0
1602987768945,5,1010123456003,77,,1,0,8,1,1,,23.1829,328,908,0.969024,131,0,12.5,,0,0,0,0,0,0,0,0,0,,590,472,,0,0,0,0
1602987769195,5,1010123456003,77,,1,0,8,1,1,,22.577,383,849,1.0032,154,0,12.6,,0,0,0,0,0,0,0,0,0,,642,500,,0,0,0,0
1602987769445,5,1010123456003,77,,1,0,8,1,1,,23.3148,359,817,0.963136,143,0,13.2,,12.8,15,0,0.1,7,57.1429,0,11.1468,31,,606,480,,0,0,0,5.8
1602987769695,5,1010123456003,77,,1,0,8,1,1,,23.2194,360,1312,0.987232,150,0,12.8,,0,0,0,0,0,0,0,0,0,,590,476,,0,0,0,0
1602987769945,5,1010123456003,77,,1,0,8,1,1,,22.7778,351,1433,0.982112,141,0,12.5,,0,0,0,0,0,0,0,0,0,,637,490,,0,0,0,0
1602987770195,5,1010123456003,77,,1,0,8,1,1,,23.6213,375,409,0.987072,149,0,13,,0,0,0,0,0,0,0,0,0,,620,464,,0,0,0,0
1602987770445,5,1010123456003,77,,1,0,8,1,1,,23.3579,366,0,0.983456,147,0,12.6,,4.48214,56,0,0.1,23,17.3913,0,7.66914,31,,624,480,,0,0,0,2.89286
1602987770695,5,1010123456003,77,,1,0,8,1,1,,21.7186,398,27,0.988608,157,0,12.3333,,0,0,0,0,0,0,0,0,0,,657,526,,0,0,0,0
1602987770945,5,1010123456003,77,,1,0,8,1,1,,23.6794,365,144,0.98544,146,0,13,,0,0,0,0,0,0,0,0,0,,599,466,,0,0,0,0
1602987771195,5,1010123456003,77,,1,0,8,1,1,,22.8571,357,654,0.987936,146,0,12.5,,0,0,0,0,0,0,0,0,0,,659,496,,0,0,0,0
1602987771445,5,1010123456003,77,,1,0,8,1,1,,24.0549,364,440,0.988928,143,0,13,,8.97436,39,0,0.1,16,31.25,0,8.41067,31,,574,458,,0,0,0,4.05128
1602987771695,5,1010123456003,77,,1,0,8,1,1,,23.5203,394,1145,0.99168,162,0,12.8333,,0,0,0,0,0,0,0,0,0,,592,472,,0,0,0,0
1602987771945,5,1010123456003,77,,1,0,8,1,1,,24.0231,346,1433,0.979136,140,0,13.1667,,0,0,0,0,0,0,0,0,0,,597,452,,0,0,0,0
1602987772195,5,1010123456003,77,,1,0,8,1,1,,22.8338,361,1116,0.95968,135,0,12.8,,0,0,0,0,0,0,0,0,0,,622,484,,0,0,0,0
1602987772445,5,1010123456003,77,,1,0,8,1,1,,23.6715,347,1433,1.00845,145,0,13,,0,0,0,0,0,0,0,0,0,,584,464,,0,0,0,0
1602987772695,5,1010123456003,77,,1,0,8,1,1,,21.2518,409,1350,0.974944,166,0,11.4,,2,29,0,0.1,12,0,0,5.39567,31,,728,524,,0,0,0,1
1602987772945,5,1010123456003,77,,1,0,8,1,1,,22.7721,373,1433,0.973792,150,0,12.6667,,0,0,0,0,0,0,0,0,0,,626,488,,0,0,0,0
1602987773195,5,1010123456003,77,,1,0,8,1,1,,22.8952,372,0,0.991968,151,0,12.8333,,0,0,0,0,0,0,0,0,0,,641,490,,0,0,0,0
1602987773445,5,1010123456003,77,,1,0,8,1,1,,22.8189,370,0,0.984032,147,0,12.25,,3.02326,43,0,0.1,18,11.1111,0,7.80001,31,,626,496,,0,0,0,1.93023
1602987773695,5,1010123456003,77,,1,0,8,1,1,,23.8227,361,289,0.995488,146,0,13,,0,0,0,0,0,0,0,0,0,,572,458,,0,0,0,0
1602987773945,5,1010123456003,77,,1,0,8,1,1,,22.9367,379,284,0.983264,150,0,12.8,,0,0,0,0,0,0,0,0,0,,615,494,,0,0,0,0
1602987774195,5,1010123456003,77,,1,0,8,1,1,,23.2158,366,553,0.989056,151,0,12.8333,,0,0,0,0,0,0,0,0,0,,590,478,,0,0,0,0
1602987774445,5,1010123456003,77,,1,0,8,1,1,,23.7125,400,925,0.973856,160,0,13,,1.76087,46,0,0.1,18,0,0,6.6539,31,,652,464,,0,0,0,1.26087
1602987774695,5,1010123456003,77,,1,0,8,1,1,,23.6066,366,652,1.0024,147,0,12.6667,,0,0,0,0,0,0,0,0,0,,607,478,,0,0,0,0
1602987774945,5,1010123456003,77,,1,0,8,1,1,,22.4621,383,942,0.9816,156,0,12.6,,0,0,0,0,0,0,0,0,0,,632,506,,0,0,0,0
1602987775195,5,1010123456003,77,,1,0,8,1,1,,23.9147,340,1054,0.98448,137,0,13,,0,0,0,0,0,0,0,0,0,,578,460,,0,0,0,0
1602987775445,5,1010123456003,77,,1,0,8,1,1,,22.718,390,1289,0.98432,158,0,12.8,,5.74,50,0,0.1,19,21.0526,0,6.97294,31,,624,496,,0,0,0,3.44
1602987775695,5,1010123456003,77,,1,0,8,1,1,,24.1048,334,1376,0.981184,135,0,12.6667,,0,0,0,0,0,0,0,0,0,,584,458,,0,0,0,0
1602987775945,5,1010123456003,77,,1,0,8,1,1,,21.7074,393,2042,0.96864,161,0,11.6,,0,0,0,0,0,0,0,0,0,,674,504,,0,0,0,0
1602987776195,5,1010123456003,77,,1,0,8,1,1,,23.079,405,0,0.994784,161,0,12.8333,,0,0,0,0,0,0,0,0,0,,635,496,,0,0,0,0
1602987776445,5,1010123456003,77,,1,0,8,1,1,,23.1466,382,0,0.987584,149,0,12.6667,,0,2,0,0.1,1,0,0,0,31,,601,484,,0,0,0,0
1602987776695,5,1010123456003,77,,1,0,8,1,1,,23.4179,402,1969,0.944928,166,0,12.8333,,1.43182,44,0,0.1,19,0,0,7.63551,31,,642,450,,0,0,0,1.20455
1602987776945,5,1010123456003,77,,1,0,8,1,1,,22.4562,388,606,1.02432,153,0,12.4,,0,0,0,0,0,0,0,0,0,,680,532,,0,0,0,0
1602987777195,5,1010123456003,77,,1,0,8,1,1,,22.9718,355,549,0.986976,144,0,13.2,,0,0,0,0,0,0,0,0,0,,627,488,,0,0,0,0
1602987777445,5,1010123456003,77,,1,0,8,1,1,,22.3154,390,954,0.98,156,0,12.6,,3.03333,60,0,0.1,23,17.3913,0,6.13411,31,,637,506,,0,0,0,2.8
1602987777695,5,1010123456003,77,,1,0,8,1,1,,22.9722,360,993,0.998432,150,0,12.8333,,0,0,0,0,0,0,0,0,0,,613,482,,0,0,0,0
1602987777945,5,1010123456003,77,,1,0,8,1,1,,23.3919,370,1947,0.951776,143,0,13,,0,0,0,0,0,0,0,0,0,,598,458,,0,0,0,0
1602987778195,5,1010123456003,77,,1,0,8,1,1,,23.7011,435,1915,0.967488,173,0,13,,0,0,0,0,0,0,0,0,0,,692,470,,0,0,0,0
1602987778445,5,1010123456003,77,,1,0,8,1,1,,23.9375,400,1433,1.02723,165,0,13,,1.90244,41,0,0.1,17,0,0,6.46036,31,,651,468,,0,0,0,1
1602987778695,5,1010123456003,77,,1,0,8,1,1,,22.9499,399,1137,0.981024,157,0,12.6,,1.2,5,0,0.1,2,0,0,9.21014,31,,610,494,,0,0,0,1.6
1602987778945,5,1010123456003,77,,1,0,8,1,1,,23.5289,363,0,0.989888,145,0,12.75,,0,0,0,0,0,0,0,0,0,,608,468,,0,0,0,0
1602987779195,5,1010123456003,77,,1,0,8,1,1,,24.2332,386,0,0.981024,157,0,13.2,,0,0,0,0,0,0,0,0,0,,609,456,,0,0,0,0
1602987779445,5,1010123456003,77,,1,0,8,1,1,,20.5731,349,0,0.990752,141,0,10.8333,,10.75,24,0,0.1,10,40,0,8.85656,31,,710,586,,0,0,0,5.41667
1602987779695,5,1010123456003,77,,1,0,8,1,1,,23.3632,391,623,0.976192,158,0,12.8333,,0,0,0,0,0,0,0,0,0,,619,472,,0,0,0,0
1602987779945,5,1010123456003,77,,1,0,8,1,1,,22.0358,391,276,0.995936,157,0,12,,15,3,0,0,1,100,0,4.37699,0,,646,524,,0,0,0,10
1602987780195,5,1010123456003,77,,1,0,8,1,1,,23.4022,363,461,0.989056,149,0,12.5,,15,6,0,0.1,2,50,0,11.7113,31,,638,482,,0,0,0,5.5
1602987780445,5,1010123456003,77,,1,0,8,1,1,,23.2923,366,574,0.984096,144,0,12.75,,12,57,0,0.117952,24,54.1667,0,6.66974,31,,597,480,,0,0,0,6.98246
1602987780695,5,1010123456003,77,,1,0,8,1,1,,20.5877,359,806,0.990976,147,0,10.2,,0,2,0,0,1,100,0,0,0,,689,556,,0,0,0,0
1602987780945,5,1010123456003,77,,1,0,8,1,1,,23.0613,424,849,0.99136,171,0,12.6,,0,0,0,0,0,0,0,0,0,,640,496,,0,0,0,0
1602987781195,5,1010123456003,77,,1,0,8,1,1,,22.864,397,1433,0.96144,162,0,12.5,,0,0,0,0,0,0,0,0,0,,667,494,,0,0,0,0
1602987781445,5,1010123456003,77,,1,0,8,1,1,,23.2946,353,1433,1.00368,145,0,13,,8.28571,42,0,0.1,16,37.5,0,7.64756,31,,587,472,,0,0,0,4.61905
1602987781695,5,1010123456003,77,,1,0,8,1,1,,23.5494,344,1236,0.968192,136,0,12.8333,,1.17647,17,0,0.1,7,0,0,8.48622,31,,599,466,,0,0,0,1.23529
1602987781945,5,1010123456003,77,,1,0,8,1,1,,23.252,381,0,0.987488,155,0,13,,0,0,0,0,0,0,0,0,0,,602,478,,0,0,0,0
1602987782195,5,1010123456003,77,,1,0,8,1,1,,22.6349,367,0,0.987136,148,0,12.6,,0,0,0,0,0,0,0,0,0,,663,502,,0,0,0,0
1602987782445,5,1010123456003,77,,1,0,8,1,1,,23.4088,362,0,0.983936,148,0,13,,0.627451,51,0,0.1,20,0,0,5.02209,31,,593,474,,0,0,0,1
1602987782695,5,1010123456003,77,,1,0,8,1,1,,22.9485,388,440,0.985632,157,0,12.6667,,0,0,0,0,0,0,0,0,0,,643,486,,0,0,0,0
1602987782945,5,1010123456003,77,,1,0,8,1,1,,23.0668,374,609,0.988896,154,0,12.5,,0,0,0,0,0,0,0,0,0,,609,492,,0,0,0,0
1602987783195,5,1010123456003,77,,1,0,8,1,1,,22.4509,346,942,0.987744,137,0,12.75,,0,0,0,0,0,0,0,0,0,,655,486,,0,0,0,0
1602987783445,5,1010123456003,77,,1,0,8,1,1,,23.1549,355,766,0.98832,140,0,12.8,,0.367347,49,0,0.1,20,0,0,5.19639,31,,600,474,,0,0,0,1
1602987783695,5,1010123456003,77,,1,0,8,1,1,,22.1388,353,1145,0.97504,142,0,12.75,,0,0,0,0,0,0,0,0,0,,633,494,,0,0,0,0
1602987783945,5,1010123456003,77,,1,0,8,1,1,,23.6039,361,1145,1.00077,147,0,13,,0,0,0,0,0,0,0,0,0,,623,466,,0,0,0,0
1602987784195,5,1010123456003,77,,1,0,8,1,1,,21.1888,376,5234,0.84496,150,0,12,,0,0,0,0,0,0,0,0,0,,658,460,,0,0,0,0
1602987784445,5,1010123456003,77,,1,0,8,1,1,,22.6675,391,1771,1.08611,154,0,12.1667,,2.14286,42,0,0.1,17,0,0,6.34429,31,,707,562,,0,0,0,1.2381
1602987784695,5,1010123456003,77,,1,0,8,1,1,,22.78,400,1433,1.00506,162,0,12.5714,,0,0,0,0,0,0,0,0,0,,658,496,,0,0,0,0
1602987784945,5,1010123456003,77,,1,0,8,1,1,,22.2365,389,0,0.99136,158,0,12.2,,0,0,0,0,0,0,0,0,0,,663,528,,0,0,0,0
1602987785195,5,1010123456003,77,,1,0,8,1,1,,19.4543,416,1230,0.960224,166,0,10.8333,,0,0,0,0,0,0,0,0,0,,702,570,,0,0,0,0
1602987785445,5,1010123456003,77,,1,0,8,1,1,,21.7927,410,101,1.00733,163,0,12.5,,0,8,0,0,4,100,0,0,0,,681,554,,0,0,0,0
1602987785695,5,1010123456003,77,,1,0,8,1,1,,23.6845,355,0,0.988448,143,0,13,,0,0,0,0,0,0,0,0,0,,579,468,,0,0,0,0
1602987785945,5,1010123456003,77,,1,0,8,1,1,,23.8102,374,238,0.984864,149,0,13,,0.1,11,0,0.1,5,0,0,7.54864,31,,603,456,,0,0,0,1
1602987786195,5,1010123456003,77,,1,0,8,1,1,,24.9511,327,790,0.987904,135,0,13.5,,0,0,0,0,0,0,0,0,0,,528,420,,0,0,0,0
1602987786445,5,1010123456003,77,,1,0,8,1,1,,23.4667,390,461,0.9816,156,0,12.8,,14,9,0,0,4,100,0,5.30452,0,,610,480,,0,0,0,10
1602987786695,5,1010123456003,77,,1,0,8,1,1,,24.3,360,1596,0.959808,146,0,13,,0,0,0,0,0,0,0,0,0,,612,438,,0,0,0,0
1602987786945,5,1010123456003,77,,1,0,8,1,1,,17.4976,414,4064,0.920416,165,0,10,,0.1,16,0,0.1,6,0,0,4.18935,31,,765,618,,0,0,0,1
1602987787195,5,1010123456003,77,,1,0,8,1,1,,21.6684,392,2327,1.01018,160,0,12.4,,0,0,0,0,0,0,0,0,0,,741,544,,0,0,0,0
1602987787445,5,1010123456003,77,,1,0,8,1,1,,23.589,382,1137,1.03984,151,0,13,,4.26087,46,0,0.1,19,21.0526,0,7.12576,31,,605,486,,0,0,0,2.65217
1602987787695,5,1010123456003,77,,1,0,8,1,1,,22.6686,344,1433,0.981856,138,0,12.6,,0,0,0,0,0,0,0,0,0,,635,494,,0,0,0,0
1602987787945,5,1010123456003,77,,1,0,8,1,1,,23.7905,358,0,0.990176,143,0,13,,0,0,0,0,0,0,0,0,0,,593,460,,0,0,0,0
1602987788195,5,1010123456003,77,,1,0,8,1,1,,23.5742,357,93,0.985824,145,0,12.75,,0,0,0,0,0,0,0,0,0,,595,476,,0,0,0,0
1602987788445,5,1010123456003,77,,1,0,8,1,1,,23.5254,354,0,0.990656,142,0,13,,5.13636,66,0,0.1,27,29.6296,0,7.03895,31,,588,470,,0,0,0,3.5
1602987788695,5,1010123456003,77,,1,0,8,1,1,,21.3706,394,261,0.978816,152,0,12,,0,0,0,0,0,0,0,0,0,,669,552,,0,0,0,0
1602987788945,5,1010123456003,77,,1,0,8,1,1,,20.1813,353,727,0.98688,146,0,10.6,,0,0,0,0,0,0,0,0,0,,706,578,,0,0,0,0
1602987789195,5,1010123456003,77,,1,0,8,1,1,,22.8723,368,1094,0.988224,149,0,12.8333,,0,0,0,0,0,0,0,0,0,,603,480,,0,0,0,0
1602987789445,5,1010123456003,77,,1,0,8,1,1,,22.9587,363,309,0.98704,146,0,12.8333,,5.49153,59,0,0.1,23,26.087,0,8.65841,31,,643,500,,0,0,0,3.69492
1602987789695,5,1010123456003,77,,1,0,8,1,1,,23.4915,352,849,0.984736,142,0,12.8333,,0,0,0,0,0,0,0,0,0,,588,466,,0,0,0,0
1602987789945,5,1010123456003,77,,1,0,8,1,1,,23.2842,366,1433,0.96944,149,0,12.8333,,0,0,0,0,0,0,0,0,0,,626,468,,0,0,0,0
1602987790195,5,1010123456003,77,,1,0,8,1,1,,23.8974,351,1206,0.982592,141,0,13,,0,0,0,0,0,0,0,0,0,,592,462,,0,0,0,0
1602987790445,5,1010123456003,77,,1,0,8,1,1,,24.0767,339,1433,1.00106,138,0,13,,8.94118,17,0,0.1,7,57.1429,0,7.93661,31,,575,454,,0,0,0,5.23529
1602987790695,5,1010123456003,77,,1,0,8,1,1,,23.6288,361,1433,0.983776,147,0,13,,0,0,0,0,0,0,0,0,0,,621,468,,0,0,0,0
1602987790945,5,1010123456003,77,,1,0,8,1,1,,24.2261,345,0,0.974304,138,0,13,,0,0,0,0,0,0,0,0,0,,604,460,,0,0,0,0
1602987791195,5,1010123456003,77,,1,0,8,1,1,,23.0699,372,211,0.98608,150,0,12.6,,0,0,0,0,0,0,0,0,0,,590,484,,0,0,0,0
1602987791445,5,1010123456003,77,,1,0,8,1,1,,23.3156,339,0,0.980416,138,0,13.6667,,2.6,50,0,0.1,21,19.0476,0,7.26214,31,,575,460,,0,0,0,2.8
1602987791695,5,1010123456003,77,,1,0,8,1,1,,23.2582,368,678,0.988608,150,0,13,,12.6667,12,0,0.1,5,40,0,10.9218,0,,592,470,,0,0,0,4.75
1602987791945,5,1010123456003,77,,1,0,8,1,1,,23.4216,389,666,0.989056,159,0,12.8,,0,0,0,0,0,0,0,0,0,,657,480,,0,0,0,0
1602987792195,5,1010123456003,77,,1,0,8,1,1,,23.9848,329,949,0.987392,134,0,13,,0,0,0,0,0,0,0,0,0,,609,460,,0,0,0,0
1602987792445,5,1010123456003,77,,1,0,8,1,1,,21.9633,382,828,0.981408,153,0,12.25,,5.425,40,0,0.1,16,25,0,7.96193,31,,663,528,,0,0,0,3.325
1602987792695,5,1010123456003,77,,1,0,8,1,1,,23.6612,363,901,0.991616,151,0,12.8571,,14,12,0,0,4,100,0,4.98732,0,,604,472,,0,0,0,10
1602987792945,5,1010123456003,77,,1,0,8,1,1,,24.2786,341,993,0.968384,135,0,13,,0,0,0,0,0,0,0,0,0,,585,454,,0,0,0,0
1602987793195,5,1010123456003,77,,1,0,8,1,1,,20.2313,402,1129,0.997312,162,0,11.2,,0,0,0,0,0,0,0,0,0,,689,570,,0,0,0,0
1602987793445,5,1010123456003,77,,1,0,8,1,1,,22.8909,385,1382,0.9752,152,0,12.75,,5.2069,58,0,0.1,23,26.087,0,6.41538,31,,600,484,,0,0,0,3.17241
1602987793695,5,1010123456003,77,,1,0,8,1,1,,23.6809,351,0,0.985184,145,0,13,,0,0,0,0,0,0,0,0,0,,597,472,,0,0,0,0
1602987793945,5,1010123456003,77,,1,0,8,1,1,,23.2861,332,0,0.985696,134,0,12.8,,0,0,0,0,0,0,0,0,0,,589,472,,0,0,0,0
1602987794195,5,1010123456003,77,,1,0,8,1,1,,22.8676,355,0,0.990272,143,0,11.1667,,0,0,0,0,0,0,0,0,0,,683,534,,0,0,0,0
1602987794445,5,1010123456003,77,,1,0,8,1,1,,24.0271,369,0,0.979616,151,0,13,,0,0,0,0,0,0,0,0,0,,621,462,,0,0,0,0
1602987794695,5,1010123456003,77,,1,0,8,1,1,,22.8113,355,697,0.988992,149,0,12.5714,,11.8276,58,0,0.117216,22,45.4545,0,8.11088,31,,605,486,,0,0,0,5.86207
1602987794945,5,1010123456003,77,,1,0,8,1,1,,24.5785,344,1060,0.989728,139,0,13.25,,0,0,0,0,0,0,0,0,0,,558,440,,0,0,0,0
1602987795195,5,1010123456003,77,,1,0,8,1,1,,21.3545,378,798,0.988864,152,0,11.5,,0,0,0,0,0,0,0,0,0,,669,546,,0,0,0,0
1602987795445,5,1010123456003,77,,1,0,8,1,1,,20.1535,443,1094,0.9736,175,0,11.6,,0,10,0,0.1,5,80,0,0,31,,728,586,,0,0,0,0
1602987795695,5,1010123456003,77,,1,0,8,1,1,,23.16,375,569,0.984992,150,0,12.6667,,0,0,0,0,0,0,0,0,0,,615,490,,0,0,0,0
1602987795945,5,1010123456003,77,,1,0,8,1,1,,23.008,374,1238,0.988448,152,0,12.8,,0.454545,11,0,0.1,4,0,0,5.01253,31,,601,478,,0,0,0,1
1602987796195,5,1010123456003,77,,1,0,8,1,1,,22.8512,363,1433,0.98464,149,0,12.25,,0,0,0,0,0,0,0,0,0,,612,486,,0,0,0,0
1602987796445,5,1010123456003,77,,1,0,8,1,1,,23.0078,384,1433,0.988704,155,0,12.4,,1.21951,41,0,0.1,16,0,0,4.49445,31,,680,484,,0,0,0,1
1602987796695,5,1010123456003,77,,1,0,8,1,1,,23.4278,367,0,0.9744,146,0,12.8571,,0,0,0,0,0,0,0,0,0,,617,474,,0,0,0,0
1602987796945,5,1010123456003,77,,1,0,8,1,1,,22.6787,389,0,1.00384,155,0,12.8333,,0,0,0,0,0,0,0,0,0,,606,492,,0,0,0,0
1602987797195,5,1010123456003,77,,1,0,8,1,1,,21.9288,393,0,0.970432,157,0,11.8,,0,0,0,0,0,0,0,0,0,,712,542,,0,0,0,0
1602987797445,5,1010123456003,77,,1,0,8,1,1,,23.3641,368,0,0.988512,148,0,12.8,,5.34615,78,0,0.1,31,38.7097,0,5.98006,31,,600,480,,0,0,0,4.38462
1602987797695,5,1010123456003,77,,1,0,8,1,1,,23.5538,372,549,0.989504,153,0,12.8571,,9,3,0,0.1,1,0,0,16.2227,31,,620,462,,0,0,0,1
1602987797945,5,1010123456003,77,,1,0,8,1,1,,24.2829,350,1308,0.974656,142,0,13,,0,0,0,0,0,0,0,0,0,,624,440,,0,0,0,0
1602987798195,5,1010123456003,77,,1,0,8,1,1,,21.7275,411,2552,0.928896,166,0,10.8,,0,0,0,0,0,0,0,0,0,,754,522,,0,0,0,0
1602987798445,5,1010123456003,77,,1,0,8,1,1,,24.2581,372,1094,1.04557,150,0,13,,14,12,0,0,4,100,0,4.89897,0,,605,480,,0,0,0,10
1602987798695,5,1010123456003,77,,1,0,8,1,1,,22.4838,370,947,0.995392,153,0,12.6,,0,0,0,0,0,0,0,0,0,,603,502,,0,0,0,0
1602987798945,5,1010123456003,77,,1,0,8,1,1,,23.8943,369,1289,0.989952,150,0,13,,0.307692,13,0,0.1,5,0,0,5.65069,31,,625,460,,0,0,0,1
1602987799195,5,1010123456003,77,,1,0,8,1,1,,23.847,353,1350,0.974112,143,0,13,,0,0,0,0,0,0,0,0,0,,612,464,,0,0,0,0
1602987799445,5,1010123456003,77,,1,0,8,1,1,,21.769,420,1957,0.947872,165,0,12.2,,5.23529,51,0,0.1,20,20,0,6.55957,31,,696,532,,0,0,0,3.17647
1602987799695,5,1010123456003,77,,1,0,8,1,1,,23.3333,366,0,1.01485,150,0,12.5714,,0,0,0,0,0,0,0,0,0,,605,492,,0,0,0,0
1602987799945,5,1010123456003,77,,1,0,8,1,1,,23.6482,361,0,1.00083,145,0,12.8,,0,0,0,0,0,0,0,0,0,,609,474,,0,0,0,0
1602987800195,5,1010123456003,77,,1,0,8,1,1,,21.1558,353,3546,0.90112,147,0,10.8333,,0,0,0,0,0,0,0,0,0,,629,508,,0,0,0,0
1602987800445,5,1010123456003,77,,1,0,8,1,1,,20.2094,406,169,1.05725,161,0,12.1667,,1.84615,39,0,0.1,16,0,0,5.14788,31,,755,632,,0,0,0,1.12821
1602987800695,5,1010123456003,77,,1,0,8,1,1,,20.5124,404,549,0.989216,161,0,11.5714,,0,0,0,0,0,0,0,0,0,,711,528,,0,0,0,0
1602987800945,5,1010123456003,77,,1,0,8,1,1,,23.6547,362,717,0.989344,147,0,12.8,,0,0,0,0,0,0,0,0,0,,576,466,,0,0,0,0
1602987801195,5,1010123456003,77,,1,0,8,1,1,,22.0738,393,896,0.980128,160,0,12.6667,,0,0,0,0,0,0,0,0,0,,640,522,,0,0,0,0
1602987801445,5,1010123456003,77,,1,0,8,1,1,,23.3975,395,849,0.984768,157,0,13,,2.92157,51,0,0.1,21,9.52381,0,7.64856,31,,640,474,,0,0,0,1.76471
1602987801695,5,1010123456003,77,,1,0,8,1,1,,23.7918,365,1094,0.982528,145,0,13.1667,,0,0,0,0,0,0,0,0,0,,590,460,,0,0,0,0
1602987801945,5,1010123456003,77,,1,0,8,1,1,,23.1414,389,1350,0.985024,157,0,12.5,,0,0,0,0,0,0,0,0,0,,613,492,,0,0,0,0
1602987802195,5,1010123456003,77,,1,0,8,1,1,,23.7784,361,1433,0.98304,149,0,13,,0,0,0,0,0,0,0,0,0,,612,462,,0,0,0,0
1602987802445,5,1010123456003,77,,1,0,8,1,1,,23.4479,355,1433,0.993408,144,0,13,,15.1977,86,0,0.1,35,82.8571,0,6.26144,31,,601,472,,0,0,0,8.5814
1602987802695,5,1010123456003,77,,1,0,8,1,1,,21.2259,425,0,0.98896,171,0,12,,16,6,0,0,2,100,0,0.660367,0,,674,544,,0,0,0,10
1602987802945,5,1010123456003,77,,1,0,8,1,1,,23.7589,394,0,0.96496,158,0,13,,0,0,0,0,0,0,0,0,0,,669,466,,0,0,0,0
1602987803195,5,1010123456003,77,,1,0,8,1,1,,23.3315,359,109,0.992576,141,0,13.25,,0,0,0,0,0,0,0,0,0,,603,470,,0,0,0,0
1602987803445,5,1010123456003,77,,1,0,8,1,1,,22.401,384,698,0.985664,155,0,12.6,,1.02222,45,0,0.1,18,0,0,6.07676,31,,634,494,,0,0,0,1
1602987803695,5,1010123456003,77,,1,0,8,1,1,,22.5725,400,886,0.99104,160,0,12.3333,,0,0,0,0,0,0,0,0,0,,641,494,,0,0,0,0
1602987803945,5,1010123456003,77,,1,0,8,1,1,,21.9429,420,1763,0.962656,168,0,12.6667,,0,0,0,0,0,0,0,0,0,,663,518,,0,0,0,0
1602987804195,5,1010123456003,77,,1,0,8,1,1,,22.8072,415,1094,0.9984,167,0,12.6667,,0,0,0,0,0,0,0,0,0,,693,500,,0,0,0,0
1602987804445,5,1010123456003,77,,1,0,8,1,1,,23.5363,358,1206,1.00896,147,0,13,,3.05455,55,0,0.1,22,9.09091,0,7.92112,31,,596,472,,0,0,0,2.07273
1602987804695,5,1010123456003,77,,1,0,8,1,1,,18.2168,369,4079,0.811808,143,0,11,,0,0,0,0,0,0,0,0,0,,817,678,,0,0,0,0
1602987804945,5,1010123456003,77,,1,0,8,1,1,,24.3109,357,1289,1.14442,146,0,13,,0,0,0,0,0,0,0,0,0,,593,488,,0,0,0,0
1602987805195,5,1010123456003,77,,1,0,8,1,1,,20.3198,344,4451,0.907808,138,0,10.2,,0,0,0,0,0,0,0,0,0,,690,558,,0,0,0,0
1602987805445,5,1010123456003,77,,1,0,8,1,1,,22.0833,384,1433,1.05949,157,0,12.6,,7.62791,43,0,0.1,18,33.3333,0,6.35012,31,,731,582,,0,0,0,4.44186
1602987805695,5,1010123456003,77,,1,0,8,1,1,,24.1217,345,0,0.99392,139,0,13.1667,,0,0,0,0,0,0,0,0,0,,575,456,,0,0,0,0
1602987805945,5,1010123456003,77,,1,0,8,1,1,,24.0119,336,0,0.975328,137,0,13,,0,0,0,0,0,0,0,0,0,,593,456,,0,0,0,0
1602987806195,5,1010123456003,77,,1,0,8,1,1,,23.1273,385,94,0.991296,149,0,13,,0,0,0,0,0,0,0,0,0,,609,480,,0,0,0,0
1602987806445,5,1010123456003,77,,1,0,8,1,1,,23.52,350,105,0.98,142,0,13,,2.18605,43,0,0.1,17,5.88235,0,5.56612,31,,590,472,,0,0,0,1.62791
1602987806695,5,1010123456003,77,,1,0,8,1,1,,21.6344,413,654,0.990208,163,0,11.4286,,16,6,0,0.1,2,50,0,9.55055,0,,707,566,,0,0,0,5.5
1602987806945,5,1010123456003,77,,1,0,8,1,1,,23.6937,382,713,0.990016,157,0,13,,0,0,0,0,0,0,0,0,0,,608,466,,0,0,0,0
1602987807195,5,1010123456003,77,,1,0,8,1,1,,21.4222,334,1094,0.987712,135,0,10.8,,0,0,0,0,0,0,0,0,0,,702,560,,0,0,0,0
1602987807445,5,1010123456003,77,,1,0,8,1,1,,19.9814,376,1145,0.977632,149,0,10.8333,,0,0,0,0,0,0,0,0,0,,734,586,,0,0,0,0
1602987807695,5,1010123456003,77,,1,0,8,1,1,,21.3641,390,1133,0.97456,155,0,12.1429,,10.4865,37,0,0.11232,15,20,0,9.9129,31,,669,554,,0,0,0,3.62162
1602987807945,5,1010123456003,77,,1,0,8,1,1,,23.0943,424,1289,0.989984,168,0,12.8333,,0,0,0,0,0,0,0,0,0,,665,482,,0,0,0,0
1602987808195,5,1010123456003,77,,1,0,8,1,1,,24.2556,356,1277,0.983808,144,0,13,,0,0,0,0,0,0,0,0,0,,573,458,,0,0,0,0
1602987808445,5,1010123456003,77,,1,0,8,1,1,,23.4194,360,0,0.98736,143,0,13,,4.09091,33,0,0.1,13,15.3846,0,6.98934,31,,587,466,,0,0,0,3
1602987808695,5,1010123456003,77,,1,0,8,1,1,,22.5117,383,0,0.973792,152,0,12.4,,0,0,0,0,0,0,0,0,0,,673,502,,0,0,0,0
1602987808945,5,1010123456003,77,,1,0,8,1,1,,23.0446,381,165,0.989856,152,0,13.2,,0,0,0,0,0,0,0,0,0,,612,482,,0,0,0,0
1602987809195,5,1010123456003,77,,1,0,8,1,1,,23.4558,419,701,0.992064,167,0,13,,0,0,0,0,0,0,0,0,0,,643,470,,0,0,0,0
1602987809445,5,1010123456003,77,,1,0,8,1,1,,23.7069,348,572,0.984192,139,0,13.2,,10.5,12,0,0.1,5,40,0,10.3032,31,,595,472,,0,0,0,4.75
1602987809695,5,1010123456003,77,,1,0,8,1,1,,22.4633,382,1303,0.972544,154,0,12.6,,4.5,32,0,0.1,12,33.3333,0,3.10494,31,,623,488,,0,0,0,4.375
1602987809945,5,1010123456003,77,,1,0,8,1,1,,23.8425,362,721,1.00381,147,0,13,,0,0,0,0,0,0,0,0,0,,642,478,,0,0,0,0
1602987810195,5,1010123456003,77,,1,0,8,1,1,,21.8175,378,969,0.990176,155,0,12.3333,,0,0,0,0,0,0,0,0,0,,651,526,,0,0,0,0
1602987810445,5,1010123456003,77,,1,0,8,1,1,,23.8366,361,1289,0.974368,138,0,13,,6.21212,66,0,0.1,27,29.6296,0,8.77167,31,,609,458,,0,0,0,3.72727
1602987810695,5,1010123456003,77,,1,0,8,1,1,,23.0029,344,1582,0.975328,136,0,12.6,,0,0,0,0,0,0,0,0,0,,636,478,,0,0,0,0
1602987810945,5,1010123456003,77,,1,0,8,1,1,,23.5587,383,1433,0.988448,157,0,13.2,,0,0,0,0,0,0,0,0,0,,660,466,,0,0,0,0
1602987811195,5,1010123456003,77,,1,0,8,1,1,,23.3053,380,2145,0.97664,153,0,13,,0,0,0,0,0,0,0,0,0,,606,458,,0,0,0,0
1602987811445,5,1010123456003,77,,1,0,8,1,1,,22.2815,405,0,0.976384,160,0,11.75,,14,12,0,0,4,100,0,3.84288,0,,680,508,,0,0,0,10
1602987811695,5,1010123456003,77,,1,0,8,1,1,,24.0922,358,0,1.01398,149,0,13.2,,0,0,0,0,0,0,0,0,0,,564,464,,0,0,0,0
1602987811945,5,1010123456003,77,,1,0,8,1,1,,24.2766,329,0,0.978336,133,0,13.1667,,0.428571,14,0,0.1,5,0,0,5.49577,31,,571,450,,0,0,0,1
1602987812195,5,1010123456003,77,,1,0,8,1,1,,24.1806,360,497,0.9856,144,0,13.1667,,0,0,0,0,0,0,0,0,0,,550,446,,0,0,0,0
1602987812445,5,1010123456003,77,,1,0,8,1,1,,23.9308,347,549,0.984,140,0,13,,5.94667,75,0,0.1,29,34.4828,0,5.51206,31,,614,462,,0,0,0,4.36
1602987812695,5,1010123456003,77,,1,0,8,1,1,,21.2043,372,1062,0.987872,152,0,11,,0,2,0,0.1,1,0,0,0,31,,722,550,,0,0,0,0
1602987812945,5,1010123456003,77,,1,0,8,1,1,,23.9028,360,1017,0.988736,149,0,13,,0,0,0,0,0,0,0,0,0,,629,462,,0,0,0,0
1602987813195,5,1010123456003,77,,1,0,8,1,1,,23.9424,347,942,0.98752,141,0,13.4,,0,0,0,0,0,0,0,0,0,,586,452,,0,0,0,0
1602987813445,5,1010123456003,77,,1,0,8,1,1,,23.6695,357,993,0.986016,144,0,13,,7.6,30,0,0.1,13,30.7692,0,8.36138,31,,569,466,,0,0,0,4.23333
1602987813695,5,1010123456003,77,,1,0,8,1,1,,24.2607,349,1262,0.9832,140,0,13.2,,0,0,0,0,0,0,0,0,0,,577,448,,0,0,0,0
1602987813945,5,1010123456003,77,,1,0,8,1,1,,22.9973,365,1068,0.969568,143,0,12.75,,0,0,0,0,0,0,0,0,0,,612,484,,0,0,0,0
1602987814195,5,1010123456003,77,,1,0,8,1,1,,23.0422,403,1433,1.0001,165,0,13,,0,0,0,0,0,0,0,0,0,,633,490,,0,0,0,0
1602987814445,5,1010123456003,77,,1,0,8,1,1,,22.3542,415,771,0.9304,162,0,12.4,,1.42105,38,0,0.1,15,0,0,5.17178,31,,699,492,,0,0,0,1.07895
1602987814695,5,1010123456003,77,,1,0,8,1,1,,24.1946,334,0,1.0319,135,0,13,,0,0,0,0,0,0,0,0,0,,575,458,,0,0,0,0
1602987814945,5,1010123456003,77,,1,0,8,1,1,,24.0732,328,741,0.980896,132,0,12.8,,0,0,0,0,0,0,0,0,0,,584,440,,0,0,0,0
1602987815195,5,1010123456003,77,,1,0,8,1,1,,22.7597,387,605,0.980448,154,0,12.6,,0,0,0,0,0,0,0,0,0,,619,500,,0,0,0,0
1602987815445,5,1010123456003,77,,1,0,8,1,1,,23.6603,368,724,0.989792,150,0,13,,3.67568,37,0,0.1,15,6.66667,0,7.32223,31,,608,474,,0,0,0,2.08108
1602987815695,5,1010123456003,77,,1,0,8,1,1,,20.6893,412,1176,0.980384,170,0,12,,0,4,0,0.1,2,50,0,0,0,,717,560,,0,0,0,0
1602987815945,5,1010123456003,77,,1,0,8,1,1,,22.8011,372,1145,0.999488,156,0,12.6667,,0,0,0,0,0,0,0,0,0,,659,502,,0,0,0,0
1602987816195,5,1010123456003,77,,1,0,8,1,1,,23.8844,346,553,0.98096,134,0,13,,0,0,0,0,0,0,0,0,0,,593,468,,0,0,0,0
1602987816445,5,1010123456003,77,,1,0,8,1,1,,20.7885,383,1145,0.978496,154,0,12,,0,8,0,0,4,100,0,0,0,,644,534,,0,0,0,0
1602987816695,5,1010123456003,77,,1,0,8,1,1,,23.8277,412,1305,0.979104,163,0,13,,0,0,0,0,0,0,0,0,0,,622,458,,0,0,0,0
1602987816945,5,1010123456003,77,,1,0,8,1,1,,23.3507,402,1433,1.00262,162,0,13,,0.1,7,0,0.1,3,0,0,6.98792,31,,607,476,,0,0,0,1
1602987817195,5,1010123456003,77,,1,0,8,1,1,,23.0113,354,1433,0.969856,138,0,13,,0,0,0,0,0,0,0,0,0,,614,474,,0,0,0,0
1602987817445,5,1010123456003,77,,1,0,8,1,1,,16.2047,381,3980,0.892736,154,0,8.8,,6.06818,44,0,0.1,18,22.2222,0,6.30184,31,,786,648,,0,0,0,3.40909
1602987817695,5,1010123456003,77,,1,0,8,1,1,,23.693,355,0,1.07174,146,0,13.1667,,0,0,0,0,0,0,0,0,0,,638,512,,0,0,0,0
1602987817945,5,1010123456003,77,,1,0,8,1,1,,23.704,348,109,0.99168,140,0,12.75,,0,0,0,0,0,0,0,0,0,,576,464,,0,0,0,0
1602987818195,5,1010123456003,77,,1,0,8,1,1,,24.3686,350,654,0.984192,143,0,13,,0,0,0,0,0,0,0,0,0,,578,442,,0,0,0,0
1602987818445,5,1010123456003,77,,1,0,8,1,1,,23.8358,402,728,0.99136,166,0,13,,0.679245,53,0,0.1,21,0,0,5.01842,31,,673,466,,0,0,0,1
1602987818695,5,1010123456003,77,,1,0,8,1,1,,20.5793,347,1137,0.987488,140,0,11.1667,,0,2,0,0.1,1,0,0,0,31,,734,586,,0,0,0,0
1602987818945,5,1010123456003,77,,1,0,8,1,1,,23.7064,361,1525,0.948832,141,0,13,,0,0,0,0,0,0,0,0,0,,616,452,,0,0,0,0
1602987819195,5,1010123456003,77,,1,0,8,1,1,,24.3139,360,545,1.01805,145,0,13,,0,0,0,0,0,0,0,0,0,,609,466,,0,0,0,0
1602987819445,5,1010123456003,77,,1,0,8,1,1,,24.1037,328,1238,0.985088,132,0,13.25,,14.1034,58,0,0.163712,24,50,0,10.5554,31,,588,444,,0,0,0,5.53448
1602987819695,5,1010123456003,77,,1,0,8,1,1,,22.9696,362,1433,0.968192,146,0,12.8,,0,0,0,0,0,0,0,0,0,,623,484,,0,0,0,0
1602987819945,5,1010123456003,77,,1,0,8,1,1,,23.4932,365,1390,0.993216,146,0,13,,0,0,0,0,0,0,0,0,0,,592,472,,0,0,0,0
1602987820195,5,1010123456003,77,,1,0,8,1,1,,21.8858,394,1433,0.978688,163,0,11.8,,0,0,0,0,0,0,0,0,0,,686,520,,0,0,0,0
1602987820445,5,1010123456003,77,,1,0,8,1,1,,23.5068,367,0,0.994336,150,0,13.1667,,5.91071,56,0,0.1,22,27.2727,0,7.14963,31,,587,470,,0,0,0,3.98214
1602987820695,5,1010123456003,77,,1,0,8,1,1,,23.8654,364,0,0.976192,147,0,13,,0,0,0,0,0,0,0,0,0,,648,462,,0,0,0,0
1602987820945,5,1010123456003,77,,1,0,8,1,1,,23.8195,349,279,0.993248,141,0,12.75,,0,0,0,0,0,0,0,0,0,,606,466,,0,0,0,0
1602987821195,5,1010123456003,77,,1,0,8,1,1,,23.4266,354,685,0.979104,148,0,13.1667,,0,0,0,0,0,0,0,0,0,,576,470,,0,0,0,0
1602987821445,5,1010123456003,77,,1,0,8,1,1,,22.1257,350,2310,0.933728,135,0,12.4,,5.5,68,0,0.1,27,29.6296,0,5.63394,31,,647,472,,0,0,0,3.80882
1602987821695,5,1010123456003,77,,1,0,8,1,1,,22.3349,427,697,1.03027,175,0,12.4286,,0,0,0,0,0,0,0,0,0,,702,546,,0,0,0,0
1602987821945,5,1010123456003,77,,1,0,8,1,1,,23.9684,348,1021,0.980608,141,0,13,,0,0,0,0,0,0,0,0,0,,610,458,,0,0,0,0
1602987822195,5,1010123456003,77,,1,0,8,1,1,,24.1569,357,993,1.00339,147,0,13,,0,0,0,0,0,0,0,0,0,,563,462,,0,0,0,0
1602987822445,5,1010123456003,77,,1,0,8,1,1,,23.7097,372,1145,0.984576,150,0,13,,1.42222,45,0,0.1,18,0,0,8.17526,31,,622,466,,0,0,0,1.53333
1602987822695,5,1010123456003,77,,1,0,8,1,1,,23.621,372,1312,0.98032,151,0,12.8,,0,0,0,0,0,0,0,0,0,,649,472,,0,0,0,0
1602987822945,5,1010123456003,77,,1,0,8,1,1,,22.4169,355,1189,0.975808,141,0,13,,0,0,0,0,0,0,0,0,0,,616,498,,0,0,0,0
1602987823195,5,1010123456003,77,,1,0,8,1,1,,22.5474,411,0,1.00144,166,0,13,,0,0,0,0,0,0,0,0,0,,683,492,,0,0,0,0
1602987823445,5,1010123456003,77,,1,0,8,1,1,,19.8277,383,3618,0.892864,153,0,11.3333,,4.47059,68,0,0.1,28,28.5714,0,4.9591,31,,637,516,,0,0,0,3.70588
1602987823695,5,1010123456003,77,,1,0,8,1,1,,23.7043,372,0,1.0729,150,0,13,,0,0,0,0,0,0,0,0,0,,675,518,,0,0,0,0
1602987823945,5,1010123456003,77,,1,0,8,1,1,,24.0678,339,0,0.983584,136,0,13.25,,0,0,0,0,0,0,0,0,0,,572,460,,0,0,0,0
1602987824195,5,1010123456003,77,,1,0,8,1,1,,24.4355,349,710,0.983552,141,0,13.2,,0,0,0,0,0,0,0,0,0,,579,438,,0,0,0,0
1602987824445,5,1010123456003,77,,1,0,8,1,1,,23.0206,389,577,0.989504,159,0,12.75,,0.188679,53,0,0.1,22,0,0,4.84119,31,,665,488,,0,0,0,1
1602987824695,5,1010123456003,77,,1,0,8,1,1,,23.8128,358,697,0.988864,147,0,13,,0,0,0,0,0,0,0,0,0,,571,462,,0,0,0,0
1602987824945,5,1010123456003,77,,1,0,8,1,1,,23.876,363,798,0.98384,146,0,13,,0,0,0,0,0,0,0,0,0,,630,462,,0,0,0,0
1602987825195,5,1010123456003,77,,1,0,8,1,1,,23.7411,336,849,0.989344,137,0,12.8333,,0,0,0,0,0,0,0,0,0,,613,464,,0,0,0,0
1602987825445,5,1010123456003,77,,1,0,8,1,1,,24.1667,378,1001,0.979872,149,0,13,,4.89286,28,0,0.1,11,0,0,8.28237,31,,618,456,,0,0,0,1.67857
1602987825695,5,1010123456003,77,,1,0,8,1,1,,23.3737,388,1340,0.966272,158,0,13,,0,0,0,0,0,0,0,0,0,,601,482,,0,0,0,0
1602987825945,5,1010123456003,77,,1,0,8,1,1,,25.234,329,1277,0.994496,131,0,13.5,,0,0,0,0,0,0,0,0,0,,566,420,,0,0,0,0
1602987826195,5,1010123456003,77,,1,0,8,1,1,,23.0954,388,0,0.998176,155,0,12.8,,0,0,0,0,0,0,0,0,0,,589,484,,0,0,0,0
1602987826445,5,1010123456003,77,,1,0,8,1,1,,23.8042,383,1131,0.941056,154,0,13,,0.230769,52,0,0.1,21,0,0,5.16816,31,,620,444,,0,0,0,1.01923
1602987826695,5,1010123456003,77,,1,0,8,1,1,,23.7026,390,321,1.0143,161,0,12.8333,,0,0,0,0,0,0,0,0,0,,637,486,,0,0,0,0
1602987826945,5,1010123456003,77,,1,0,8,1,1,,23.5189,370,136,0.987808,146,0,13,,0,0,0,0,0,0,0,0,0,,599,472,,0,0,0,0
1602987827195,5,1010123456003,77,,1,0,8,1,1,,23.194,335,417,0.985344,134,0,13,,0,0,0,0,0,0,0,0,0,,596,466,,0,0,0,0
1602987827445,5,1010123456003,77,,1,0,8,1,1,,23.2787,366,1206,0.964512,146,0,12.8333,,0.590909,44,0,0.1,17,0,0,5.55713,31,,621,462,,0,0,0,1
1602987827695,5,1010123456003,77,,1,0,8,1,1,,23.2493,365,849,1.00611,147,0,13,,0.1,5,0,0.1,2,0,0,6.6743,0,,614,486,,0,0,0,1
1602987827945,5,1010123456003,77,,1,0,8,1,1,,22.8272,382,1019,0.989056,154,0,12.5,,0,0,0,0,0,0,0,0,0,,631,492,,0,0,0,0
1602987828195,5,1010123456003,77,,1,0,8,1,1,,23.7571,350,697,0.982656,143,0,13.1667,,0,0,0,0,0,0,0,0,0,,598,474,,0,0,0,0
1602987828445,5,1010123456003,77,,1,0,8,1,1,,22.0593,371,1350,0.973888,154,0,11.6,,2.15,40,0,0.1,16,0,0,5.89782,31,,677,506,,0,0,0,1.1
1602987828695,5,1010123456003,77,,1,0,8,1,1,,23.1872,374,1382,0.994624,151,0,13,,0,0,0,0,0,0,0,0,0,,653,476,,0,0,0,0
1602987828945,5,1010123456003,77,,1,0,8,1,1,,23.2912,388,1433,0.993056,157,0,12.8,,0,0,0,0,0,0,0,0,0,,625,482,,0,0,0,0
1602987829195,5,1010123456003,77,,1,0,8,1,1,,23.3435,393,796,0.961824,157,0,12.8,,0,0,0,0,0,0,0,0,0,,635,466,,0,0,0,0
1602987829445,5,1010123456003,77,,1,0,8,1,1,,23.7969,384,0,1.00157,155,0,13,,0.723404,47,0,0.1,19,0,0,4.96907,31,,600,476,,0,0,0,1
1602987829695,5,1010123456003,77,,1,0,8,1,1,,24.2018,332,245,0.980256,135,0,13.4,,0,0,0,0,0,0,0,0,0,,576,438,,0,0,0,0
1602987829945,5,1010123456003,77,,1,0,8,1,1,,23.7379,351,900,0.98928,145,0,13,,0,0,0,0,0,0,0,0,0,,571,458,,0,0,0,0
1602987830195,5,1010123456003,77,,1,0,8,1,1,,24.2424,363,3260,0.89936,147,0,13,,0,0,0,0,0,0,0,0,0,,646,418,,0,0,0,0
1602987830445,5,1010123456003,77,,1,0,8,1,1,,24.3402,391,541,1.07702,157,0,13,,2.74074,54,0,0.1,23,17.3913,0,5.05888,31,,638,494,,0,0,0,2.38889
1602987830695,5,1010123456003,77,,1,0,8,1,1,,23.8358,402,470,0.980448,162,0,12.8,,0,0,0,0,0,0,0,0,0,,646,468,,0,0,0,0
1602987830945,5,1010123456003,77,,1,0,8,1,1,,23.1119,402,1070,0.982528,164,0,12.75,,0,0,0,0,0,0,0,0,0,,674,478,,0,0,0,0
1602987831195,5,1010123456003,77,,1,0,8,1,1,,24.2836,342,1350,0.996064,142,0,13,,0,0,0,0,0,0,0,0,0,,576,450,,0,0,0,0
1602987831445,5,1010123456003,77,,1,0,8,1,1,,23.7406,397,1206,0.977984,157,0,13,,1.79545,44,0,0.1,18,0,0,5.97188,31,,615,474,,0,0,0,1
1602987831695,5,1010123456003,77,,1,0,8,1,1,,24.1461,349,1382,0.985312,142,0,12.8,,0,0,0,0,0,0,0,0,0,,581,452,,0,0,0,0
1602987831945,5,1010123456003,77,,1,0,8,1,1,,22.8119,388,1433,0.97776,154,0,12.5,,0,0,0,0,0,0,0,0,0,,616,494,,0,0,0,0
1602987832195,5,1010123456003,77,,1,0,8,1,1,,23.2888,374,0,0.990592,147,0,13,,0,0,0,0,0,0,0,0,0,,599,474,,0,0,0,0
1602987832445,5,1010123456003,77,,1,0,8,1,1,,20.8606,330,4041,0.888832,134,0,11,,7.30909,55,0,0.1,22,31.8182,0,7.78079,31,,637,510,,0,0,0,4.34545
1602987832695,5,1010123456003,77,,1,0,8,1,1,,22.9241,382,292,1.07379,154,0,12.6,,0,0,0,0,0,0,0,0,0,,654,552,,0,0,0,0
1602987832945,5,1010123456003,77,,1,0,8,1,1,,23.775,400,338,0.989376,160,0,12.75,,0,0,0,0,0,0,0,0,0,,645,464,,0,0,0,0
1602987833195,5,1010123456003,77,,1,0,8,1,1,,22.6131,367,705,0.988096,152,0,12.75,,0,0,0,0,0,0,0,0,0,,610,492,,0,0,0,0
1602987833445,5,1010123456003,77,,1,0,8,1,1,,24.0906,342,305,0.985696,136,0,13,,0.666667,51,0,0.1,20,0,0,5.49845,31,,601,470,,0,0,0,1
1602987833695,5,1010123456003,77,,1,0,8,1,1,,23.6199,371,1238,0.988736,153,0,12.8,,0,0,0,0,0,0,0,0,0,,620,456,,0,0,0,0
1602987833945,5,1010123456003,77,,1,0,8,1,1,,22.6144,376,1150,0.9728,146,0,12.6667,,0,0,0,0,0,0,0,0,0,,646,494,,0,0,0,0
1602987834195,5,1010123456003,77,,1,0,8,1,1,,24.0052,383,1904,0.963904,151,0,12.75,,0,0,0,0,0,0,0,0,0,,632,448,,0,0,0,0
1602987834445,5,1010123456003,77,,1,0,8,1,1,,23.5781,384,1145,1.00451,155,0,12.8,,6.45946,37,0,0.1,15,26.6667,0,8.61808,31,,638,482,,0,0,0,3.54054
1602987834695,5,1010123456003,77,,1,0,8,1,1,,24.1111,342,1433,0.982944,139,0,13.3333,,0,0,0,0,0,0,0,0,0,,587,448,,0,0,0,0
1602987834945,5,1010123456003,77,,1,0,8,1,1,,24.5465,333,582,0.98576,133,0,13,,0,0,0,0,0,0,0,0,0,,553,432,,0,0,0,0
1602987835195,5,1010123456003,77,,1,0,8,1,1,,23.9895,382,0,0.9952,154,0,13.2,,0,0,0,0,0,0,0,0,0,,601,468,,0,0,0,0
1602987835445,5,1010123456003,77,,1,0,8,1,1,,19.7238,362,4024,0.88688,145,0,11.3333,,3.86047,43,0,0.1,18,22.2222,0,5.08307,31,,615,488,,0,0,0,2.67442
1602987835695,5,1010123456003,77,,1,0,8,1,1,,23.8703,424,257,1.07558,168,0,13,,0,0,0,0,0,0,0,0,0,,683,518,,0,0,0,0
1602987835945,5,1010123456003,77,,1,0,8,1,1,,23.8184,369,718,0.972032,145,0,13,,0,0,0,0,0,0,0,0,0,,618,454,,0,0,0,0
1602987836195,5,1010123456003,77,,1,0,8,1,1,,23.928,347,837,1.00362,142,0,13,,0,0,0,0,0,0,0,0,0,,597,456,,0,0,0,0
1602987836445,5,1010123456003,77,,1,0,8,1,1,,24.4424,373,501,0.988224,146,0,13.1667,,0.521739,46,0,0.1,19,0,0,4.94921,31,,610,452,,0,0,0,1
1602987836695,5,1010123456003,77,,1,0,8,1,1,,24.0909,330,545,0.988672,139,0,13,,0,0,0,0,0,0,0,0,0,,583,454,,0,0,0,0
1602987836945,5,1010123456003,77,,1,0,8,1,1,,23.7166,367,1062,0.979392,144,0,12.75,,0,0,0,0,0,0,0,0,0,,586,462,,0,0,0,0
1602987837195,5,1010123456003,77,,1,0,8,1,1,,23.7714,398,989,0.975712,159,0,13.2,,0,0,0,0,0,0,0,0,0,,661,464,,0,0,0,0
1602987837445,5,1010123456003,77,,1,0,8,1,1,,22.7568,370,2139,0.958624,148,0,12.8333,,7.45455,33,0,0.1,13,15.3846,0,7.3843,31,,642,470,,0,0,0,3.36364
1602987837695,5,1010123456003,77,,1,0,8,1,1,,23.2983,352,1657,1.00294,143,0,12.6,,0,0,0,0,0,0,0,0,0,,636,484,,0,0,0,0
1602987837945,5,1010123456003,77,,1,0,8,1,1,,20.8321,411,0,0.995072,166,0,10.6,,0,0,0,0,0,0,0,0,0,,727,560,,0,0,0,0
1602987838195,5,1010123456003,77,,1,0,8,1,1,,24.2291,358,0,0.984256,143,0,13,,0,0,0,0,0,0,0,0,0,,587,458,,0,0,0,0
1602987838445,5,1010123456003,77,,1,0,8,1,1,,19.7871,357,4352,0.88512,147,0,10.5,,5,53,0,0.1,22,27.2727,0,6.22561,31,,644,538,,0,0,0,3.43396
1602987838695,5,1010123456003,77,,1,0,8,1,1,,23.6117,394,153,1.08394,157,0,12.8571,,0,0,0,0,0,0,0,0,0,,693,534,,0,0,0,0
1602987838945,5,1010123456003,77,,1,0,8,1,1,,24.1503,346,77,0.989248,141,0,13,,0,0,0,0,0,0,0,0,0,,563,460,,0,0,0,0
1602987839195,5,1010123456003,77,,1,0,8,1,1,,24.1412,347,837,0.987616,142,0,13,,0,0,0,0,0,0,0,0,0,,611,440,,0,0,0,0
1602987839445,5,1010123456003,77,,1,0,8,1,1,,23.5328,351,636,0.988704,140,0,13,,0.305085,59,0,0.1,23,0,0,4.98917,31,,598,474,,0,0,0,1.0339
1602987839695,5,1010123456003,77,,1,0,8,1,1,,23.5212,353,705,0.987648,141,0,13,,0,0,0,0,0,0,0,0,0,,588,466,,0,0,0,0
1602987839945,5,1010123456003,77,,1,0,8,1,1,,22.8511,376,1017,0.969984,148,0,12.6,,0,0,0,0,0,0,0,0,0,,608,484,,0,0,0,0
1602987840195,5,1010123456003,77,,1,0,8,1,1,,23.6417,360,1137,0.981248,145,0,13,,0,0,0,0,0,0,0,0,0,,587,468,,0,0,0,0
1602987840445,5,1010123456003,77,,1,0,8,1,1,,23.1451,379,1289,0.986592,155,0,12.6667,,1.92683,41,0,0.1,17,0,0,6.12425,31,,628,484,,0,0,0,1.12195
1602987840695,5,1010123456003,77,,1,0,8,1,1,,23.3462,390,1382,0.982496,155,0,12.8333,,0,0,0,0,0,0,0,0,0,,664,476,,0,0,0,0
1602987840945,5,1010123456003,77,,1,0,8,1,1,,24.5681,338,0,0.983584,141,0,13,,0,0,0,0,0,0,0,0,0,,561,448,,0,0,0,0
1602987841195,5,1010123456003,77,,1,0,8,1,1,,22.5985,411,0,0.98896,162,0,12.3333,,0,0,0,0,0,0,0,0,0,,686,490,,0,0,0,0
1602987841445,5,1010123456003,77,,1,0,8,1,1,,24.236,356,0,0.984864,141,0,13,,11.7778,18,0,0.1,7,57.1429,0,5.90042,31,,571,456,,0,0,0,7.11111
1602987841695,5,1010123456003,77,,1,0,8,1,1,,22.7553,380,169,0.98336,149,0,12.5714,,0,0,0,0,0,0,0,0,0,,631,494,,0,0,0,0
1602987841945,5,1010123456003,77,,1,0,8,1,1,,23.9391,345,496,0.989504,138,0,13.25,,0,0,0,0,0,0,0,0,0,,580,456,,0,0,0,0
1602987842195,5,1010123456003,77,,1,0,8,1,1,,23.9312,349,701,0.988864,141,0,13.2,,0,0,0,0,0,0,0,0,0,,588,462,,0,0,0,0
1602987842445,5,1010123456003,77,,1,0,8,1,1,,23.9417,360,728,0.983264,143,0,13.1667,,0.409091,44,0,0.1,18,0,0,6.34304,31,,633,458,,0,0,0,1
1602987842695,5,1010123456003,77,,1,0,8,1,1,,21.8958,384,849,0.991904,154,0,12.1667,,0,0,0,0,0,0,0,0,0,,635,520,,0,0,0,0
1602987842945,5,1010123456003,77,,1,0,8,1,1,,24.0774,349,1028,0.967488,137,0,13.25,,0,0,0,0,0,0,0,0,0,,576,454,,0,0,0,0
1602987843195,5,1010123456003,77,,1,0,8,1,1,,23.285,379,1640,0.961376,150,0,12.8333,,0,0,0,0,0,0,0,0,0,,642,468,,0,0,0,0
1602987843445,5,1010123456003,77,,1,0,8,1,1,,23.6602,362,1137,1.0183,144,0,13,,5.69355,62,0,0.1,25,24,0,7.26188,31,,589,472,,0,0,0,3.59677
1602987843695,5,1010123456003,77,,1,0,8,1,1,,23.3654,364,1994,0.969344,145,0,12,,0,0,0,0,0,0,0,0,0,,640,466,,0,0,0,0
1602987843945,5,1010123456003,77,,1,0,8,1,1,,19.5204,417,0,0.990848,165,0,13,,0,0,0,0,0,0,0,0,0,,724,598,,0,0,0,0
1602987844195,5,1010123456003,77,,1,0,8,1,1,,22.3741,409,0,0.991744,165,0,12.3333,,0,0,0,0,0,0,0,0,0,,671,506,,0,0,0,0
1602987844445,5,1010123456003,77,,1,0,8,1,1,,23.377,374,0,0.989888,148,0,13,,3,29,0,0.1,12,0,0,7.56853,31,,607,480,,0,0,0,1.62069
1602987844695,5,1010123456003,77,,1,0,8,1,1,,24.1207,348,0,0.978176,138,0,13,,0,0,0,0,0,0,0,0,0,,587,456,,0,0,0,0
1602987844945,5,1010123456003,77,,1,0,8,1,1,,21.6275,400,245,0.989408,158,0,11.5,,0,0,0,0,0,0,0,0,0,,661,548,,0,0,0,0
1602987845195,5,1010123456003,77,,1,0,8,1,1,,22.8206,379,1145,0.990144,157,0,12.6667,,0,0,0,0,0,0,0,0,0,,616,478,,0,0,0,0
1602987845445,5,1010123456003,77,,1,0,8,1,1,,23.2667,360,701,0.981088,142,0,12.75,,0,0,0,0,0,0,0,0,0,,609,484,,0,0,0,0
1602987845695,5,1010123456003,77,,1,0,8,1,1,,21.727,403,2655,0.92112,162,0,12.2,,5.11111,27,0,0.1,11,0,0,8.90329,31,,702,506,,0,0,0,1.2963
1602987845945,5,1010123456003,77,,1,0,8,1,1,,23.6444,374,1054,1.03536,149,0,12.8,,0,0,0,0,0,0,0,0,0,,631,504,,0,0,0,0
1602987846195,5,1010123456003,77,,1,0,8,1,1,,24.1926,353,1312,0.994368,140,0,13,,0,0,0,0,0,0,0,0,0,,575,456,,0,0,0,0
1602987846445,5,1010123456003,77,,1,0,8,1,1,,23.7275,334,1433,0.982272,137,0,13,,11.8077,26,0,0.1,10,50,0,7.47516,31,,582,466,,0,0,0,6.19231
1602987846695,5,1010123456003,77,,1,0,8,1,1,,24.1953,343,1433,0.996352,140,0,13.25,,2,5,0,0.1,2,0,0,4.8219,0,,572,452,,0,0,0,1
1602987846945,5,1010123456003,77,,1,0,8,1,1,,22.4272,316,2000,0.948256,129,0,10,,0,0,0,0,0,0,0,0,0,,626,478,,0,0,0,0
1602987847195,5,1010123456003,77,,1,0,8,1,1,,19.0183,383,174,1.01286,152,0,12.6,,0,0,0,0,0,0,0,0,0,,832,690,,0,0,0,0
1602987847445,5,1010123456003,77,,1,0,8,1,1,,22.8338,397,0,0.983776,163,0,12.8333,,2.15385,39,0,0.1,16,0,0,5.9991,31,,662,498,,0,0,0,1
1602987847695,5,1010123456003,77,,1,0,8,1,1,,22.7662,355,425,0.988896,144,0,12.4286,,0,0,0,0,0,0,0,0,0,,643,494,,0,0,0,0
1602987847945,5,1010123456003,77,,1,0,8,1,1,,22.3871,403,600,0.989504,164,0,12.8,,0,0,0,0,0,0,0,0,0,,644,502,,0,0,0,0
1602987848195,5,1010123456003,77,,1,0,8,1,1,,24.3178,343,1238,0.988448,141,0,13.2,,0,0,0,0,0,0,0,0,0,,576,442,,0,0,0,0
1602987848445,5,1010123456003,77,,1,0,8,1,1,,18.0397,353,9625,0.720448,141,0,9.75,,3.10204,49,0,0.1,21,14.2857,0,5.87454,31,,684,556,,0,0,0,2.87755
1602987848695,5,1010123456003,77,,1,0,8,1,1,,23.8049,405,1509,1.24125,159,0,11.2,,8,9,0,0.1,3,33.3333,0,12.0151,31,,729,584,,0,0,0,4
1602987848945,5,1010123456003,77,,1,0,8,1,1,,19.3759,439,1094,0.996512,180,0,12.5,,0,0,0,0,0,0,0,0,0,,759,604,,0,0,0,0
1602987849195,5,1010123456003,77,,1,0,8,1,1,,22.9304,359,873,0.96384,143,0,12.8,,0,0,0,0,0,0,0,0,0,,615,488,,0,0,0,0
1602987849445,5,1010123456003,77,,1,0,8,1,1,,23.5887,406,1382,0.98304,162,0,13,,0,8,0,0,4,100,0,0,0,,674,460,,0,0,0,0
1602987849695,5,1010123456003,77,,1,0,8,1,1,,24.1875,336,1433,0.992064,135,0,13,,0,0,0,0,0,0,0,0,0,,587,452,,0,0,0,0
1602987849945,5,1010123456003,77,,1,0,8,1,1,,21.1513,390,5425,0.830528,158,0,11.5,,3.85714,21,0,0.1,7,0,0,9.52573,31,,714,440,,0,0,0,1.14286
1602987850195,5,1010123456003,77,,1,0,8,1,1,,24.8878,410,0,1.1464,161,0,13,,0,0,0,0,0,0,0,0,0,,683,518,,0,0,0,0
1602987850445,5,1010123456003,77,,1,0,8,1,1,,21.6811,417,0,0.98464,164,0,12.3333,,0,8,0,0,4,100,0,0,0,,658,532,,0,0,0,0
1602987850695,5,1010123456003,77,,1,0,8,1,1,,23.7892,351,592,0.983552,140,0,13,,0,0,0,0,0,0,0,0,0,,598,454,,0,0,0,0
1602987850945,5,1010123456003,77,,1,0,8,1,1,,20.8753,417,381,0.989536,166,0,11.5,,15.1111,81,0,0.1,33,81.8182,0,6.95638,31,,709,572,,0,0,0,8.54321
1602987851195,5,1010123456003,77,,1,0,8,1,1,,23.4914,405,1045,0.990368,164,0,13,,0,0,0,0,0,0,0,0,0,,626,470,,0,0,0,0
1602987851445,5,1010123456003,77,,1,0,8,1,1,,23.7392,395,705,0.985216,153,0,13.25,,1.24444,45,0,0.1,18,0,0,5.93227,31,,632,470,,0,0,0,1
1602987851695,5,1010123456003,77,,1,0,8,1,1,,20.6536,358,966,0.98144,145,0,11,,0,0,0,0,0,0,0,0,0,,721,580,,0,0,0,0
1602987851945,5,1010123456003,77,,1,0,8,1,1,,23.5922,358,1825,0.967424,144,0,12.8333,,0,0,0,0,0,0,0,0,0,,592,456,,0,0,0,0
1602987852195,5,1010123456003,77,,1,0,8,1,1,,23.6684,386,1277,0.98576,155,0,13,,0,0,0,0,0,0,0,0,0,,660,474,,0,0,0,0
1602987852445,5,1010123456003,77,,1,0,8,1,1,,22.7063,412,1137,0.98048,162,0,12.8333,,1.4359,39,0,0.1,15,0,0,6.08204,31,,679,496,,0,0,0,1
1602987852695,5,1010123456003,77,,1,0,8,1,1,,23.283,364,0,1.00176,150,0,12.4,,0,0,0,0,0,0,0,0,0,,614,488,,0,0,0,0
1602987852945,5,1010123456003,77,,1,0,8,1,1,,23.4659,352,0,0.98,137,0,13,,0,0,0,0,0,0,0,0,0,,594,466,,0,0,0,0
1602987853195,5,1010123456003,77,,1,0,8,1,1,,21.3391,407,0,0.978048,163,0,11.8,,0,0,0,0,0,0,0,0,0,,729,562,,0,0,0,0
1602987853445,5,1010123456003,77,,1,0,8,1,1,,23.6915,363,0,1.00026,147,0,13.25,,1.48571,35,0,0.1,14,0,0,5.85248,31,,585,470,,0,0,0,1
1602987853695,5,1010123456003,77,,1,0,8,1,1,,22.4023,353,245,0.978816,141,0,12.8333,,0,0,0,0,0,0,0,0,0,,607,488,,0,0,0,0
1602987853945,5,1010123456003,77,,1,0,8,1,1,,22.2442,389,440,0.982208,156,0,11.75,,0,0,0,0,0,0,0,0,0,,670,522,,0,0,0,0
1602987854195,5,1010123456003,77,,1,0,8,1,1,,23.6575,327,993,0.99424,137,0,13,,0,0,0,0,0,0,0,0,0,,597,454,,0,0,0,0
1602987854445,5,1010123456003,77,,1,0,8,1,1,,23.8873,346,1433,0.988096,143,0,12.8,,4.43478,69,0,0.1,27,29.6296,0,5.95204,31,,595,462,,0,0,0,3.63768
1602987854695,5,1010123456003,77,,1,0,8,1,1,,24.5913,323,1145,0.967744,129,0,13.2,,0,0,0,0,0,0,0,0,0,,555,446,,0,0,0,0
1602987854945,5,1010123456003,77,,1,0,8,1,1,,21.5787,394,1289,0.982816,155,0,12.4,,0,0,0,0,0,0,0,0,0,,673,546,,0,0,0,0
1602987855195,5,1010123456003,77,,1,0,8,1,1,,24.1566,332,1433,0.98992,137,0,13.2,,0,0,0,0,0,0,0,0,0,,585,440,,0,0,0,0
1602987855445,5,1010123456003,77,,1,0,8,1,1,,22.631,374,1433,0.978848,153,0,12.6667,,6.41176,34,0,0.1,14,28.5714,0,5.82245,31,,607,498,,0,0,0,4.05882
1602987855695,5,1010123456003,77,,1,0,8,1,1,,24.0675,341,0,0.988544,136,0,13.3333,,12,14,0,0.1,5,60,0,8.31311,31,,588,446,,0,0,0,6.78571
1602987855945,5,1010123456003,77,,1,0,8,1,1,,24.2471,344,0,0.999136,137,0,13.3333,,0,0,0,0,0,0,0,0,0,,576,452,,0,0,0,0
1602987856195,5,1010123456003,77,,1,0,8,1,1,,23.7383,363,56,0.972224,142,0,12.8,,0,0,0,0,0,0,0,0,0,,606,470,,0,0,0,0
1602987856445,5,1010123456003,77,,1,0,8,1,1,,23.8434,332,25,0.987904,136,0,13.2,,12.45,20,0,0.1,8,75,0,5.99875,31,,603,458,,0,0,0,7.45
1602987856695,5,1010123456003,77,,1,0,8,1,1,,23.01,400,440,0.989472,160,0,12.8571,,0,0,0,0,0,0,0,0,0,,623,482,,0,0,0,0
1602987856945,5,1010123456003,77,,1,0,8,1,1,,22.2735,373,644,0.985472,151,0,12.4,,0,0,0,0,0,0,0,0,0,,635,508,,0,0,0,0
1602987857195,5,1010123456003,77,,1,0,8,1,1,,23.1728,382,1656,0.9688,154,0,13,,0,0,0,0,0,0,0,0,0,,622,464,,0,0,0,0
1602987857445,5,1010123456003,77,,1,0,8,1,1,,22.5023,440,697,0.999232,178,0,12.5,,0.45283,53,0,0.1,21,0,0,4.75637,31,,727,532,,0,0,0,1
1602987857695,5,1010123456003,77,,1,0,8,1,1,,23.9799,348,1133,0.9792,142,0,13,,2,3,0,0.1,1,0,0,4.7731,31,,602,456,,0,0,0,1
1602987857945,5,1010123456003,77,,1,0,8,1,1,,23.2166,374,1289,0.996512,151,0,12.5,,0,0,0,0,0,0,0,0,0,,609,480,,0,0,0,0
1602987858195,5,1010123456003,77,,1,0,8,1,1,,23.2902,348,1305,0.968032,140,0,12.8,,0,0,0,0,0,0,0,0,0,,629,472,,0,0,0,0
1602987858445,5,1010123456003,77,,1,0,8,1,1,,22.7852,391,1382,1.00998,157,0,12.6667,,2.23913,46,0,0.1,19,0,0,6.26301,31,,607,494,,0,0,0,1.06522
1602987858695,5,1010123456003,77,,1,0,8,1,1,,23.2149,377,0,0.9744,147,0,12.8571,,0,0,0,0,0,0,0,0,0,,605,478,,0,0,0,0
1602987858945,5,1010123456003,77,,1,0,8,1,1,,22.9195,385,0,0.98176,154,0,12.8,,0,0,0,0,0,0,0,0,0,,626,492,,0,0,0,0
1602987859195,5,1010123456003,77,,1,0,8,1,1,,22.0741,378,791,0.98544,152,0,12.2,,0,0,0,0,0,0,0,0,0,,637,510,,0,0,0,0
1602987859445,5,1010123456003,77,,1,0,8,1,1,,22.3404,376,708,0.985248,147,0,12.5,,11.4545,11,0,0.1,5,80,0,6.53924,31,,655,514,,0,0,0,8.36364
1602987859695,5,1010123456003,77,,1,0,8,1,1,,23.0139,360,833,0.988,145,0,12.7143,,0,0,0,0,0,0,0,0,0,,578,484,,0,0,0,0
1602987859945,5,1010123456003,77,,1,0,8,1,1,,22.9783,369,902,0.988128,149,0,12.6667,,0.1,11,0,0.1,5,0,0,6.21391,31,,660,482,,0,0,0,1
1602987860195,5,1010123456003,77,,1,0,8,1,1,,22.6576,368,561,0.989248,148,0,12.3333,,0,0,0,0,0,0,0,0,0,,625,510,,0,0,0,0
1602987860445,5,1010123456003,77,,1,0,8,1,1,,22.2427,375,950,0.988608,150,0,12.3333,,12.9,20,0,0.1,8,62.5,0,8.03207,31,,695,522,,0,0,0,7.05
1602987860695,5,1010123456003,77,,1,0,8,1,1,,20.6266,383,1137,0.970944,150,0,11.5714,,14,9,0,0,3,100,0,3.69316,0,,704,576,,0,0,0,10
1602987860945,5,1010123456003,77,,1,0,8,1,1,,21.4218,377,1145,0.979232,147,0,12.2,,0,0,0,0,0,0,0,0,0,,662,542,,0,0,0,0
1602987861195,5,1010123456003,77,,1,0,8,1,1,,20.8447,367,1350,0.977664,150,0,11,,0,0,0,0,0,0,0,0,0,,693,574,,0,0,0,0
1602987861445,5,1010123456003,77,,1,0,8,1,1,,19.766,406,1433,0.94544,161,0,10.8,,5.33333,24,0,0.1,12,16.6667,0,7.62405,31,,723,560,,0,0,0,2.75
1602987861695,5,1010123456003,77,,1,0,8,1,1,,24.4561,342,0,1.03158,142,0,13.1429,,0.1,3,0,0.1,1,0,0,4.27499,31,,593,450,,0,0,0,1
1602987861945,5,1010123456003,77,,1,0,8,1,1,,24.2553,329,0,0.97632,135,0,13.5,,0,0,0,0,0,0,0,0,0,,567,444,,0,0,0,0
1602987862195,5,1010123456003,77,,1,0,8,1,1,,23.4665,373,25,0.999008,147,0,13,,0,0,0,0,0,0,0,0,0,,595,470,,0,0,0,0
1602987862445,5,1010123456003,77,,1,0,8,1,1,,24.038,368,268,0.979936,147,0,13,,12.3077,13,148854,0.1,5,40,0,10.7544,31,,566,458,,0,0,0,5.30769
1602987862695,5,1010123456003,77,,1,0,8,1,1,,23.7857,378,553,0.989568,150,0,13,,15.5789,76,0,0.1,31,83.871,0,6.1558,0,,612,460,,0,0,0,8.59211
1602987862945,5,1010123456003,77,,1,0,8,1,1,,20.1061,396,1037,0.984096,159,0,10.5,,0,0,0,0,0,0,0,0,0,,765,594,,0,0,0,0
1602987863195,5,1010123456003,77,,1,0,8,1,1,,20.2216,388,3374,0.929824,154,0,11.2,,0,0,0,0,0,0,0,0,0,,661,534,,0,0,0,0
1602987863445,5,1010123456003,77,,1,0,8,1,1,,22.2657,414,1350,1.04624,170,0,12.8333,,0.44,50,0,0.1,20,0,0,5.32485,31,,743,548,,0,0,0,1
1602987863695,5,1010123456003,77,,1,0,8,1,1,,23.8532,361,1711,0.957504,143,0,13,,6,6,0,0.1,2,0,0,15.7203,31,,616,458,,0,0,0,1
1602987863945,5,1010123456003,77,,1,0,8,1,1,,24,366,1433,1.00851,148,0,13,,0,0,0,0,0,0,0,0,0,,569,464,,0,0,0,0
1602987864195,5,1010123456003,77,,1,0,8,1,1,,23.2769,390,1382,0.974816,156,0,13,,0,0,0,0,0,0,0,0,0,,637,480,,0,0,0,0
1602987864445,5,1010123456003,77,,1,0,8,1,1,,22.361,385,1433,0.985216,152,0,12.4,,8.02857,35,0,0.1,14,14.2857,0,9.76246,31,,626,512,,0,0,0,2.6
1602987864695,5,1010123456003,77,,1,0,8,1,1,,23.8071,368,0,1.00122,148,0,13,,2,5,0,0.1,2,0,0,6.65967,31,,593,472,,0,0,0,1
1602987864945,5,1010123456003,77,,1,0,8,1,1,,24.7016,315,0,0.974496,125,0,13.75,,0,0,0,0,0,0,0,0,0,,535,420,,0,0,0,0
1602987865195,5,1010123456003,77,,1,0,8,1,1,,22.3229,353,253,0.989664,142,0,12.6667,,0,0,0,0,0,0,0,0,0,,653,500,,0,0,0,0
1602987865445,5,1010123456003,77,,1,0,8,1,1,,23.9176,352,313,0.984832,142,0,13,,6.05263,19,94,0.1,7,28.5714,0,6.30772,31,,583,464,,0,0,0,4.10526
1602987865695,5,1010123456003,77,,1,0,8,1,1,,23.8274,365,1145,0.98992,148,0,13.1429,,1.4,10,0,0.1,4,0,0,7.64053,0,,615,446,,0,0,0,1
1602987865945,5,1010123456003,77,,1,0,8,1,1,,24.1619,352,553,0.988864,137,0,13.1667,,0,0,0,0,0,0,0,0,0,,580,464,,0,0,0,0
1602987866195,5,1010123456003,77,,1,0,8,1,1,,24.403,330,545,0.988672,137,0,13.1667,,0,0,0,0,0,0,0,0,0,,574,446,,0,0,0,0
1602987866445,5,1010123456003,77,,1,0,8,1,1,,22.6495,408,849,0.982272,162,0,12.2,,0.816327,49,0,0.1,20,0,0,5.79204,31,,668,500,,0,0,0,1.16327
1602987866695,5,1010123456003,77,,1,0,8,1,1,,23.0538,353,910,0.958752,139,0,12.8333,,0,0,0,0,0,0,0,0,0,,592,478,,0,0,0,0
1602987866945,5,1010123456003,77,,1,0,8,1,1,,22.7098,386,2711,0.943008,153,0,12.3333,,0,0,0,0,0,0,0,0,0,,616,466,,0,0,0,0
1602987867195,5,1010123456003,77,,1,0,8,1,1,,23.136,375,1382,1.03363,156,0,13,,0,0,0,0,0,0,0,0,0,,624,500,,0,0,0,0
1602987867445,5,1010123456003,77,,1,0,8,1,1,,22.5421,380,0,1.00464,155,0,12.5,,2.875,40,0,0.1,16,12.5,0,7.07462,31,,634,502,,0,0,0,2.175
1602987867695,5,1010123456003,77,,1,0,8,1,1,,23.4725,345,0,0.981856,137,0,12.75,,0,0,0,0,0,0,0,0,0,,618,478,,0,0,0,0
1602987867945,5,1010123456003,77,,1,0,8,1,1,,22.9568,370,0,0.977504,150,0,12.8,,0,0,0,0,0,0,0,0,0,,603,494,,0,0,0,0
1602987868195,5,1010123456003,77,,1,0,8,1,1,,23.6029,350,1614,0.95696,142,0,13,,0,0,0,0,0,0,0,0,0,,610,448,,0,0,0,0
1602987868445,5,1010123456003,77,,1,0,8,1,1,,24.4118,357,524,1.01245,144,0,13,,15,12,0,0,4,100,0,4.27428,0,,630,468,,0,0,0,10
1602987868695,5,1010123456003,77,,1,0,8,1,1,,23.9088,362,761,0.988832,152,0,13,,0.571429,7,0,0.1,3,0,0,4.19163,31,,620,460,,0,0,0,1
1602987868945,5,1010123456003,77,,1,0,8,1,1,,23.6361,371,737,0.988448,147,0,12.8,,0,0,0,0,0,0,0,0,0,,640,474,,0,0,0,0
1602987869195,5,1010123456003,77,,1,0,8,1,1,,24.4232,345,1001,0.975104,138,0,13.2,,0,0,0,0,0,0,0,0,0,,565,446,,0,0,0,0
1602987869445,5,1010123456003,77,,1,0,8,1,1,,23.1658,374,1145,0.988768,148,0,12.4,,3.66667,39,0,0.1,16,6.25,0,10.3953,31,,670,496,,0,0,0,2.17949
1602987869695,5,1010123456003,77,,1,0,8,1,1,,23.4521,376,1289,0.983456,151,0,12.6,,0,0,0,0,0,0,0,0,0,,628,470,,0,0,0,0
1602987869945,5,1010123456003,77,,1,0,8,1,1,,21.1583,398,1350,0.982624,165,0,11.8,,0,0,0,0,0,0,0,0,0,,715,564,,0,0,0,0
1602987870195,5,1010123456003,77,,1,0,8,1,1,,23.4114,350,1433,0.996928,140,0,12.75,,0,0,0,0,0,0,0,0,0,,581,472,,0,0,0,0
1602987870445,5,1010123456003,77,,1,0,8,1,1,,22.5817,404,0,0.979072,163,0,12.5,,1.7619,42,0,0.1,17,0,0,5.3649,31,,702,510,,0,0,0,1.04762
1602987870695,5,1010123456003,77,,1,0,8,1,1,,23.6341,358,0,0.979424,148,0,13,,0,0,0,0,0,0,0,0,0,,634,464,,0,0,0,0
1602987870945,5,1010123456003,77,,1,0,8,1,1,,24.28,350,0,0.9792,139,0,13,,0,0,0,0,0,0,0,0,0,,599,454,,0,0,0,0
1602987871195,5,1010123456003,77,,1,0,8,1,1,,24.2732,366,0,0.999872,146,0,13.5,,0,0,0,0,0,0,0,0,0,,567,446,,0,0,0,0
1602987871445,5,1010123456003,77,,1,0,8,1,1,,18.8116,361,693,0.976384,145,0,9.5,,4.2,30,0,0.1,12,16.6667,0,6.24618,31,,762,594,,0,0,0,2.86667
1602987871695,5,1010123456003,77,,1,0,8,1,1,,23.0528,398,397,0.992352,159,0,12.6667,,4.52174,23,0,0.1,10,40,0,6.76655,31,,641,494,,0,0,0,4.13043
1602987871945,5,1010123456003,77,,1,0,8,1,1,,24.3683,334,798,0.982624,137,0,13,,0,0,0,0,0,0,0,0,0,,567,446,,0,0,0,0
1602987872195,5,1010123456003,77,,1,0,8,1,1,,23.896,346,849,0.990112,142,0,13.1667,,0,0,0,0,0,0,0,0,0,,579,460,,0,0,0,0
1602987872445,5,1010123456003,77,,1,0,8,1,1,,17.8909,385,849,0.976736,154,0,9.16667,,1.67347,49,0,0.1,20,10,0,5.35911,31,,806,664,,0,0,0,1.91837
1602987872695,5,1010123456003,77,,1,0,8,1,1,,23.3733,375,1145,0.98912,152,0,12.75,,14,12,0,0.1,5,80,0,2.91327,0,,631,470,,0,0,0,8.25
1602987872945,5,1010123456003,77,,1,0,8,1,1,,24.2139,346,1238,0.977088,138,0,13,,0,0,0,0,0,0,0,0,0,,580,452,,0,0,0,0
1602987873195,5,1010123456003,77,,1,0,8,1,1,,24.1264,364,1137,0.974144,146,0,13.4,,0,0,0,0,0,0,0,0,0,,608,446,,0,0,0,0
1602987873445,5,1010123456003,77,,1,0,8,1,1,,24.7176,340,0,0.98752,136,0,13.4,,6.65278,72,0,0.1,29,34.4828,0,7.97875,31,,548,436,,0,0,0,4.56944
1602987873695,5,1010123456003,77,,1,0,8,1,1,,23.7123,365,0,0.994528,146,0,13,,0,0,0,0,0,0,0,0,0,,592,468,,0,0,0,0
1602987873945,5,1010123456003,77,,1,0,8,1,1,,24.1023,342,0,0.983552,139,0,13,,0,0,0,0,0,0,0,0,0,,571,456,,0,0,0,0
1602987874195,5,1010123456003,77,,1,0,8,1,1,,24.2012,343,153,0.982752,139,0,13.1667,,0,0,0,0,0,0,0,0,0,,605,452,,0,0,0,0
1602987874445,5,1010123456003,77,,1,0,8,1,1,,23.8286,350,541,0.988896,144,0,13,,4.7,30,94,0.1,12,16.6667,0,5.97039,31,,590,460,,0,0,0,2.53333
1602987874695,5,1010123456003,77,,1,0,8,1,1,,23.5976,338,697,0.987968,140,0,13,,1.6,10,0,0.1,4,0,0,6.43386,0,,567,466,,0,0,0,1
1602987874945,5,1010123456003,77,,1,0,8,1,1,,23.4016,366,553,0.987136,146,0,12.8333,,0,0,0,0,0,0,0,0,0,,600,478,,0,0,0,0
1602987875195,5,1010123456003,77,,1,0,8,1,1,,23.7139,381,693,0.991296,153,0,13,,0,0,0,0,0,0,0,0,0,,624,466,,0,0,0,0
1602987875445,5,1010123456003,77,,1,0,8,1,1,,22.9073,356,1133,0.965856,144,0,12.5,,12.04,25,0,0.1,10,40,0,12.5899,31,,615,486,,0,0,0,4.6
1602987875695,5,1010123456003,77,,1,0,8,1,1,,23.011,365,1350,0.97456,147,0,12.6,,0,0,0,0,0,0,0,0,0,,632,480,,0,0,0,0
1602987875945,5,1010123456003,77,,1,0,8,1,1,,23.7034,354,1350,0.992448,141,0,13,,0,0,0,0,0,0,0,0,0,,596,460,,0,0,0,0
1602987876195,5,1010123456003,77,,1,0,8,1,1,,20.9409,372,4242,0.926272,150,0,10.6,,0,0,0,0,0,0,0,0,0,,644,520,,0,0,0,0
1602987876445,5,1010123456003,77,,1,0,8,1,1,,20.1506,405,0,1.04538,160,0,13,,9.64286,14,0,0.1,6,33.3333,0,12.2322,31,,794,666,,0,0,0,3.78571
1602987876695,5,1010123456003,77,,1,0,8,1,1,,22.5857,391,14,0.981408,157,0,12.2,,0,0,0,0,0,0,0,0,0,,627,506,,0,0,0,0
1602987876945,5,1010123456003,77,,1,0,8,1,1,,23.8753,385,0,0.98624,150,0,13.2,,0,0,0,0,0,0,0,0,0,,620,466,,0,0,0,0
1602987877195,5,1010123456003,77,,1,0,8,1,1,,21.2761,402,269,0.989312,162,0,12.3333,,0,0,0,0,0,0,0,0,0,,665,554,,0,0,0,0
1602987877445,5,1010123456003,77,,1,0,8,1,1,,23.9023,348,868,0.988384,144,0,13,,13.1667,18,0,0.1,7,71.4286,0,10.6897,31,,562,452,,0,0,0,7
1602987877695,5,1010123456003,77,,1,0,8,1,1,,21.1816,347,849,0.988096,140,0,11.2,,0,2,0,0,1,100,0,0,0,,690,550,,0,0,0,0
1602987877945,5,1010123456003,77,,1,0,8,1,1,,23.3023,344,1531,0.959648,135,0,12.25,,0,0,0,0,0,0,0,0,0,,582,456,,0,0,0,0
1602987878195,5,1010123456003,77,,1,0,8,1,1,,19.486,393,1289,1.01693,161,0,10.8333,,0,0,0,0,0,0,0,0,0,,770,644,,0,0,0,0
1602987878445,5,1010123456003,77,,1,0,8,1,1,,23.2388,356,849,0.988064,143,0,13,,12.0417,24,0,0.1,10,40,0,11.4618,31,,620,478,,0,0,0,5
1602987878695,5,1010123456003,77,,1,0,8,1,1,,24.2133,347,1382,0.979296,143,0,13.25,,0,0,0,0,0,0,0,0,0,,559,448,,0,0,0,0
1602987878945,5,1010123456003,77,,1,0,8,1,1,,23.9823,339,1433,0.960096,138,0,13,,0,0,0,0,0,0,0,0,0,,574,454,,0,0,0,0
1602987879195,5,1010123456003,77,,1,0,8,1,1,,24.1178,365,1433,0.987456,145,0,13.4,,0,0,0,0,0,0,0,0,0,,605,456,,0,0,0,0
1602987879445,5,1010123456003,77,,1,0,8,1,1,,23.2165,388,72,0.987648,153,0,12.6,,2.64516,31,0,0.1,12,0,0,6.14728,31,,650,476,,0,0,0,1.87097
1602987879695,5,1010123456003,77,,1,0,8,1,1,,20.3885,399,0,0.992992,162,0,11,,0,0,0,0,0,0,0,0,0,,698,574,,0,0,0,0
1602987879945,5,1010123456003,77,,1,0,8,1,1,,23.8653,401,72,0.996192,161,0,13,,0,0,0,0,0,0,0,0,0,,655,468,,0,0,0,0
1602987880195,5,1010123456003,77,,1,0,8,1,1,,23.6802,344,193,0.980064,141,0,13.2,,0,0,0,0,0,0,0,0,0,,602,464,,0,0,0,0
1602987880445,5,1010123456003,77,,1,0,8,1,1,,23.1216,370,989,0.989984,149,0,13,,3.09804,51,0,0.1,20,10,0,6.53864,31,,592,468,,0,0,0,2.09804
1602987880695,5,1010123456003,77,,1,0,8,1,1,,23.8687,358,977,0.988672,143,0,13,,0,0,0,0,0,0,0,0,0,,584,458,,0,0,0,0
1602987880945,5,1010123456003,77,,1,0,8,1,1,,22.8459,357,802,0.987744,142,0,13,,0,0,0,0,0,0,0,0,0,,603,486,,0,0,0,0
1602987881195,5,1010123456003,77,,1,0,8,1,1,,22.112,357,1336,0.96128,142,0,11.75,,0,0,0,0,0,0,0,0,0,,633,500,,0,0,0,0
1602987881445,5,1010123456003,77,,1,0,8,1,1,,23.1444,374,1382,0.999296,152,0,13,,2.34286,35,0,0.1,14,0,0,4.95615,31,,647,484,,0,0,0,1.17143
1602987881695,5,1010123456003,77,,1,0,8,1,1,,23.937,381,1221,0.978496,152,0,12.6,,0,0,0,0,0,0,0,0,0,,684,462,,0,0,0,0
1602987881945,5,1010123456003,77,,1,0,8,1,1,,22.2458,419,1382,0.980416,166,0,13,,0,0,0,0,0,0,0,0,0,,665,516,,0,0,0,0
1602987882195,5,1010123456003,77,,1,0,8,1,1,,23.1111,369,302,0.991584,150,0,12.8,,0,0,0,0,0,0,0,0,0,,620,474,,0,0,0,0
1602987882445,5,1010123456003,77,,1,0,8,1,1,,23.1891,386,0,0.978752,154,0,12.8333,,0.763636,55,0,0.1,23,0,0,5.6236,31,,649,480,,0,0,0,1.03636
1602987882695,5,1010123456003,77,,1,0,8,1,1,,23.9867,377,0,0.984288,149,0,13,,0,0,0,0,0,0,0,0,0,,615,458,,0,0,0,0
1602987882945,5,1010123456003,77,,1,0,8,1,1,,24.5253,316,537,0.990048,125,0,13.25,,0,0,0,0,0,0,0,0,0,,575,430,,0,0,0,0
1602987883195,5,1010123456003,77,,1,0,8,1,1,,22.4501,411,113,0.993024,165,0,12.6,,0,0,0,0,0,0,0,0,0,,663,524,,0,0,0,0
1602987883445,5,1010123456003,77,,1,0,8,1,1,,21.1186,388,1246,0.975296,155,0,11.8333,,2.17857,28,0,0.1,11,0,0,5.42526,31,,673,544,,0,0,0,1.39286
1602987883695,5,1010123456003,77,,1,0,8,1,1,,24.0132,380,853,1.00416,158,0,13,,0,0,0,0,0,0,0,0,0,,653,474,,0,0,0,0
1602987883945,5,1010123456003,77,,1,0,8,1,1,,22.615,374,629,0.989056,151,0,12.75,,0,0,0,0,0,0,0,0,0,,639,500,,0,0,0,0
1602987884195,5,1010123456003,77,,1,0,8,1,1,,23.1621,364,849,0.973024,144,0,12.8333,,0,0,0,0,0,0,0,0,0,,587,472,,0,0,0,0
1602987884445,5,1010123456003,77,,1,0,8,1,1,,23.197,401,1289,0.984768,163,0,12.8,,0.44898,49,0,0.1,20,0,0,4.72819,31,,682,474,,0,0,0,1
1602987884695,5,1010123456003,77,,1,0,8,1,1,,23.4028,355,1433,0.988128,139,0,13,,0,0,0,0,0,0,0,0,0,,600,464,,0,0,0,0
1602987884945,5,1010123456003,77,,1,0,8,1,1,,23.8006,361,1289,0.980768,144,0,13,,0,0,0,0,0,0,0,0,0,,625,466,,0,0,0,0
1602987885195,5,1010123456003,77,,1,0,8,1,1,,24.0154,325,0,0.991776,129,0,13,,0,0,0,0,0,0,0,0,0,,577,450,,0,0,0,0
1602987885445,5,1010123456003,77,,1,0,8,1,1,,22.8507,375,0,0.97152,152,0,12.8,,2.7619,42,0,0.1,17,11.7647,0,5.50292,31,,666,494,,0,0,0,1.85714
1602987885695,5,1010123456003,77,,1,0,8,1,1,,22.8634,344,860,0.98768,145,0,13,,0,0,0,0,0,0,0,0,0,,631,480,,0,0,0,0
1602987885945,5,1010123456003,77,,1,0,8,1,1,,20.5313,399,276,0.985504,158,0,11.4,,0,0,0,0,0,0,0,0,0,,708,562,,0,0,0,0
1602987886195,5,1010123456003,77,,1,0,8,1,1,,21.7302,341,693,0.987328,139,0,11.1667,,0,0,0,0,0,0,0,0,0,,665,532,,0,0,0,0
1602987886445,5,1010123456003,77,,1,0,8,1,1,,24.0773,375,685,0.9888,153,0,13.2,,15,12,0,0,4,100,0,4.41273,0,,636,450,,0,0,0,10
1602987886695,5,1010123456003,77,,1,0,8,1,1,,23.9425,348,798,0.989184,138,0,13,,0,0,0,0,0,0,0,0,0,,579,456,,0,0,0,0
1602987886945,5,1010123456003,77,,1,0,8,1,1,,24.0749,347,993,0.98064,141,0,13,,0.1,7,0,0.1,3,0,0,4.53669,31,,571,452,,0,0,0,1
1602987887195,5,1010123456003,77,,1,0,8,1,1,,23.9527,402,901,0.986304,158,0,13,,0,0,0,0,0,0,0,0,0,,652,460,,0,0,0,0
1602987887445,5,1010123456003,77,,1,0,8,1,1,,23.6723,354,1289,0.982784,143,0,13,,4.64407,59,0,0.1,24,16.6667,0,8.12178,31,,597,462,,0,0,0,2.61017
1602987887695,5,1010123456003,77,,1,0,8,1,1,,23.8385,353,1433,0.973408,140,0,13.1667,,0,0,0,0,0,0,0,0,0,,577,458,,0,0,0,0
1602987887945,5,1010123456003,77,,1,0,8,1,1,,24.2969,384,1433,0.993504,156,0,13.4,,0,0,0,0,0,0,0,0,0,,611,446,,0,0,0,0
1602987888195,5,1010123456003,77,,1,0,8,1,1,,24.1633,343,0,0.983264,139,0,13,,0,0,0,0,0,0,0,0,0,,565,456,,0,0,0,0
1602987888445,5,1010123456003,77,,1,0,8,1,1,,23.9468,376,0,0.973888,149,0,13,,0.301887,53,0,0.1,22,0,0,5.02797,31,,647,466,,0,0,0,1
1602987888695,5,1010123456003,77,,1,0,8,1,1,,21.856,368,0,0.990048,145,0,12.1429,,0,0,0,0,0,0,0,0,0,,640,530,,0,0,0,0
1602987888945,5,1010123456003,77,,1,0,8,1,1,,24.0287,349,0,0.988864,139,0,13,,0,0,0,0,0,0,0,0,0,,600,456,,0,0,0,0
1602987889195,5,1010123456003,77,,1,0,8,1,1,,22.8034,356,461,0.988224,148,0,12.25,,0,0,0,0,0,0,0,0,0,,612,486,,0,0,0,0
1602987889445,5,1010123456003,77,,1,0,8,1,1,,23.8851,383,397,0.9904,153,0,13,,5.07143,28,0,0.1,12,16.6667,0,6.53655,31,,607,468,,0,0,0,3.82143
1602987889695,5,1010123456003,77,,1,0,8,1,1,,23.3039,362,849,0.989568,145,0,12.75,,16,9,0,0.1,3,66.6667,0,7.67422,0,,586,476,,0,0,0,7.66667
1602987889945,5,1010123456003,77,,1,0,8,1,1,,23.3712,361,1238,0.970592,142,0,13,,0,0,0,0,0,0,0,0,0,,586,460,,0,0,0,0
1602987890195,5,1010123456003,77,,1,0,8,1,1,,22.7472,360,1350,0.985408,143,0,12.8,,0,0,0,0,0,0,0,0,0,,609,486,,0,0,0,0
1602987890445,5,1010123456003,77,,1,0,8,1,1,,23.974,385,1289,0.989088,155,0,13,,5.69231,26,0,0.1,10,40,0,5.31931,31,,619,464,,0,0,0,4.46154
1602987890695,5,1010123456003,77,,1,0,8,1,1,,17.7427,412,1433,0.969888,166,0,9.5,,0,0,0,0,0,0,0,0,0,,802,676,,0,0,0,0
1602987890945,5,1010123456003,77,,1,0,8,1,1,,24.4948,382,1433,0.9928,152,0,13.25,,0,0,0,0,0,0,0,0,0,,623,450,,0,0,0,0
1602987891195,5,1010123456003,77,,1,0,8,1,1,,22.8652,356,0,0.975584,147,0,12.6667,,0,0,0,0,0,0,0,0,0,,629,490,,0,0,0,0
1602987891445,5,1010123456003,77,,1,0,8,1,1,,21.4174,357,4064,0.902496,145,0,10.25,,6.61538,52,0,0.1,21,38.0952,0,5.80055,31,,689,512,,0,0,0,4.46154
1602987891695,5,1010123456003,77,,1,0,8,1,1,,22.2074,458,0,1.08755,180,0,12.4286,,0,0,0,0,0,0,0,0,0,,742,594,,0,0,0,0
1602987891945,5,1010123456003,77,,1,0,8,1,1,,23.592,375,409,0.98032,150,0,12.8,,0,0,0,0,0,0,0,0,0,,616,460,,0,0,0,0
1602987892195,5,1010123456003,77,,1,0,8,1,1,,22.3584,385,249,0.989792,156,0,12.4,,0,0,0,0,0,0,0,0,0,,633,512,,0,0,0,0
1602987892445,5,1010123456003,77,,1,0,8,1,1,,23.5105,382,561,0.988544,151,0,13,,1.30233,43,0,0.1,17,0,0,5.5679,31,,592,468,,0,0,0,1
1602987892695,5,1010123456003,77,,1,0,8,1,1,,24.1505,372,1045,0.990496,153,0,13,,0,0,0,0,0,0,0,0,0,,617,452,,0,0,0,0
1602987892945,5,1010123456003,77,,1,0,8,1,1,,24.0056,355,1357,0.947488,139,0,13,,0,0,0,0,0,0,0,0,0,,599,448,,0,0,0,0
1602987893195,5,1010123456003,77,,1,0,8,1,1,,22.6658,383,1206,1.01146,153,0,12.6,,0,0,0,0,0,0,0,0,0,,631,496,,0,0,0,0
1602987893445,5,1010123456003,77,,1,0,8,1,1,,24.0593,354,1017,0.998848,142,0,13.3333,,12.8182,55,0,0.10336,23,56.5217,0,8.21518,31,,569,462,,0,0,0,6.47273
1602987893695,5,1010123456003,77,,1,0,8,1,1,,20.1456,364,5881,0.83504,144,0,11,,0,0,0,0,0,0,0,0,0,,682,538,,0,0,0,0
1602987893945,5,1010123456003,77,,1,0,8,1,1,,22.2343,431,1433,1.11878,174,0,12.4,,0,0,0,0,0,0,0,0,0,,749,584,,0,0,0,0
1602987894195,5,1010123456003,77,,1,0,8,1,1,,24.8131,337,0,0.98608,135,0,13.4,,0,0,0,0,0,0,0,0,0,,545,444,,0,0,0,0
1602987894445,5,1010123456003,77,,1,0,8,1,1,,20.566,341,4095,0.890432,138,0,10.8,,5.37037,54,0,0.1,22,27.2727,0,7.47489,31,,624,500,,0,0,0,3.55556
1602987894695,5,1010123456003,77,,1,0,8,1,1,,20.2789,380,0,1.08026,152,0,12.6667,,0,0,0,0,0,0,0,0,0,,776,660,,0,0,0,0
1602987894945,5,1010123456003,77,,1,0,8,1,1,,23.6117,358,317,0.982848,146,0,13,,0,0,0,0,0,0,0,0,0,,634,462,,0,0,0,0
1602987895195,5,1010123456003,77,,1,0,8,1,1,,24.2018,342,409,0.988064,137,0,13.2,,0,0,0,0,0,0,0,0,0,,575,450,,0,0,0,0
1602987895445,5,1010123456003,77,,1,0,8,1,1,,21.9095,398,1411,0.958912,159,0,12.5,,0.647059,34,0,0.1,13,0,0,4.89488,31,,636,508,,0,0,0,1.08824
1602987895695,5,1010123456003,77,,1,0,8,1,1,,23.6516,376,849,1.0201,152,0,13,,0,2,0,0.1,1,0,0,0,0,,598,474,,0,0,0,0
1602987895945,5,1010123456003,77,,1,0,8,1,1,,24.0239,335,989,0.96864,135,0,13.1667,,0,0,0,0,0,0,0,0,0,,592,452,,0,0,0,0
1602987896195,5,1010123456003,77,,1,0,8,1,1,,23.458,345,1652,0.96576,136,0,13.1667,,0,0,0,0,0,0,0,0,0,,605,452,,0,0,0,0
1602987896445,5,1010123456003,77,,1,0,8,1,1,,23.7018,389,1289,0.997952,160,0,13,,5.48,50,0,0.1,19,21.0526,0,7.46506,31,,632,478,,0,0,0,3.36
1602987896695,5,1010123456003,77,,1,0,8,1,1,,23.1509,371,1433,0.984192,150,0,13,,0,0,0,0,0,0,0,0,0,,607,476,,0,0,0,0
1602987896945,5,1010123456003,77,,1,0,8,1,1,,23.0378,397,0,0.99552,160,0,12.6,,0,0,0,0,0,0,0,0,0,,633,494,,0,0,0,0
1602987897195,5,1010123456003,77,,1,0,8,1,1,,22.6093,343,0,0.989504,138,0,13,,0,0,0,0,0,0,0,0,0,,604,482,,0,0,0,0
1602987897445,5,1010123456003,77,,1,0,8,1,1,,23.6958,401,0,0.991424,162,0,12.8333,,2.63333,30,0,0.1,12,8.33333,0,5.98527,31,,673,474,,0,0,0,2.1
1602987897695,5,1010123456003,77,,1,0,8,1,1,,23.8122,362,597,0.97008,147,0,13,,0,0,0,0,0,0,0,0,0,,629,456,,0,0,0,0
1602987897945,5,1010123456003,77,,1,0,8,1,1,,23.6243,346,397,0.98704,140,0,13,,0,0,0,0,0,0,0,0,0,,600,470,,0,0,0,0
1602987898195,5,1010123456003,77,,1,0,8,1,1,,23.5925,373,409,0.989888,149,0,12.75,,0,0,0,0,0,0,0,0,0,,615,470,,0,0,0,0
1602987898445,5,1010123456003,77,,1,0,8,1,1,,23.7735,393,440,0.988768,160,0,13,,0.425532,47,0,0.1,19,0,0,4.82002,31,,653,468,,0,0,0,1
1602987898695,5,1010123456003,77,,1,0,8,1,1,,23.0757,370,761,0.989984,149,0,12.7143,,0,0,0,0,0,0,0,0,0,,591,478,,0,0,0,0
1602987898945,5,1010123456003,77,,1,0,8,1,1,,23.277,343,1238,0.969504,139,0,13,,0,0,0,0,0,0,0,0,0,,602,466,,0,0,0,0
1602987899195,5,1010123456003,77,,1,0,8,1,1,,21.3069,378,1384,0.94896,149,0,11.4,,0,0,0,0,0,0,0,0,0,,705,566,,0,0,0,0
1602987899445,5,1010123456003,77,,1,0,8,1,1,,24.0509,373,1289,1.03136,152,0,13.3333,,7.87879,33,0,0.1,13,30.7692,0,6.86729,31,,591,452,,0,0,0,4.54545
1602987899695,5,1010123456003,77,,1,0,8,1,1,,22.9494,356,1754,0.976224,143,0,12.4,,0,0,0,0,0,0,0,0,0,,631,490,,0,0,0,0
1602987899945,5,1010123456003,77,,1,0,8,1,1,,24.7572,346,0,0.9968,140,0,13,,0,0,0,0,0,0,0,0,0,,616,448,,0,0,0,0
1602987900195,5,1010123456003,77,,1,0,8,1,1,,23.2055,365,0,0.966112,144,0,12.8,,0,0,0,0,0,0,0,0,0,,607,480,,0,0,0,0
1602987900445,5,1010123456003,77,,1,0,8,1,1,,23.2841,352,0,0.99168,142,0,12.8333,,2.32203,59,0,0.1,23,8.69565,0,7.34452,31,,594,474,,0,0,0,2.01695
1602987900695,5,1010123456003,77,,1,0,8,1,1,,21.6189,391,4274,0.856288,159,0,11.2857,,0,0,0,0,0,0,0,0,0,,705,492,,0,0,0,0
1602987900945,5,1010123456003,77,,1,0,8,1,1,,24.0419,382,693,1.11187,158,0,13,,0,0,0,0,0,0,0,0,0,,645,508,,0,0,0,0
1602987901195,5,1010123456003,77,,1,0,8,1,1,,24.3459,344,892,0.988448,141,0,13,,0,0,0,0,0,0,0,0,0,,601,450,,0,0,0,0
1602987901445,5,1010123456003,77,,1,0,8,1,1,,24.1989,357,1168,0.988544,146,0,13,,14,17,0,0.1,7,71.4286,0,8.29576,31,,569,450,,0,0,0,7.35294
1602987901695,5,1010123456003,77,,1,0,8,1,1,,21.3389,357,401,0.981856,140,0,11,,0,0,0,0,0,0,0,0,0,,727,584,,0,0,0,0
1602987901945,5,1010123456003,77,,1,0,8,1,1,,24.9723,325,1137,0.978464,133,0,13.5,,0,0,0,0,0,0,0,0,0,,516,406,,0,0,0,0
1602987902195,5,1010123456003,77,,1,0,8,1,1,,16.7538,394,1289,0.971776,155,0,10.4,,0,0,0,0,0,0,0,0,0,,865,720,,0,0,0,0
1602987902445,5,1010123456003,77,,1,0,8,1,1,,23.2824,393,1382,1.00048,158,0,12.8333,,1.7561,41,0,0.1,16,0,0,6.14731,31,,660,480,,0,0,0,1
1602987902695,5,1010123456003,77,,1,0,8,1,1,,23.831,355,1433,0.985568,141,0,13,,0,0,0,0,0,0,0,0,0,,589,460,,0,0,0,0
1602987902945,5,1010123456003,77,,1,0,8,1,1,,17.2232,327,4842,0.735104,131,0,10.6,,0,0,0,0,0,0,0,0,0,,790,636,,0,0,0,0
1602987903195,5,1010123456003,77,,1,0,8,1,1,,23.9538,390,0,1.22541,157,0,13,,0,0,0,0,0,0,0,0,0,,671,528,,0,0,0,0
1602987903445,5,1010123456003,77,,1,0,8,1,1,,22.8123,373,0,0.98832,148,0,12.8333,,7,19,0,0.1,8,25,0,9.25722,31,,640,490,,0,0,0,3.31579
1602987903695,5,1010123456003,77,,1,0,8,1,1,,24.2661,357,397,0.979776,144,0,13.2857,,0,0,0,0,0,0,0,0,0,,606,450,,0,0,0,0
1602987903945,5,1010123456003,77,,1,0,8,1,1,,22.0787,381,989,0.987968,157,0,12.4,,0,0,0,0,0,0,0,0,0,,623,502,,0,0,0,0
1602987904195,5,1010123456003,77,,1,0,8,1,1,,23.9305,374,1133,0.98976,152,0,13.6667,,0,0,0,0,0,0,0,0,0,,617,456,,0,0,0,0
1602987904445,5,1010123456003,77,,1,0,8,1,1,,23.555,382,1001,0.986912,151,0,13,,0.808511,47,0,0.1,19,0,0,5.57522,31,,641,476,,0,0,0,1
1602987904695,5,1010123456003,77,,1,0,8,1,1,,20.3929,392,977,0.971552,154,0,12,,0,0,0,0,0,0,0,0,0,,716,584,,0,0,0,0
1602987904945,5,1010123456003,77,,1,0,8,1,1,,23.7493,343,1054,0.999968,137,0,13.25,,0,0,0,0,0,0,0,0,0,,580,452,,0,0,0,0
1602987905195,5,1010123456003,77,,1,0,8,1,1,,23.4202,357,1289,0.979008,142,0,12.75,,0,0,0,0,0,0,0,0,0,,608,480,,0,0,0,0
1602987905445,5,1010123456003,77,,1,0,8,1,1,,24.2965,344,1433,0.973664,137,0,13.8,,1.51163,43,0,0.1,17,0,0,5.39641,31,,558,430,,0,0,0,1.11628
1602987905695,5,1010123456003,77,,1,0,8,1,1,,22.5902,366,1433,0.985088,150,0,12.4286,,0,0,0,0,0,0,0,0,0,,651,506,,0,0,0,0
1602987905945,5,1010123456003,77,,1,0,8,1,1,,23.641,351,390,0.990752,142,0,12.8333,,0,0,0,0,0,0,0,0,0,,608,466,,0,0,0,0
1602987906195,5,1010123456003,77,,1,0,8,1,1,,24.1033,368,0,0.998528,148,0,13.1667,,0,0,0,0,0,0,0,0,0,,581,462,,0,0,0,0
1602987906445,5,1010123456003,77,,1,0,8,1,1,,23.6568,405,0,0.970464,160,0,13,,11.8462,13,0,0.1,5,40,0,10.214,31,,648,472,,0,0,0,5.30769
1602987906695,5,1010123456003,77,,1,0,8,1,1,,23.9893,373,618,0.990016,150,0,12.6667,,5.66667,21,0,0.1,9,44.4444,0,3.81343,31,,573,460,,0,0,0,4.52381
1602987906945,5,1010123456003,77,,1,0,8,1,1,,23.0761,368,839,0.988832,146,0,12.6667,,0,0,0,0,0,0,0,0,0,,622,486,,0,0,0,0
1602987907195,5,1010123456003,77,,1,0,8,1,1,,21.883,393,1140,0.98976,160,0,12,,0,0,0,0,0,0,0,0,0,,672,504,,0,0,0,0
1602987907445,5,1010123456003,77,,1,0,8,1,1,,23.1989,362,942,0.990304,145,0,13,,5.05405,74,0,0.1,30,16.6667,0,8.03783,31,,607,484,,0,0,0,2.87838
1602987907695,5,1010123456003,77,,1,0,8,1,1,,23.5881,386,1145,0.97984,154,0,13,,0,0,0,0,0,0,0,0,0,,628,466,,0,0,0,0
1602987907945,5,1010123456003,77,,1,0,8,1,1,,20.469,371,2447,0.862944,146,0,10.8,,0,0,0,0,0,0,0,0,0,,661,544,,0,0,0,0
1602987908195,5,1010123456003,77,,1,0,8,1,1,,24.1408,355,1145,1.09827,141,0,13,,0,0,0,0,0,0,0,0,0,,603,470,,0,0,0,0
1602987908445,5,1010123456003,77,,1,0,8,1,1,,23.217,341,1382,0.994496,138,0,13,,14.2667,30,0,0.1,11,81.8182,0,7.30129,31,,599,468,,0,0,0,8.5
1602987908695,5,1010123456003,77,,1,0,8,1,1,,23.2173,336,1433,0.971936,138,0,12.6667,,0,0,0,0,0,0,0,0,0,,622,474,,0,0,0,0
1602987908945,5,1010123456003,77,,1,0,8,1,1,,20.9427,384,0,0.98144,151,0,10,,0,0,0,0,0,0,0,0,0,,665,562,,0,0,0,0
1602987909195,5,1010123456003,77,,1,0,8,1,1,,22.4453,384,0,0.982816,152,0,12.8333,,0,0,0,0,0,0,0,0,0,,643,504,,0,0,0,0
1602987909445,5,1010123456003,77,,1,0,8,1,1,,21.4987,375,0,0.989184,150,0,10.8333,,7.25,20,149902,0.1,8,50,0,5.92052,31,,708,534,,0,0,0,5.75
1602987909695,5,1010123456003,77,,1,0,8,1,1,,22.854,363,323,0.988896,145,0,12.5714,,3.84,25,0,0.1,11,18.1818,0,7.57435,0,,641,486,,0,0,0,2.6
1602987909945,5,1010123456003,77,,1,0,8,1,1,,22.4222,360,716,0.988896,148,0,12.5,,0,0,0,0,0,0,0,0,0,,608,500,,0,0,0,0
1602987910195,5,1010123456003,77,,1,0,8,1,1,,22.8378,376,1001,0.9888,153,0,12.6667,,0,0,0,0,0,0,0,0,0,,636,490,,0,0,0,0
1602987910445,5,1010123456003,77,,1,0,8,1,1,,23.9622,370,766,0.99008,146,0,13,,3.91667,48,0,0.1,20,20,0,7.62361,31,,620,470,,0,0,0,2.75
1602987910695,5,1010123456003,77,,1,0,8,1,1,,24.1429,322,1094,0.9896,131,0,13,,0,0,0,0,0,0,0,0,0,,558,444,,0,0,0,0
1602987910945,5,1010123456003,77,,1,0,8,1,1,,23.4468,338,1238,0.976416,135,0,13,,0,0,0,0,0,0,0,0,0,,603,466,,0,0,0,0
1602987911195,5,1010123456003,77,,1,0,8,1,1,,23.5841,327,1332,0.96624,133,0,13,,0,0,0,0,0,0,0,0,0,,636,472,,0,0,0,0
1602987911445,5,1010123456003,77,,1,0,8,1,1,,23.6005,373,1277,0.997728,150,0,13,,1.92308,39,0,0.1,16,0,0,5.61031,31,,624,474,,0,0,0,1.17949
1602987911695,5,1010123456003,77,,1,0,8,1,1,,24.2576,361,0,0.983104,146,0,13,,0,0,0,0,0,0,0,0,0,,640,456,,0,0,0,0
1602987911945,5,1010123456003,77,,1,0,8,1,1,,24.4068,354,0,0.988448,139,0,13,,0,0,0,0,0,0,0,0,0,,576,454,,0,0,0,0
1602987912195,5,1010123456003,77,,1,0,8,1,1,,24.0398,377,0,0.985664,152,0,13,,0,0,0,0,0,0,0,0,0,,587,456,,0,0,0,0
1602987912445,5,1010123456003,77,,1,0,8,1,1,,22.9628,376,0,0.97984,151,0,12.6667,,3.55102,49,0,0.1,19,21.0526,0,4.58143,31,,618,486,,0,0,0,3.10204
1602987912695,5,1010123456003,77,,1,0,8,1,1,,23.7635,351,541,0.989184,144,0,13,,0,0,0,0,0,0,0,0,0,,573,458,,0,0,0,0
1602987912945,5,1010123456003,77,,1,0,8,1,1,,24.7945,326,565,0.988896,131,0,13.6667,,0,0,0,0,0,0,0,0,0,,561,422,,0,0,0,0
1602987913195,5,1010123456003,77,,1,0,8,1,1,,24.0548,347,900,0.988224,144,0,13.2,,0,0,0,0,0,0,0,0,0,,558,454,,0,0,0,0
1602987913445,5,1010123456003,77,,1,0,8,1,1,,23.3725,392,453,0.981536,156,0,13,,0.612245,49,0,0.1,20,0,0,5.43925,31,,669,484,,0,0,0,1
1602987913695,5,1010123456003,77,,1,0,8,1,1,,23.6382,351,1189,0.98752,142,0,13,,0,0,0,0,0,0,0,0,0,,579,458,,0,0,0,0
1602987913945,5,1010123456003,77,,1,0,8,1,1,,24.1394,330,1238,0.979168,131,0,13,,0,0,0,0,0,0,0,0,0,,588,448,,0,0,0,0
1602987914195,5,1010123456003,77,,1,0,8,1,1,,22.8777,376,2317,0.933728,145,0,12.25,,0,0,0,0,0,0,0,0,0,,637,472,,0,0,0,0
1602987914445,5,1010123456003,77,,1,0,8,1,1,,23.073,370,1289,1.02886,152,0,13,,14.1892,74,0,0.119968,30,70,0,8.31137,31,,597,500,,0,0,0,7.51351
1602987914695,5,1010123456003,77,,1,0,8,1,1,,23.5951,410,0,0.986016,161,0,13,,0,0,0,0,0,0,0,0,0,,641,466,,0,0,0,0
1602987914945,5,1010123456003,77,,1,0,8,1,1,,23.5983,356,0,0.992416,145,0,12.8,,0,0,0,0,0,0,0,0,0,,607,474,,0,0,0,0
1602987915195,5,1010123456003,77,,1,0,8,1,1,,24.0479,376,0,0.984288,149,0,13.4,,0,0,0,0,0,0,0,0,0,,617,446,,0,0,0,0
1602987915445,5,1010123456003,77,,1,0,8,1,1,,22.891,367,91,0.978144,146,0,12.6667,,7.35,40,0,0.1,16,50,0,5.41462,31,,625,488,,0,0,0,5.825
1602987915695,5,1010123456003,77,,1,0,8,1,1,,23.5627,359,989,0.989728,148,0,13,,0,0,0,0,0,0,0,0,0,,593,462,,0,0,0,0
1602987915945,5,1010123456003,77,,1,0,8,1,1,,22.8652,356,553,0.986848,141,0,12.8333,,0,0,0,0,0,0,0,0,0,,607,486,,0,0,0,0
1602987916195,5,1010123456003,77,,1,0,8,1,1,,22.5216,370,654,0.989568,150,0,12.6,,0,0,0,0,0,0,0,0,0,,640,506,,0,0,0,0
1602987916445,5,1010123456003,77,,1,0,8,1,1,,18.1199,367,1086,0.986688,151,0,9.75,,3.54839,62,0,0.1,24,16.6667,0,5.31775,31,,873,722,,0,0,0,2.74194
1602987916695,5,1010123456003,77,,1,0,8,1,1,,23.581,389,857,0.987808,154,0,13,,0,0,0,0,0,0,0,0,0,,638,474,,0,0,0,0
1602987916945,5,1010123456003,77,,1,0,8,1,1,,23.6875,352,1145,0.98288,142,0,13.1667,,0,0,0,0,0,0,0,0,0,,555,454,,0,0,0,0
1602987917195,5,1010123456003,77,,1,0,8,1,1,,24.4473,351,1054,0.96768,136,0,13,,0,0,0,0,0,0,0,0,0,,583,450,,0,0,0,0
1602987917445,5,1010123456003,77,,1,0,8,1,1,,23.3137,373,1433,0.998432,150,0,13,,3,58,0,0.1,23,8.69565,0,6.73593,31,,609,472,,0,0,0,2.15517
1602987917695,5,1010123456003,77,,1,0,8,1,1,,24.1173,358,0,0.983072,143,0,13,,0,0,0,0,0,0,0,0,0,,615,452,,0,0,0,0
1602987917945,5,1010123456003,77,,1,0,8,1,1,,20.1562,397,2487,0.916576,158,0,12,,0,0,0,0,0,0,0,0,0,,757,570,,0,0,0,0
1602987918195,5,1010123456003,77,,1,0,8,1,1,,23.872,414,1011,1.03322,167,0,13,,0,0,0,0,0,0,0,0,0,,703,492,,0,0,0,0
1602987918445,5,1010123456003,77,,1,0,8,1,1,,23.992,374,393,0.997504,149,0,13.8333,,10.2308,13,0,0.1,6,33.3333,0,6.88725,31,,641,452,,0,0,0,4.15385
1602987918695,5,1010123456003,77,,1,0,8,1,1,,23.6675,400,697,0.989888,164,0,13,,0,0,0,0,0,0,0,0,0,,630,464,,0,0,0,0
1602987918945,5,1010123456003,77,,1,0,8,1,1,,23.9864,367,806,0.989344,146,0,13,,0,0,0,0,0,0,0,0,0,,590,452,,0,0,0,0
1602987919195,5,1010123456003,77,,1,0,8,1,1,,23.7466,367,766,0.98176,148,0,13,,0,0,0,0,0,0,0,0,0,,634,468,,0,0,0,0
1602987919445,5,1010123456003,77,,1,0,8,1,1,,20.5238,399,1001,0.99632,163,0,10,,0.957447,47,0,0.1,19,5.26316,0,5.33221,31,,727,552,,0,0,0,1.57447
1602987919695,5,1010123456003,77,,1,0,8,1,1,,19.0069,433,1289,0.974816,172,0,11.1667,,9,6,0,0.1,2,50,0,3.61516,0,,688,576,,0,0,0,6
1602987919945,5,1010123456003,77,,1,0,8,1,1,,23.7557,348,1289,0.996,142,0,13,,0,0,0,0,0,0,0,0,0,,595,464,,0,0,0,0
1602987920195,5,1010123456003,77,,1,0,8,1,1,,24.4625,333,993,0.97104,129,0,13.4,,0,0,0,0,0,0,0,0,0,,568,438,,0,0,0,0
1602987920445,5,1010123456003,77,,1,0,8,1,1,,23.7559,340,1433,0.982624,141,0,13,,0.464286,56,0,0.1,23,0,0,5.42125,31,,568,458,,0,0,0,1.03571
1602987920695,5,1010123456003,77,,1,0,8,1,1,,23.0818,391,570,0.9496,154,0,13,,0,0,0,0,0,0,0,0,0,,679,468,,0,0,0,0
1602987920945,5,1010123456003,77,,1,0,8,1,1,,23.3115,366,0,1.02013,147,0,13,,0,0,0,0,0,0,0,0,0,,601,482,,0,0,0,0
1602987921195,5,1010123456003,77,,1,0,8,1,1,,23.4373,375,432,0.984896,154,0,13,,0,0,0,0,0,0,0,0,0,,596,468,,0,0,0,0
1602987921445,5,1010123456003,77,,1,0,8,1,1,,24.3792,356,620,0.982016,142,0,13.25,,3.66667,15,0,0.1,6,0,0,6.22694,31,,605,450,,0,0,0,1.93333
1602987921695,5,1010123456003,77,,1,0,8,1,1,,23.3184,380,1001,0.993728,152,0,13,,0,0,0,0,0,0,0,0,0,,610,464,,0,0,0,0
1602987921945,5,1010123456003,77,,1,0,8,1,1,,23.1075,372,592,0.989984,146,0,12,,0,0,0,0,0,0,0,0,0,,625,506,,0,0,0,0
1602987922195,5,1010123456003,77,,1,0,8,1,1,,23.2177,372,502,0.990976,151,0,12.8,,0,0,0,0,0,0,0,0,0,,587,486,,0,0,0,0
1602987922445,5,1010123456003,77,,1,0,8,1,1,,23.6278,352,1137,0.98048,142,0,13,,6.08929,56,0,0.1,23,34.7826,0,8.68712,31,,612,458,,0,0,0,4.21429
1602987922695,5,1010123456003,77,,1,0,8,1,1,,23.8268,358,1289,0.972032,141,0,13,,0,0,0,0,0,0,0,0,0,,573,460,,0,0,0,0
1602987922945,5,1010123456003,77,,1,0,8,1,1,,23.2869,359,1289,0.991104,145,0,12.75,,0,0,0,0,0,0,0,0,0,,633,472,,0,0,0,0
1602987923195,5,1010123456003,77,,1,0,8,1,1,,22.2259,332,4069,0.921248,130,0,9.66667,,0,0,0,0,0,0,0,0,0,,636,500,,0,0,0,0
1602987923445,5,1010123456003,77,,1,0,8,1,1,,22.2674,374,1433,1.04045,150,0,12.8333,,8.07143,28,0,0.1,11,54.5455,0,6.16728,31,,705,554,,0,0,0,5.82143
1602987923695,5,1010123456003,77,,1,0,8,1,1,,24.096,354,109,0.983808,138,0,13,,0,0,0,0,0,0,0,0,0,,612,460,,0,0,0,0
1602987923945,5,1010123456003,77,,1,0,8,1,1,,24.3889,360,0,0.994208,141,0,13,,0,0,0,0,0,0,0,0,0,,583,448,,0,0,0,0
1602987924195,5,1010123456003,77,,1,0,8,1,1,,22.6046,387,603,0.982688,156,0,12.6,,0,0,0,0,0,0,0,0,0,,639,488,,0,0,0,0
1602987924445,5,1010123456003,77,,1,0,8,1,1,,23.6929,420,541,0.988672,171,0,13,,0.627451,51,0,0.1,21,0,0,5.02532,31,,714,466,,0,0,0,1.03922
1602987924695,5,1010123456003,77,,1,0,8,1,1,,23.6605,377,807,0.988768,150,0,12.6667,,0,2,0,0.1,1,0,0,0,31,,616,464,,0,0,0,0
1602987924945,5,1010123456003,77,,1,0,8,1,1,,20.7316,421,880,0.99152,169,0,12.2,,0,0,0,0,0,0,0,0,0,,690,580,,0,0,0,0
1602987925195,5,1010123456003,77,,1,0,8,1,1,,23.199,387,849,0.985344,157,0,12.75,,0,0,0,0,0,0,0,0,0,,662,486,,0,0,0,0
1602987925445,5,1010123456003,77,,1,0,8,1,1,,23.7829,350,1062,0.983616,141,0,13,,6.47619,42,0,0.1,17,29.4118,0,6.5279,31,,602,462,,0,0,0,4.09524
1602987925695,5,1010123456003,77,,1,0,8,1,1,,23.1851,362,1092,0.993984,146,0,12.4,,0,0,0,0,0,0,0,0,0,,610,492,,0,0,0,0
1602987925945,5,1010123456003,77,,1,0,8,1,1,,23.7018,342,1433,0.956736,132,0,12.4,,0,0,0,0,0,0,0,0,0,,593,462,,0,0,0,0
1602987926195,5,1010123456003,77,,1,0,8,1,1,,22.8093,367,1380,0.976736,147,0,13,,0,0,0,0,0,0,0,0,0,,672,490,,0,0,0,0
1602987926445,5,1010123456003,77,,1,0,8,1,1,,23.0024,412,0,1.01907,168,0,12.6667,,1.80952,42,0,0.1,17,0,0,5.54824,31,,701,488,,0,0,0,1.09524
1602987926695,5,1010123456003,77,,1,0,8,1,1,,23.4425,348,0,0.972096,140,0,12.8333,,2,3,0,0.1,1,0,0,6.37574,31,,587,472,,0,0,0,1
1602987926945,5,1010123456003,77,,1,0,8,1,1,,22.3691,363,2136,0.95248,145,0,10.6,,0,0,0,0,0,0,0,0,0,,597,482,,0,0,0,0
1602987927195,5,1010123456003,77,,1,0,8,1,1,,22.4734,357,597,1.01795,144,0,13.2,,0,0,0,0,0,0,0,0,0,,689,546,,0,0,0,0
1602987927445,5,1010123456003,77,,1,0,8,1,1,,22.8776,384,624,0.984224,151,0,12.75,,3.31148,61,0,0.1,24,12.5,0,5.97877,31,,679,490,,0,0,0,2.70492
1602987927695,5,1010123456003,77,,1,0,8,1,1,,17.3048,374,10108,0.689024,151,0,10.6,,0,0,0,0,0,0,0,0,0,,722,568,,0,0,0,0
1602987927945,5,1010123456003,77,,1,0,8,1,1,,23.083,446,1907,1.24598,179,0,12.5,,0,0,0,0,0,0,0,0,0,,849,630,,0,0,0,0
1602987928195,5,1010123456003,77,,1,0,8,1,1,,23.5459,370,1145,1.02608,153,0,13,,0,0,0,0,0,0,0,0,0,,663,484,,0,0,0,0
1602987928445,5,1010123456003,77,,1,0,8,1,1,,20.4975,394,1133,0.976992,158,0,11.4,,2.2807,57,0,0.1,23,4.34783,0,6.67953,31,,686,570,,0,0,0,1.57895
1602987928695,5,1010123456003,77,,1,0,8,1,1,,22.6813,364,1433,0.982976,147,0,12.5,,0,0,0,0,0,0,0,0,0,,605,494,,0,0,0,0
1602987928945,5,1010123456003,77,,1,0,8,1,1,,24.3543,350,1305,0.981216,137,0,13.3333,,0,0,0,0,0,0,0,0,0,,567,448,,0,0,0,0
1602987929195,5,1010123456003,77,,1,0,8,1,1,,23.4173,369,1382,0.978912,150,0,12.8333,,0,0,0,0,0,0,0,0,0,,615,476,,0,0,0,0
1602987929445,5,1010123456003,77,,1,0,8,1,1,,23.3052,344,0,0.99488,139,0,13,,2.73333,30,0,0.1,12,0,0,6.34004,31,,606,468,,0,0,0,1.9
1602987929695,5,1010123456003,77,,1,0,8,1,1,,24.279,362,0,0.99328,147,0,13.4,,0,0,0,0,0,0,0,0,0,,601,454,,0,0,0,0
1602987929945,5,1010123456003,77,,1,0,8,1,1,,23.8,325,0,0.978848,131,0,13,,0,0,0,0,0,0,0,0,0,,585,458,,0,0,0,0
1602987930195,5,1010123456003,77,,1,0,8,1,1,,24.039,385,521,0.989184,156,0,13,,0,0,0,0,0,0,0,0,0,,599,454,,0,0,0,0
1602987930445,5,1010123456003,77,,1,0,8,1,1,,22.5475,358,513,0.982848,144,0,12.5,,2.42857,42,0,0.1,17,5.88235,0,6.61143,31,,635,492,,0,0,0,1.64286
1602987930695,5,1010123456003,77,,1,0,8,1,1,,19.7053,380,857,0.988864,154,0,11.4286,,16,9,0,0,3,100,0,2.73278,0,,685,560,,0,0,0,10
1602987930945,5,1010123456003,77,,1,0,8,1,1,,24.1751,337,614,0.988704,136,0,13,,0,0,0,0,0,0,0,0,0,,579,458,,0,0,0,0
1602987931195,5,1010123456003,77,,1,0,8,1,1,,23.9459,351,1191,0.989472,140,0,12.75,,0,0,0,0,0,0,0,0,0,,570,454,,0,0,0,0
1602987931445,5,1010123456003,77,,1,0,8,1,1,,23.1823,351,993,0.979456,142,0,13,,4.53571,28,0,0.1,11,0,0,9.76645,31,,608,480,,0,0,0,1.78571
1602987931695,5,1010123456003,77,,1,0,8,1,1,,22.5617,413,1433,0.973184,169,0,12.5,,0,0,0,0,0,0,0,0,0,,719,500,,0,0,0,0
1602987931945,5,1010123456003,77,,1,0,8,1,1,,23.6624,391,1133,0.975616,153,0,13.1667,,0,0,0,0,0,0,0,0,0,,644,474,,0,0,0,0
1602987932195,5,1010123456003,77,,1,0,8,1,1,,24.0685,321,1287,0.989248,131,0,13,,0,0,0,0,0,0,0,0,0,,594,450,,0,0,0,0
1602987932445,5,1010123456003,77,,1,0,8,1,1,,23.3213,361,0,0.992192,146,0,12.8,,12.9836,61,0,0.1,25,68,0,7.34578,31,,595,476,,0,0,0,7.44262
1602987932695,5,1010123456003,77,,1,0,8,1,1,,23.5026,380,0,0.977536,154,0,12.8,,14,6,0,0,3,100,0,0.483185,0,,610,472,,0,0,0,10
1602987932945,5,1010123456003,77,,1,0,8,1,1,,24.045,311,0,0.983104,124,0,13,,0,0,0,0,0,0,0,0,0,,561,448,,0,0,0,0
1602987933195,5,1010123456003,77,,1,0,8,1,1,,24.0301,365,97,0.9896,145,0,13,,0,0,0,0,0,0,0,0,0,,576,458,,0,0,0,0
1602987933445,5,1010123456003,77,,1,0,8,1,1,,23.7524,319,0,0.985664,127,0,13,,8,30,0,0.1,12,25,0,8.6757,31,,588,456,,0,0,0,3.8
1602987933695,5,1010123456003,77,,1,0,8,1,1,,23.9006,352,806,0.986656,140,0,13.1429,,9,7,0,0.1,3,33.3333,0,7.72201,0,,582,442,,0,0,0,5.28571
1602987933945,5,1010123456003,77,,1,0,8,1,1,,23.708,387,724,0.989568,154,0,13.1667,,0,0,0,0,0,0,0,0,0,,581,472,,0,0,0,0
1602987934195,5,1010123456003,77,,1,0,8,1,1,,22.4528,371,872,0.98848,148,0,12.4,,0,0,0,0,0,0,0,0,0,,602,500,,0,0,0,0
1602987934445,5,1010123456003,77,,1,0,8,1,1,,23.4409,313,1145,0.97328,131,0,13,,13.5882,17,0,0.1,6,33.3333,0,13.3901,31,,617,462,,0,0,0,4.17647
1602987934695,5,1010123456003,77,,1,0,8,1,1,,24.284,331,1433,0.976832,134,0,13,,0,0,0,0,0,0,0,0,0,,577,446,,0,0,0,0
1602987934945,5,1010123456003,77,,1,0,8,1,1,,23.7775,346,1189,0.989344,139,0,13,,0,0,0,0,0,0,0,0,0,,584,468,,0,0,0,0
1602987935195,5,1010123456003,77,,1,0,8,1,1,,24.1014,345,1433,0.97648,139,0,13.25,,0,0,0,0,0,0,0,0,0,,571,450,,0,0,0,0
1602987935445,5,1010123456003,77,,1,0,8,1,1,,19.564,406,1188,0.932224,158,0,11,,0,2,0,0.1,1,0,0,0,31,,684,558,,0,0,0,0
1602987935695,5,1010123456003,77,,1,0,8,1,1,,21.4713,435,445,1.04282,178,0,11.1667,,0,8,0,0,4,100,0,0,0,,760,564,,0,0,0,0
1602987935945,5,1010123456003,77,,1,0,8,1,1,,23.7444,356,0,0.980192,142,0,13.4,,0.4,10,0,0.1,4,0,0,8.23817,31,,582,464,,0,0,0,1
1602987936195,5,1010123456003,77,,1,0,8,1,1,,22.9307,361,109,0.993824,146,0,12.5,,0,0,0,0,0,0,0,0,0,,627,498,,0,0,0,0
1602987936445,5,1010123456003,77,,1,0,8,1,1,,19.1797,395,1794,0.963488,160,0,10.1667,,12.2222,9,0,0.1,4,25,0,8.99731,31,,745,636,,0,0,0,4.22222
1602987936695,5,1010123456003,77,,1,0,8,1,1,,21.5269,427,2032,0.963616,171,0,12.1667,,0,0,0,0,0,0,0,0,0,,693,522,,0,0,0,0
1602987936945,5,1010123456003,77,,1,0,8,1,1,,23.8268,410,837,1.03549,163,0,13,,0,0,0,0,0,0,0,0,0,,650,488,,0,0,0,0
1602987937195,5,1010123456003,77,,1,0,8,1,1,,24.3048,351,766,0.991072,141,0,13.2,,0,0,0,0,0,0,0,0,0,,556,456,,0,0,0,0
1602987937445,5,1010123456003,77,,1,0,8,1,1,,23.2548,361,841,0.98256,145,0,13,,0.695652,46,0,0.1,19,0,0,5.71702,31,,601,476,,0,0,0,1
1602987937695,5,1010123456003,77,,1,0,8,1,1,,24.096,354,1054,0.97392,142,0,13.2,,0,0,0,0,0,0,0,0,0,,599,448,,0,0,0,0
1602987937945,5,1010123456003,77,,1,0,8,1,1,,23.9123,342,3887,0.921216,141,0,13,,0,0,0,0,0,0,0,0,0,,588,420,,0,0,0,0
1602987938195,5,1010123456003,77,,1,0,8,1,1,,24.051,392,1433,1.05373,155,0,12.75,,0,0,0,0,0,0,0,0,0,,649,492,,0,0,0,0
1602987938445,5,1010123456003,77,,1,0,8,1,1,,24.449,314,0,0.985984,127,0,13.25,,0,0,0,0,0,0,0,0,0,,583,446,,0,0,0,0
1602987938695,5,1010123456003,77,,1,0,8,1,1,,23.6306,333,0,0.982816,131,0,12.75,,3.21429,56,0,0.1,22,9.09091,0,6.10111,31,,583,460,,0,0,0,2.57143
1602987938945,5,1010123456003,77,,1,0,8,1,1,,19.5103,390,0,0.979136,155,0,11.5,,0,0,0,0,0,0,0,0,0,,712,590,,0,0,0,0
1602987939195,5,1010123456003,77,,1,0,8,1,1,,24.2203,354,265,0.988352,140,0,13,,0,0,0,0,0,0,0,0,0,,561,452,,0,0,0,0
1602987939445,5,1010123456003,77,,1,0,8,1,1,,23.6425,372,405,0.98752,151,0,13,,2.41667,36,0,0.1,14,0,0,5.28963,31,,618,472,,0,0,0,1.16667
1602987939695,5,1010123456003,77,,1,0,8,1,1,,23.3103,348,1019,0.989504,144,0,12.6,,0,0,0,0,0,0,0,0,0,,590,464,,0,0,0,0
1602987939945,5,1010123456003,77,,1,0,8,1,1,,23.1436,376,841,0.98992,155,0,13,,0,0,0,0,0,0,0,0,0,,633,484,,0,0,0,0
1602987940195,5,1010123456003,77,,1,0,8,1,1,,24.0511,372,950,0.9808,147,0,13,,0,0,0,0,0,0,0,0,0,,610,454,,0,0,0,0
1602987940445,5,1010123456003,77,,1,0,8,1,1,,21.75,372,1289,0.975872,153,0,12,,10.75,36,0,0.111712,14,21.4286,0,13.2976,31,,653,540,,0,0,0,3.55556
1602987940695,5,1010123456003,77,,1,0,8,1,1,,23.6856,388,1906,0.956928,149,0,13,,0,0,0,0,0,0,0,0,0,,639,454,,0,0,0,0
1602987940945,5,1010123456003,77,,1,0,8,1,1,,23.6684,383,1289,1.01811,156,0,13,,0,0,0,0,0,0,0,0,0,,639,472,,0,0,0,0
1602987941195,5,1010123456003,77,,1,0,8,1,1,,23.6741,359,0,0.981056,143,0,13,,0,0,0,0,0,0,0,0,0,,590,472,,0,0,0,0
1602987941445,5,1010123456003,77,,1,0,8,1,1,,22.0155,388,0,0.988064,159,0,12.4,,15,12,0,0,4,100,0,5.01572,0,,652,542,,0,0,0,10
1602987941695,5,1010123456003,77,,1,0,8,1,1,,22.7389,383,0,0.981184,155,0,12.6667,,0,0,0,0,0,0,0,0,0,,671,494,,0,0,0,0
1602987941945,5,1010123456003,77,,1,0,8,1,1,,23.9347,352,48,0.989984,142,0,13,,5.4,5,0,0.1,2,0,0,12.7715,31,,592,458,,0,0,0,1
1602987942195,5,1010123456003,77,,1,0,8,1,1,,24.0323,340,397,0.983456,137,0,13.2,,0,0,0,0,0,0,0,0,0,,567,450,,0,0,0,0
1602987942445,5,1010123456003,77,,1,0,8,1,1,,23.0188,373,1140,0.989504,148,0,12.6667,,3.65,40,0,0.1,16,6.25,0,8.31817,31,,589,474,,0,0,0,1.825
1602987942695,5,1010123456003,77,,1,0,8,1,1,,21.0445,382,646,0.988576,150,0,11.1667,,16,6,0,0.1,2,50,0,10.151,0,,728,592,,0,0,0,5.5
1602987942945,5,1010123456003,77,,1,0,8,1,1,,22.619,336,2770,0.94224,135,0,11,,0,0,0,0,0,0,0,0,0,,625,486,,0,0,0,0
1602987943195,5,1010123456003,77,,1,0,8,1,1,,21.4087,389,1054,1.01117,152,0,13,,0,0,0,0,0,0,0,0,0,,700,580,,0,0,0,0
1602987943445,5,1010123456003,77,,1,0,8,1,1,,23.2841,359,1149,0.9872,143,0,13,,13.0667,15,0,0.1,7,57.1429,0,7.36703,31,,593,472,,0,0,0,6.73333
1602987943695,5,1010123456003,77,,1,0,8,1,1,,21.3575,386,1189,0.983744,157,0,12.4,,0,0,0,0,0,0,0,0,0,,692,552,,0,0,0,0
1602987943945,5,1010123456003,77,,1,0,8,1,1,,24.0078,384,1382,0.98912,156,0,13,,0,0,0,0,0,0,0,0,0,,621,462,,0,0,0,0
1602987944195,5,1010123456003,77,,1,0,8,1,1,,23.54,350,0,0.992032,138,0,13,,0,0,0,0,0,0,0,0,0,,599,466,,0,0,0,0
1602987944445,5,1010123456003,77,,1,0,8,1,1,,20.6019,412,0,0.969216,163,0,10.6667,,4.40816,49,0,0.1,19,10.5263,0,7.71771,31,,797,606,,0,0,0,2.2449
1602987944695,5,1010123456003,77,,1,0,8,1,1,,23.7396,361,0,0.997312,145,0,13,,0,0,0,0,0,0,0,0,0,,599,472,,0,0,0,0
1602987944945,5,1010123456003,77,,1,0,8,1,1,,23.5533,347,0,0.978816,139,0,13,,0,0,0,0,0,0,0,0,0,,605,466,,0,0,0,0
1602987945195,5,1010123456003,77,,1,0,8,1,1,,23.561,344,409,0.987744,139,0,13,,0,0,0,0,0,0,0,0,0,,595,460,,0,0,0,0
1602987945445,5,1010123456003,77,,1,0,8,1,1,,23.8953,363,736,0.987936,147,0,13.2,,15,12,0,0,4,100,0,5.17931,0,,616,460,,0,0,0,10
1602987945695,5,1010123456003,77,,1,0,8,1,1,,23.4944,354,1044,0.986848,144,0,13,,0,0,0,0,0,0,0,0,0,,602,464,,0,0,0,0
1602987945945,5,1010123456003,77,,1,0,8,1,1,,24.1705,352,1236,0.986048,144,0,13,,0.1,7,0,0.1,3,0,0,4.51498,31,,570,456,,0,0,0,1
1602987946195,5,1010123456003,77,,1,0,8,1,1,,22.8179,346,1238,0.982688,141,0,12.8333,,0,0,0,0,0,0,0,0,0,,618,480,,0,0,0,0
1602987946445,5,1010123456003,77,,1,0,8,1,1,,24.6637,333,1145,0.980736,132,0,13.2,,4.14493,69,0,0.110976,28,7.14286,0,7.85804,31,,561,440,,0,0,0,2.24638
1602987946695,5,1010123456003,77,,1,0,8,1,1,,23.8177,384,1433,0.985536,156,0,12.8,,0,0,0,0,0,0,0,0,0,,654,460,,0,0,0,0
1602987946945,5,1010123456003,77,,1,0,8,1,1,,19.4208,385,1433,0.987008,150,0,9.5,,0,0,0,0,0,0,0,0,0,,773,630,,0,0,0,0
1602987947195,5,1010123456003,77,,1,0,8,1,1,,23.3725,400,147,0.98016,157,0,13,,0,0,0,0,0,0,0,0,0,,622,468,,0,0,0,0
1602987947445,5,1010123456003,77,,1,0,8,1,1,,24.1227,383,0,0.985024,151,0,13.2,,1.52381,42,0,0.1,17,0,0,4.7248,31,,630,456,,0,0,0,1.11905
1602987947695,5,1010123456003,77,,1,0,8,1,1,,23.4176,340,0,0.985888,139,0,13,,0,0,0,0,0,0,0,0,0,,591,472,,0,0,0,0
1602987947945,5,1010123456003,77,,1,0,8,1,1,,24.0943,350,0,0.979552,136,0,13,,0,0,0,0,0,0,0,0,0,,597,460,,0,0,0,0
1602987948195,5,1010123456003,77,,1,0,8,1,1,,23.1424,337,321,0.986304,135,0,13,,0,0,0,0,0,0,0,0,0,,604,460,,0,0,0,0
1602987948445,5,1010123456003,77,,1,0,8,1,1,,22.4748,377,0,0.987392,150,0,12.5,,1.42857,35,0,0.1,14,0,0,9.57055,31,,615,506,,0,0,0,1
1602987948695,5,1010123456003,77,,1,0,8,1,1,,24.0811,333,1001,0.98912,135,0,13,,0,0,0,0,0,0,0,0,0,,574,442,,0,0,0,0
1602987948945,5,1010123456003,77,,1,0,8,1,1,,23.1938,356,1001,0.962976,142,0,12.6667,,0,0,0,0,0,0,0,0,0,,639,486,,0,0,0,0
1602987949195,5,1010123456003,77,,1,0,8,1,1,,23.7168,346,1145,1.0073,142,0,13,,0,0,0,0,0,0,0,0,0,,595,460,,0,0,0,0
1602987949445,5,1010123456003,77,,1,0,8,1,1,,20.3351,382,5224,0.868928,153,0,10.4,,1.80952,42,0,0.1,17,0,0,7.03179,31,,744,516,,0,0,0,1.04762
1602987949695,5,1010123456003,77,,1,0,8,1,1,,23.7115,357,1382,1.09485,147,0,13,,0,2,0,0.1,1,0,0,0,31,,664,522,,0,0,0,0
1602987949945,5,1010123456003,77,,1,0,8,1,1,,24.1204,357,1674,0.973952,142,0,13,,0,0,0,0,0,0,0,0,0,,589,452,,0,0,0,0
1602987950195,5,1010123456003,77,,1,0,8,1,1,,22.4208,423,0,0.98768,164,0,12.75,,0,0,0,0,0,0,0,0,0,,625,508,,0,0,0,0
1602987950445,5,1010123456003,77,,1,0,8,1,1,,24.4551,312,0,0.99424,127,0,13,,4.3125,64,0,0.1,26,23.0769,0,7.16705,31,,594,444,,0,0,0,3.125
1602987950695,5,1010123456003,77,,1,0,8,1,1,,23.5962,369,0,0.980384,140,0,13,,0,0,0,0,0,0,0,0,0,,596,468,,0,0,0,0
1602987950945,5,1010123456003,77,,1,0,8,1,1,,21.3807,394,25,0.98096,160,0,11.6,,0,0,0,0,0,0,0,0,0,,676,552,,0,0,0,0
1602987951195,5,1010123456003,77,,1,0,8,1,1,,23.4391,353,1163,0.973216,144,0,13,,0,0,0,0,0,0,0,0,0,,607,456,,0,0,0,0
1602987951445,5,1010123456003,77,,1,0,8,1,1,,24.2372,371,872,1.00726,150,0,13,,13,14,0,0.1,5,60,0,13.5621,31,,599,458,,0,0,0,6.14286
1602987951695,5,1010123456003,77,,1,0,8,1,1,,24.1824,329,1238,0.994592,138,0,13.1667,,0,6,0,0,3,100,0,0,0,,578,450,,0,0,0,0
1602987951945,5,1010123456003,77,,1,0,8,1,1,,24.2135,370,1305,0.97312,145,0,13.1667,,0,0,0,0,0,0,0,0,0,,565,456,,0,0,0,0
1602987952195,5,1010123456003,77,,1,0,8,1,1,,17.6878,378,1350,0.971008,148,0,10,,0,0,0,0,0,0,0,0,0,,845,710,,0,0,0,0
1602987952445,5,1010123456003,77,,1,0,8,1,1,,22.2805,385,1289,0.992704,153,0,12.2,,8.70833,24,0,0.1,9,22.2222,0,10.1944,31,,636,512,,0,0,0,3.5
1602987952695,5,1010123456003,77,,1,0,8,1,1,,23.3896,385,1277,0.98192,156,0,13,,0,0,0,0,0,0,0,0,0,,632,470,,0,0,0,0
1602987952945,5,1010123456003,77,,1,0,8,1,1,,23.9104,346,1433,0.98416,138,0,13,,0,0,0,0,0,0,0,0,0,,581,464,,0,0,0,0
1602987953195,5,1010123456003,77,,1,0,8,1,1,,23.5335,373,0,0.986816,146,0,13,,0,0,0,0,0,0,0,0,0,,599,470,,0,0,0,0
1602987953445,5,1010123456003,77,,1,0,8,1,1,,19.4105,363,4224,0.89168,146,0,10.4,,5.96875,64,0,0.1,26,34.6154,0,6.36874,31,,652,526,,0,0,0,4.42188
1602987953695,5,1010123456003,77,,1,0,8,1,1,,24.4908,379,0,1.0905,151,0,13.1667,,0,0,0,0,0,0,0,0,0,,624,512,,0,0,0,0
1602987953945,5,1010123456003,77,,1,0,8,1,1,,24.0305,328,701,0.976224,131,0,13,,0,0,0,0,0,0,0,0,0,,576,444,,0,0,0,0
1602987954195,5,1010123456003,77,,1,0,8,1,1,,23.8633,373,736,0.989152,150,0,13,,0,0,0,0,0,0,0,0,0,,617,462,,0,0,0,0
1602987954445,5,1010123456003,77,,1,0,8,1,1,,23.8913,368,849,0.989856,150,0,13,,0.541667,48,0,0.1,20,0,0,5.0315,31,,614,460,,0,0,0,1
1602987954695,5,1010123456003,77,,1,0,8,1,1,,23.754,378,1094,0.989376,150,0,13,,0,0,0,0,0,0,0,0,0,,562,460,,0,0,0,0
1602987954945,5,1010123456003,77,,1,0,8,1,1,,23.536,375,758,0.966912,146,0,13,,0,0,0,0,0,0,0,0,0,,590,472,,0,0,0,0
1602987955195,5,1010123456003,77,,1,0,8,1,1,,21.8407,364,1133,0.990432,145,0,12.25,,0,0,0,0,0,0,0,0,0,,669,530,,0,0,0,0
1602987955445,5,1010123456003,77,,1,0,8,1,1,,23.8029,345,1206,0.973312,136,0,13,,9.11905,42,0,0.1,17,35.2941,0,10.4889,31,,581,462,,0,0,0,4.64286
1602987955695,5,1010123456003,77,,1,0,8,1,1,,20.3109,386,1433,0.995648,157,0,11.6667,,9,6,0,0,2,100,0,2.47466,0,,689,566,,0,0,0,10
1602987955945,5,1010123456003,77,,1,0,8,1,1,,23.5376,372,278,0.974592,145,0,12.8,,0,0,0,0,0,0,0,0,0,,597,468,,0,0,0,0
1602987956195,5,1010123456003,77,,1,0,8,1,1,,23.1219,402,0,0.986784,162,0,13,,0,0,0,0,0,0,0,0,0,,615,490,,0,0,0,0
1602987956445,5,1010123456003,77,,1,0,8,1,1,,23.5391,358,0,0.989568,143,0,13,,1.79487,39,0,0.1,16,0,0,5.71401,31,,610,470,,0,0,0,1.05128
1602987956695,5,1010123456003,77,,1,0,8,1,1,,15.7704,331,10470,0.691552,135,0,10.25,,0,0,0,0,0,0,0,0,0,,702,568,,0,0,0,0
1602987956945,5,1010123456003,77,,1,0,8,1,1,,21.6538,416,337,1.27987,161,0,13,,0,0,0,0,0,0,0,0,0,,841,690,,0,0,0,0
1602987957195,5,1010123456003,77,,1,0,8,1,1,,14.4771,371,5179,0.830816,154,0,8.8,,0,0,0,0,0,0,0,0,0,,789,626,,0,0,0,0
1602987957445,5,1010123456003,77,,1,0,8,1,1,,23.8005,386,798,1.14282,157,0,13,,0.566038,53,0,0.1,21,0,0,4.96875,31,,755,522,,0,0,0,1
1602987957695,5,1010123456003,77,,1,0,8,1,1,,24.7628,333,918,0.988896,136,0,13.5,,0,0,0,0,0,0,0,0,0,,553,436,,0,0,0,0
1602987957945,5,1010123456003,77,,1,0,8,1,1,,24.0286,350,1009,0.974336,141,0,13,,0,0,0,0,0,0,0,0,0,,584,464,,0,0,0,0
1602987958195,5,1010123456003,77,,1,0,8,1,1,,23.6005,368,1094,0.977344,148,0,13.2,,0,0,0,0,0,0,0,0,0,,612,468,,0,0,0,0
1602987958445,5,1010123456003,77,,1,0,8,1,1,,22.4817,409,1332,0.97856,164,0,12.25,,1.83721,43,0,0.1,17,0,0,5.6644,31,,665,500,,0,0,0,1.11628
1602987958695,5,1010123456003,77,,1,0,8,1,1,,22.8031,386,1358,1.01478,156,0,13,,0,0,0,0,0,0,0,0,0,,642,488,,0,0,0,0
1602987958945,5,1010123456003,77,,1,0,8,1,1,,23.9738,343,0,0.961152,133,0,13.3333,,0,0,0,0,0,0,0,0,0,,560,450,,0,0,0,0
1602987959195,5,1010123456003,77,,1,0,8,1,1,,24.0667,375,0,0.988352,155,0,13.2,,0,0,0,0,0,0,0,0,0,,626,460,,0,0,0,0
1602987959445,5,1010123456003,77,,1,0,8,1,1,,23.4897,388,0,0.98608,158,0,13,,3.5,44,0,0.1,18,11.1111,0,6.35825,31,,648,468,,0,0,0,1.90909
1602987959695,5,1010123456003,77,,1,0,8,1,1,,23.9091,385,397,0.988384,156,0,13.2,,0,0,0,0,0,0,0,0,0,,635,448,,0,0,0,0
1602987959945,5,1010123456003,77,,1,0,8,1,1,,23.649,359,608,0.984704,139,0,13.2,,0,0,0,0,0,0,0,0,0,,590,462,,0,0,0,0
1602987960195,5,1010123456003,77,,1,0,8,1,1,,24.2746,346,705,0.989856,141,0,13,,0,0,0,0,0,0,0,0,0,,570,450,,0,0,0,0
1602987960445,5,1010123456003,77,,1,0,8,1,1,,23.4504,353,729,0.987584,140,0,13,,1.27907,43,0,0.1,18,0,0,5.57929,31,,587,468,,0,0,0,1.30233
1602987960695,5,1010123456003,77,,1,0,8,1,1,,24.0339,354,881,0.983264,142,0,13,,0.1,3,0,0.1,1,0,0,7.28921,0,,572,460,,0,0,0,1
1602987960945,5,1010123456003,77,,1,0,8,1,1,,22.172,372,1137,0.974688,151,0,12.4,,0,0,0,0,0,0,0,0,0,,662,514,,0,0,0,0
1602987961195,5,1010123456003,77,,1,0,8,1,1,,23.7455,389,1238,1.0031,158,0,13.25,,0,0,0,0,0,0,0,0,0,,641,466,,0,0,0,0
1602987961445,5,1010123456003,77,,1,0,8,1,1,,23.2369,401,1382,0.970432,158,0,13,,2.15789,38,0,0.1,16,0,0,6.16386,31,,647,474,,0,0,0,1
1602987961695,5,1010123456003,77,,1,0,8,1,1,,23.0703,384,1433,0.981664,152,0,12.6667,,0,0,0,0,0,0,0,0,0,,618,490,,0,0,0,0
1602987961945,5,1010123456003,77,,1,0,8,1,1,,23.5014,351,0,0.983104,140,0,13,,0,0,0,0,0,0,0,0,0,,621,468,,0,0,0,0
1602987962195,5,1010123456003,77,,1,0,8,1,1,,23.7774,328,0,0.990624,134,0,13,,0,0,0,0,0,0,0,0,0,,582,466,,0,0,0,0
1602987962445,5,1010123456003,77,,1,0,8,1,1,,23.1441,340,0,0.99056,138,0,12.3333,,5.96774,62,0,0.1,26,30.7692,0,5.3348,31,,606,484,,0,0,0,3.8871
1602987962695,5,1010123456003,77,,1,0,8,1,1,,23.1136,405,177,0.97648,159,0,12.8333,,0,0,0,0,0,0,0,0,0,,656,476,,0,0,0,0
1602987962945,5,1010123456003,77,,1,0,8,1,1,,23.2981,359,89,0.987776,144,0,13,,0,0,0,0,0,0,0,0,0,,601,480,,0,0,0,0
1602987963195,5,1010123456003,77,,1,0,8,1,1,,23.5739,352,873,0.986272,147,0,13,,0,0,0,0,0,0,0,0,0,,586,456,,0,0,0,0
1602987963445,5,1010123456003,77,,1,0,8,1,1,,24.0029,350,705,0.987392,136,0,13,,3.66667,15,0,0.1,6,0,0,5.50109,31,,598,460,,0,0,0,1.46667
1602987963695,5,1010123456003,77,,1,0,8,1,1,,23.7134,328,1177,0.988704,135,0,13,,0,0,0,0,0,0,0,0,0,,580,450,,0,0,0,0
1602987963945,5,1010123456003,77,,1,0,8,1,1,,22.9579,380,1425,0.956,146,0,12.6667,,0,0,0,0,0,0,0,0,0,,661,488,,0,0,0,0
1602987964195,5,1010123456003,77,,1,0,8,1,1,,23.952,354,1206,0.995328,141,0,13.4,,0,0,0,0,0,0,0,0,0,,636,452,,0,0,0,0
1602987964445,5,1010123456003,77,,1,0,8,1,1,,23.4409,381,1145,0.985184,155,0,13,,1.93023,43,0,0.1,18,0,0,5.9623,31,,617,474,,0,0,0,1
1602987964695,5,1010123456003,77,,1,0,8,1,1,,21.151,351,1433,0.979904,141,0,10.4,,0,0,0,0,0,0,0,0,0,,699,560,,0,0,0,0
1602987964945,5,1010123456003,77,,1,0,8,1,1,,23.3861,360,26,0.980192,147,0,12.5,,0,0,0,0,0,0,0,0,0,,621,478,,0,0,0,0
1602987965195,5,1010123456003,77,,1,0,8,1,1,,23.1023,391,0,0.988128,158,0,13,,0,0,0,0,0,0,0,0,0,,692,488,,0,0,0,0
1602987965445,5,1010123456003,77,,1,0,8,1,1,,23.691,356,109,0.987552,148,0,13,,1.77778,54,0,0.1,21,4.7619,0,8.48598,31,,583,468,,0,0,0,1.38889
1602987965695,5,1010123456003,77,,1,0,8,1,1,,23.5939,330,113,0.98192,133,0,13,,0,4,0,0.1,2,50,0,0,0,,597,464,,0,0,0,0
1602987965945,5,1010123456003,77,,1,0,8,1,1,,24.172,343,805,0.989664,142,0,13,,0,0,0,0,0,0,0,0,0,,561,450,,0,0,0,0
1602987966195,5,1010123456003,77,,1,0,8,1,1,,24.0784,357,994,0.990688,144,0,13.5,,0,0,0,0,0,0,0,0,0,,578,452,,0,0,0,0
1602987966445,5,1010123456003,77,,1,0,8,1,1,,24.3364,330,745,0.98752,133,0,13.2,,15,12,0,0,4,100,0,4.08446,0,,577,460,,0,0,0,10
1602987966695,5,1010123456003,77,,1,0,8,1,1,,24.1465,355,857,0.986816,141,0,13,,0,0,0,0,0,0,0,0,0,,583,454,,0,0,0,0
1602987966945,5,1010123456003,77,,1,0,8,1,1,,23.6954,371,1238,0.982272,149,0,13,,5.4,5,0,0.1,2,0,0,9.14652,31,,588,464,,0,0,0,2.8
1602987967195,5,1010123456003,77,,1,0,8,1,1,,22.8264,363,2050,0.935872,143,0,13,,0,0,0,0,0,0,0,0,0,,615,472,,0,0,0,0
1602987967445,5,1010123456003,77,,1,0,8,1,1,,23.0436,367,1433,1.01773,150,0,12.75,,7.51351,37,0,0.1,15,26.6667,0,6.27132,31,,626,490,,0,0,0,4.51351
1602987967695,5,1010123456003,77,,1,0,8,1,1,,24.4065,369,1433,1.00243,150,0,13.1429,,0,0,0,0,0,0,0,0,0,,612,446,,0,0,0,0
1602987967945,5,1010123456003,77,,1,0,8,1,1,,23.7912,364,0,0.979296,142,0,12.8333,,0,0,0,0,0,0,0,0,0,,580,474,,0,0,0,0
1602987968195,5,1010123456003,77,,1,0,8,1,1,,23.5065,385,0,0.978912,154,0,13.2,,0,0,0,0,0,0,0,0,0,,620,466,,0,0,0,0
1602987968445,5,1010123456003,77,,1,0,8,1,1,,16.8229,367,8747,0.738496,143,0,11.4,,6.85714,21,0,0.1,8,50,0,10.6776,31,,653,506,,0,0,0,5.28571
1602987968695,5,1010123456003,77,,1,0,8,1,1,,21.5898,412,693,1.22992,168,0,12.1429,,13,7,0,0.1,3,33.3333,0,12.5079,0,,801,650,,0,0,0,4.28571
1602987968945,5,1010123456003,77,,1,0,8,1,1,,24.008,373,542,0.988352,148,0,13,,0,0,0,0,0,0,0,0,0,,602,468,,0,0,0,0
1602987969195,5,1010123456003,77,,1,0,8,1,1,,22.2219,356,1289,0.987744,148,0,12.4,,0,0,0,0,0,0,0,0,0,,642,504,,0,0,0,0
1602987969445,5,1010123456003,77,,1,0,8,1,1,,23.8965,348,545,0.979232,137,0,12.8,,3.32558,43,0,0.1,18,11.1111,0,8.08031,31,,617,474,,0,0,0,1.97674
1602987969695,5,1010123456003,77,,1,0,8,1,1,,23.6987,375,798,0.994112,151,0,13,,0,0,0,0,0,0,0,0,0,,631,464,,0,0,0,0
1602987969945,5,1010123456003,77,,1,0,8,1,1,,23.5794,340,1312,0.96784,140,0,12.8,,0,0,0,0,0,0,0,0,0,,598,460,,0,0,0,0
1602987970195,5,1010123456003,77,,1,0,8,1,1,,22.5703,384,1206,0.993024,154,0,12.6667,,0,0,0,0,0,0,0,0,0,,620,504,,0,0,0,0
1602987970445,5,1010123456003,77,,1,0,8,1,1,,23.7886,350,1433,0.972544,141,0,13,,5.26667,15,0,0.1,6,0,0,7.36627,31,,587,458,,0,0,0,1.33333
1602987970695,5,1010123456003,77,,1,0,8,1,1,,23.8719,406,251,0.987616,160,0,12.8333,,0,0,0,0,0,0,0,0,0,,677,462,,0,0,0,0
1602987970945,5,1010123456003,77,,1,0,8,1,1,,21.048,417,215,0.970464,168,0,12,,0,0,0,0,0,0,0,0,0,,684,560,,0,0,0,0
1602987971195,5,1010123456003,77,,1,0,8,1,1,,24.2977,346,0,1.00214,137,0,13,,0,0,0,0,0,0,0,0,0,,552,452,,0,0,0,0
1602987971445,5,1010123456003,77,,1,0,8,1,1,,17.38,400,4093,0.896704,160,0,9.33333,,3.92,50,0,0.1,20,10,0,7.1199,31,,756,602,,0,0,0,2.4
1602987971695,5,1010123456003,77,,1,0,8,1,1,,23.9005,392,405,1.07629,154,0,13.1667,,0,0,0,0,0,0,0,0,0,,696,516,,0,0,0,0
1602987971945,5,1010123456003,77,,1,0,8,1,1,,23.1133,362,674,0.989536,146,0,12.3333,,0,0,0,0,0,0,0,0,0,,582,484,,0,0,0,0
1602987972195,5,1010123456003,77,,1,0,8,1,1,,23.0114,350,1574,0.95488,142,0,12.25,,0,0,0,0,0,0,0,0,0,,636,472,,0,0,0,0
1602987972445,5,1010123456003,77,,1,0,8,1,1,,23.9156,403,1094,1.02291,160,0,13,,0.510638,47,0,0.1,19,0,0,5.81875,31,,626,470,,0,0,0,1
1602987972695,5,1010123456003,77,,1,0,8,1,1,,24.0111,360,1001,0.98048,141,0,13,,0,0,0,0,0,0,0,0,0,,584,464,,0,0,0,0
1602987972945,5,1010123456003,77,,1,0,8,1,1,,22.2261,398,1184,0.974336,158,0,12.25,,0,0,0,0,0,0,0,0,0,,606,528,,0,0,0,0
1602987973195,5,1010123456003,77,,1,0,8,1,1,,23.2446,372,1433,0.987712,155,0,13,,0,0,0,0,0,0,0,0,0,,612,486,,0,0,0,0
1602987973445,5,1010123456003,77,,1,0,8,1,1,,23.5438,331,1433,0.973024,129,0,13.2,,4.41935,31,0,0.1,13,15.3846,0,9.52642,31,,568,458,,0,0,0,2.16129
1602987973695,5,1010123456003,77,,1,0,8,1,1,,23.8089,382,0,1.00416,157,0,13,,0,4,0,0,2,100,0,0,0,,658,470,,0,0,0,0
1602987973945,5,1010123456003,77,,1,0,8,1,1,,24.462,355,0,0.97824,141,0,13,,0,0,0,0,0,0,0,0,0,,603,452,,0,0,0,0
1602987974195,5,1010123456003,77,,1,0,8,1,1,,18.8757,354,0,0.98336,141,0,10.6,,0,0,0,0,0,0,0,0,0,,804,676,,0,0,0,0
1602987974445,5,1010123456003,77,,1,0,8,1,1,,24.3508,325,0,0.982656,131,0,13,,0.576923,52,0,0.1,21,0,0,4.94573,31,,616,450,,0,0,0,1.03846
1602987974695,5,1010123456003,77,,1,0,8,1,1,,23.2853,340,425,0.983808,137,0,13.3333,,0,0,0,0,0,0,0,0,0,,593,464,,0,0,0,0
1602987974945,5,1010123456003,77,,1,0,8,1,1,,25.2736,318,584,0.992384,129,0,13.25,,0,0,0,0,0,0,0,0,0,,547,416,,0,0,0,0
1602987975195,5,1010123456003,77,,1,0,8,1,1,,20.0885,407,798,0.989856,164,0,11.2,,0,0,0,0,0,0,0,0,0,,697,570,,0,0,0,0
1602987975445,5,1010123456003,77,,1,0,8,1,1,,22.536,375,901,0.980448,151,0,12.5,,5.83333,72,0,0.1,29,27.5862,0,6.55476,31,,649,506,,0,0,0,3.5
1602987975695,5,1010123456003,77,,1,0,8,1,1,,23.8651,341,1350,0.981952,138,0,13,,0,4,0,0,2,100,0,0,0,,589,450,,0,0,0,0
1602987975945,5,1010123456003,77,,1,0,8,1,1,,18.1811,359,7909,0.79024,139,0,6.5,,0,0,0,0,0,0,0,0,0,,657,550,,0,0,0,0
1602987976195,5,1010123456003,77,,1,0,8,1,1,,21.7506,417,1289,1.1785,167,0,12.8,,0,2,0,0.1,1,0,0,0,31,,754,622,,0,0,0,0
1602987976445,5,1010123456003,77,,1,0,8,1,1,,22.8211,380,1382,0.971264,151,0,13,,1.76744,43,0,0.1,17,0,0,6.00022,31,,634,494,,0,0,0,1
1602987976695,5,1010123456003,77,,1,0,8,1,1,,24.0598,351,0,1.008,143,0,13,,0,0,0,0,0,0,0,0,0,,566,452,,0,0,0,0
1602987976945,5,1010123456003,77,,1,0,8,1,1,,24.178,354,0,0.962048,141,0,13,,0,0,0,0,0,0,0,0,0,,572,458,,0,0,0,0
1602987977195,5,1010123456003,77,,1,0,8,1,1,,23.9233,391,0,0.994112,155,0,13.3333,,0,0,0,0,0,0,0,0,0,,613,466,,0,0,0,0
1602987977445,5,1010123456003,77,,1,0,8,1,1,,23.1553,367,0,0.98848,149,0,12.5,,5.46667,30,0,0.1,12,16.6667,0,7.66775,31,,599,484,,0,0,0,2.86667
1602987977695,5,1010123456003,77,,1,0,8,1,1,,23.3358,399,849,0.98688,161,0,12.8571,,0,2,0,0.1,1,0,0,0,0,,617,462,,0,0,0,0
1602987977945,5,1010123456003,77,,1,0,8,1,1,,23.5125,400,403,0.98656,155,0,13,,0,0,0,0,0,0,0,0,0,,658,474,,0,0,0,0
1602987978195,5,1010123456003,77,,1,0,8,1,1,,22.212,382,900,0.991296,153,0,13,,0,0,0,0,0,0,0,0,0,,615,484,,0,0,0,0
1602987978445,5,1010123456003,77,,1,0,8,1,1,,22.331,423,849,0.99168,171,0,12.4,,0.595745,47,0,0.1,19,0,0,5.07011,31,,669,516,,0,0,0,1
1602987978695,5,1010123456003,77,,1,0,8,1,1,,23.4661,369,1001,0.97184,144,0,13,,0,0,0,0,0,0,0,0,0,,572,466,,0,0,0,0
1602987978945,5,1010123456003,77,,1,0,8,1,1,,23.5605,430,1177,0.98272,169,0,13,,0,0,0,0,0,0,0,0,0,,666,472,,0,0,0,0
1602987979195,5,1010123456003,77,,1,0,8,1,1,,22.4118,391,1238,1.00086,154,0,12.5,,0,0,0,0,0,0,0,0,0,,649,510,,0,0,0,0
1602987979445,5,1010123456003,77,,1,0,8,1,1,,20.4565,368,1433,0.967616,147,0,10.6,,3.56757,37,0,0.1,15,26.6667,0,5.97586,31,,728,586,,0,0,0,3.7027
1602987979695,5,1010123456003,77,,1,0,8,1,1,,24.2674,359,0,0.996768,142,0,13.1429,,12,12,0,0,4,100,0,3.81211,0,,562,454,,0,0,0,10
1602987979945,5,1010123456003,77,,1,0,8,1,1,,23.8265,392,0,0.986144,156,0,13,,0,0,0,0,0,0,0,0,0,,638,460,,0,0,0,0
1602987980195,5,1010123456003,77,,1,0,8,1,1,,23.68,350,0,0.983232,138,0,13,,0,0,0,0,0,0,0,0,0,,602,470,,0,0,0,0
1602987980445,5,1010123456003,77,,1,0,8,1,1,,23.6016,364,0,0.983616,145,0,13,,0.854167,48,0,0.1,20,0,0,5.31768,31,,607,462,,0,0,0,1
1602987980695,5,1010123456003,77,,1,0,8,1,1,,24.5688,327,0,0.98192,130,0,13.6,,0,0,0,0,0,0,0,0,0,,542,430,,0,0,0,0
1602987980945,5,1010123456003,77,,1,0,8,1,1,,23.5246,366,940,0.989472,149,0,13,,0,0,0,0,0,0,0,0,0,,596,444,,0,0,0,0
1602987981195,5,1010123456003,77,,1,0,8,1,1,,22.3974,390,1001,0.988864,151,0,13,,0,0,0,0,0,0,0,0,0,,635,488,,0,0,0,0
1602987981445,5,1010123456003,77,,1,0,8,1,1,,23.6287,369,1062,0.977024,146,0,13,,0.653846,52,0,0.1,21,0,0,5.16462,31,,628,460,,0,0,0,1
1602987981695,5,1010123456003,77,,1,0,8,1,1,,23.4654,361,933,0.980128,147,0,13.1667,,0,0,0,0,0,0,0,0,0,,606,466,,0,0,0,0
1602987981945,5,1010123456003,77,,1,0,8,1,1,,23.8994,358,1358,0.9888,143,0,13.25,,0,0,0,0,0,0,0,0,0,,579,452,,0,0,0,0
1602987982195,5,1010123456003,77,,1,0,8,1,1,,24.3252,329,1433,0.98112,129,0,13.25,,0,0,0,0,0,0,0,0,0,,596,442,,0,0,0,0
1602987982445,5,1010123456003,77,,1,0,8,1,1,,19.7806,351,0,0.975168,139,0,10.25,,1.56757,37,0,0.1,15,0,0,5.04581,31,,809,626,,0,0,0,1
1602987982695,5,1010123456003,77,,1,0,8,1,1,,23.6281,406,451,0.97024,163,0,13.1429,,0,2,0,0.1,1,0,0,0,31,,647,458,,0,0,0,0
1602987982945,5,1010123456003,77,,1,0,8,1,1,,20.047,404,483,0.998208,160,0,10.5,,0,0,0,0,0,0,0,0,0,,751,608,,0,0,0,0
1602987983195,5,1010123456003,77,,1,0,8,1,1,,18.9683,410,0,0.997984,164,0,11.1667,,0,0,0,0,0,0,0,0,0,,792,650,,0,0,0,0
1602987983445,5,1010123456003,77,,1,0,8,1,1,,22.8288,368,1551,0.956064,149,0,12.5,,1.61905,42,0,0.1,18,0,0,5.91396,31,,628,474,,0,0,0,1
1602987983695,5,1010123456003,77,,1,0,8,1,1,,23.8772,399,309,1.01254,159,0,13,,0,0,0,0,0,0,0,0,0,,667,488,,0,0,0,0
1602987983945,5,1010123456003,77,,1,0,8,1,1,,23.922,359,737,0.989248,147,0,13,,0,0,0,0,0,0,0,0,0,,556,454,,0,0,0,0
1602987984195,5,1010123456003,77,,1,0,8,1,1,,22.8261,391,849,0.986016,156,0,12.8,,0,0,0,0,0,0,0,0,0,,656,494,,0,0,0,0
1602987984445,5,1010123456003,77,,1,0,8,1,1,,22.9443,359,1137,0.983328,146,0,12.6,,0.622222,45,0,0.1,18,0,0,6.20293,31,,613,480,,0,0,0,1.06667
1602987984695,5,1010123456003,77,,1,0,8,1,1,,21.3406,414,1068,0.974144,165,0,12,,0.1,6,0,0.1,2,0,0,3.84973,31,,673,564,,0,0,0,1
1602987984945,5,1010123456003,77,,1,0,8,1,1,,23.2494,401,1289,0.988256,159,0,13,,0,0,0,0,0,0,0,0,0,,625,478,,0,0,0,0
1602987985195,5,1010123456003,77,,1,0,8,1,1,,23.2681,373,1382,0.9936,150,0,12.6,,0,0,0,0,0,0,0,0,0,,618,486,,0,0,0,0
1602987985445,5,1010123456003,77,,1,0,8,1,1,,22.9567,393,445,0.954432,154,0,12.3333,,12.2727,11,0,0.1,5,80,0,7.61868,31,,647,486,,0,0,0,8.36364
1602987985695,5,1010123456003,77,,1,0,8,1,1,,23.9268,369,0,1.01069,150,0,13,,0,0,0,0,0,0,0,0,0,,598,474,,0,0,0,0
1602987985945,5,1010123456003,77,,1,0,8,1,1,,22.399,406,0,0.991136,166,0,12.5,,4,5,0,0.1,2,0,0,12.6491,31,,676,514,,0,0,0,1.4
1602987986195,5,1010123456003,77,,1,0,8,1,1,,22.4459,314,0,0.791712,130,0,12.75,,0,0,0,0,0,0,0,0,0,,510,390,,0,0,0,0
1602987986445,5,1010123456003,77,,1,0,8,1,1,,0,0,0,0,0,0,13.25,,0,0,0,0,0,0,0,0,0,,0,0,,0,0,0,0
1602987986695,5,1010123456003,77,,1,0,8,1,1,,0,0,0,0,0,0,13.25,,0,0,0,0,0,0,0,0,0,,0,0,,0,0,0,0
1602987986945,5,1010123456003,77,,1,0,8,1,1,,0,0,0,0,0,0,12.3333,,0,0,0,0,0,0,0,0,0,,0,0,,0,0,0,0
1602987987195,5,1010123456003,77,,1,0,8,1,1,,0,0,0,0,0,0,13.75,,0,0,0,0,0,0,0,0,0,,0,0,,0,0,0,0
1602987987445,5,1010123456003,77,,1,0,8,1,1,,0,0,0,0,0,0,13,,0,0,0,0,0,0,0,0,0,,0,0,,0,0,0,0
1602987987695,5,1010123456003,77,,1,0,8,1,1,,0,0,0,0,0,0,13.2,,0,0,0,0,0,0,0,0,0,,0,0,,0,0,0,0
1602987987945,5,1010123456003,77,,1,0,8,1,1,,0,0,0,0,0,0,11,,0,0,0,0,0,0,0,0,0,,0,0,,0,0,0,0
1602987988195,5,1010123456003,77,,1,0,8,1,1,,0,0,0,0,0,0,13.25,,0,0,0,0,0,0,0,0,0,,0,0,,0,0,0,0
1602987988445,5,1010123456003,77,,1,0,8,1,1,,0,0,0,0,0,0,14,,0,0,0,0,0,0,0,0,0,,0,0,,0,0,0,0
1602987988695,5,1010123456003,77,,1,0,8,1,1,,0,0,0,0,0,0,12.75,,0,0,0,0,0,0,0,0,0,,0,0,,0,0,0,0
1602987988945,5,1010123456003,77,,1,0,8,1,1,,0,0,0,0,0,0,11,,0,0,0,0,0,0,0,0,0,,0,0,,0,0,0,0
1602987989195,5,1010123456003,77,,1,0,8,1,1,,0,0,0,0,0,0,9.75,,0,0,0,0,0,0,0,0,0,,0,0,,0,0,0,0
1602987989445,5,1010123456003,77,,1,0,8,1,1,,0,0,0,0,0,0,13.6667,,0,0,0,0,0,0,0,0,0,,0,0,,0,0,0,0
1602987989695,5,1010123456003,77,,1,0,8,1,1,,0,0,0,0,0,0,14.5,,0,0,0,0,0,0,0,0,0,,0,0,,0,0,0,0
1602987989945,5,1010123456003,77,,1,0,8,1,1,,0,0,0,0,0,0,10,,0,0,0,0,0,0,0,0,0,,0,0,,0,0,0,0
1602987990195,5,1010123456003,77,,1,0,8,1,1,,0,0,0,0,0,0,13,,0,0,0,0,0,0,0,0,0,,0,0,,0,0,0,0
1602987990445,5,1010123456003,77,,1,0,8,1,1,,0,0,0,0,0,0,11.3333,,0,0,0,0,0,0,0,0,0,,0,0,,0,0,0,0
1602987990695,5,1010123456003,77,,1,0,8,1,1,,0,0,0,0,0,0,10.8,,0,0,0,0,0,0,0,0,0,,0,0,,0,0,0,0
1602987990945,5,1010123456003,77,,1,0,8,1,1,,0,0,0,0,0,0,13,,0,0,0,0,0,0,0,0,0,,0,0,,0,0,0,0
1602987991195,5,1010123456003,77,,1,0,8,1,1,,0,0,0,0,0,0,13,,0,0,0,0,0,0,0,0,0,,0,0,,0,0,0,0
1602987991445,5,1010123456003,77,,1,0,8,1,1,,0,0,0,0,0,0,12,,0,0,0,0,0,0,0,0,0,,0,0,,0,0,0,0
1602987991695,5,1010123456003,77,,1,0,8,1,1,,0,0,0,0,0,0,11.3333,,0,0,0,0,0,0,0,0,0,,0,0,,0,0,0,0
1602987991945,5,1010123456003,77,,1,0,8,1,1,,0,0,0,0,0,0,14,,0,0,0,0,0,0,0,0,0,,0,0,,0,0,0,0
1602987992195,5,1010123456003,77,,1,0,8,1,1,,0,0,0,0,0,0,0.1,,0,0,0,0,0,0,0,0,0,,0,0,,0,0,0,0
1602987992445,5,1010123456003,77,,1,0,8,1,1,,0,0,0,0,0,0,0.1,,0,0,0,0,0,0,0,0,0,,0,0,,0,0,0,0
1602987992695,5,1010123456003,77,,1,0,8,1,1,,0,0,0,0,0,0,0.1,,0,0,0,0,0,0,0,0,0,,0,0,,0,0,0,0
1602987992945,5,1010123456003,77,,1,0,8,1,1,,0,0,0,0,0,0,0.1,,0,0,0,0,0,0,0,0,0,,0,0,,0,0,0,0
1602987993195,5,1010123456003,77,,1,0,8,1,1,,0,0,0,0,0,0,0.1,,0,0,0,0,0,0,0,0,0,,0,0,,0,0,0,0
1602987993445,5,1010123456003,77,,1,0,8,1,1,,0,0,0,0,0,0,0.1,,0,0,0,0,0,0,0,0,0,,0,0,,0,0,0,0
1602987993695,5,1010123456003,77,,1,0,8,1,1,,0,0,0,0,0,0,0.1,,0,0,0,0,0,0,0,0,0,,0,0,,0,0,0,0
1602987993945,5,1010123456003,77,,1,0,8,1,1,,0,0,0,0,0,0,0.1,,0,0,0,0,0,0,0,0,0,,0,0,,0,0,0,0
